gameid,datacompleteness,url,league,year,split,playoffs,date,game,patch,participantid,side,position,playername,playerid,teamname,teamid,champion,ban1,ban2,ban3,ban4,ban5,pick1,pick2,pick3,pick4,pick5,gamelength,result,kills,deaths,assists,teamkills,teamdeaths,doublekills,triplekills,quadrakills,pentakills,firstblood,firstbloodkill,firstbloodassist,firstbloodvictim,team kpm,ckpm,firstdragon,dragons,opp_dragons,elementaldrakes,opp_elementaldrakes,infernals,mountains,clouds,oceans,chemtechs,hextechs,dragons (type unknown),elders,opp_elders,firstherald,heralds,opp_heralds,void_grubs,opp_void_grubs,firstbaron,barons,opp_barons,firsttower,towers,opp_towers,firstmidtower,firsttothreetowers,turretplates,opp_turretplates,inhibitors,opp_inhibitors,damagetochampions,dpm,damageshare,damagetakenperminute,damagemitigatedperminute,wardsplaced,wpm,wardskilled,wcpm,controlwardsbought,visionscore,vspm,totalgold,earnedgold,earned gpm,earnedgoldshare,goldspent,gspd,gpr,total cs,minionkills,monsterkills,monsterkillsownjungle,monsterkillsenemyjungle,cspm,goldat10,xpat10,csat10,opp_goldat10,opp_xpat10,opp_csat10,golddiffat10,xpdiffat10,csdiffat10,killsat10,assistsat10,deathsat10,opp_killsat10,opp_assistsat10,opp_deathsat10,goldat15,xpat15,csat15,opp_goldat15,opp_xpat15,opp_csat15,golddiffat15,xpdiffat15,csdiffat15,killsat15,assistsat15,deathsat15,opp_killsat15,opp_assistsat15,opp_deathsat15,goldat20,xpat20,csat20,opp_goldat20,opp_xpat20,opp_csat20,golddiffat20,xpdiffat20,csdiffat20,killsat20,assistsat20,deathsat20,opp_killsat20,opp_assistsat20,opp_deathsat20,goldat25,xpat25,csat25,opp_goldat25,opp_xpat25,opp_csat25,golddiffat25,xpdiffat25,csdiffat25,killsat25,assistsat25,deathsat25,opp_killsat25,opp_assistsat25,opp_deathsat25
ESPORTSTMNT05_3222081,complete,,EM,2023,Spring,0,2023-04-04 15:02:40,1,13.06,1,Blue,top,Zhergoth,oe:player:368db8366e1e5de655938dd9f8296dc,Team 7AM,oe:team:fc3d0bdc84e08efc1b6623448e64c15,Gnar,Sejuani,Varus,Jayce,Illaoi,Irelia,,,,,,1706,0,2,6,1,9,26,0.0,0.0,0.0,0.0,0.0,0.0,0.0,0.0,0.3165,1.2309,,,,,,,,,,,,,,,,,,,,,0.0,0.0,,,,,,,,0.0,0.0,10584.0,372.2392,0.224556,867.1512,791.6413,11.0,0.3869,2.0,0.0703,2.0,28.0,0.9848,10843,7087,249.2497,0.255644,10233.0,,,235.0,219.0,16.0,,,8.2649,3164.0,4681.0,84.0,3087.0,4841.0,80.0,77.0,-160.0,4.0,0.0,0.0,0.0,0.0,0.0,0.0,5009.0,7863.0,139.0,4829.0,7768.0,136.0,180.0,95.0,3.0,0.0,0.0,0.0,0.0,0.0,0.0,7016.0,9879.0,177.0,6766.0,9776.0,163.0,250.0,103.0,14.0,1.0,0.0,2.0,2.0,0.0,0.0,8704.0,11455.0,210.0,9159.0,12343.0,180.0,-455.0,-888.0,30.0,1.0,0.0,4.0,4.0,4.0,0.0
ESPORTSTMNT05_3222081,complete,,EM,2023,Spring,0,2023-04-04 15:02:40,1,13.06,2,Blue,jng,Noodle,oe:player:15101ae59f2cc7c8836b7e67352b598,Team 7AM,oe:team:fc3d0bdc84e08efc1b6623448e64c15,Viego,Sejuani,Varus,Jayce,Illaoi,Irelia,,,,,,1706,0,4,7,3,9,26,1.0,0.0,0.0,0.0,0.0,0.0,0.0,0.0,0.3165,1.2309,,,,,,,,,,,,,,,,,,,,,0.0,0.0,,,,,,,,0.0,0.0,9771.0,343.646,0.207307,1106.905,822.204,6.0,0.211,6.0,0.211,5.0,27.0,0.9496,8557,4801,168.8511,0.173185,7700.0,,,122.0,7.0,115.0,,,4.2907,3697.0,3155.0,60.0,3335.0,3078.0,59.0,362.0,77.0,1.0,2.0,1.0,0.0,1.0,0.0,0.0,5530.0,5092.0,82.0,5370.0,5519.0,90.0,160.0,-427.0,-8.0,4.0,1.0,1.0,2.0,2.0,0.0,7106.0,6950.0,107.0,6970.0,7285.0,114.0,136.0,-335.0,-7.0,4.0,2.0,3.0,2.0,5.0,1.0,7923.0,7839.0,115.0,9469.0,9832.0,127.0,-1546.0,-1993.0,-12.0,4.0,2.0,5.0,4.0,7.0,1.0
ESPORTSTMNT05_3222081,complete,,EM,2023,Spring,0,2023-04-04 15:02:40,1,13.06,3,Blue,mid,Sahira,oe:player:2eec415168a9f5810a8674fd4213fa9,Team 7AM,oe:team:fc3d0bdc84e08efc1b6623448e64c15,Ryze,Sejuani,Varus,Jayce,Illaoi,Irelia,,,,,,1706,0,0,3,3,9,26,0.0,0.0,0.0,0.0,0.0,0.0,0.0,0.0,0.3165,1.2309,,,,,,,,,,,,,,,,,,,,,0.0,1.0,,,,,,,,0.0,0.0,12659.0,445.2169,0.26858,712.6495,656.1313,14.0,0.4924,2.0,0.0703,5.0,32.0,1.1254,10351,6595,231.9461,0.237897,10075.0,,,268.0,268.0,0.0,,,9.4256,3373.0,4889.0,91.0,3349.0,4911.0,91.0,24.0,-22.0,0.0,0.0,1.0,0.0,0.0,1.0,0.0,5205.0,7491.0,144.0,6066.0,7719.0,147.0,-861.0,-228.0,-3.0,0.0,2.0,1.0,2.0,1.0,0.0,7444.0,10270.0,200.0,8652.0,11110.0,196.0,-1208.0,-840.0,4.0,0.0,2.0,1.0,3.0,3.0,0.0,8707.0,13261.0,223.0,12801.0,15250.0,257.0,-4094.0,-1989.0,-34.0,0.0,2.0,2.0,4.0,6.0,0.0
ESPORTSTMNT05_3222081,complete,,EM,2023,Spring,0,2023-04-04 15:02:40,1,13.06,4,Blue,bot,Mindrago,oe:player:4202e9d85e69908cd25c9ea58de244d,Team 7AM,oe:team:fc3d0bdc84e08efc1b6623448e64c15,Xayah,Sejuani,Varus,Jayce,Illaoi,Irelia,,,,,,1706,0,2,4,4,9,26,0.0,0.0,0.0,0.0,1.0,0.0,1.0,0.0,0.3165,1.2309,,,,,,,,,,,,,,,,,,,,,0.0,0.0,,,,,,,,0.0,1.0,9744.0,342.6964,0.206734,563.7397,275.6272,18.0,0.6331,8.0,0.2814,9.0,33.0,1.1606,10334,6578,231.3482,0.237283,9475.0,,,221.0,217.0,4.0,,,7.7726,3902.0,3124.0,83.0,3029.0,2780.0,73.0,873.0,344.0,10.0,1.0,1.0,1.0,0.0,0.0,2.0,5773.0,5708.0,137.0,4555.0,4604.0,112.0,1218.0,1104.0,25.0,1.0,2.0,1.0,0.0,0.0,3.0,7309.0,7460.0,172.0,7029.0,7468.0,168.0,280.0,-8.0,4.0,1.0,3.0,1.0,1.0,2.0,3.0,8604.0,8759.0,200.0,10807.0,11635.0,225.0,-2203.0,-2876.0,-25.0,1.0,3.0,2.0,3.0,4.0,3.0
ESPORTSTMNT05_3222081,complete,,EM,2023,Spring,0,2023-04-04 15:02:40,1,13.06,5,Blue,sup,Quicktimer,oe:player:a01962da0921577bca0e84951082b3f,Team 7AM,oe:team:fc3d0bdc84e08efc1b6623448e64c15,Nautilus,Sejuani,Varus,Jayce,Illaoi,Irelia,,,,,,1706,0,1,6,7,9,26,0.0,0.0,0.0,0.0,1.0,1.0,0.0,0.0,0.3165,1.2309,,,,,,,,,,,,,,,,,,,,,0.0,0.0,,,,,,,,0.0,1.0,4375.0,153.8687,0.0928224,622.5791,733.5404,40.0,1.4068,7.0,0.2462,13.0,73.0,2.5674,6417,2661,93.5873,0.0959917,6250.0,,,28.0,28.0,0.0,,,0.9848,2823.0,2740.0,17.0,2010.0,2314.0,2.0,813.0,426.0,15.0,1.0,2.0,0.0,0.0,1.0,2.0,3899.0,3325.0,20.0,3270.0,3597.0,5.0,629.0,-272.0,15.0,1.0,4.0,1.0,0.0,4.0,3.0,4901.0,4004.0,24.0,4983.0,5290.0,12.0,-82.0,-1286.0,12.0,1.0,5.0,2.0,1.0,6.0,3.0,5767.0,5201.0,26.0,6962.0,8347.0,17.0,-1195.0,-3146.0,9.0,1.0,5.0,3.0,1.0,13.0,3.0
ESPORTSTMNT05_3222081,complete,,EM,2023,Spring,0,2023-04-04 15:02:40,1,13.06,6,Red,top,Satorius,oe:player:422d7cc4063f8801a9427860bfd855b,Geekay Esports,oe:team:1ff3f5c94edd806e1fed4105fc48995,Malphite,Annie,Rakan,Wukong,Jax,Ahri,,,,,,1706,1,5,0,9,26,9,0.0,0.0,0.0,0.0,0.0,0.0,0.0,0.0,0.9144,1.2309,,,,,,,,,,,,,,,,,,,,,0.0,0.0,,,,,,,,0.0,0.0,15703.0,552.2743,0.17167,473.9156,1410.8089,11.0,0.3869,6.0,0.211,4.0,37.0,1.3013,10615,6859,241.2309,0.169363,9100.0,,,192.0,192.0,0.0,,,6.7526,3087.0,4841.0,80.0,3164.0,4681.0,84.0,-77.0,160.0,-4.0,0.0,0.0,0.0,0.0,0.0,0.0,4829.0,7768.0,136.0,5009.0,7863.0,139.0,-180.0,-95.0,-3.0,0.0,0.0,0.0,0.0,0.0,0.0,6766.0,9776.0,163.0,7016.0,9879.0,177.0,-250.0,-103.0,-14.0,2.0,0.0,0.0,1.0,0.0,2.0,9159.0,12343.0,180.0,8704.0,11455.0,210.0,455.0,888.0,-30.0,4.0,4.0,0.0,1.0,0.0,4.0
ESPORTSTMNT05_3222081,complete,,EM,2023,Spring,0,2023-04-04 15:02:40,1,13.06,7,Red,jng,Viking,oe:player:f48a8f161502989fca609408a80bd75,Geekay Esports,oe:team:1ff3f5c94edd806e1fed4105fc48995,Elise,Annie,Rakan,Wukong,Jax,Ahri,,,,,,1706,1,7,2,11,26,9,0.0,0.0,0.0,0.0,0.0,0.0,0.0,0.0,0.9144,1.2309,,,,,,,,,,,,,,,,,,,,,0.0,0.0,,,,,,,,0.0,0.0,21514.0,756.6471,0.235198,661.0903,604.4314,6.0,0.211,11.0,0.3869,4.0,42.0,1.4771,11584,7828,275.3107,0.193289,9320.0,,,149.0,21.0,128.0,,,5.2403,3335.0,3078.0,59.0,3697.0,3155.0,60.0,-362.0,-77.0,-1.0,1.0,0.0,0.0,2.0,1.0,0.0,5370.0,5519.0,90.0,5530.0,5092.0,82.0,-160.0,427.0,8.0,2.0,2.0,0.0,4.0,1.0,1.0,6970.0,7285.0,114.0,7106.0,6950.0,107.0,-136.0,335.0,7.0,2.0,5.0,1.0,4.0,2.0,3.0,9469.0,9832.0,127.0,7923.0,7839.0,115.0,1546.0,1993.0,12.0,4.0,7.0,1.0,4.0,2.0,5.0
ESPORTSTMNT05_3222081,complete,,EM,2023,Spring,0,2023-04-04 15:02:40,1,13.06,8,Red,mid,Giyuu,oe:player:e6f5a7e37185c25a363d031ef5eafa9,Geekay Esports,oe:team:1ff3f5c94edd806e1fed4105fc48995,Yone,Annie,Rakan,Wukong,Jax,Ahri,,,,,,1706,1,5,1,12,26,9,0.0,0.0,0.0,0.0,0.0,0.0,0.0,0.0,0.9144,1.2309,,,,,,,,,,,,,,,,,,,,,1.0,0.0,,,,,,,,0.0,0.0,24277.0,853.8218,0.265404,625.041,965.4865,16.0,0.5627,4.0,0.1407,6.0,51.0,1.7937,14876,11120,391.0903,0.274573,13800.0,,,281.0,249.0,32.0,,,9.8828,3349.0,4911.0,91.0,3373.0,4889.0,91.0,-24.0,22.0,0.0,0.0,1.0,0.0,0.0,1.0,0.0,6066.0,7719.0,147.0,5205.0,7491.0,144.0,861.0,228.0,3.0,2.0,1.0,0.0,0.0,2.0,1.0,8652.0,11110.0,196.0,7444.0,10270.0,200.0,1208.0,840.0,-4.0,3.0,3.0,0.0,0.0,2.0,1.0,12801.0,15250.0,257.0,8707.0,13261.0,223.0,4094.0,1989.0,34.0,4.0,6.0,0.0,0.0,2.0,2.0
ESPORTSTMNT05_3222081,complete,,EM,2023,Spring,0,2023-04-04 15:02:40,1,13.06,9,Red,bot,Rin,oe:player:ee4894bcff1cfaa4ffbf71b7b8d8921,Geekay Esports,oe:team:1ff3f5c94edd806e1fed4105fc48995,Jinx,Annie,Rakan,Wukong,Jax,Ahri,,,,,,1706,1,8,3,6,26,9,2.0,0.0,0.0,0.0,0.0,0.0,0.0,1.0,0.9144,1.2309,,,,,,,,,,,,,,,,,,,,,0.0,0.0,,,,,,,,1.0,0.0,23916.0,841.1254,0.261457,372.0633,248.5815,13.0,0.4572,14.0,0.4924,5.0,65.0,2.286,14054,10298,362.1805,0.254277,12475.0,,,275.0,252.0,23.0,,,9.6717,3029.0,2780.0,73.0,3902.0,3124.0,83.0,-873.0,-344.0,-10.0,0.0,0.0,2.0,1.0,1.0,1.0,4555.0,4604.0,112.0,5773.0,5708.0,137.0,-1218.0,-1104.0,-25.0,0.0,0.0,3.0,1.0,2.0,1.0,7029.0,7468.0,168.0,7309.0,7460.0,172.0,-280.0,8.0,-4.0,1.0,2.0,3.0,1.0,3.0,1.0,10807.0,11635.0,225.0,8604.0,8759.0,200.0,2203.0,2876.0,25.0,3.0,4.0,3.0,1.0,3.0,2.0
ESPORTSTMNT05_3222081,complete,,EM,2023,Spring,0,2023-04-04 15:02:40,1,13.06,10,Red,sup,Dekap,oe:player:be85b3d65508c757ac9af1d54310520,Geekay Esports,oe:team:1ff3f5c94edd806e1fed4105fc48995,Renata Glasc,Annie,Rakan,Wukong,Jax,Ahri,,,,,,1706,1,1,3,21,26,9,0.0,0.0,0.0,0.0,0.0,0.0,0.0,0.0,0.9144,1.2309,,,,,,,,,,,,,,,,,,,,,0.0,0.0,,,,,,,,1.0,0.0,6062.0,213.2005,0.0662716,265.6038,304.5721,57.0,2.0047,9.0,0.3165,10.0,103.0,3.6225,8150,4394,154.5369,0.108498,7400.0,,,18.0,18.0,0.0,,,0.6331,2010.0,2314.0,2.0,2823.0,2740.0,17.0,-813.0,-426.0,-15.0,0.0,1.0,2.0,1.0,2.0,0.0,3270.0,3597.0,5.0,3899.0,3325.0,20.0,-629.0,272.0,-15.0,0.0,4.0,3.0,1.0,4.0,1.0,4983.0,5290.0,12.0,4901.0,4004.0,24.0,82.0,1286.0,-12.0,1.0,6.0,3.0,1.0,5.0,2.0,6962.0,8347.0,17.0,5767.0,5201.0,26.0,1195.0,3146.0,-9.0,1.0,13.0,3.0,1.0,5.0,3.0
ESPORTSTMNT05_3222081,complete,,EM,2023,Spring,0,2023-04-04 15:02:40,1,13.06,100,Blue,team,,,Team 7AM,oe:team:fc3d0bdc84e08efc1b6623448e64c15,,Sejuani,Varus,Jayce,Illaoi,Irelia,Xayah,Viego,Nautilus,Ryze,Gnar,1706,0,9,26,18,9,26,1.0,0.0,0.0,0.0,1.0,,,,0.3165,1.2309,0.0,1.0,3.0,1.0,3.0,0.0,1.0,0.0,0.0,0.0,0.0,,0.0,0.0,0.0,1.0,1.0,,,0.0,0.0,1.0,1.0,2.0,10.0,0.0,0.0,3.0,1.0,0.0,2.0,47133.0,1657.6671,,3873.0246,3279.1442,89.0,3.1301,25.0,0.8792,34.0,193.0,6.7878,46502,27723,975.0176,,43733.0,-0.174521,-0.26,,739.0,135.0,,,30.7386,16959.0,18589.0,335.0,14810.0,17924.0,305.0,2149.0,665.0,30.0,4.0,5.0,1.0,1.0,2.0,4.0,25416.0,29479.0,522.0,24090.0,29207.0,490.0,1326.0,272.0,32.0,6.0,9.0,4.0,4.0,7.0,6.0,33776.0,38563.0,680.0,34400.0,40929.0,653.0,-624.0,-2366.0,27.0,7.0,12.0,9.0,9.0,16.0,7.0,39705.0,46515.0,774.0,49198.0,57407.0,806.0,-9493.0,-10892.0,-32.0,7.0,12.0,16.0,16.0,34.0,7.0
ESPORTSTMNT05_3222081,complete,,EM,2023,Spring,0,2023-04-04 15:02:40,1,13.06,200,Red,team,,,Geekay Esports,oe:team:1ff3f5c94edd806e1fed4105fc48995,,Annie,Rakan,Wukong,Jax,Ahri,Jinx,Elise,Renata Glasc,Yone,Malphite,1706,1,26,9,59,26,9,2.0,0.0,0.0,0.0,0.0,,,,0.9144,1.2309,1.0,3.0,1.0,3.0,1.0,0.0,1.0,1.0,0.0,0.0,1.0,,0.0,0.0,1.0,1.0,1.0,,,1.0,1.0,0.0,0.0,10.0,2.0,1.0,1.0,1.0,3.0,2.0,0.0,91472.0,3217.0692,,2397.714,3533.8804,103.0,3.6225,44.0,1.5475,29.0,298.0,10.4807,59279,40500,1424.3845,,52095.0,0.174521,0.26,,732.0,183.0,,,32.1805,14810.0,17924.0,305.0,16959.0,18589.0,335.0,-2149.0,-665.0,-30.0,1.0,2.0,4.0,4.0,5.0,1.0,24090.0,29207.0,490.0,25416.0,29479.0,522.0,-1326.0,-272.0,-32.0,4.0,7.0,6.0,6.0,9.0,4.0,34400.0,40929.0,653.0,33776.0,38563.0,680.0,624.0,2366.0,-27.0,9.0,16.0,7.0,7.0,12.0,9.0,49198.0,57407.0,806.0,39705.0,46515.0,774.0,9493.0,10892.0,32.0,16.0,34.0,7.0,7.0,12.0,16.0
ESPORTSTMNT05_3222077,complete,,EM,2023,Spring,0,2023-04-04 15:02:46,1,13.06,1,Blue,top,Lunddorf,oe:player:6cb2f925e1216835980ce1a01bb62f6,Partizan Esports,oe:team:e42ade212c09777da0f54bffe481f6d,Cho'Gath,Yone,Varus,Vi,Ahri,LeBlanc,,,,,,2047,1,4,2,4,16,4,0.0,0.0,0.0,0.0,0.0,0.0,0.0,0.0,0.469,0.5862,,,,,,,,,,,,,,,,,,,,,0.0,0.0,,,,,,,,0.0,0.0,16906.0,495.5349,0.243133,1150.8451,1343.6541,11.0,0.3224,14.0,0.4104,7.0,48.0,1.4069,12437,7986,234.0791,0.191685,12335.0,,,265.0,249.0,16.0,,,7.7675,3144.0,4872.0,81.0,3387.0,5072.0,89.0,-243.0,-200.0,-8.0,0.0,0.0,0.0,0.0,0.0,0.0,4994.0,8016.0,142.0,5062.0,7845.0,140.0,-68.0,171.0,2.0,0.0,0.0,0.0,0.0,0.0,0.0,6669.0,10702.0,186.0,6815.0,10728.0,191.0,-146.0,-26.0,-5.0,0.0,0.0,0.0,0.0,0.0,0.0,8190.0,12656.0,223.0,8210.0,13151.0,220.0,-20.0,-495.0,3.0,0.0,0.0,0.0,0.0,0.0,0.0
ESPORTSTMNT05_3222077,complete,,EM,2023,Spring,0,2023-04-04 15:02:46,1,13.06,2,Blue,jng,Sn1lle,oe:player:947d42fad1e2f3afeb911e5ae3888ce,Partizan Esports,oe:team:e42ade212c09777da0f54bffe481f6d,Gragas,Yone,Varus,Vi,Ahri,LeBlanc,,,,,,2047,1,2,1,10,16,4,0.0,0.0,0.0,0.0,1.0,0.0,1.0,0.0,0.469,0.5862,,,,,,,,,,,,,,,,,,,,,1.0,0.0,,,,,,,,0.0,0.0,15491.0,454.0596,0.222783,814.2941,700.2736,32.0,0.938,12.0,0.3517,11.0,76.0,2.2277,11161,6710,196.6781,0.161056,10310.0,,,176.0,25.0,151.0,,,5.1588,3102.0,3347.0,62.0,3254.0,3395.0,69.0,-152.0,-48.0,-7.0,0.0,1.0,0.0,0.0,0.0,0.0,4902.0,5569.0,96.0,4538.0,5185.0,94.0,364.0,384.0,2.0,1.0,1.0,0.0,0.0,0.0,1.0,6752.0,7202.0,114.0,5994.0,7775.0,128.0,758.0,-573.0,-14.0,2.0,2.0,0.0,0.0,0.0,2.0,8172.0,9550.0,143.0,7352.0,9725.0,153.0,820.0,-175.0,-10.0,2.0,2.0,0.0,0.0,0.0,2.0
ESPORTSTMNT05_3222077,complete,,EM,2023,Spring,0,2023-04-04 15:02:46,1,13.06,3,Blue,mid,Rylle,oe:player:aa11f28607376fa521dd2625569a656,Partizan Esports,oe:team:e42ade212c09777da0f54bffe481f6d,Tristana,Yone,Varus,Vi,Ahri,LeBlanc,,,,,,2047,1,4,0,5,16,4,0.0,0.0,0.0,0.0,1.0,1.0,0.0,0.0,0.469,0.5862,,,,,,,,,,,,,,,,,,,,,0.0,0.0,,,,,,,,2.0,0.0,11152.0,326.8784,0.160382,388.1094,365.9209,14.0,0.4104,12.0,0.3517,5.0,55.0,1.6121,15824,11373,333.3561,0.272987,14175.0,,,322.0,318.0,4.0,,,9.4382,3574.0,4672.0,90.0,3168.0,4609.0,86.0,406.0,63.0,4.0,1.0,0.0,0.0,0.0,0.0,1.0,5325.0,7933.0,146.0,4998.0,7614.0,145.0,327.0,319.0,1.0,1.0,0.0,0.0,0.0,0.0,1.0,8707.0,11023.0,207.0,6863.0,10744.0,196.0,1844.0,279.0,11.0,2.0,0.0,0.0,0.0,0.0,1.0,10502.0,13211.0,252.0,8885.0,13413.0,247.0,1617.0,-202.0,5.0,2.0,0.0,0.0,0.0,0.0,1.0
ESPORTSTMNT05_3222077,complete,,EM,2023,Spring,0,2023-04-04 15:02:46,1,13.06,4,Blue,bot,Jopa,oe:player:e214e8e906f16ec13e9a88de30dc181,Partizan Esports,oe:team:e42ade212c09777da0f54bffe481f6d,Zeri,Yone,Varus,Vi,Ahri,LeBlanc,,,,,,2047,1,5,0,4,16,4,2.0,0.0,0.0,0.0,0.0,0.0,0.0,0.0,0.469,0.5862,,,,,,,,,,,,,,,,,,,,,0.0,0.0,,,,,,,,0.0,0.0,19766.0,579.3649,0.284264,331.4216,485.2174,12.0,0.3517,15.0,0.4397,0.0,48.0,1.4069,16197,11746,344.2892,0.28194,13200.0,,,379.0,339.0,40.0,,,11.1089,3482.0,3752.0,90.0,3341.0,3415.0,94.0,141.0,337.0,-4.0,0.0,0.0,0.0,0.0,0.0,0.0,5426.0,6355.0,155.0,5427.0,6045.0,153.0,-1.0,310.0,2.0,0.0,0.0,0.0,0.0,0.0,0.0,7697.0,9249.0,214.0,7540.0,8743.0,214.0,157.0,506.0,0.0,0.0,2.0,0.0,0.0,0.0,0.0,9953.0,11794.0,279.0,9749.0,11399.0,285.0,204.0,395.0,-6.0,0.0,2.0,0.0,0.0,0.0,0.0
ESPORTSTMNT05_3222077,complete,,EM,2023,Spring,0,2023-04-04 15:02:46,1,13.06,5,Blue,sup,Cl0x,oe:player:85b3b3e91202ccada9f1f5a24dc1bfb,Partizan Esports,oe:team:e42ade212c09777da0f54bffe481f6d,Annie,Yone,Varus,Vi,Ahri,LeBlanc,,,,,,2047,1,1,1,10,16,4,0.0,0.0,0.0,0.0,0.0,0.0,0.0,0.0,0.469,0.5862,,,,,,,,,,,,,,,,,,,,,0.0,0.0,,,,,,,,0.0,0.0,6219.0,182.2863,0.0894383,267.2594,204.0645,45.0,1.319,12.0,0.3517,11.0,90.0,2.638,8298,3847,112.7601,0.0923321,6725.0,,,14.0,14.0,0.0,,,0.4104,2089.0,1774.0,1.0,2084.0,2551.0,15.0,5.0,-777.0,-14.0,0.0,0.0,0.0,0.0,0.0,0.0,2932.0,2915.0,4.0,3046.0,3403.0,23.0,-114.0,-488.0,-19.0,0.0,0.0,0.0,0.0,0.0,0.0,4271.0,3533.0,5.0,4125.0,4516.0,30.0,146.0,-983.0,-25.0,0.0,2.0,0.0,0.0,0.0,1.0,5216.0,5831.0,7.0,5055.0,5911.0,36.0,161.0,-80.0,-29.0,0.0,2.0,0.0,0.0,0.0,1.0
ESPORTSTMNT05_3222077,complete,,EM,2023,Spring,0,2023-04-04 15:02:46,1,13.06,6,Red,top,Robocop,oe:player:bf0fcdb863d11c4f6e7802f434de734,Entropiq,oe:team:06554c70cfe8a6be14b004b3c18abe6,Sion,Viego,Xayah,Lillia,Kennen,Yasuo,,,,,,2047,0,0,2,3,4,16,0.0,0.0,0.0,0.0,0.0,0.0,0.0,0.0,0.1172,0.5862,,,,,,,,,,,,,,,,,,,,,0.0,0.0,,,,,,,,0.0,0.0,15535.0,455.3493,0.247617,785.8915,1985.1001,20.0,0.5862,12.0,0.3517,8.0,71.0,2.0811,10292,5841,171.2066,0.186285,10125.0,,,247.0,247.0,0.0,,,7.2399,3387.0,5072.0,89.0,3144.0,4872.0,81.0,243.0,200.0,8.0,0.0,0.0,0.0,0.0,0.0,0.0,5062.0,7845.0,140.0,4994.0,8016.0,142.0,68.0,-171.0,-2.0,0.0,0.0,0.0,0.0,0.0,0.0,6815.0,10728.0,191.0,6669.0,10702.0,186.0,146.0,26.0,5.0,0.0,0.0,0.0,0.0,0.0,0.0,8210.0,13151.0,220.0,8190.0,12656.0,223.0,20.0,495.0,-3.0,0.0,0.0,0.0,0.0,0.0,0.0
ESPORTSTMNT05_3222077,complete,,EM,2023,Spring,0,2023-04-04 15:02:46,1,13.06,7,Red,jng,Zicssi,oe:player:060e16e1c91434827c294bac52e8b47,Entropiq,oe:team:06554c70cfe8a6be14b004b3c18abe6,Wukong,Viego,Xayah,Lillia,Kennen,Yasuo,,,,,,2047,0,1,4,2,4,16,0.0,0.0,0.0,0.0,0.0,0.0,0.0,0.0,0.1172,0.5862,,,,,,,,,,,,,,,,,,,,,0.0,1.0,,,,,,,,0.0,0.0,7597.0,222.6771,0.121091,824.934,928.1974,10.0,0.2931,22.0,0.6448,9.0,78.0,2.2863,9943,5492,160.977,0.175154,9775.0,,,176.0,26.0,150.0,,,5.1588,3254.0,3395.0,69.0,3102.0,3347.0,62.0,152.0,48.0,7.0,0.0,0.0,0.0,0.0,1.0,0.0,4538.0,5185.0,94.0,4902.0,5569.0,96.0,-364.0,-384.0,-2.0,0.0,0.0,1.0,1.0,1.0,0.0,5994.0,7775.0,128.0,6752.0,7202.0,114.0,-758.0,573.0,14.0,0.0,0.0,2.0,2.0,2.0,0.0,7352.0,9725.0,153.0,8172.0,9550.0,143.0,-820.0,175.0,10.0,0.0,0.0,2.0,2.0,2.0,0.0
ESPORTSTMNT05_3222077,complete,,EM,2023,Spring,0,2023-04-04 15:02:46,1,13.06,8,Red,mid,Jackies,oe:player:204746c853a12888ad72d8035cdf8c7,Entropiq,oe:team:06554c70cfe8a6be14b004b3c18abe6,Viktor,Viego,Xayah,Lillia,Kennen,Yasuo,,,,,,2047,0,0,3,1,4,16,0.0,0.0,0.0,0.0,0.0,0.0,0.0,1.0,0.1172,0.5862,,,,,,,,,,,,,,,,,,,,,0.0,0.0,,,,,,,,0.0,2.0,21390.0,626.9663,0.340942,355.9257,401.534,17.0,0.4983,4.0,0.1172,5.0,31.0,0.9086,12016,7565,221.7391,0.241272,12225.0,,,309.0,297.0,12.0,,,9.0572,3168.0,4609.0,86.0,3574.0,4672.0,90.0,-406.0,-63.0,-4.0,0.0,0.0,1.0,1.0,0.0,0.0,4998.0,7614.0,145.0,5325.0,7933.0,146.0,-327.0,-319.0,-1.0,0.0,0.0,1.0,1.0,0.0,0.0,6863.0,10744.0,196.0,8707.0,11023.0,207.0,-1844.0,-279.0,-11.0,0.0,0.0,1.0,2.0,0.0,0.0,8885.0,13413.0,247.0,10502.0,13211.0,252.0,-1617.0,202.0,-5.0,0.0,0.0,1.0,2.0,0.0,0.0
ESPORTSTMNT05_3222077,complete,,EM,2023,Spring,0,2023-04-04 15:02:46,1,13.06,9,Red,bot,Khantos,oe:player:58cff57941b3605087bb9208b3d76d0,Entropiq,oe:team:06554c70cfe8a6be14b004b3c18abe6,Kai'Sa,Viego,Xayah,Lillia,Kennen,Yasuo,,,,,,2047,0,3,3,1,4,16,0.0,0.0,0.0,0.0,0.0,0.0,0.0,0.0,0.1172,0.5862,,,,,,,,,,,,,,,,,,,,,0.0,0.0,,,,,,,,0.0,0.0,16271.0,476.9223,0.259348,391.6854,266.7025,12.0,0.3517,6.0,0.1759,2.0,36.0,1.0552,14435,9984,292.6429,0.318427,14740.0,,,359.0,339.0,20.0,,,10.5227,3341.0,3415.0,94.0,3482.0,3752.0,90.0,-141.0,-337.0,4.0,0.0,0.0,0.0,0.0,0.0,0.0,5427.0,6045.0,153.0,5426.0,6355.0,155.0,1.0,-310.0,-2.0,0.0,0.0,0.0,0.0,0.0,0.0,7540.0,8743.0,214.0,7697.0,9249.0,214.0,-157.0,-506.0,0.0,0.0,0.0,0.0,0.0,2.0,0.0,9749.0,11399.0,285.0,9953.0,11794.0,279.0,-204.0,-395.0,6.0,0.0,0.0,0.0,0.0,2.0,0.0
ESPORTSTMNT05_3222077,complete,,EM,2023,Spring,0,2023-04-04 15:02:46,1,13.06,10,Red,sup,denyk,oe:player:9adc23fff49c05d7b22cfd79ca1841d,Entropiq,oe:team:06554c70cfe8a6be14b004b3c18abe6,Rakan,Viego,Xayah,Lillia,Kennen,Yasuo,,,,,,2047,0,0,4,4,4,16,0.0,0.0,0.0,0.0,0.0,0.0,0.0,0.0,0.1172,0.5862,,,,,,,,,,,,,,,,,,,,,0.0,0.0,,,,,,,,0.0,0.0,1945.0,57.0103,0.0310019,371.4021,307.2399,59.0,1.7294,20.0,0.5862,20.0,105.0,3.0777,6924,2473,72.4866,0.0788617,6600.0,,,46.0,46.0,0.0,,,1.3483,2084.0,2551.0,15.0,2089.0,1774.0,1.0,-5.0,777.0,14.0,0.0,0.0,0.0,0.0,0.0,0.0,3046.0,3403.0,23.0,2932.0,2915.0,4.0,114.0,488.0,19.0,0.0,0.0,0.0,0.0,0.0,0.0,4125.0,4516.0,30.0,4271.0,3533.0,5.0,-146.0,983.0,25.0,0.0,0.0,1.0,0.0,2.0,0.0,5055.0,5911.0,36.0,5216.0,5831.0,7.0,-161.0,80.0,29.0,0.0,0.0,1.0,0.0,2.0,0.0
ESPORTSTMNT05_3222077,complete,,EM,2023,Spring,0,2023-04-04 15:02:46,1,13.06,100,Blue,team,,,Partizan Esports,oe:team:e42ade212c09777da0f54bffe481f6d,,Yone,Varus,Vi,Ahri,LeBlanc,Gragas,Zeri,Annie,Cho'Gath,Tristana,2047,1,16,4,33,16,4,2.0,0.0,0.0,0.0,1.0,,,,0.469,0.5862,1.0,4.0,1.0,4.0,1.0,1.0,0.0,1.0,0.0,2.0,0.0,,0.0,0.0,0.0,1.0,1.0,,,1.0,1.0,0.0,1.0,11.0,3.0,1.0,1.0,3.0,1.0,2.0,0.0,69534.0,2038.1241,,2951.9297,3099.1304,114.0,3.3415,65.0,1.9052,34.0,317.0,9.2916,63917,41660,1221.1041,,56745.0,0.0595227,2.13,,945.0,211.0,,,33.8837,15391.0,18417.0,324.0,15234.0,19042.0,353.0,157.0,-625.0,-29.0,1.0,1.0,0.0,0.0,0.0,1.0,23579.0,30788.0,543.0,23071.0,30092.0,555.0,508.0,696.0,-12.0,2.0,1.0,0.0,0.0,0.0,2.0,34096.0,41709.0,726.0,31337.0,42506.0,759.0,2759.0,-797.0,-33.0,4.0,6.0,0.0,0.0,0.0,4.0,42033.0,53042.0,904.0,39251.0,53599.0,941.0,2782.0,-557.0,-37.0,4.0,6.0,0.0,0.0,0.0,4.0
ESPORTSTMNT05_3222077,complete,,EM,2023,Spring,0,2023-04-04 15:02:46,1,13.06,200,Red,team,,,Entropiq,oe:team:06554c70cfe8a6be14b004b3c18abe6,,Viego,Xayah,Lillia,Kennen,Yasuo,Rakan,Wukong,Kai'Sa,Sion,Viktor,2047,0,4,16,11,4,16,0.0,0.0,0.0,0.0,0.0,,,,0.1172,0.5862,0.0,1.0,4.0,1.0,4.0,0.0,0.0,0.0,0.0,1.0,0.0,,0.0,0.0,1.0,1.0,1.0,,,0.0,0.0,1.0,0.0,3.0,11.0,0.0,0.0,1.0,3.0,0.0,2.0,62738.0,1838.9253,,2729.8388,3888.7738,118.0,3.4587,64.0,1.8759,44.0,321.0,9.4089,53610,31353,918.9936,,53465.0,-0.0595227,-2.13,,955.0,182.0,,,33.3268,15234.0,19042.0,353.0,15391.0,18417.0,324.0,-157.0,625.0,29.0,0.0,0.0,1.0,1.0,1.0,0.0,23071.0,30092.0,555.0,23579.0,30788.0,543.0,-508.0,-696.0,12.0,0.0,0.0,2.0,2.0,1.0,0.0,31337.0,42506.0,759.0,34096.0,41709.0,726.0,-2759.0,797.0,33.0,0.0,0.0,4.0,4.0,6.0,0.0,39251.0,53599.0,941.0,42033.0,53042.0,904.0,-2782.0,557.0,37.0,0.0,0.0,4.0,4.0,6.0,0.0
ESPORTSTMNT05_3222079,complete,,EM,2023,Spring,0,2023-04-04 15:06:03,1,13.06,1,Blue,top,Kektz,oe:player:f5ea6213c328518f2840a59bf48acec,Diamant Esports,oe:team:830f05a5024d0794bd8d5b598b2432b,Gnar,Heimerdinger,Rakan,Gragas,Viktor,Azir,,,,,,2089,0,3,5,6,12,20,0.0,0.0,0.0,0.0,1.0,1.0,0.0,0.0,0.3447,0.9191,,,,,,,,,,,,,,,,,,,,,0.0,0.0,,,,,,,,0.0,1.0,31199.0,896.0938,0.378909,1018.7075,1072.0153,11.0,0.3159,3.0,0.0862,1.0,33.0,0.9478,13887,9350,268.5495,0.258682,13658.0,,,291.0,275.0,16.0,,,8.3581,3674.0,5143.0,87.0,3200.0,4712.0,83.0,474.0,431.0,4.0,1.0,0.0,0.0,0.0,0.0,1.0,6577.0,8280.0,143.0,4528.0,6934.0,117.0,2049.0,1346.0,26.0,1.0,1.0,0.0,0.0,0.0,1.0,8289.0,10926.0,187.0,6403.0,9685.0,169.0,1886.0,1241.0,18.0,1.0,1.0,0.0,0.0,0.0,1.0,10555.0,13229.0,222.0,8049.0,11860.0,193.0,2506.0,1369.0,29.0,3.0,3.0,2.0,1.0,2.0,3.0
ESPORTSTMNT05_3222079,complete,,EM,2023,Spring,0,2023-04-04 15:06:03,1,13.06,2,Blue,jng,Mafro,oe:player:cd521f662fbbec89f03a900e7d9bb63,Diamant Esports,oe:team:830f05a5024d0794bd8d5b598b2432b,Wukong,Heimerdinger,Rakan,Gragas,Viktor,Azir,,,,,,2089,0,2,3,6,12,20,0.0,0.0,0.0,0.0,0.0,0.0,0.0,0.0,0.3447,0.9191,,,,,,,,,,,,,,,,,,,,,0.0,1.0,,,,,,,,0.0,0.0,9665.0,277.5969,0.117381,998.9756,977.7501,9.0,0.2585,12.0,0.3447,8.0,55.0,1.5797,10988,6451,185.2848,0.178475,10560.0,,,172.0,25.0,147.0,,,4.9402,3069.0,3271.0,64.0,3273.0,3527.0,70.0,-204.0,-256.0,-6.0,0.0,0.0,0.0,0.0,1.0,0.0,4718.0,4814.0,90.0,4720.0,4885.0,94.0,-2.0,-71.0,-4.0,1.0,0.0,0.0,0.0,2.0,1.0,6522.0,7569.0,131.0,6212.0,7155.0,126.0,310.0,414.0,5.0,1.0,0.0,0.0,0.0,3.0,1.0,8067.0,10320.0,153.0,7483.0,9259.0,149.0,584.0,1061.0,4.0,1.0,3.0,0.0,0.0,4.0,3.0
ESPORTSTMNT05_3222079,complete,,EM,2023,Spring,0,2023-04-04 15:06:03,1,13.06,3,Blue,mid,Diva,oe:player:72de20c106a52f0aaf21bd650af81bd,Diamant Esports,oe:team:830f05a5024d0794bd8d5b598b2432b,Syndra,Heimerdinger,Rakan,Gragas,Viktor,Azir,,,,,,2089,0,4,4,4,12,20,1.0,0.0,0.0,0.0,0.0,0.0,0.0,0.0,0.3447,0.9191,,,,,,,,,,,,,,,,,,,,,0.0,0.0,,,,,,,,0.0,0.0,20360.0,584.7774,0.24727,497.0321,314.8492,21.0,0.6032,11.0,0.3159,7.0,56.0,1.6084,12257,7720,221.7329,0.213584,12670.0,,,275.0,259.0,16.0,,,7.8985,3265.0,4814.0,88.0,3226.0,4669.0,88.0,39.0,145.0,0.0,0.0,0.0,0.0,0.0,0.0,0.0,5108.0,7532.0,141.0,4927.0,7486.0,137.0,181.0,46.0,4.0,0.0,0.0,0.0,0.0,0.0,0.0,6992.0,10356.0,194.0,6805.0,10253.0,194.0,187.0,103.0,0.0,0.0,0.0,0.0,0.0,1.0,0.0,8666.0,12305.0,221.0,8370.0,12685.0,230.0,296.0,-380.0,-9.0,1.0,3.0,1.0,0.0,4.0,0.0
ESPORTSTMNT05_3222079,complete,,EM,2023,Spring,0,2023-04-04 15:06:03,1,13.06,4,Blue,bot,Shy Carry,oe:player:af020342617bd4e5c5da5a4c31ff591,Diamant Esports,oe:team:830f05a5024d0794bd8d5b598b2432b,Varus,Heimerdinger,Rakan,Gragas,Viktor,Azir,,,,,,2089,0,2,3,6,12,20,0.0,0.0,0.0,0.0,0.0,0.0,0.0,0.0,0.3447,0.9191,,,,,,,,,,,,,,,,,,,,,0.0,0.0,,,,,,,,0.0,0.0,15977.0,458.8894,0.194039,233.911,422.585,14.0,0.4021,14.0,0.4021,5.0,51.0,1.4648,14058,9521,273.461,0.263413,13325.0,,,344.0,324.0,20.0,,,9.8803,3552.0,3775.0,91.0,3360.0,3237.0,87.0,192.0,538.0,4.0,0.0,0.0,0.0,0.0,1.0,0.0,5608.0,6480.0,145.0,5344.0,5431.0,138.0,264.0,1049.0,7.0,1.0,0.0,1.0,1.0,1.0,1.0,7715.0,8429.0,193.0,7954.0,7616.0,197.0,-239.0,813.0,-4.0,1.0,0.0,1.0,2.0,1.0,1.0,10056.0,11004.0,244.0,10617.0,10162.0,245.0,-561.0,842.0,-1.0,2.0,3.0,1.0,4.0,2.0,1.0
ESPORTSTMNT05_3222079,complete,,EM,2023,Spring,0,2023-04-04 15:06:03,1,13.06,5,Blue,sup,Wojtus,oe:player:a93e0326b85f0312cf1b451e175a7a0,Diamant Esports,oe:team:830f05a5024d0794bd8d5b598b2432b,Blitzcrank,Heimerdinger,Rakan,Gragas,Viktor,Azir,,,,,,2089,0,1,5,8,12,20,0.0,0.0,0.0,0.0,0.0,0.0,0.0,0.0,0.3447,0.9191,,,,,,,,,,,,,,,,,,,,,0.0,0.0,,,,,,,,0.0,0.0,5138.0,147.573,0.0624006,464.1168,528.4538,56.0,1.6084,19.0,0.5457,13.0,129.0,3.7051,7640,3103,89.124,0.0858461,7375.0,,,47.0,47.0,0.0,,,1.3499,2108.0,2245.0,15.0,2471.0,2847.0,19.0,-363.0,-602.0,-4.0,0.0,0.0,1.0,1.0,0.0,0.0,3221.0,2987.0,20.0,3614.0,3967.0,27.0,-393.0,-980.0,-7.0,0.0,2.0,1.0,1.0,1.0,0.0,4399.0,4573.0,30.0,4739.0,5679.0,33.0,-340.0,-1106.0,-3.0,0.0,2.0,2.0,1.0,2.0,0.0,5774.0,6791.0,36.0,5553.0,7620.0,34.0,221.0,-829.0,2.0,1.0,5.0,2.0,1.0,3.0,1.0
ESPORTSTMNT05_3222079,complete,,EM,2023,Spring,0,2023-04-04 15:06:03,1,13.06,6,Red,top,HeSSZero,oe:player:a2694196d288cd26055602729d0bb5c,WLGaming Esports,oe:team:b19ab22267512e77945cd498106dcf1,K'Sante,Vi,Thresh,Annie,Nautilus,Kennen,,,,,,2089,1,4,3,7,20,12,1.0,0.0,0.0,0.0,0.0,0.0,0.0,1.0,0.5744,0.9191,,,,,,,,,,,,,,,,,,,,,0.0,0.0,,,,,,,,1.0,0.0,19037.0,546.7784,0.23951,848.9899,1751.5749,14.0,0.4021,4.0,0.1149,6.0,30.0,0.8617,14537,10000,287.2188,0.231332,13250.0,,,281.0,281.0,0.0,,,8.0708,3200.0,4712.0,83.0,3674.0,5143.0,87.0,-474.0,-431.0,-4.0,0.0,0.0,1.0,1.0,0.0,0.0,4528.0,6934.0,117.0,6577.0,8280.0,143.0,-2049.0,-1346.0,-26.0,0.0,0.0,1.0,1.0,1.0,0.0,6403.0,9685.0,169.0,8289.0,10926.0,187.0,-1886.0,-1241.0,-18.0,0.0,0.0,1.0,1.0,1.0,0.0,8049.0,11860.0,193.0,10555.0,13229.0,222.0,-2506.0,-1369.0,-29.0,1.0,2.0,3.0,3.0,3.0,2.0
ESPORTSTMNT05_3222079,complete,,EM,2023,Spring,0,2023-04-04 15:06:03,1,13.06,7,Red,jng,Bruness,oe:player:7471c21aed615dae3e49140eca8ce89,WLGaming Esports,oe:team:b19ab22267512e77945cd498106dcf1,Lee Sin,Vi,Thresh,Annie,Nautilus,Kennen,,,,,,2089,1,3,3,13,20,12,1.0,0.0,0.0,0.0,0.0,0.0,0.0,0.0,0.5744,0.9191,,,,,,,,,,,,,,,,,,,,,1.0,0.0,,,,,,,,0.0,0.0,12986.0,372.9823,0.163381,889.3729,1375.8066,23.0,0.6606,8.0,0.2298,14.0,50.0,1.4361,12157,7620,218.8607,0.176274,10800.0,,,191.0,27.0,164.0,,,5.4859,3273.0,3527.0,70.0,3069.0,3271.0,64.0,204.0,256.0,6.0,0.0,1.0,0.0,0.0,0.0,0.0,4720.0,4885.0,94.0,4718.0,4814.0,90.0,2.0,71.0,4.0,0.0,2.0,1.0,1.0,0.0,0.0,6212.0,7155.0,126.0,6522.0,7569.0,131.0,-310.0,-414.0,-5.0,0.0,3.0,1.0,1.0,0.0,0.0,7483.0,9259.0,149.0,8067.0,10320.0,153.0,-584.0,-1061.0,-4.0,0.0,4.0,3.0,1.0,3.0,0.0
ESPORTSTMNT05_3222079,complete,,EM,2023,Spring,0,2023-04-04 15:06:03,1,13.06,8,Red,mid,Vladi,oe:player:367fecc4cb53a8234abbd9f283b7997,WLGaming Esports,oe:team:b19ab22267512e77945cd498106dcf1,Ahri,Vi,Thresh,Annie,Nautilus,Kennen,,,,,,2089,1,3,1,10,20,12,0.0,0.0,0.0,0.0,0.0,0.0,0.0,0.0,0.5744,0.9191,,,,,,,,,,,,,,,,,,,,,0.0,0.0,,,,,,,,0.0,0.0,16429.0,471.8717,0.206698,545.3135,325.4763,19.0,0.5457,4.0,0.1149,7.0,34.0,0.9765,12992,8455,242.8435,0.195591,12225.0,,,293.0,285.0,8.0,,,8.4155,3226.0,4669.0,88.0,3265.0,4814.0,88.0,-39.0,-145.0,0.0,0.0,0.0,0.0,0.0,0.0,0.0,4927.0,7486.0,137.0,5108.0,7532.0,141.0,-181.0,-46.0,-4.0,0.0,0.0,0.0,0.0,0.0,0.0,6805.0,10253.0,194.0,6992.0,10356.0,194.0,-187.0,-103.0,0.0,0.0,1.0,0.0,0.0,0.0,0.0,8370.0,12685.0,230.0,8666.0,12305.0,221.0,-296.0,380.0,9.0,0.0,4.0,0.0,1.0,3.0,1.0
ESPORTSTMNT05_3222079,complete,,EM,2023,Spring,0,2023-04-04 15:06:03,1,13.06,9,Red,bot,Jeyrus,oe:player:c5050bf5abf900c6beaed313da57213,WLGaming Esports,oe:team:b19ab22267512e77945cd498106dcf1,Jinx,Vi,Thresh,Annie,Nautilus,Kennen,,,,,,2089,1,8,2,10,20,12,1.0,0.0,0.0,0.0,0.0,0.0,0.0,0.0,0.5744,0.9191,,,,,,,,,,,,,,,,,,,,,0.0,0.0,,,,,,,,0.0,0.0,27951.0,802.8052,0.35166,377.5203,211.7377,14.0,0.4021,18.0,0.517,4.0,54.0,1.551,17659,13122,376.8885,0.303555,15250.0,,,346.0,307.0,39.0,,,9.9378,3360.0,3237.0,87.0,3552.0,3775.0,91.0,-192.0,-538.0,-4.0,0.0,1.0,0.0,0.0,0.0,0.0,5344.0,5431.0,138.0,5608.0,6480.0,145.0,-264.0,-1049.0,-7.0,1.0,1.0,1.0,1.0,0.0,1.0,7954.0,7616.0,197.0,7715.0,8429.0,193.0,239.0,-813.0,4.0,2.0,1.0,1.0,1.0,0.0,1.0,10617.0,10162.0,245.0,10056.0,11004.0,244.0,561.0,-842.0,1.0,4.0,2.0,1.0,2.0,3.0,1.0
ESPORTSTMNT05_3222079,complete,,EM,2023,Spring,0,2023-04-04 15:06:03,1,13.06,10,Red,sup,Bananitoo,oe:player:148e116847c069d852ad0696d4180fe,WLGaming Esports,oe:team:b19ab22267512e77945cd498106dcf1,Leona,Vi,Thresh,Annie,Nautilus,Kennen,,,,,,2089,1,2,3,10,20,12,0.0,0.0,0.0,0.0,0.0,0.0,0.0,0.0,0.5744,0.9191,,,,,,,,,,,,,,,,,,,,,0.0,0.0,,,,,,,,0.0,0.0,3080.0,88.4634,0.0387504,469.8037,604.7966,47.0,1.3499,14.0,0.4021,11.0,103.0,2.9584,8568,4031,115.7779,0.0932478,7825.0,,,42.0,42.0,0.0,,,1.2063,2471.0,2847.0,19.0,2108.0,2245.0,15.0,363.0,602.0,4.0,1.0,0.0,0.0,0.0,0.0,1.0,3614.0,3967.0,27.0,3221.0,2987.0,20.0,393.0,980.0,7.0,1.0,1.0,0.0,0.0,2.0,1.0,4739.0,5679.0,33.0,4399.0,4573.0,30.0,340.0,1106.0,3.0,1.0,2.0,0.0,0.0,2.0,2.0,5553.0,7620.0,34.0,5774.0,6791.0,36.0,-221.0,829.0,-2.0,1.0,3.0,1.0,1.0,5.0,2.0
ESPORTSTMNT05_3222079,complete,,EM,2023,Spring,0,2023-04-04 15:06:03,1,13.06,100,Blue,team,,,Diamant Esports,oe:team:830f05a5024d0794bd8d5b598b2432b,,Heimerdinger,Rakan,Gragas,Viktor,Azir,Wukong,Varus,Syndra,Gnar,Blitzcrank,2089,0,12,20,30,12,20,1.0,0.0,0.0,0.0,1.0,,,,0.3447,0.9191,0.0,2.0,3.0,2.0,3.0,0.0,0.0,2.0,0.0,0.0,0.0,,0.0,0.0,0.0,1.0,1.0,,,0.0,0.0,1.0,1.0,3.0,8.0,1.0,1.0,6.0,3.0,0.0,1.0,82339.0,2364.9306,,3212.7429,3315.6534,111.0,3.1881,59.0,1.6946,34.0,324.0,9.3059,58830,36144,1038.1235,,57588.0,-0.0301356,0.63,,930.0,199.0,,,32.427,15668.0,19248.0,345.0,15530.0,18992.0,347.0,138.0,256.0,-2.0,1.0,0.0,1.0,1.0,2.0,1.0,25232.0,30093.0,539.0,23133.0,28703.0,513.0,2099.0,1390.0,26.0,3.0,3.0,2.0,2.0,4.0,3.0,33917.0,41853.0,735.0,32113.0,40388.0,719.0,1804.0,1465.0,16.0,3.0,3.0,3.0,3.0,7.0,3.0,43118.0,53649.0,876.0,40072.0,51586.0,851.0,3046.0,2063.0,25.0,8.0,17.0,6.0,6.0,15.0,8.0
ESPORTSTMNT05_3222079,complete,,EM,2023,Spring,0,2023-04-04 15:06:03,1,13.06,200,Red,team,,,WLGaming Esports,oe:team:b19ab22267512e77945cd498106dcf1,,Vi,Thresh,Annie,Nautilus,Kennen,Jinx,Lee Sin,K'Sante,Ahri,Leona,2089,1,20,12,50,20,12,3.0,0.0,0.0,0.0,0.0,,,,0.5744,0.9191,1.0,3.0,2.0,3.0,2.0,0.0,0.0,1.0,1.0,1.0,0.0,,0.0,0.0,1.0,1.0,1.0,,,1.0,1.0,0.0,0.0,8.0,3.0,0.0,0.0,3.0,6.0,1.0,0.0,79483.0,2282.9009,,3131.0005,4269.3921,117.0,3.3605,48.0,1.3787,42.0,271.0,7.7836,65913,43227,1241.5606,,59350.0,0.0301356,-0.63,,942.0,211.0,,,33.1163,15530.0,18992.0,347.0,15668.0,19248.0,345.0,-138.0,-256.0,2.0,1.0,2.0,1.0,1.0,0.0,1.0,23133.0,28703.0,513.0,25232.0,30093.0,539.0,-2099.0,-1390.0,-26.0,2.0,4.0,3.0,3.0,3.0,2.0,32113.0,40388.0,719.0,33917.0,41853.0,735.0,-1804.0,-1465.0,-16.0,3.0,7.0,3.0,3.0,3.0,3.0,40072.0,51586.0,851.0,43118.0,53649.0,876.0,-3046.0,-2063.0,-25.0,6.0,15.0,8.0,8.0,17.0,6.0
ESPORTSTMNT05_3221084,complete,,EM,2023,Spring,0,2023-04-04 15:51:49,1,13.06,1,Blue,top,Sl4shD,oe:player:61eec59806c0beb33d2ffa40fcda3f5,GTZ Esports,oe:team:3659b5cb3434354530c31ce71461fc1,Ornn,Aphelios,Vi,Xayah,Gwen,Orianna,,,,,,1895,0,1,6,1,7,25,0.0,0.0,0.0,0.0,0.0,0.0,0.0,0.0,0.2216,1.0132,,,,,,,,,,,,,,,,,,,,,0.0,0.0,,,,,,,,0.0,1.0,8042.0,254.628,0.134858,1288.591,1407.1979,13.0,0.4116,1.0,0.0317,3.0,29.0,0.9182,9007,4866,154.0686,0.172938,8925.0,,,198.0,198.0,0.0,,,6.2691,2899.0,4403.0,68.0,4484.0,5005.0,94.0,-1585.0,-602.0,-26.0,0.0,0.0,1.0,1.0,2.0,0.0,4489.0,7393.0,115.0,7031.0,7722.0,147.0,-2542.0,-329.0,-32.0,0.0,0.0,1.0,1.0,2.0,0.0,6129.0,9154.0,143.0,8658.0,10234.0,191.0,-2529.0,-1080.0,-48.0,1.0,0.0,3.0,1.0,3.0,0.0,7682.0,11628.0,181.0,10594.0,12878.0,240.0,-2912.0,-1250.0,-59.0,1.0,0.0,4.0,1.0,5.0,1.0
ESPORTSTMNT05_3221084,complete,,EM,2023,Spring,0,2023-04-04 15:51:49,1,13.06,2,Blue,jng,Time,oe:player:550fa477eff3885416f22c0b3f2fc88,GTZ Esports,oe:team:3659b5cb3434354530c31ce71461fc1,Wukong,Aphelios,Vi,Xayah,Gwen,Orianna,,,,,,1895,0,4,7,1,7,25,0.0,0.0,0.0,0.0,1.0,1.0,0.0,0.0,0.2216,1.0132,,,,,,,,,,,,,,,,,,,,,0.0,1.0,,,,,,,,0.0,0.0,12779.0,404.6121,0.214294,976.781,890.0897,8.0,0.2533,16.0,0.5066,9.0,50.0,1.5831,9627,5486,173.6992,0.194974,9475.0,,,131.0,21.0,110.0,,,4.1478,3569.0,2961.0,54.0,3796.0,3245.0,56.0,-227.0,-284.0,-2.0,2.0,0.0,1.0,2.0,1.0,0.0,5414.0,5322.0,83.0,5411.0,5249.0,88.0,3.0,73.0,-5.0,3.0,0.0,1.0,2.0,2.0,0.0,6845.0,7135.0,102.0,7206.0,7273.0,111.0,-361.0,-138.0,-9.0,3.0,1.0,2.0,4.0,3.0,0.0,8501.0,8564.0,121.0,8810.0,9688.0,142.0,-309.0,-1124.0,-21.0,4.0,1.0,3.0,4.0,6.0,0.0
ESPORTSTMNT05_3221084,complete,,EM,2023,Spring,0,2023-04-04 15:51:49,1,13.06,3,Blue,mid,Heroic,oe:player:c71b4244f70372f8be07a3e83c58490,GTZ Esports,oe:team:3659b5cb3434354530c31ce71461fc1,Taliyah,Aphelios,Vi,Xayah,Gwen,Orianna,,,,,,1895,0,0,3,4,7,25,0.0,0.0,0.0,0.0,0.0,0.0,0.0,0.0,0.2216,1.0132,,,,,,,,,,,,,,,,,,,,,0.0,0.0,,,,,,,,0.0,0.0,20668.0,654.3958,0.346587,517.3931,263.6517,12.0,0.3799,4.0,0.1266,1.0,32.0,1.0132,11346,7205,228.1266,0.256073,10585.0,,,305.0,262.0,43.0,,,9.657,3494.0,4646.0,88.0,3444.0,4725.0,86.0,50.0,-79.0,2.0,0.0,1.0,1.0,0.0,3.0,0.0,5175.0,7397.0,140.0,6336.0,8017.0,145.0,-1161.0,-620.0,-5.0,0.0,1.0,2.0,1.0,4.0,0.0,7235.0,10059.0,200.0,8847.0,10591.0,185.0,-1612.0,-532.0,15.0,0.0,2.0,2.0,3.0,6.0,0.0,8820.0,12574.0,245.0,11144.0,12877.0,223.0,-2324.0,-303.0,22.0,0.0,3.0,2.0,5.0,7.0,0.0
ESPORTSTMNT05_3221084,complete,,EM,2023,Spring,0,2023-04-04 15:51:49,1,13.06,4,Blue,bot,Notiko,oe:player:e134b2791879ae44a24cf5fc966a4b7,GTZ Esports,oe:team:3659b5cb3434354530c31ce71461fc1,Sivir,Aphelios,Vi,Xayah,Gwen,Orianna,,,,,,1895,0,2,3,2,7,25,0.0,0.0,0.0,0.0,1.0,0.0,1.0,0.0,0.2216,1.0132,,,,,,,,,,,,,,,,,,,,,0.0,0.0,,,,,,,,0.0,0.0,15343.0,485.7942,0.25729,401.7625,272.6438,10.0,0.3166,11.0,0.3483,3.0,34.0,1.0765,12348,8207,259.8522,0.291687,12025.0,,,282.0,270.0,12.0,,,8.9288,3598.0,3422.0,82.0,3407.0,3243.0,83.0,191.0,179.0,-1.0,1.0,1.0,0.0,0.0,0.0,2.0,5257.0,5149.0,124.0,5087.0,5623.0,129.0,170.0,-474.0,-5.0,1.0,1.0,0.0,0.0,0.0,3.0,7164.0,7766.0,172.0,7426.0,8423.0,182.0,-262.0,-657.0,-10.0,1.0,1.0,0.0,0.0,2.0,4.0,9293.0,10641.0,236.0,9601.0,11154.0,233.0,-308.0,-513.0,3.0,1.0,2.0,1.0,1.0,3.0,4.0
ESPORTSTMNT05_3221084,complete,,EM,2023,Spring,0,2023-04-04 15:51:49,1,13.06,5,Blue,sup,Nsurr,oe:player:6b35468bd45059f6a8450083fc379a9,GTZ Esports,oe:team:3659b5cb3434354530c31ce71461fc1,Thresh,Aphelios,Vi,Xayah,Gwen,Orianna,,,,,,1895,0,0,6,4,7,25,0.0,0.0,0.0,0.0,1.0,0.0,1.0,0.0,0.2216,1.0132,,,,,,,,,,,,,,,,,,,,,0.0,0.0,,,,,,,,0.0,0.0,2801.0,88.686,0.0469706,543.0079,378.1108,51.0,1.6148,9.0,0.285,18.0,83.0,2.628,6514,2373,75.1346,0.0843291,6350.0,,,29.0,29.0,0.0,,,0.9182,2321.0,2341.0,12.0,2626.0,2432.0,11.0,-305.0,-91.0,1.0,0.0,2.0,1.0,1.0,2.0,1.0,3621.0,3852.0,23.0,4189.0,3294.0,20.0,-568.0,558.0,3.0,0.0,3.0,2.0,2.0,2.0,1.0,4563.0,4286.0,25.0,5380.0,4582.0,28.0,-817.0,-296.0,-3.0,0.0,3.0,3.0,2.0,5.0,1.0,5400.0,5704.0,25.0,6266.0,5961.0,28.0,-866.0,-257.0,-3.0,0.0,4.0,3.0,2.0,8.0,1.0
ESPORTSTMNT05_3221084,complete,,EM,2023,Spring,0,2023-04-04 15:51:49,1,13.06,6,Red,top,Lot,oe:player:eeec6c7a9d2b475c23650b202208b89,Aegis,oe:team:e3a29387c70230d76837b86c2aefd14,Gnar,Elise,Annie,Zeri,Jinx,Sion,,,,,,1895,1,6,1,10,25,7,1.0,0.0,0.0,0.0,0.0,0.0,0.0,0.0,0.7916,1.0132,,,,,,,,,,,,,,,,,,,,,0.0,0.0,,,,,,,,1.0,0.0,24683.0,781.5198,0.243648,738.7757,612.8865,6.0,0.19,16.0,0.5066,4.0,50.0,1.5831,15900,11759,372.3166,0.266508,13333.0,,,289.0,273.0,16.0,,,9.1504,4484.0,5005.0,94.0,2899.0,4403.0,68.0,1585.0,602.0,26.0,1.0,2.0,0.0,0.0,0.0,1.0,7031.0,7722.0,147.0,4489.0,7393.0,115.0,2542.0,329.0,32.0,1.0,2.0,0.0,0.0,0.0,1.0,8658.0,10234.0,191.0,6129.0,9154.0,143.0,2529.0,1080.0,48.0,1.0,3.0,0.0,1.0,0.0,3.0,10594.0,12878.0,240.0,7682.0,11628.0,181.0,2912.0,1250.0,59.0,1.0,5.0,1.0,1.0,0.0,4.0
ESPORTSTMNT05_3221084,complete,,EM,2023,Spring,0,2023-04-04 15:51:49,1,13.06,7,Red,jng,SkewMond,oe:player:ab15060e5225b51592cd04b3aed1e09,Aegis,oe:team:e3a29387c70230d76837b86c2aefd14,Gragas,Elise,Annie,Zeri,Jinx,Sion,,,,,,1895,1,5,0,12,25,7,0.0,0.0,0.0,0.0,0.0,0.0,0.0,0.0,0.7916,1.0132,,,,,,,,,,,,,,,,,,,,,1.0,0.0,,,,,,,,0.0,0.0,21655.0,685.6464,0.213758,823.6939,612.9182,10.0,0.3166,6.0,0.19,8.0,50.0,1.5831,12059,7918,250.7018,0.179452,10550.0,,,174.0,26.0,148.0,,,5.5092,3796.0,3245.0,56.0,3569.0,2961.0,54.0,227.0,284.0,2.0,2.0,1.0,0.0,2.0,0.0,1.0,5411.0,5249.0,88.0,5414.0,5322.0,83.0,-3.0,-73.0,5.0,2.0,2.0,0.0,3.0,0.0,1.0,7206.0,7273.0,111.0,6845.0,7135.0,102.0,361.0,138.0,9.0,4.0,3.0,0.0,3.0,1.0,2.0,8810.0,9688.0,142.0,8501.0,8564.0,121.0,309.0,1124.0,21.0,4.0,6.0,0.0,4.0,1.0,3.0
ESPORTSTMNT05_3221084,complete,,EM,2023,Spring,0,2023-04-04 15:51:49,1,13.06,8,Red,mid,Eika,oe:player:adfab52b74587bc5acc4201c140451a,Aegis,oe:team:e3a29387c70230d76837b86c2aefd14,Jayce,Elise,Annie,Zeri,Jinx,Sion,,,,,,1895,1,7,1,10,25,7,1.0,0.0,0.0,0.0,0.0,0.0,0.0,0.0,0.7916,1.0132,,,,,,,,,,,,,,,,,,,,,0.0,0.0,,,,,,,,0.0,0.0,29203.0,924.6332,0.288265,374.3747,315.9578,15.0,0.4749,10.0,0.3166,4.0,57.0,1.8047,14621,10480,331.8206,0.23752,12600.0,,,266.0,242.0,24.0,,,8.4222,3444.0,4725.0,86.0,3494.0,4646.0,88.0,-50.0,79.0,-2.0,0.0,3.0,0.0,0.0,1.0,1.0,6336.0,8017.0,145.0,5175.0,7397.0,140.0,1161.0,620.0,5.0,1.0,4.0,0.0,0.0,1.0,2.0,8847.0,10591.0,185.0,7235.0,10059.0,200.0,1612.0,532.0,-15.0,3.0,6.0,0.0,0.0,2.0,2.0,11144.0,12877.0,223.0,8820.0,12574.0,245.0,2324.0,303.0,-22.0,5.0,7.0,0.0,0.0,3.0,2.0
ESPORTSTMNT05_3221084,complete,,EM,2023,Spring,0,2023-04-04 15:51:49,1,13.06,9,Red,bot,Shiganari,oe:player:90704735ca9fc01f2244f23f6e5d635,Aegis,oe:team:e3a29387c70230d76837b86c2aefd14,Varus,Elise,Annie,Zeri,Jinx,Sion,,,,,,1895,1,5,4,5,25,7,1.0,0.0,0.0,0.0,0.0,0.0,0.0,1.0,0.7916,1.0132,,,,,,,,,,,,,,,,,,,,,0.0,0.0,,,,,,,,0.0,0.0,19694.0,623.5567,0.194401,362.5963,231.2929,19.0,0.6016,5.0,0.1583,7.0,32.0,1.0132,13676,9535,301.8997,0.216101,11625.0,,,271.0,259.0,12.0,,,8.5805,3407.0,3243.0,83.0,3598.0,3422.0,82.0,-191.0,-179.0,1.0,0.0,0.0,2.0,1.0,1.0,0.0,5087.0,5623.0,129.0,5257.0,5149.0,124.0,-170.0,474.0,5.0,0.0,0.0,3.0,1.0,1.0,0.0,7426.0,8423.0,182.0,7164.0,7766.0,172.0,262.0,657.0,10.0,0.0,2.0,4.0,1.0,1.0,0.0,9601.0,11154.0,233.0,9293.0,10641.0,236.0,308.0,513.0,-3.0,1.0,3.0,4.0,1.0,2.0,1.0
ESPORTSTMNT05_3221084,complete,,EM,2023,Spring,0,2023-04-04 15:51:49,1,13.06,10,Red,sup,Hantera,oe:player:de1fb222dafded7d06b10df578fdd0e,Aegis,oe:team:e3a29387c70230d76837b86c2aefd14,Rakan,Elise,Annie,Zeri,Jinx,Sion,,,,,,1895,1,2,1,17,25,7,0.0,0.0,0.0,0.0,0.0,0.0,0.0,0.0,0.7916,1.0132,,,,,,,,,,,,,,,,,,,,,0.0,0.0,,,,,,,,0.0,0.0,6071.0,192.2216,0.0599273,468.9182,601.8997,50.0,1.5831,14.0,0.4433,14.0,96.0,3.0396,8572,4431,140.2955,0.100419,7500.0,,,31.0,31.0,0.0,,,0.9815,2626.0,2432.0,11.0,2321.0,2341.0,12.0,305.0,91.0,-1.0,1.0,2.0,1.0,0.0,2.0,1.0,4189.0,3294.0,20.0,3621.0,3852.0,23.0,568.0,-558.0,-3.0,2.0,2.0,1.0,0.0,3.0,2.0,5380.0,4582.0,28.0,4563.0,4286.0,25.0,817.0,296.0,3.0,2.0,5.0,1.0,0.0,3.0,3.0,6266.0,5961.0,28.0,5400.0,5704.0,25.0,866.0,257.0,3.0,2.0,8.0,1.0,0.0,4.0,3.0
ESPORTSTMNT05_3221084,complete,,EM,2023,Spring,0,2023-04-04 15:51:49,1,13.06,100,Blue,team,,,GTZ Esports,oe:team:3659b5cb3434354530c31ce71461fc1,,Aphelios,Vi,Xayah,Gwen,Orianna,Wukong,Thresh,Taliyah,Ornn,Sivir,1895,0,7,25,12,7,25,0.0,0.0,0.0,0.0,1.0,,,,0.2216,1.0132,0.0,0.0,5.0,0.0,4.0,0.0,0.0,0.0,0.0,0.0,0.0,,0.0,1.0,0.0,1.0,1.0,,,0.0,0.0,1.0,0.0,1.0,8.0,0.0,0.0,2.0,8.0,0.0,1.0,59633.0,1888.1161,,3727.5356,3211.6939,94.0,2.9763,41.0,1.2982,34.0,228.0,7.219,48842,28135,890.8179,,47360.0,-0.160205,-3.12,,780.0,165.0,,,29.9208,15881.0,17773.0,304.0,17757.0,18650.0,330.0,-1876.0,-877.0,-26.0,3.0,4.0,4.0,4.0,8.0,3.0,23956.0,29113.0,485.0,28054.0,29905.0,529.0,-4098.0,-792.0,-44.0,4.0,5.0,6.0,6.0,10.0,4.0,31936.0,38400.0,642.0,37517.0,41103.0,697.0,-5581.0,-2703.0,-55.0,5.0,7.0,10.0,10.0,19.0,5.0,39696.0,49111.0,808.0,46415.0,52558.0,866.0,-6719.0,-3447.0,-58.0,6.0,10.0,13.0,13.0,29.0,6.0
ESPORTSTMNT05_3221084,complete,,EM,2023,Spring,0,2023-04-04 15:51:49,1,13.06,200,Red,team,,,Aegis,oe:team:e3a29387c70230d76837b86c2aefd14,,Elise,Annie,Zeri,Jinx,Sion,Rakan,Gragas,Varus,Jayce,Gnar,1895,1,25,7,54,25,7,3.0,0.0,0.0,0.0,0.0,,,,0.7916,1.0132,1.0,5.0,0.0,4.0,0.0,2.0,0.0,0.0,0.0,1.0,1.0,,1.0,0.0,1.0,1.0,1.0,,,1.0,1.0,0.0,1.0,8.0,1.0,1.0,1.0,8.0,2.0,1.0,0.0,101306.0,3207.5778,,2768.3588,2374.9551,100.0,3.1662,51.0,1.6148,37.0,285.0,9.0237,64828,44121,1396.971,,55608.0,0.160205,3.12,,831.0,200.0,,,32.6438,17757.0,18650.0,330.0,15881.0,17773.0,304.0,1876.0,877.0,26.0,4.0,8.0,3.0,3.0,4.0,4.0,28054.0,29905.0,529.0,23956.0,29113.0,485.0,4098.0,792.0,44.0,6.0,10.0,4.0,4.0,5.0,6.0,37517.0,41103.0,697.0,31936.0,38400.0,642.0,5581.0,2703.0,55.0,10.0,19.0,5.0,5.0,7.0,10.0,46415.0,52558.0,866.0,39696.0,49111.0,808.0,6719.0,3447.0,58.0,13.0,29.0,6.0,6.0,10.0,13.0
ESPORTSTMNT05_3220086,complete,,EM,2023,Spring,0,2023-04-04 15:53:26,1,13.06,1,Blue,top,Robba,oe:player:0a08034cdc4feac55c0bdfbc0f300db,KRC Genk Esports,oe:team:01a959b2a20ca77057e580ec051aa3e,Gnar,Rell,Olaf,Rakan,Tristana,Kalista,,,,,,1791,0,0,8,5,10,32,0.0,0.0,0.0,0.0,0.0,0.0,0.0,0.0,0.335,1.407,,,,,,,,,,,,,,,,,,,,,0.0,0.0,,,,,,,,0.0,0.0,10247.0,343.2831,0.156054,968.9782,730.7203,10.0,0.335,8.0,0.268,2.0,25.0,0.8375,8308,4379,146.7002,0.150977,7983.0,,,161.0,161.0,0.0,,,5.3936,3058.0,4620.0,75.0,3698.0,5420.0,95.0,-640.0,-800.0,-20.0,0.0,0.0,1.0,1.0,0.0,0.0,4353.0,6472.0,102.0,6020.0,8488.0,144.0,-1667.0,-2016.0,-42.0,0.0,0.0,3.0,1.0,2.0,0.0,5418.0,7752.0,119.0,8215.0,11136.0,174.0,-2797.0,-3384.0,-55.0,0.0,1.0,5.0,2.0,6.0,0.0,6815.0,9217.0,136.0,10330.0,14569.0,207.0,-3515.0,-5352.0,-71.0,0.0,3.0,7.0,2.0,9.0,0.0
ESPORTSTMNT05_3220086,complete,,EM,2023,Spring,0,2023-04-04 15:53:26,1,13.06,2,Blue,jng,Guertas,oe:player:66dfc0444c571e87d4442178fee3ab4,KRC Genk Esports,oe:team:01a959b2a20ca77057e580ec051aa3e,Jarvan IV,Rell,Olaf,Rakan,Tristana,Kalista,,,,,,1791,0,4,5,6,10,32,0.0,0.0,0.0,0.0,0.0,0.0,0.0,0.0,0.335,1.407,,,,,,,,,,,,,,,,,,,,,0.0,1.0,,,,,,,,0.0,1.0,13250.0,443.8861,0.201788,1017.8224,1019.397,8.0,0.268,12.0,0.402,8.0,35.0,1.1725,9996,6067,203.2496,0.209178,9600.0,,,154.0,38.0,116.0,,,5.1591,3231.0,3209.0,61.0,3541.0,3758.0,75.0,-310.0,-549.0,-14.0,1.0,0.0,0.0,0.0,1.0,1.0,4640.0,5170.0,93.0,5862.0,6438.0,116.0,-1222.0,-1268.0,-23.0,1.0,1.0,0.0,2.0,1.0,1.0,6422.0,7495.0,120.0,8266.0,9960.0,166.0,-1844.0,-2465.0,-46.0,2.0,1.0,1.0,3.0,6.0,2.0,8049.0,9722.0,139.0,12521.0,14839.0,206.0,-4472.0,-5117.0,-67.0,3.0,3.0,3.0,9.0,9.0,2.0
ESPORTSTMNT05_3220086,complete,,EM,2023,Spring,0,2023-04-04 15:53:26,1,13.06,3,Blue,mid,Mikkel,oe:player:b2c05a26758d82a8643a27eec405dcb,KRC Genk Esports,oe:team:01a959b2a20ca77057e580ec051aa3e,Viktor,Rell,Olaf,Rakan,Tristana,Kalista,,,,,,1791,0,2,6,4,10,32,1.0,0.0,0.0,0.0,0.0,0.0,0.0,0.0,0.335,1.407,,,,,,,,,,,,,,,,,,,,,0.0,0.0,,,,,,,,0.0,0.0,18015.0,603.5176,0.274355,549.3802,581.34,6.0,0.201,3.0,0.1005,3.0,13.0,0.4355,11807,7878,263.9196,0.271621,11575.0,,,280.0,276.0,4.0,,,9.3802,3343.0,4755.0,97.0,3006.0,4789.0,78.0,337.0,-34.0,19.0,0.0,0.0,0.0,0.0,0.0,0.0,5193.0,7495.0,153.0,5044.0,8376.0,137.0,149.0,-881.0,16.0,0.0,0.0,1.0,0.0,2.0,0.0,6910.0,9906.0,199.0,7845.0,12352.0,189.0,-935.0,-2446.0,10.0,0.0,1.0,2.0,2.0,6.0,0.0,9802.0,12431.0,235.0,10245.0,16981.0,216.0,-443.0,-4550.0,19.0,2.0,1.0,4.0,4.0,10.0,1.0
ESPORTSTMNT05_3220086,complete,,EM,2023,Spring,0,2023-04-04 15:53:26,1,13.06,4,Blue,bot,Orion,oe:player:915901c2ffafe3ee9245c3ef30ec5b4,KRC Genk Esports,oe:team:01a959b2a20ca77057e580ec051aa3e,Xayah,Rell,Olaf,Rakan,Tristana,Kalista,,,,,,1791,0,3,7,6,10,32,1.0,0.0,0.0,0.0,0.0,0.0,0.0,1.0,0.335,1.407,,,,,,,,,,,,,,,,,,,,,0.0,0.0,,,,,,,,0.0,1.0,20491.0,686.4657,0.312063,571.0553,300.0335,17.0,0.5695,7.0,0.2345,10.0,24.0,0.804,12269,8340,279.397,0.28755,12300.0,,,251.0,235.0,16.0,,,8.4087,3544.0,3632.0,90.0,3560.0,3392.0,81.0,-16.0,240.0,9.0,0.0,0.0,1.0,1.0,0.0,0.0,6713.0,6659.0,154.0,5272.0,5792.0,133.0,1441.0,867.0,21.0,0.0,1.0,1.0,1.0,0.0,0.0,8289.0,8326.0,192.0,7276.0,8034.0,171.0,1013.0,292.0,21.0,0.0,2.0,2.0,2.0,3.0,0.0,9763.0,10327.0,223.0,9987.0,11890.0,216.0,-224.0,-1563.0,7.0,0.0,5.0,4.0,4.0,7.0,1.0
ESPORTSTMNT05_3220086,complete,,EM,2023,Spring,0,2023-04-04 15:53:26,1,13.06,5,Blue,sup,KINGPIN,oe:player:4fca9f76fb87127e7bb220b11debdde,KRC Genk Esports,oe:team:01a959b2a20ca77057e580ec051aa3e,Leona,Rell,Olaf,Rakan,Tristana,Kalista,,,,,,1791,0,1,6,5,10,32,0.0,0.0,0.0,0.0,0.0,0.0,0.0,0.0,0.335,1.407,,,,,,,,,,,,,,,,,,,,,0.0,0.0,,,,,,,,0.0,0.0,3660.0,122.6131,0.0557392,570.8878,698.325,36.0,1.206,7.0,0.2345,8.0,61.0,2.0436,6269,2340,78.392,0.0806736,5900.0,,,34.0,34.0,0.0,,,1.139,2348.0,2510.0,15.0,2332.0,2533.0,15.0,16.0,-23.0,0.0,0.0,1.0,0.0,0.0,1.0,0.0,3610.0,3309.0,21.0,3636.0,4083.0,23.0,-26.0,-774.0,-2.0,1.0,1.0,0.0,1.0,1.0,1.0,4595.0,4352.0,28.0,5658.0,5600.0,35.0,-1063.0,-1248.0,-7.0,1.0,2.0,1.0,2.0,5.0,1.0,5348.0,5660.0,29.0,8364.0,8878.0,43.0,-3016.0,-3218.0,-14.0,1.0,3.0,4.0,3.0,7.0,2.0
ESPORTSTMNT05_3220086,complete,,EM,2023,Spring,0,2023-04-04 15:53:26,1,13.06,6,Red,top,Eyliph,oe:player:4b20700639bada36a5a58cc4a8e7135,Anorthosis Famagusta Esports,oe:team:5f1bc4a914b49c7b7ff4c2f1b8d8df9,Malphite,Vi,Annie,Gragas,Sylas,LeBlanc,,,,,,1791,1,3,1,15,32,10,0.0,0.0,0.0,0.0,0.0,0.0,0.0,0.0,1.072,1.407,,,,,,,,,,,,,,,,,,,,,0.0,0.0,,,,,,,,0.0,0.0,22214.0,744.1876,0.240263,624.9916,1839.866,11.0,0.3685,3.0,0.1005,2.0,28.0,0.938,12487,8558,286.7002,0.182757,11360.0,,,225.0,225.0,0.0,,,7.5377,3698.0,5420.0,95.0,3058.0,4620.0,75.0,640.0,800.0,20.0,1.0,0.0,0.0,0.0,0.0,1.0,6020.0,8488.0,144.0,4353.0,6472.0,102.0,1667.0,2016.0,42.0,1.0,2.0,0.0,0.0,0.0,3.0,8215.0,11136.0,174.0,5418.0,7752.0,119.0,2797.0,3384.0,55.0,2.0,6.0,0.0,0.0,1.0,5.0,10330.0,14569.0,207.0,6815.0,9217.0,136.0,3515.0,5352.0,71.0,2.0,9.0,0.0,0.0,3.0,7.0
ESPORTSTMNT05_3220086,complete,,EM,2023,Spring,0,2023-04-04 15:53:26,1,13.06,7,Red,jng,SPOOKY,oe:player:11389d6d8a29729807c3cf528a98050,Anorthosis Famagusta Esports,oe:team:5f1bc4a914b49c7b7ff4c2f1b8d8df9,Hecarim,Vi,Annie,Gragas,Sylas,LeBlanc,,,,,,1791,1,12,2,15,32,10,3.0,1.0,0.0,0.0,1.0,0.0,1.0,0.0,1.072,1.407,,,,,,,,,,,,,,,,,,,,,1.0,0.0,,,,,,,,1.0,0.0,25526.0,855.1424,0.276085,1484.2211,1244.1206,4.0,0.134,3.0,0.1005,3.0,32.0,1.072,16854,12925,432.9983,0.276018,15325.0,,,264.0,49.0,215.0,,,8.8442,3541.0,3758.0,75.0,3231.0,3209.0,61.0,310.0,549.0,14.0,0.0,1.0,1.0,1.0,0.0,0.0,5862.0,6438.0,116.0,4640.0,5170.0,93.0,1222.0,1268.0,23.0,2.0,1.0,1.0,1.0,1.0,0.0,8266.0,9960.0,166.0,6422.0,7495.0,120.0,1844.0,2465.0,46.0,3.0,6.0,2.0,2.0,1.0,1.0,12521.0,14839.0,206.0,8049.0,9722.0,139.0,4472.0,5117.0,67.0,9.0,9.0,2.0,3.0,3.0,3.0
ESPORTSTMNT05_3220086,complete,,EM,2023,Spring,0,2023-04-04 15:53:26,1,13.06,8,Red,mid,HAWHAW,oe:player:ae06413dcf80aa496ab8448d8ea586f,Anorthosis Famagusta Esports,oe:team:5f1bc4a914b49c7b7ff4c2f1b8d8df9,Zilean,Vi,Annie,Gragas,Sylas,LeBlanc,,,,,,1791,1,5,1,17,32,10,0.0,0.0,0.0,0.0,0.0,0.0,0.0,0.0,1.072,1.407,,,,,,,,,,,,,,,,,,,,,0.0,0.0,,,,,,,,0.0,0.0,16256.0,544.5896,0.175822,583.1826,483.3166,9.0,0.3015,2.0,0.067,4.0,18.0,0.603,12865,8936,299.3635,0.19083,11900.0,,,244.0,240.0,4.0,,,8.1742,3006.0,4789.0,78.0,3343.0,4755.0,97.0,-337.0,34.0,-19.0,0.0,0.0,0.0,0.0,0.0,0.0,5044.0,8376.0,137.0,5193.0,7495.0,153.0,-149.0,881.0,-16.0,0.0,2.0,0.0,0.0,0.0,1.0,7845.0,12352.0,189.0,6910.0,9906.0,199.0,935.0,2446.0,-10.0,2.0,6.0,0.0,0.0,1.0,2.0,10245.0,16981.0,216.0,9802.0,12431.0,235.0,443.0,4550.0,-19.0,4.0,10.0,1.0,2.0,1.0,4.0
ESPORTSTMNT05_3220086,complete,,EM,2023,Spring,0,2023-04-04 15:53:26,1,13.06,9,Red,bot,GOLDENTO4ST,oe:player:5c58c2e986e8aec0ee6f2465823349a,Anorthosis Famagusta Esports,oe:team:5f1bc4a914b49c7b7ff4c2f1b8d8df9,Kai'Sa,Vi,Annie,Gragas,Sylas,LeBlanc,,,,,,1791,1,6,3,12,32,10,0.0,0.0,0.0,0.0,1.0,1.0,0.0,0.0,1.072,1.407,,,,,,,,,,,,,,,,,,,,,0.0,0.0,,,,,,,,1.0,0.0,19446.0,651.4573,0.210325,408.8442,267.9732,11.0,0.3685,2.0,0.067,2.0,28.0,0.938,12921,8992,301.2395,0.192026,13100.0,,,244.0,224.0,20.0,,,8.1742,3560.0,3392.0,81.0,3544.0,3632.0,90.0,16.0,-240.0,-9.0,1.0,0.0,0.0,0.0,0.0,1.0,5272.0,5792.0,133.0,6713.0,6659.0,154.0,-1441.0,-867.0,-21.0,1.0,0.0,0.0,0.0,1.0,1.0,7276.0,8034.0,171.0,8289.0,8326.0,192.0,-1013.0,-292.0,-21.0,2.0,3.0,0.0,0.0,2.0,2.0,9987.0,11890.0,216.0,9763.0,10327.0,223.0,224.0,1563.0,-7.0,4.0,7.0,1.0,0.0,5.0,4.0
ESPORTSTMNT05_3220086,complete,,EM,2023,Spring,0,2023-04-04 15:53:26,1,13.06,10,Red,sup,iLEVI,oe:player:b226880189cb11f7da7a0c86544b556,Anorthosis Famagusta Esports,oe:team:5f1bc4a914b49c7b7ff4c2f1b8d8df9,Pyke,Vi,Annie,Gragas,Sylas,LeBlanc,,,,,,1791,1,6,3,7,32,10,1.0,0.0,0.0,0.0,1.0,0.0,1.0,0.0,1.072,1.407,,,,,,,,,,,,,,,,,,,,,0.0,0.0,,,,,,,,0.0,0.0,9015.0,302.0101,0.0975048,525.0921,361.34,72.0,2.4121,30.0,1.005,10.0,158.0,5.2931,11345,7416,248.4422,0.158369,9675.0,,,51.0,51.0,0.0,,,1.7085,2332.0,2533.0,15.0,2348.0,2510.0,15.0,-16.0,23.0,0.0,0.0,1.0,0.0,0.0,1.0,0.0,3636.0,4083.0,23.0,3610.0,3309.0,21.0,26.0,774.0,2.0,1.0,1.0,1.0,1.0,1.0,0.0,5658.0,5600.0,35.0,4595.0,4352.0,28.0,1063.0,1248.0,7.0,2.0,5.0,1.0,1.0,2.0,1.0,8364.0,8878.0,43.0,5348.0,5660.0,29.0,3016.0,3218.0,14.0,3.0,7.0,2.0,1.0,3.0,4.0
ESPORTSTMNT05_3220086,complete,,EM,2023,Spring,0,2023-04-04 15:53:26,1,13.06,100,Blue,team,,,KRC Genk Esports,oe:team:01a959b2a20ca77057e580ec051aa3e,,Rell,Olaf,Rakan,Tristana,Kalista,Jarvan IV,Xayah,Leona,Viktor,Gnar,1791,0,10,32,26,10,32,2.0,0.0,0.0,0.0,0.0,,,,0.335,1.407,0.0,1.0,3.0,1.0,3.0,0.0,0.0,0.0,1.0,0.0,0.0,,0.0,0.0,0.0,0.0,1.0,,,0.0,0.0,1.0,1.0,1.0,11.0,0.0,0.0,3.0,2.0,0.0,3.0,65663.0,2199.7655,,3678.124,3329.8157,77.0,2.5796,37.0,1.2395,31.0,158.0,5.2931,48649,29003,971.6248,,47358.0,-0.257584,-2.93,,744.0,136.0,,,29.4807,15524.0,18726.0,338.0,16137.0,19892.0,344.0,-613.0,-1166.0,-6.0,1.0,1.0,2.0,2.0,2.0,1.0,24509.0,29105.0,523.0,25834.0,33177.0,553.0,-1325.0,-4072.0,-30.0,2.0,3.0,5.0,5.0,6.0,2.0,31634.0,37831.0,658.0,37260.0,47082.0,735.0,-5626.0,-9251.0,-77.0,3.0,7.0,11.0,11.0,26.0,3.0,39777.0,47357.0,762.0,51447.0,67157.0,888.0,-11670.0,-19800.0,-126.0,6.0,15.0,22.0,22.0,42.0,6.0
ESPORTSTMNT05_3220086,complete,,EM,2023,Spring,0,2023-04-04 15:53:26,1,13.06,200,Red,team,,,Anorthosis Famagusta Esports,oe:team:5f1bc4a914b49c7b7ff4c2f1b8d8df9,,Vi,Annie,Gragas,Sylas,LeBlanc,Hecarim,Pyke,Zilean,Kai'Sa,Malphite,1791,1,32,10,66,32,10,4.0,1.0,0.0,0.0,1.0,,,,1.072,1.407,1.0,3.0,1.0,3.0,1.0,0.0,0.0,1.0,0.0,0.0,2.0,,0.0,0.0,1.0,1.0,0.0,,,1.0,1.0,0.0,0.0,11.0,1.0,1.0,1.0,2.0,3.0,3.0,0.0,92457.0,3097.3869,,3626.3317,4196.6164,107.0,3.5846,40.0,1.34,21.0,264.0,8.8442,66472,46826,1568.7102,,61360.0,0.257584,2.93,,789.0,239.0,,,34.4389,16137.0,19892.0,344.0,15524.0,18726.0,338.0,613.0,1166.0,6.0,2.0,2.0,1.0,1.0,1.0,2.0,25834.0,33177.0,553.0,24509.0,29105.0,523.0,1325.0,4072.0,30.0,5.0,6.0,2.0,2.0,3.0,5.0,37260.0,47082.0,735.0,31634.0,37831.0,658.0,5626.0,9251.0,77.0,11.0,26.0,3.0,3.0,7.0,11.0,51447.0,67157.0,888.0,39777.0,47357.0,762.0,11670.0,19800.0,126.0,22.0,42.0,6.0,6.0,15.0,22.0
ESPORTSTMNT05_3220094,complete,,EM,2023,Spring,0,2023-04-04 15:58:18,1,13.06,1,Blue,top,Nille,oe:player:2df5432fbfcc85dc85c33e269ebd063,Verdant,oe:team:b33646d7b7b14dd6da17a88f6ddb592,Jax,Rumble,Jayce,Xayah,Irelia,Yone,,,,,,1727,1,2,0,4,14,2,0.0,0.0,0.0,0.0,1.0,1.0,0.0,0.0,0.4864,0.5559,,,,,,,,,,,,,,,,,,,,,0.0,0.0,,,,,,,,0.0,0.0,7221.0,250.8743,0.129991,609.2067,506.0915,15.0,0.5211,8.0,0.2779,6.0,38.0,1.3202,11105,7306,253.8274,0.201489,9900.0,,,222.0,214.0,8.0,,,7.7128,3536.0,4550.0,60.0,3105.0,4624.0,81.0,431.0,-74.0,-21.0,2.0,0.0,0.0,0.0,0.0,1.0,5100.0,7272.0,97.0,5315.0,7899.0,142.0,-215.0,-627.0,-45.0,2.0,0.0,0.0,0.0,0.0,1.0,7463.0,10096.0,152.0,7064.0,10332.0,187.0,399.0,-236.0,-35.0,2.0,1.0,0.0,0.0,0.0,2.0,9302.0,12945.0,202.0,8695.0,12925.0,233.0,607.0,20.0,-31.0,2.0,1.0,0.0,0.0,0.0,2.0
ESPORTSTMNT05_3220094,complete,,EM,2023,Spring,0,2023-04-04 15:58:18,1,13.06,2,Blue,jng,Taxer,oe:player:7b2619f2b79533d29571437f043a2cd,Verdant,oe:team:b33646d7b7b14dd6da17a88f6ddb592,Gragas,Rumble,Jayce,Xayah,Irelia,Yone,,,,,,1727,1,1,0,7,14,2,0.0,0.0,0.0,0.0,0.0,0.0,0.0,0.0,0.4864,0.5559,,,,,,,,,,,,,,,,,,,,,0.0,0.0,,,,,,,,0.0,0.0,8578.0,298.0197,0.154419,770.5153,546.1146,26.0,0.9033,13.0,0.4517,6.0,62.0,2.154,10591,6792,235.9699,0.187314,9550.0,,,154.0,19.0,135.0,,,5.3503,3194.0,3015.0,57.0,2721.0,2989.0,53.0,473.0,26.0,4.0,0.0,2.0,0.0,0.0,0.0,2.0,4761.0,4952.0,91.0,4302.0,5214.0,95.0,459.0,-262.0,-4.0,0.0,2.0,0.0,0.0,0.0,2.0,6771.0,7691.0,126.0,5682.0,7358.0,124.0,1089.0,333.0,2.0,0.0,3.0,0.0,0.0,0.0,2.0,8133.0,9024.0,145.0,6636.0,8320.0,142.0,1497.0,704.0,3.0,0.0,3.0,0.0,0.0,0.0,2.0
ESPORTSTMNT05_3220094,complete,,EM,2023,Spring,0,2023-04-04 15:58:18,1,13.06,3,Blue,mid,Erolle,oe:player:33f41da3cc793a226c6d42474e3cd95,Verdant,oe:team:b33646d7b7b14dd6da17a88f6ddb592,Azir,Rumble,Jayce,Xayah,Irelia,Yone,,,,,,1727,1,5,0,6,14,2,1.0,0.0,0.0,0.0,0.0,0.0,0.0,0.0,0.4864,0.5559,,,,,,,,,,,,,,,,,,,,,1.0,0.0,,,,,,,,0.0,0.0,19805.0,688.0718,0.356526,377.128,236.1783,8.0,0.2779,0.0,0.0,2.0,12.0,0.4169,12762,8963,311.3955,0.247185,11810.0,,,280.0,264.0,16.0,,,9.7279,3540.0,4630.0,88.0,3148.0,4801.0,85.0,392.0,-171.0,3.0,1.0,1.0,0.0,0.0,0.0,0.0,5450.0,7641.0,144.0,4914.0,7621.0,137.0,536.0,20.0,7.0,1.0,1.0,0.0,0.0,0.0,0.0,7472.0,10290.0,190.0,6867.0,10104.0,185.0,605.0,186.0,5.0,2.0,1.0,0.0,0.0,0.0,0.0,9821.0,13936.0,259.0,8754.0,14704.0,242.0,1067.0,-768.0,17.0,2.0,1.0,0.0,0.0,0.0,0.0
ESPORTSTMNT05_3220094,complete,,EM,2023,Spring,0,2023-04-04 15:58:18,1,13.06,4,Blue,bot,kehvo,oe:player:06f016d5551322d49fad225b21de646,Verdant,oe:team:b33646d7b7b14dd6da17a88f6ddb592,Sivir,Rumble,Jayce,Xayah,Irelia,Yone,,,,,,1727,1,6,0,5,14,2,1.0,0.0,0.0,0.0,0.0,0.0,0.0,0.0,0.4864,0.5559,,,,,,,,,,,,,,,,,,,,,0.0,0.0,,,,,,,,1.0,0.0,16791.0,583.3584,0.302268,261.0886,181.0423,14.0,0.4864,9.0,0.3127,5.0,39.0,1.355,14138,10339,359.2009,0.285131,11775.0,,,279.0,267.0,12.0,,,9.6931,3228.0,3194.0,70.0,3204.0,2835.0,82.0,24.0,359.0,-12.0,1.0,0.0,0.0,0.0,0.0,0.0,5457.0,5431.0,120.0,5407.0,5226.0,141.0,50.0,205.0,-21.0,1.0,0.0,0.0,0.0,0.0,0.0,8010.0,8397.0,178.0,7518.0,8139.0,203.0,492.0,258.0,-25.0,2.0,1.0,0.0,0.0,0.0,0.0,9964.0,10711.0,239.0,9725.0,10893.0,272.0,239.0,-182.0,-33.0,2.0,1.0,0.0,0.0,0.0,0.0
ESPORTSTMNT05_3220094,complete,,EM,2023,Spring,0,2023-04-04 15:58:18,1,13.06,5,Blue,sup,Klaj,oe:player:60c7d1c521aba6d16e6c3a38aa3a863,Verdant,oe:team:b33646d7b7b14dd6da17a88f6ddb592,Annie,Rumble,Jayce,Xayah,Irelia,Yone,,,,,,1727,1,0,2,5,14,2,0.0,0.0,0.0,0.0,0.0,0.0,0.0,0.0,0.4864,0.5559,,,,,,,,,,,,,,,,,,,,,0.0,0.0,,,,,,,,1.0,0.0,3155.0,109.612,0.0567957,208.8709,92.3451,39.0,1.355,9.0,0.3127,15.0,80.0,2.7794,6659,2860,99.3631,0.0788801,5475.0,,,13.0,13.0,0.0,,,0.4517,2147.0,2250.0,3.0,1962.0,2575.0,2.0,185.0,-325.0,1.0,0.0,2.0,0.0,0.0,0.0,1.0,2954.0,3129.0,4.0,2790.0,3514.0,3.0,164.0,-385.0,1.0,0.0,2.0,0.0,0.0,0.0,1.0,4119.0,4179.0,7.0,3727.0,3869.0,6.0,392.0,310.0,1.0,0.0,3.0,0.0,0.0,0.0,2.0,5072.0,5884.0,12.0,4634.0,5362.0,11.0,438.0,522.0,1.0,0.0,3.0,0.0,0.0,0.0,2.0
ESPORTSTMNT05_3220094,complete,,EM,2023,Spring,0,2023-04-04 15:58:18,1,13.06,6,Red,top,Maged,oe:player:fc933812510df6cb519bd1bb5677631,RA'AD,oe:team:6a4c502c27267c22c54b431be11b43f,Kennen,Cassiopeia,Gnar,Vi,Nautilus,Rakan,,,,,,1727,0,2,4,0,2,14,0.0,0.0,0.0,0.0,0.0,0.0,0.0,0.0,0.0695,0.5559,,,,,,,,,,,,,,,,,,,,,0.0,0.0,,,,,,,,0.0,0.0,14086.0,489.3804,0.390053,515.5414,343.3237,11.0,0.3822,4.0,0.139,3.0,27.0,0.938,10633,6834,237.4291,0.264521,10325.0,,,254.0,246.0,8.0,,,8.8246,3105.0,4624.0,81.0,3536.0,4550.0,60.0,-431.0,74.0,21.0,0.0,0.0,1.0,2.0,0.0,0.0,5315.0,7899.0,142.0,5100.0,7272.0,97.0,215.0,627.0,45.0,0.0,0.0,1.0,2.0,0.0,0.0,7064.0,10332.0,187.0,7463.0,10096.0,152.0,-399.0,236.0,35.0,0.0,0.0,2.0,2.0,1.0,0.0,8695.0,12925.0,233.0,9302.0,12945.0,202.0,-607.0,-20.0,31.0,0.0,0.0,2.0,2.0,1.0,0.0
ESPORTSTMNT05_3220094,complete,,EM,2023,Spring,0,2023-04-04 15:58:18,1,13.06,7,Red,jng,Skude,oe:player:00558cb3daa73e60ba4af7e7060e6e2,RA'AD,oe:team:6a4c502c27267c22c54b431be11b43f,Sejuani,Cassiopeia,Gnar,Vi,Nautilus,Rakan,,,,,,1727,0,0,4,1,2,14,0.0,0.0,0.0,0.0,0.0,0.0,0.0,1.0,0.0695,0.5559,,,,,,,,,,,,,,,,,,,,,0.0,0.0,,,,,,,,0.0,0.0,4887.0,169.7858,0.135325,825.9294,1126.7632,9.0,0.3127,12.0,0.4169,8.0,35.0,1.216,7534,3735,129.7626,0.144575,7000.0,,,150.0,30.0,120.0,,,5.2113,2721.0,2989.0,53.0,3194.0,3015.0,57.0,-473.0,-26.0,-4.0,0.0,0.0,2.0,0.0,2.0,0.0,4302.0,5214.0,95.0,4761.0,4952.0,91.0,-459.0,262.0,4.0,0.0,0.0,2.0,0.0,2.0,0.0,5682.0,7358.0,124.0,6771.0,7691.0,126.0,-1089.0,-333.0,-2.0,0.0,0.0,2.0,0.0,3.0,0.0,6636.0,8320.0,142.0,8133.0,9024.0,145.0,-1497.0,-704.0,-3.0,0.0,0.0,2.0,0.0,3.0,0.0
ESPORTSTMNT05_3220094,complete,,EM,2023,Spring,0,2023-04-04 15:58:18,1,13.06,8,Red,mid,Hunt,oe:player:f683aadb1720a4a1766fcfc3b6d3ef5,RA'AD,oe:team:6a4c502c27267c22c54b431be11b43f,Kassadin,Cassiopeia,Gnar,Vi,Nautilus,Rakan,,,,,,1727,0,0,2,1,2,14,0.0,0.0,0.0,0.0,0.0,0.0,0.0,0.0,0.0695,0.5559,,,,,,,,,,,,,,,,,,,,,0.0,1.0,,,,,,,,0.0,0.0,7163.0,248.8593,0.19835,767.3191,709.5426,5.0,0.1737,9.0,0.3127,1.0,24.0,0.8338,9617,5818,202.1309,0.225197,8835.0,,,246.0,246.0,0.0,,,8.5466,3148.0,4801.0,85.0,3540.0,4630.0,88.0,-392.0,171.0,-3.0,0.0,0.0,0.0,1.0,1.0,0.0,4914.0,7621.0,137.0,5450.0,7641.0,144.0,-536.0,-20.0,-7.0,0.0,0.0,0.0,1.0,1.0,0.0,6867.0,10104.0,185.0,7472.0,10290.0,190.0,-605.0,-186.0,-5.0,0.0,0.0,0.0,2.0,1.0,0.0,8754.0,14704.0,242.0,9821.0,13936.0,259.0,-1067.0,768.0,-17.0,0.0,0.0,0.0,2.0,1.0,0.0
ESPORTSTMNT05_3220094,complete,,EM,2023,Spring,0,2023-04-04 15:58:18,1,13.06,9,Red,bot,san1,oe:player:f581f857e43aea4c5b241874f8a4394,RA'AD,oe:team:6a4c502c27267c22c54b431be11b43f,Zeri,Cassiopeia,Gnar,Vi,Nautilus,Rakan,,,,,,1727,0,0,1,1,2,14,0.0,0.0,0.0,0.0,0.0,0.0,0.0,0.0,0.0695,0.5559,,,,,,,,,,,,,,,,,,,,,0.0,0.0,,,,,,,,0.0,1.0,7335.0,254.835,0.203112,525.0955,529.5426,12.0,0.4169,10.0,0.3474,5.0,28.0,0.9728,11370,7571,263.0342,0.293046,11525.0,,,306.0,290.0,16.0,,,10.6312,3204.0,2835.0,82.0,3228.0,3194.0,70.0,-24.0,-359.0,12.0,0.0,0.0,0.0,1.0,0.0,0.0,5407.0,5226.0,141.0,5457.0,5431.0,120.0,-50.0,-205.0,21.0,0.0,0.0,0.0,1.0,0.0,0.0,7518.0,8139.0,203.0,8010.0,8397.0,178.0,-492.0,-258.0,25.0,0.0,0.0,0.0,2.0,1.0,0.0,9725.0,10893.0,272.0,9964.0,10711.0,239.0,-239.0,182.0,33.0,0.0,0.0,0.0,2.0,1.0,0.0
ESPORTSTMNT05_3220094,complete,,EM,2023,Spring,0,2023-04-04 15:58:18,1,13.06,10,Red,sup,B Butcher,oe:player:f9c3db5fdf2c5fb45f552127922d105,RA'AD,oe:team:6a4c502c27267c22c54b431be11b43f,Lulu,Cassiopeia,Gnar,Vi,Nautilus,Rakan,,,,,,1727,0,0,3,2,2,14,0.0,0.0,0.0,0.0,0.0,0.0,0.0,0.0,0.0695,0.5559,,,,,,,,,,,,,,,,,,,,,0.0,0.0,,,,,,,,0.0,1.0,2642.0,91.7892,0.0731592,332.2756,171.5576,37.0,1.2855,11.0,0.3822,12.0,87.0,3.0226,5676,1877,65.2113,0.0726613,5175.0,,,15.0,15.0,0.0,,,0.5211,1962.0,2575.0,2.0,2147.0,2250.0,3.0,-185.0,325.0,-1.0,0.0,0.0,1.0,0.0,2.0,0.0,2790.0,3514.0,3.0,2954.0,3129.0,4.0,-164.0,385.0,-1.0,0.0,0.0,1.0,0.0,2.0,0.0,3727.0,3869.0,6.0,4119.0,4179.0,7.0,-392.0,-310.0,-1.0,0.0,0.0,2.0,0.0,3.0,0.0,4634.0,5362.0,11.0,5072.0,5884.0,12.0,-438.0,-522.0,-1.0,0.0,0.0,2.0,0.0,3.0,0.0
ESPORTSTMNT05_3220094,complete,,EM,2023,Spring,0,2023-04-04 15:58:18,1,13.06,100,Blue,team,,,Verdant,oe:team:b33646d7b7b14dd6da17a88f6ddb592,,Rumble,Jayce,Xayah,Irelia,Yone,Gragas,Sivir,Jax,Azir,Annie,1727,1,14,2,27,14,2,2.0,0.0,0.0,0.0,1.0,,,,0.4864,0.5559,0.0,3.0,1.0,3.0,1.0,0.0,0.0,1.0,2.0,0.0,0.0,,0.0,0.0,1.0,2.0,0.0,,,1.0,1.0,0.0,1.0,9.0,2.0,1.0,1.0,3.0,3.0,2.0,0.0,55550.0,1929.9363,,2226.8095,1561.7719,102.0,3.5437,39.0,1.355,34.0,231.0,8.0255,55255,36262,1259.8263,,48510.0,0.123673,2.09,,777.0,171.0,,,32.9357,15645.0,17639.0,278.0,14140.0,17824.0,303.0,1505.0,-185.0,-25.0,4.0,5.0,0.0,0.0,0.0,4.0,23722.0,28425.0,456.0,22728.0,29474.0,518.0,994.0,-1049.0,-62.0,4.0,5.0,0.0,0.0,0.0,4.0,33835.0,40653.0,653.0,30858.0,39802.0,705.0,2977.0,851.0,-52.0,6.0,9.0,0.0,0.0,0.0,6.0,42292.0,52500.0,857.0,38444.0,52204.0,900.0,3848.0,296.0,-43.0,6.0,9.0,0.0,0.0,0.0,6.0
ESPORTSTMNT05_3220094,complete,,EM,2023,Spring,0,2023-04-04 15:58:18,1,13.06,200,Red,team,,,RA'AD,oe:team:6a4c502c27267c22c54b431be11b43f,,Cassiopeia,Gnar,Vi,Nautilus,Rakan,Sejuani,Zeri,Kennen,Lulu,Kassadin,1727,0,2,14,5,2,14,0.0,0.0,0.0,0.0,0.0,,,,0.0695,0.5559,1.0,1.0,3.0,1.0,3.0,0.0,0.0,0.0,0.0,1.0,0.0,,0.0,0.0,0.0,0.0,2.0,,,0.0,0.0,1.0,0.0,2.0,9.0,0.0,0.0,3.0,3.0,0.0,2.0,36113.0,1254.6497,,2966.161,2880.7296,74.0,2.5709,46.0,1.5981,29.0,201.0,6.9832,44830,25837,897.6375,,42860.0,-0.123673,-2.09,,827.0,144.0,,,33.7348,14140.0,17824.0,303.0,15645.0,17639.0,278.0,-1505.0,185.0,25.0,0.0,0.0,4.0,4.0,5.0,0.0,22728.0,29474.0,518.0,23722.0,28425.0,456.0,-994.0,1049.0,62.0,0.0,0.0,4.0,4.0,5.0,0.0,30858.0,39802.0,705.0,33835.0,40653.0,653.0,-2977.0,-851.0,52.0,0.0,0.0,6.0,6.0,9.0,0.0,38444.0,52204.0,900.0,42292.0,52500.0,857.0,-3848.0,-296.0,43.0,0.0,0.0,6.0,6.0,9.0,0.0
ESPORTSTMNT05_3222089,complete,,EM,2023,Spring,0,2023-04-04 16:05:59,1,13.06,1,Blue,top,bobista,oe:player:8486d94ef23b38c67c76b647613d881,eSuba,oe:team:3faefd9245a4ef6ba347fbcf2a51515,Sion,Karma,Xayah,Vi,Syndra,Malphite,,,,,,1838,1,2,0,7,17,4,0.0,0.0,0.0,0.0,1.0,0.0,1.0,0.0,0.555,0.6855,,,,,,,,,,,,,,,,,,,,,0.0,0.0,,,,,,,,0.0,0.0,11171.0,364.6681,0.176636,578.7813,1148.0631,14.0,0.457,7.0,0.2285,6.0,41.0,1.3384,11869,7844,256.0609,0.188853,11350.0,,,258.0,254.0,4.0,,,8.4222,3279.0,3945.0,59.0,2847.0,3882.0,65.0,432.0,63.0,-6.0,0.0,4.0,0.0,0.0,0.0,1.0,4883.0,6809.0,110.0,5050.0,6933.0,119.0,-167.0,-124.0,-9.0,0.0,4.0,0.0,0.0,0.0,1.0,6760.0,9525.0,154.0,6770.0,9123.0,160.0,-10.0,402.0,-6.0,0.0,4.0,0.0,0.0,0.0,2.0,9095.0,13501.0,200.0,8587.0,12124.0,215.0,508.0,1377.0,-15.0,1.0,5.0,0.0,0.0,0.0,3.0
ESPORTSTMNT05_3222089,complete,,EM,2023,Spring,0,2023-04-04 16:05:59,1,13.06,2,Blue,jng,TynX,oe:player:36607221f848a15f6a1f11961027d7c,eSuba,oe:team:3faefd9245a4ef6ba347fbcf2a51515,Gragas,Karma,Xayah,Vi,Syndra,Malphite,,,,,,1838,1,7,1,6,17,4,0.0,0.0,0.0,0.0,1.0,1.0,0.0,0.0,0.555,0.6855,,,,,,,,,,,,,,,,,,,,,0.0,0.0,,,,,,,,0.0,0.0,21840.0,712.9489,0.345335,880.7726,784.6028,27.0,0.8814,12.0,0.3917,8.0,68.0,2.2198,12773,8748,285.5713,0.210618,12050.0,,,198.0,28.0,170.0,,,6.4635,3974.0,3445.0,59.0,2885.0,2873.0,57.0,1089.0,572.0,2.0,3.0,0.0,0.0,0.0,0.0,2.0,5593.0,5020.0,87.0,4418.0,5045.0,94.0,1175.0,-25.0,-7.0,4.0,0.0,0.0,0.0,0.0,2.0,8044.0,8839.0,133.0,6262.0,7572.0,128.0,1782.0,1267.0,5.0,5.0,1.0,0.0,0.0,0.0,2.0,10044.0,11801.0,158.0,7477.0,8900.0,137.0,2567.0,2901.0,21.0,5.0,4.0,0.0,1.0,0.0,4.0
ESPORTSTMNT05_3222089,complete,,EM,2023,Spring,0,2023-04-04 16:05:59,1,13.06,3,Blue,mid,Warszi,oe:player:5a23766ce46653d2b63ac4a40cd61c1,eSuba,oe:team:3faefd9245a4ef6ba347fbcf2a51515,Jayce,Karma,Xayah,Vi,Syndra,Malphite,,,,,,1838,1,6,1,3,17,4,1.0,0.0,0.0,0.0,0.0,0.0,0.0,0.0,0.555,0.6855,,,,,,,,,,,,,,,,,,,,,1.0,0.0,,,,,,,,0.0,0.0,18665.0,609.3036,0.295131,363.2644,266.8009,14.0,0.457,15.0,0.4897,5.0,47.0,1.5343,15832,11807,385.4298,0.284267,13925.0,,,301.0,289.0,12.0,,,9.8259,3616.0,4268.0,86.0,3143.0,4529.0,91.0,473.0,-261.0,-5.0,1.0,0.0,0.0,0.0,0.0,0.0,5552.0,6438.0,137.0,4942.0,7287.0,149.0,610.0,-849.0,-12.0,1.0,0.0,0.0,0.0,0.0,0.0,8874.0,9384.0,196.0,6973.0,9956.0,207.0,1901.0,-572.0,-11.0,2.0,0.0,0.0,0.0,0.0,1.0,12509.0,13389.0,259.0,8407.0,11766.0,237.0,4102.0,1623.0,22.0,4.0,1.0,0.0,0.0,0.0,2.0
ESPORTSTMNT05_3222089,complete,,EM,2023,Spring,0,2023-04-04 16:05:59,1,13.06,4,Blue,bot,DANY,oe:player:f72af12f47362bdec4b0ca91070cf43,eSuba,oe:team:3faefd9245a4ef6ba347fbcf2a51515,Jinx,Karma,Xayah,Vi,Syndra,Malphite,,,,,,1838,1,2,2,6,17,4,1.0,0.0,0.0,0.0,0.0,0.0,0.0,0.0,0.555,0.6855,,,,,,,,,,,,,,,,,,,,,0.0,0.0,,,,,,,,3.0,0.0,9598.0,313.3188,0.151764,379.4886,228.4766,15.0,0.4897,10.0,0.3264,5.0,41.0,1.3384,13878,9853,321.6431,0.237222,12775.0,,,283.0,267.0,16.0,,,9.2383,3031.0,2553.0,69.0,3546.0,2951.0,89.0,-515.0,-398.0,-20.0,0.0,1.0,1.0,1.0,0.0,0.0,5353.0,5591.0,127.0,5393.0,5755.0,145.0,-40.0,-164.0,-18.0,0.0,1.0,1.0,1.0,0.0,0.0,7674.0,7566.0,165.0,7612.0,8162.0,199.0,62.0,-596.0,-34.0,0.0,1.0,1.0,1.0,0.0,0.0,10552.0,11896.0,223.0,9646.0,11150.0,259.0,906.0,746.0,-36.0,2.0,2.0,2.0,1.0,0.0,0.0
ESPORTSTMNT05_3222089,complete,,EM,2023,Spring,0,2023-04-04 16:05:59,1,13.06,5,Blue,sup,FGG,oe:player:dcd93cc48ba71890cc0580de524f536,eSuba,oe:team:3faefd9245a4ef6ba347fbcf2a51515,Rell,Karma,Xayah,Vi,Syndra,Malphite,,,,,,1838,1,0,0,9,17,4,0.0,0.0,0.0,0.0,0.0,0.0,0.0,0.0,0.555,0.6855,,,,,,,,,,,,,,,,,,,,,0.0,0.0,,,,,,,,0.0,0.0,1969.0,64.2764,0.0311339,313.2209,321.741,44.0,1.4363,14.0,0.457,11.0,106.0,3.4603,7308,3283,107.1708,0.07904,6275.0,,,34.0,34.0,0.0,,,1.1099,2130.0,2036.0,14.0,2209.0,2470.0,13.0,-79.0,-434.0,1.0,0.0,1.0,0.0,0.0,1.0,1.0,3344.0,3198.0,22.0,3173.0,3001.0,23.0,171.0,197.0,-1.0,0.0,2.0,0.0,0.0,1.0,2.0,4528.0,4304.0,26.0,4250.0,3907.0,29.0,278.0,397.0,-3.0,0.0,3.0,0.0,0.0,1.0,2.0,5785.0,5913.0,27.0,5063.0,4440.0,34.0,722.0,1473.0,-7.0,0.0,5.0,0.0,0.0,1.0,3.0
ESPORTSTMNT05_3222089,complete,,EM,2023,Spring,0,2023-04-04 16:05:59,1,13.06,6,Red,top,StenBosse,oe:player:b366e140eae91b8d8f8c03294238f32,aNc Outplayed,oe:team:cd6b4265231d4ba346274357681c335,Gnar,Taliyah,Maokai,Wukong,Draven,Varus,,,,,,1838,0,0,5,0,4,17,0.0,0.0,0.0,0.0,0.0,0.0,0.0,1.0,0.1306,0.6855,,,,,,,,,,,,,,,,,,,,,0.0,0.0,,,,,,,,0.0,0.0,10830.0,353.5365,0.262686,659.5756,435.1143,12.0,0.3917,5.0,0.1632,4.0,29.0,0.9467,10290,6265,204.5158,0.210348,9933.0,,,248.0,236.0,12.0,,,8.0958,2847.0,3882.0,65.0,3279.0,3945.0,59.0,-432.0,-63.0,6.0,0.0,0.0,1.0,0.0,4.0,0.0,5050.0,6933.0,119.0,4883.0,6809.0,110.0,167.0,124.0,9.0,0.0,0.0,1.0,0.0,4.0,0.0,6770.0,9123.0,160.0,6760.0,9525.0,154.0,10.0,-402.0,6.0,0.0,0.0,2.0,0.0,4.0,0.0,8587.0,12124.0,215.0,9095.0,13501.0,200.0,-508.0,-1377.0,15.0,0.0,0.0,3.0,1.0,5.0,0.0
ESPORTSTMNT05_3222089,complete,,EM,2023,Spring,0,2023-04-04 16:05:59,1,13.06,7,Red,jng,Stefan,oe:player:752b048c76633399b04f6e87a8b211c,aNc Outplayed,oe:team:cd6b4265231d4ba346274357681c335,Lee Sin,Taliyah,Maokai,Wukong,Draven,Varus,,,,,,1838,0,1,4,2,4,17,0.0,0.0,0.0,0.0,0.0,0.0,0.0,0.0,0.1306,0.6855,,,,,,,,,,,,,,,,,,,,,0.0,0.0,,,,,,,,0.0,0.0,7703.0,251.4581,0.186839,808.9227,985.3319,18.0,0.5876,9.0,0.2938,8.0,51.0,1.6649,9162,5137,167.6931,0.172475,8400.0,,,168.0,43.0,125.0,,,5.4842,2885.0,2873.0,57.0,3974.0,3445.0,59.0,-1089.0,-572.0,-2.0,0.0,0.0,2.0,3.0,0.0,0.0,4418.0,5045.0,94.0,5593.0,5020.0,87.0,-1175.0,25.0,7.0,0.0,0.0,2.0,4.0,0.0,0.0,6262.0,7572.0,128.0,8044.0,8839.0,133.0,-1782.0,-1267.0,-5.0,0.0,0.0,2.0,5.0,1.0,0.0,7477.0,8900.0,137.0,10044.0,11801.0,158.0,-2567.0,-2901.0,-21.0,1.0,0.0,4.0,5.0,4.0,0.0
ESPORTSTMNT05_3222089,complete,,EM,2023,Spring,0,2023-04-04 16:05:59,1,13.06,8,Red,mid,Dehaste,oe:player:5f4898a107d2948045588584562be3f,aNc Outplayed,oe:team:cd6b4265231d4ba346274357681c335,Orianna,Taliyah,Maokai,Wukong,Draven,Varus,,,,,,1838,0,1,3,0,4,17,0.0,0.0,0.0,0.0,0.0,0.0,0.0,0.0,0.1306,0.6855,,,,,,,,,,,,,,,,,,,,,0.0,1.0,,,,,,,,0.0,0.0,10518.0,343.3515,0.255118,399.6953,303.5256,11.0,0.3591,4.0,0.1306,1.0,27.0,0.8814,11218,7193,234.8096,0.241506,10525.0,,,283.0,280.0,3.0,,,9.2383,3143.0,4529.0,91.0,3616.0,4268.0,86.0,-473.0,261.0,5.0,0.0,0.0,0.0,1.0,0.0,0.0,4942.0,7287.0,149.0,5552.0,6438.0,137.0,-610.0,849.0,12.0,0.0,0.0,0.0,1.0,0.0,0.0,6973.0,9956.0,207.0,8874.0,9384.0,196.0,-1901.0,572.0,11.0,0.0,0.0,1.0,2.0,0.0,0.0,8407.0,11766.0,237.0,12509.0,13389.0,259.0,-4102.0,-1623.0,-22.0,0.0,0.0,2.0,4.0,1.0,0.0
ESPORTSTMNT05_3222089,complete,,EM,2023,Spring,0,2023-04-04 16:05:59,1,13.06,9,Red,bot,Ellam,oe:player:6a9dedd375fda0d451a45fa9809875e,aNc Outplayed,oe:team:cd6b4265231d4ba346274357681c335,Zeri,Taliyah,Maokai,Wukong,Draven,Varus,,,,,,1838,0,2,1,1,4,17,0.0,0.0,0.0,0.0,0.0,0.0,0.0,0.0,0.1306,0.6855,,,,,,,,,,,,,,,,,,,,,0.0,0.0,,,,,,,,0.0,3.0,10092.0,329.445,0.244785,446.4744,395.0925,14.0,0.457,8.0,0.2612,7.0,34.0,1.1099,13198,9173,299.445,0.307986,12025.0,,,322.0,302.0,20.0,,,10.5114,3546.0,2951.0,89.0,3031.0,2553.0,69.0,515.0,398.0,20.0,1.0,0.0,0.0,0.0,1.0,1.0,5393.0,5755.0,145.0,5353.0,5591.0,127.0,40.0,164.0,18.0,1.0,0.0,0.0,0.0,1.0,1.0,7612.0,8162.0,199.0,7674.0,7566.0,165.0,-62.0,596.0,34.0,1.0,0.0,0.0,0.0,1.0,1.0,9646.0,11150.0,259.0,10552.0,11896.0,223.0,-906.0,-746.0,36.0,1.0,0.0,0.0,2.0,2.0,2.0
ESPORTSTMNT05_3222089,complete,,EM,2023,Spring,0,2023-04-04 16:05:59,1,13.06,10,Red,sup,Venzer,oe:player:dd4e48d56d876e846579c9e5c64d965,aNc Outplayed,oe:team:cd6b4265231d4ba346274357681c335,Rakan,Taliyah,Maokai,Wukong,Draven,Varus,,,,,,1838,0,0,4,1,4,17,0.0,0.0,0.0,0.0,0.0,0.0,0.0,0.0,0.1306,0.6855,,,,,,,,,,,,,,,,,,,,,0.0,0.0,,,,,,,,0.0,0.0,2085.0,68.0631,0.0505724,461.6866,315.3754,76.0,2.481,16.0,0.5223,16.0,104.0,3.395,6041,2016,65.8107,0.0676847,5550.0,,,40.0,40.0,0.0,,,1.3058,2209.0,2470.0,13.0,2130.0,2036.0,14.0,79.0,434.0,-1.0,0.0,1.0,1.0,0.0,1.0,0.0,3173.0,3001.0,23.0,3344.0,3198.0,22.0,-171.0,-197.0,1.0,0.0,1.0,2.0,0.0,2.0,0.0,4250.0,3907.0,29.0,4528.0,4304.0,26.0,-278.0,-397.0,3.0,0.0,1.0,2.0,0.0,3.0,0.0,5063.0,4440.0,34.0,5785.0,5913.0,27.0,-722.0,-1473.0,7.0,0.0,1.0,3.0,0.0,5.0,0.0
ESPORTSTMNT05_3222089,complete,,EM,2023,Spring,0,2023-04-04 16:05:59,1,13.06,100,Blue,team,,,eSuba,oe:team:3faefd9245a4ef6ba347fbcf2a51515,,Karma,Xayah,Vi,Syndra,Malphite,Gragas,Jayce,Rell,Jinx,Sion,1838,1,17,4,31,17,4,2.0,0.0,0.0,0.0,1.0,,,,0.555,0.6855,1.0,3.0,0.0,3.0,0.0,0.0,0.0,1.0,0.0,1.0,1.0,,0.0,0.0,1.0,2.0,0.0,,,1.0,1.0,0.0,0.0,11.0,2.0,1.0,1.0,2.0,2.0,3.0,0.0,63243.0,2064.5158,,2515.5277,2749.6844,114.0,3.7214,58.0,1.8934,35.0,303.0,9.8912,61660,41534,1355.8433,,56375.0,0.193409,2.62,,872.0,202.0,,,35.0598,16030.0,16247.0,287.0,14630.0,16705.0,315.0,1400.0,-458.0,-28.0,4.0,6.0,1.0,1.0,1.0,4.0,24725.0,27056.0,483.0,22976.0,28021.0,530.0,1749.0,-965.0,-47.0,5.0,7.0,1.0,1.0,1.0,5.0,35880.0,39618.0,674.0,31867.0,38720.0,723.0,4013.0,898.0,-49.0,7.0,9.0,1.0,1.0,1.0,7.0,47985.0,56500.0,867.0,39180.0,48380.0,882.0,8805.0,8120.0,-15.0,12.0,17.0,2.0,2.0,1.0,12.0
ESPORTSTMNT05_3222089,complete,,EM,2023,Spring,0,2023-04-04 16:05:59,1,13.06,200,Red,team,,,aNc Outplayed,oe:team:cd6b4265231d4ba346274357681c335,,Taliyah,Maokai,Wukong,Draven,Varus,Rakan,Lee Sin,Zeri,Orianna,Gnar,1838,0,4,17,4,4,17,0.0,0.0,0.0,0.0,0.0,,,,0.1306,0.6855,0.0,0.0,3.0,0.0,3.0,0.0,0.0,0.0,0.0,0.0,0.0,,0.0,0.0,0.0,0.0,2.0,,,0.0,0.0,1.0,1.0,2.0,11.0,0.0,0.0,2.0,2.0,0.0,3.0,41228.0,1345.8542,,2776.3547,2434.4396,131.0,4.2764,42.0,1.3711,36.0,245.0,7.9978,49909,29783,972.2416,,46433.0,-0.193409,-2.62,,901.0,160.0,,,34.6355,14630.0,16705.0,315.0,16030.0,16247.0,287.0,-1400.0,458.0,28.0,1.0,1.0,4.0,4.0,6.0,1.0,22976.0,28021.0,530.0,24725.0,27056.0,483.0,-1749.0,965.0,47.0,1.0,1.0,5.0,5.0,7.0,1.0,31867.0,38720.0,723.0,35880.0,39618.0,674.0,-4013.0,-898.0,49.0,1.0,1.0,7.0,7.0,9.0,1.0,39180.0,48380.0,882.0,47985.0,56500.0,867.0,-8805.0,-8120.0,15.0,2.0,1.0,12.0,12.0,17.0,2.0
ESPORTSTMNT05_3221087,complete,,EM,2023,Spring,0,2023-04-04 16:42:33,1,13.06,1,Blue,top,Caucha,oe:player:190d3ffa9c4734a633e2103dbbdb815,White Dragons,oe:team:6468029fb605bd6fdf1cf866e890739,Olaf,Vi,Sejuani,Jax,Malphite,Xin Zhao,,,,,,1542,0,1,3,1,4,22,0.0,0.0,0.0,0.0,0.0,0.0,0.0,0.0,0.1556,1.0117,,,,,,,,,,,,,,,,,,,,,0.0,0.0,,,,,,,,0.0,0.0,8437.0,328.2879,0.222342,640.0778,570.6226,10.0,0.3891,2.0,0.0778,2.0,24.0,0.9339,8863,5442,211.751,0.230722,8600.0,,,221.0,221.0,0.0,,,8.5992,2981.0,4288.0,72.0,3146.0,4756.0,74.0,-165.0,-468.0,-2.0,0.0,0.0,1.0,0.0,1.0,0.0,5022.0,7342.0,122.0,5116.0,7371.0,116.0,-94.0,-29.0,6.0,1.0,0.0,1.0,0.0,1.0,1.0,6672.0,9379.0,157.0,7254.0,10068.0,165.0,-582.0,-689.0,-8.0,1.0,1.0,2.0,1.0,1.0,1.0,8748.0,12605.0,219.0,8971.0,12411.0,187.0,-223.0,194.0,32.0,1.0,1.0,2.0,1.0,1.0,2.0
ESPORTSTMNT05_3221087,complete,,EM,2023,Spring,0,2023-04-04 16:42:33,1,13.06,2,Blue,jng,D4SH,oe:player:b665b9fa5f821ff73a873d0cecb0682,White Dragons,oe:team:6468029fb605bd6fdf1cf866e890739,Wukong,Vi,Sejuani,Jax,Malphite,Xin Zhao,,,,,,1542,0,1,5,3,4,22,0.0,0.0,0.0,0.0,0.0,0.0,0.0,0.0,0.1556,1.0117,,,,,,,,,,,,,,,,,,,,,0.0,1.0,,,,,,,,0.0,0.0,6613.0,257.3152,0.174274,932.1401,562.4903,3.0,0.1167,8.0,0.3113,2.0,22.0,0.856,8092,4671,181.751,0.198033,7850.0,,,121.0,22.0,99.0,,,4.7082,2885.0,2934.0,60.0,4244.0,3108.0,44.0,-1359.0,-174.0,16.0,0.0,0.0,2.0,3.0,3.0,0.0,4400.0,5130.0,86.0,6633.0,5795.0,79.0,-2233.0,-665.0,7.0,0.0,2.0,3.0,5.0,5.0,0.0,6758.0,6814.0,104.0,9853.0,8505.0,114.0,-3095.0,-1691.0,-10.0,1.0,2.0,4.0,9.0,5.0,1.0,8006.0,8600.0,121.0,12222.0,11682.0,147.0,-4216.0,-3082.0,-26.0,1.0,3.0,4.0,11.0,5.0,1.0
ESPORTSTMNT05_3221087,complete,,EM,2023,Spring,0,2023-04-04 16:42:33,1,13.06,3,Blue,mid,NOMA,oe:player:a0768d89dec26206b95179ad9a1c08d,White Dragons,oe:team:6468029fb605bd6fdf1cf866e890739,Taliyah,Vi,Sejuani,Jax,Malphite,Xin Zhao,,,,,,1542,0,0,7,1,4,22,0.0,0.0,0.0,0.0,0.0,0.0,0.0,1.0,0.1556,1.0117,,,,,,,,,,,,,,,,,,,,,0.0,0.0,,,,,,,,0.0,0.0,10057.0,391.323,0.265035,567.1984,286.3813,10.0,0.3891,9.0,0.3502,2.0,20.0,0.7782,8113,4692,182.5681,0.198923,7800.0,,,191.0,183.0,8.0,,,7.4319,2663.0,4097.0,59.0,4654.0,4504.0,86.0,-1991.0,-407.0,-27.0,0.0,0.0,3.0,3.0,2.0,0.0,4425.0,6707.0,109.0,6986.0,7653.0,138.0,-2561.0,-946.0,-29.0,0.0,1.0,5.0,4.0,4.0,0.0,6356.0,9645.0,160.0,9755.0,11206.0,205.0,-3399.0,-1561.0,-45.0,0.0,1.0,6.0,4.0,7.0,0.0,7890.0,11350.0,190.0,12201.0,14462.0,251.0,-4311.0,-3112.0,-61.0,0.0,1.0,7.0,4.0,9.0,0.0
ESPORTSTMNT05_3221087,complete,,EM,2023,Spring,0,2023-04-04 16:42:33,1,13.06,4,Blue,bot,Worst,oe:player:4f4e71938a105fe72bd18788fe53d40,White Dragons,oe:team:6468029fb605bd6fdf1cf866e890739,Xayah,Vi,Sejuani,Jax,Malphite,Xin Zhao,,,,,,1542,0,2,1,0,4,22,0.0,0.0,0.0,0.0,0.0,0.0,0.0,0.0,0.1556,1.0117,,,,,,,,,,,,,,,,,,,,,0.0,0.0,,,,,,,,0.0,1.0,8156.0,317.3541,0.214937,286.07,162.3346,9.0,0.3502,4.0,0.1556,2.0,23.0,0.8949,10158,6737,262.1401,0.285629,9700.0,,,243.0,243.0,0.0,,,9.4553,3402.0,4052.0,97.0,3352.0,4252.0,93.0,50.0,-200.0,4.0,0.0,0.0,0.0,0.0,0.0,0.0,5515.0,6437.0,143.0,6178.0,7047.0,153.0,-663.0,-610.0,-10.0,1.0,0.0,0.0,1.0,0.0,0.0,7683.0,9077.0,197.0,9537.0,10136.0,219.0,-1854.0,-1059.0,-22.0,1.0,0.0,0.0,1.0,4.0,0.0,10057.0,11665.0,242.0,11991.0,13263.0,274.0,-1934.0,-1598.0,-32.0,2.0,0.0,0.0,1.0,4.0,0.0
ESPORTSTMNT05_3221087,complete,,EM,2023,Spring,0,2023-04-04 16:42:33,1,13.06,5,Blue,sup,Calmsky,oe:player:f32776bb3b0bfb1cd3261868df4dfce,White Dragons,oe:team:6468029fb605bd6fdf1cf866e890739,Annie,Vi,Sejuani,Jax,Malphite,Xin Zhao,,,,,,1542,0,0,6,3,4,22,0.0,0.0,0.0,0.0,0.0,0.0,0.0,0.0,0.1556,1.0117,,,,,,,,,,,,,,,,,,,,,0.0,0.0,,,,,,,,0.0,0.0,4683.0,182.2179,0.123412,422.8794,181.5564,37.0,1.4397,10.0,0.3891,11.0,66.0,2.5681,5466,2045,79.572,0.0866936,5360.0,,,15.0,15.0,0.0,,,0.5837,2098.0,2174.0,6.0,2623.0,2101.0,12.0,-525.0,73.0,-6.0,0.0,0.0,1.0,1.0,4.0,0.0,3000.0,2823.0,7.0,4018.0,3568.0,17.0,-1018.0,-745.0,-10.0,0.0,1.0,2.0,1.0,8.0,1.0,4245.0,3830.0,12.0,5790.0,5385.0,28.0,-1545.0,-1555.0,-16.0,0.0,2.0,4.0,1.0,12.0,1.0,5366.0,5754.0,15.0,7144.0,7619.0,30.0,-1778.0,-1865.0,-15.0,0.0,3.0,5.0,1.0,13.0,1.0
ESPORTSTMNT05_3221087,complete,,EM,2023,Spring,0,2023-04-04 16:42:33,1,13.06,6,Red,top,Juzu,oe:player:a61da83af5e3738845fa6dd56e1d41a,Papara SuperMassive,oe:team:5203ff881d5c82c5f720eb3a2f3b44c,Gnar,Varus,Caitlyn,Lee Sin,Zoe,LeBlanc,,,,,,1542,1,1,2,3,22,4,0.0,0.0,0.0,0.0,0.0,0.0,0.0,0.0,0.856,1.0117,,,,,,,,,,,,,,,,,,,,,0.0,0.0,,,,,,,,0.0,0.0,11649.0,453.2685,0.202159,577.1984,402.4903,8.0,0.3113,6.0,0.2335,3.0,30.0,1.1673,9299,5878,228.716,0.152531,8408.0,,,189.0,173.0,16.0,,,7.3541,3146.0,4756.0,74.0,2981.0,4288.0,72.0,165.0,468.0,2.0,0.0,1.0,0.0,0.0,0.0,1.0,5116.0,7371.0,116.0,5022.0,7342.0,122.0,94.0,29.0,-6.0,0.0,1.0,1.0,1.0,0.0,1.0,7254.0,10068.0,165.0,6672.0,9379.0,157.0,582.0,689.0,8.0,1.0,1.0,1.0,1.0,1.0,2.0,8971.0,12411.0,187.0,8748.0,12605.0,219.0,223.0,-194.0,-32.0,1.0,1.0,2.0,1.0,1.0,2.0
ESPORTSTMNT05_3221087,complete,,EM,2023,Spring,0,2023-04-04 16:42:33,1,13.06,7,Red,jng,Haru,oe:player:2736a0eb19c2525920f8ff4af5086c0,Papara SuperMassive,oe:team:5203ff881d5c82c5f720eb3a2f3b44c,Gragas,Varus,Caitlyn,Lee Sin,Zoe,LeBlanc,,,,,,1542,1,12,1,8,22,4,1.0,0.0,0.0,0.0,1.0,1.0,0.0,0.0,0.856,1.0117,,,,,,,,,,,,,,,,,,,,,1.0,0.0,,,,,,,,0.0,0.0,19252.0,749.1051,0.334103,868.2101,746.8482,19.0,0.7393,8.0,0.3113,7.0,50.0,1.9455,12916,9495,369.4553,0.246395,11375.0,,,150.0,24.0,126.0,,,5.8366,4244.0,3108.0,44.0,2885.0,2934.0,60.0,1359.0,174.0,-16.0,3.0,3.0,0.0,0.0,0.0,2.0,6633.0,5795.0,79.0,4400.0,5130.0,86.0,2233.0,665.0,-7.0,5.0,5.0,0.0,0.0,2.0,3.0,9853.0,8505.0,114.0,6758.0,6814.0,104.0,3095.0,1691.0,10.0,9.0,5.0,1.0,1.0,2.0,4.0,12222.0,11682.0,147.0,8006.0,8600.0,121.0,4216.0,3082.0,26.0,11.0,5.0,1.0,1.0,3.0,4.0
ESPORTSTMNT05_3221087,complete,,EM,2023,Spring,0,2023-04-04 16:42:33,1,13.06,8,Red,mid,Serin,oe:player:e3b8d5a9290fe0c7458dc01db4dc9dc,Papara SuperMassive,oe:team:5203ff881d5c82c5f720eb3a2f3b44c,Yone,Varus,Caitlyn,Lee Sin,Zoe,LeBlanc,,,,,,1542,1,7,0,9,22,4,1.0,0.0,0.0,0.0,1.0,0.0,1.0,0.0,0.856,1.0117,,,,,,,,,,,,,,,,,,,,,0.0,0.0,,,,,,,,0.0,0.0,14803.0,575.9922,0.256894,445.7198,712.6848,8.0,0.3113,6.0,0.2335,3.0,24.0,0.9339,13409,9988,388.6381,0.259188,11975.0,,,252.0,228.0,24.0,,,9.8054,4654.0,4504.0,86.0,2663.0,4097.0,59.0,1991.0,407.0,27.0,3.0,2.0,0.0,0.0,0.0,3.0,6986.0,7653.0,138.0,4425.0,6707.0,109.0,2561.0,946.0,29.0,4.0,4.0,0.0,0.0,1.0,5.0,9755.0,11206.0,205.0,6356.0,9645.0,160.0,3399.0,1561.0,45.0,4.0,7.0,0.0,0.0,1.0,6.0,12201.0,14462.0,251.0,7890.0,11350.0,190.0,4311.0,3112.0,61.0,4.0,9.0,0.0,0.0,1.0,7.0
ESPORTSTMNT05_3221087,complete,,EM,2023,Spring,0,2023-04-04 16:42:33,1,13.06,9,Red,bot,HolyPhoenix,oe:player:d129eb71d537fdbb2cd4c52703f51f4,Papara SuperMassive,oe:team:5203ff881d5c82c5f720eb3a2f3b44c,Zeri,Varus,Caitlyn,Lee Sin,Zoe,LeBlanc,,,,,,1542,1,1,0,7,22,4,0.0,0.0,0.0,0.0,0.0,0.0,0.0,0.0,0.856,1.0117,,,,,,,,,,,,,,,,,,,,,0.0,0.0,,,,,,,,1.0,0.0,8664.0,337.1206,0.150357,262.3346,283.8911,10.0,0.3891,4.0,0.1556,2.0,25.0,0.9728,12475,9054,352.2957,0.23495,11300.0,,,280.0,265.0,15.0,,,10.8949,3352.0,4252.0,93.0,3402.0,4052.0,97.0,-50.0,200.0,-4.0,0.0,0.0,0.0,0.0,0.0,0.0,6178.0,7047.0,153.0,5515.0,6437.0,143.0,663.0,610.0,10.0,1.0,0.0,0.0,1.0,0.0,0.0,9537.0,10136.0,219.0,7683.0,9077.0,197.0,1854.0,1059.0,22.0,1.0,4.0,0.0,1.0,0.0,0.0,11991.0,13263.0,274.0,10057.0,11665.0,242.0,1934.0,1598.0,32.0,1.0,4.0,0.0,2.0,0.0,0.0
ESPORTSTMNT05_3221087,complete,,EM,2023,Spring,0,2023-04-04 16:42:33,1,13.06,10,Red,sup,Farfetch,oe:player:496ca7c65dbd4beffa678e62d9d4e8d,Papara SuperMassive,oe:team:5203ff881d5c82c5f720eb3a2f3b44c,Rakan,Varus,Caitlyn,Lee Sin,Zoe,LeBlanc,,,,,,1542,1,1,1,17,22,4,0.0,0.0,0.0,0.0,1.0,0.0,1.0,0.0,0.856,1.0117,,,,,,,,,,,,,,,,,,,,,0.0,0.0,,,,,,,,0.0,0.0,3255.0,126.6537,0.0564879,309.1051,360.4669,32.0,1.2451,9.0,0.3502,11.0,69.0,2.6848,7542,4121,160.3502,0.106936,7380.0,,,30.0,30.0,0.0,,,1.1673,2623.0,2101.0,12.0,2098.0,2174.0,6.0,525.0,-73.0,6.0,1.0,4.0,0.0,0.0,0.0,1.0,4018.0,3568.0,17.0,3000.0,2823.0,7.0,1018.0,745.0,10.0,1.0,8.0,1.0,0.0,1.0,2.0,5790.0,5385.0,28.0,4245.0,3830.0,12.0,1545.0,1555.0,16.0,1.0,12.0,1.0,0.0,2.0,4.0,7144.0,7619.0,30.0,5366.0,5754.0,15.0,1778.0,1865.0,15.0,1.0,13.0,1.0,0.0,3.0,5.0
ESPORTSTMNT05_3221087,complete,,EM,2023,Spring,0,2023-04-04 16:42:33,1,13.06,100,Blue,team,,,White Dragons,oe:team:6468029fb605bd6fdf1cf866e890739,,Vi,Sejuani,Jax,Malphite,Xin Zhao,Xayah,Wukong,Annie,Olaf,Taliyah,1542,0,4,22,8,4,22,0.0,0.0,0.0,0.0,0.0,,,,0.1556,1.0117,0.0,0.0,4.0,0.0,4.0,0.0,0.0,0.0,0.0,0.0,0.0,,0.0,0.0,0.0,0.0,2.0,,,0.0,0.0,1.0,0.0,2.0,9.0,0.0,0.0,1.0,10.0,0.0,1.0,37946.0,1476.4981,,2848.3658,1763.3852,69.0,2.6848,33.0,1.284,19.0,155.0,6.0311,40692,23586,917.7432,,39310.0,-0.247983,-5.16,,684.0,107.0,,,30.7782,14029.0,17545.0,294.0,18019.0,18721.0,309.0,-3990.0,-1176.0,-15.0,0.0,0.0,7.0,7.0,10.0,0.0,22362.0,28439.0,467.0,28931.0,31434.0,503.0,-6569.0,-2995.0,-36.0,2.0,4.0,11.0,11.0,18.0,2.0,31714.0,38745.0,630.0,42189.0,45300.0,731.0,-10475.0,-6555.0,-101.0,3.0,6.0,16.0,16.0,29.0,3.0,40067.0,49974.0,787.0,52529.0,59437.0,889.0,-12462.0,-9463.0,-102.0,4.0,8.0,18.0,18.0,32.0,4.0
ESPORTSTMNT05_3221087,complete,,EM,2023,Spring,0,2023-04-04 16:42:33,1,13.06,200,Red,team,,,Papara SuperMassive,oe:team:5203ff881d5c82c5f720eb3a2f3b44c,,Varus,Caitlyn,Lee Sin,Zoe,LeBlanc,Gragas,Rakan,Zeri,Gnar,Yone,1542,1,22,4,44,22,4,2.0,0.0,0.0,0.0,1.0,,,,0.856,1.0117,1.0,4.0,0.0,4.0,0.0,0.0,0.0,1.0,1.0,2.0,0.0,,0.0,0.0,1.0,2.0,0.0,,,1.0,1.0,0.0,1.0,9.0,2.0,1.0,1.0,10.0,1.0,1.0,0.0,57623.0,2242.1401,,2462.5681,2506.3813,77.0,2.9961,33.0,1.284,26.0,198.0,7.7043,55641,38535,1499.4163,,50438.0,0.247983,5.16,,720.0,181.0,,,35.0584,18019.0,18721.0,309.0,14029.0,17545.0,294.0,3990.0,1176.0,15.0,7.0,10.0,0.0,0.0,0.0,7.0,28931.0,31434.0,503.0,22362.0,28439.0,467.0,6569.0,2995.0,36.0,11.0,18.0,2.0,2.0,4.0,11.0,42189.0,45300.0,731.0,31714.0,38745.0,630.0,10475.0,6555.0,101.0,16.0,29.0,3.0,3.0,6.0,16.0,52529.0,59437.0,889.0,40067.0,49974.0,787.0,12462.0,9463.0,102.0,18.0,32.0,4.0,4.0,8.0,18.0
ESPORTSTMNT05_3220096,complete,,EM,2023,Spring,0,2023-04-04 16:43:18,1,13.06,1,Blue,top,Lot,oe:player:eeec6c7a9d2b475c23650b202208b89,Aegis,oe:team:e3a29387c70230d76837b86c2aefd14,Gnar,Zeri,Thresh,Viego,Viktor,Malphite,,,,,,1632,1,2,3,2,29,9,0.0,0.0,0.0,0.0,0.0,0.0,0.0,1.0,1.0662,1.3971,,,,,,,,,,,,,,,,,,,,,0.0,0.0,,,,,,,,2.0,0.0,10290.0,378.3088,0.144928,656.8382,563.1985,13.0,0.4779,6.0,0.2206,4.0,37.0,1.3603,11747,8142,299.3382,0.211612,10743.0,,,261.0,238.0,23.0,,,9.5956,3769.0,5164.0,90.0,3970.0,5029.0,82.0,-201.0,135.0,8.0,1.0,1.0,2.0,2.0,0.0,2.0,5707.0,8284.0,151.0,6157.0,7810.0,137.0,-450.0,474.0,14.0,1.0,1.0,2.0,2.0,0.0,2.0,8639.0,11704.0,219.0,9463.0,10940.0,192.0,-824.0,764.0,27.0,1.0,1.0,2.0,4.0,0.0,4.0,10515.0,14115.0,244.0,11016.0,13136.0,220.0,-501.0,979.0,24.0,2.0,2.0,3.0,4.0,2.0,5.0
ESPORTSTMNT05_3220096,complete,,EM,2023,Spring,0,2023-04-04 16:43:18,1,13.06,2,Blue,jng,SkewMond,oe:player:ab15060e5225b51592cd04b3aed1e09,Aegis,oe:team:e3a29387c70230d76837b86c2aefd14,Vi,Zeri,Thresh,Viego,Viktor,Malphite,,,,,,1632,1,11,1,15,29,9,3.0,0.0,0.0,0.0,0.0,0.0,0.0,0.0,1.0662,1.3971,,,,,,,,,,,,,,,,,,,,,1.0,0.0,,,,,,,,0.0,0.0,14725.0,541.3603,0.207391,800.8824,1539.8897,5.0,0.1838,8.0,0.2941,4.0,39.0,1.4338,12151,8546,314.1912,0.222112,10000.0,,,129.0,17.0,112.0,,,4.7426,3906.0,3438.0,61.0,2638.0,2627.0,49.0,1268.0,811.0,12.0,3.0,0.0,0.0,0.0,0.0,1.0,5972.0,5476.0,85.0,3970.0,5025.0,82.0,2002.0,451.0,3.0,4.0,2.0,0.0,0.0,0.0,2.0,9143.0,8804.0,105.0,5277.0,7090.0,105.0,3866.0,1714.0,0.0,9.0,7.0,1.0,0.0,2.0,4.0,10814.0,11854.0,124.0,7891.0,8903.0,118.0,2923.0,2951.0,6.0,9.0,12.0,1.0,2.0,2.0,5.0
ESPORTSTMNT05_3220096,complete,,EM,2023,Spring,0,2023-04-04 16:43:18,1,13.06,3,Blue,mid,Eika,oe:player:adfab52b74587bc5acc4201c140451a,Aegis,oe:team:e3a29387c70230d76837b86c2aefd14,Taliyah,Zeri,Thresh,Viego,Viktor,Malphite,,,,,,1632,1,9,2,10,29,9,2.0,0.0,0.0,0.0,0.0,0.0,0.0,0.0,1.0662,1.3971,,,,,,,,,,,,,,,,,,,,,0.0,0.0,,,,,,,,0.0,0.0,23912.0,879.1176,0.336784,690.2206,411.6912,12.0,0.4412,8.0,0.2941,2.0,36.0,1.3235,13514,9909,364.3015,0.257536,13420.0,,,228.0,204.0,24.0,,,8.3824,3524.0,5023.0,86.0,3321.0,4515.0,87.0,203.0,508.0,-1.0,1.0,0.0,0.0,0.0,0.0,0.0,5900.0,7856.0,143.0,4837.0,6969.0,132.0,1063.0,887.0,11.0,2.0,0.0,0.0,0.0,0.0,1.0,9569.0,10877.0,184.0,6397.0,8879.0,159.0,3172.0,1998.0,25.0,4.0,7.0,0.0,1.0,1.0,4.0,12462.0,13831.0,221.0,7863.0,11383.0,189.0,4599.0,2448.0,32.0,8.0,7.0,1.0,1.0,3.0,5.0
ESPORTSTMNT05_3220096,complete,,EM,2023,Spring,0,2023-04-04 16:43:18,1,13.06,4,Blue,bot,Shiganari,oe:player:90704735ca9fc01f2244f23f6e5d635,Aegis,oe:team:e3a29387c70230d76837b86c2aefd14,Aphelios,Zeri,Thresh,Viego,Viktor,Malphite,,,,,,1632,1,5,2,10,29,9,0.0,0.0,0.0,0.0,0.0,0.0,0.0,0.0,1.0662,1.3971,,,,,,,,,,,,,,,,,,,,,0.0,0.0,,,,,,,,0.0,0.0,13935.0,512.3162,0.196265,400.4412,339.5956,16.0,0.5882,6.0,0.2206,8.0,38.0,1.3971,10857,7252,266.6176,0.188481,9475.0,,,194.0,182.0,12.0,,,7.1324,3103.0,2813.0,75.0,3042.0,3287.0,76.0,61.0,-474.0,-1.0,0.0,2.0,0.0,0.0,0.0,1.0,4825.0,4962.0,113.0,4680.0,5207.0,105.0,145.0,-245.0,8.0,1.0,2.0,1.0,1.0,0.0,2.0,7782.0,8365.0,158.0,6149.0,7543.0,138.0,1633.0,822.0,20.0,3.0,6.0,2.0,1.0,2.0,4.0,9710.0,10730.0,188.0,7801.0,9449.0,180.0,1909.0,1281.0,8.0,4.0,8.0,2.0,1.0,2.0,6.0
ESPORTSTMNT05_3220096,complete,,EM,2023,Spring,0,2023-04-04 16:43:18,1,13.06,5,Blue,sup,Hantera,oe:player:de1fb222dafded7d06b10df578fdd0e,Aegis,oe:team:e3a29387c70230d76837b86c2aefd14,Renata Glasc,Zeri,Thresh,Viego,Viktor,Malphite,,,,,,1632,1,2,1,22,29,9,0.0,0.0,0.0,0.0,0.0,0.0,0.0,0.0,1.0662,1.3971,,,,,,,,,,,,,,,,,,,,,0.0,0.0,,,,,,,,0.0,0.0,8139.0,299.2279,0.114632,347.0588,279.4118,47.0,1.7279,11.0,0.4044,8.0,93.0,3.4191,8232,4627,170.1103,0.120258,7075.0,,,41.0,41.0,0.0,,,1.5074,2273.0,2437.0,15.0,2082.0,1995.0,3.0,191.0,442.0,12.0,0.0,2.0,0.0,0.0,0.0,1.0,3561.0,3757.0,22.0,3122.0,2975.0,6.0,439.0,782.0,16.0,0.0,5.0,0.0,0.0,1.0,1.0,5670.0,6447.0,35.0,4170.0,3511.0,11.0,1500.0,2936.0,24.0,1.0,13.0,1.0,0.0,2.0,2.0,7088.0,8549.0,40.0,5106.0,4556.0,18.0,1982.0,3993.0,22.0,1.0,18.0,1.0,0.0,3.0,3.0
ESPORTSTMNT05_3220096,complete,,EM,2023,Spring,0,2023-04-04 16:43:18,1,13.06,6,Red,top,Zhergoth,oe:player:368db8366e1e5de655938dd9f8296dc,Team 7AM,oe:team:fc3d0bdc84e08efc1b6623448e64c15,Kennen,Annie,Gragas,Xayah,Nautilus,Leona,,,,,,1632,0,4,6,2,9,29,1.0,0.0,0.0,0.0,1.0,1.0,0.0,0.0,0.3309,1.3971,,,,,,,,,,,,,,,,,,,,,0.0,0.0,,,,,,,,0.0,2.0,19038.0,699.9265,0.372775,700.2574,551.8382,10.0,0.3676,3.0,0.1103,2.0,20.0,0.7353,11714,8109,298.125,0.324929,11800.0,,,240.0,236.0,4.0,,,8.8235,3970.0,5029.0,82.0,3769.0,5164.0,90.0,201.0,-135.0,-8.0,2.0,0.0,2.0,1.0,1.0,2.0,6157.0,7810.0,137.0,5707.0,8284.0,151.0,450.0,-474.0,-14.0,2.0,0.0,2.0,1.0,1.0,2.0,9463.0,10940.0,192.0,8639.0,11704.0,219.0,824.0,-764.0,-27.0,4.0,0.0,4.0,1.0,1.0,2.0,11016.0,13136.0,220.0,10515.0,14115.0,244.0,501.0,-979.0,-24.0,4.0,2.0,5.0,2.0,2.0,3.0
ESPORTSTMNT05_3220096,complete,,EM,2023,Spring,0,2023-04-04 16:43:18,1,13.06,7,Red,jng,Noodle,oe:player:15101ae59f2cc7c8836b7e67352b598,Team 7AM,oe:team:fc3d0bdc84e08efc1b6623448e64c15,Wukong,Annie,Gragas,Xayah,Nautilus,Leona,,,,,,1632,0,2,6,3,9,29,0.0,0.0,0.0,0.0,0.0,0.0,0.0,0.0,0.3309,1.3971,,,,,,,,,,,,,,,,,,,,,0.0,1.0,,,,,,,,0.0,0.0,5870.0,215.8088,0.114938,936.8382,724.3382,5.0,0.1838,6.0,0.2206,4.0,24.0,0.8824,8440,4835,177.7574,0.193741,7550.0,,,126.0,14.0,112.0,,,4.6324,2638.0,2627.0,49.0,3906.0,3438.0,61.0,-1268.0,-811.0,-12.0,0.0,0.0,1.0,3.0,0.0,0.0,3970.0,5025.0,82.0,5972.0,5476.0,85.0,-2002.0,-451.0,-3.0,0.0,0.0,2.0,4.0,2.0,0.0,5277.0,7090.0,105.0,9143.0,8804.0,105.0,-3866.0,-1714.0,0.0,0.0,2.0,4.0,9.0,7.0,1.0,7891.0,8903.0,118.0,10814.0,11854.0,124.0,-2923.0,-2951.0,-6.0,2.0,2.0,5.0,9.0,12.0,1.0
ESPORTSTMNT05_3220096,complete,,EM,2023,Spring,0,2023-04-04 16:43:18,1,13.06,8,Red,mid,Sahira,oe:player:2eec415168a9f5810a8674fd4213fa9,Team 7AM,oe:team:fc3d0bdc84e08efc1b6623448e64c15,Syndra,Annie,Gragas,Xayah,Nautilus,Leona,,,,,,1632,0,1,6,3,9,29,0.0,0.0,0.0,0.0,0.0,0.0,0.0,0.0,0.3309,1.3971,,,,,,,,,,,,,,,,,,,,,0.0,0.0,,,,,,,,0.0,0.0,11346.0,417.1324,0.222161,522.3529,312.9044,14.0,0.5147,2.0,0.0735,4.0,28.0,1.0294,8396,4791,176.1397,0.191978,8845.0,,,196.0,196.0,0.0,,,7.2059,3321.0,4515.0,87.0,3524.0,5023.0,86.0,-203.0,-508.0,1.0,0.0,0.0,0.0,1.0,0.0,0.0,4837.0,6969.0,132.0,5900.0,7856.0,143.0,-1063.0,-887.0,-11.0,0.0,0.0,1.0,2.0,0.0,0.0,6397.0,8879.0,159.0,9569.0,10877.0,184.0,-3172.0,-1998.0,-25.0,1.0,1.0,4.0,4.0,7.0,0.0,7863.0,11383.0,189.0,12462.0,13831.0,221.0,-4599.0,-2448.0,-32.0,1.0,3.0,5.0,8.0,7.0,1.0
ESPORTSTMNT05_3220096,complete,,EM,2023,Spring,0,2023-04-04 16:43:18,1,13.06,9,Red,bot,Mindrago,oe:player:4202e9d85e69908cd25c9ea58de244d,Team 7AM,oe:team:fc3d0bdc84e08efc1b6623448e64c15,Varus,Annie,Gragas,Xayah,Nautilus,Leona,,,,,,1632,0,1,7,3,9,29,0.0,0.0,0.0,0.0,0.0,0.0,0.0,0.0,0.3309,1.3971,,,,,,,,,,,,,,,,,,,,,0.0,0.0,,,,,,,,0.0,0.0,11777.0,432.9779,0.230601,552.7206,297.8676,13.0,0.4779,2.0,0.0735,7.0,18.0,0.6618,8431,4826,177.4265,0.193381,7875.0,,,192.0,189.0,3.0,,,7.0588,3042.0,3287.0,76.0,3103.0,2813.0,75.0,-61.0,474.0,1.0,0.0,0.0,1.0,0.0,2.0,0.0,4680.0,5207.0,105.0,4825.0,4962.0,113.0,-145.0,245.0,-8.0,1.0,0.0,2.0,1.0,2.0,1.0,6149.0,7543.0,138.0,7782.0,8365.0,158.0,-1633.0,-822.0,-20.0,1.0,2.0,4.0,3.0,6.0,2.0,7801.0,9449.0,180.0,9710.0,10730.0,188.0,-1909.0,-1281.0,-8.0,1.0,2.0,6.0,4.0,8.0,2.0
ESPORTSTMNT05_3220096,complete,,EM,2023,Spring,0,2023-04-04 16:43:18,1,13.06,10,Red,sup,Quicktimer,oe:player:a01962da0921577bca0e84951082b3f,Team 7AM,oe:team:fc3d0bdc84e08efc1b6623448e64c15,Rakan,Annie,Gragas,Xayah,Nautilus,Leona,,,,,,1632,0,1,4,3,9,29,0.0,0.0,0.0,0.0,0.0,0.0,0.0,0.0,0.3309,1.3971,,,,,,,,,,,,,,,,,,,,,0.0,0.0,,,,,,,,0.0,0.0,3040.0,111.7647,0.059525,544.0074,403.2721,38.0,1.3971,18.0,0.6618,6.0,74.0,2.7206,6000,2395,88.0515,0.0959714,5000.0,,,19.0,19.0,0.0,,,0.6985,2082.0,1995.0,3.0,2273.0,2437.0,15.0,-191.0,-442.0,-12.0,0.0,0.0,1.0,0.0,2.0,0.0,3122.0,2975.0,6.0,3561.0,3757.0,22.0,-439.0,-782.0,-16.0,0.0,1.0,1.0,0.0,5.0,0.0,4170.0,3511.0,11.0,5670.0,6447.0,35.0,-1500.0,-2936.0,-24.0,0.0,2.0,2.0,1.0,13.0,1.0,5106.0,4556.0,18.0,7088.0,8549.0,40.0,-1982.0,-3993.0,-22.0,0.0,3.0,3.0,1.0,18.0,1.0
ESPORTSTMNT05_3220096,complete,,EM,2023,Spring,0,2023-04-04 16:43:18,1,13.06,100,Blue,team,,,Aegis,oe:team:e3a29387c70230d76837b86c2aefd14,,Zeri,Thresh,Viego,Viktor,Malphite,Vi,Aphelios,Taliyah,Renata Glasc,Gnar,1632,1,29,9,59,29,9,5.0,0.0,0.0,0.0,0.0,,,,1.0662,1.3971,0.0,2.0,2.0,2.0,2.0,2.0,0.0,0.0,0.0,0.0,0.0,,0.0,0.0,1.0,2.0,0.0,,,1.0,1.0,0.0,1.0,9.0,0.0,1.0,1.0,6.0,3.0,2.0,0.0,71001.0,2610.3309,,2895.4412,3133.7868,93.0,3.4191,39.0,1.4338,26.0,243.0,8.9338,56501,38477,1414.5956,,50713.0,0.210126,3.53,,682.0,171.0,,,31.3603,16575.0,18875.0,327.0,15053.0,17453.0,297.0,1522.0,1422.0,30.0,5.0,5.0,2.0,2.0,0.0,5.0,25965.0,30335.0,514.0,22766.0,27986.0,462.0,3199.0,2349.0,52.0,8.0,10.0,3.0,3.0,1.0,8.0,40803.0,46197.0,701.0,31456.0,37963.0,605.0,9347.0,8234.0,96.0,18.0,34.0,6.0,6.0,7.0,18.0,50589.0,59079.0,817.0,39677.0,47427.0,725.0,10912.0,11652.0,92.0,24.0,47.0,8.0,8.0,12.0,24.0
ESPORTSTMNT05_3220096,complete,,EM,2023,Spring,0,2023-04-04 16:43:18,1,13.06,200,Red,team,,,Team 7AM,oe:team:fc3d0bdc84e08efc1b6623448e64c15,,Annie,Gragas,Xayah,Nautilus,Leona,Rakan,Wukong,Varus,Syndra,Kennen,1632,0,9,29,14,9,29,1.0,0.0,0.0,0.0,1.0,,,,0.3309,1.3971,1.0,2.0,2.0,2.0,2.0,0.0,1.0,0.0,1.0,0.0,0.0,,0.0,0.0,0.0,0.0,2.0,,,0.0,0.0,1.0,0.0,0.0,9.0,0.0,0.0,3.0,6.0,0.0,2.0,51071.0,1877.6103,,3256.1765,2290.2206,80.0,2.9412,31.0,1.1397,23.0,164.0,6.0294,42981,24957,917.5368,,41070.0,-0.210126,-3.53,,654.0,119.0,,,28.4191,15053.0,17453.0,297.0,16575.0,18875.0,327.0,-1522.0,-1422.0,-30.0,2.0,0.0,5.0,5.0,5.0,2.0,22766.0,27986.0,462.0,25965.0,30335.0,514.0,-3199.0,-2349.0,-52.0,3.0,1.0,8.0,8.0,10.0,3.0,31456.0,37963.0,605.0,40803.0,46197.0,701.0,-9347.0,-8234.0,-96.0,6.0,7.0,18.0,18.0,34.0,6.0,39677.0,47427.0,725.0,50589.0,59079.0,817.0,-10912.0,-11652.0,-92.0,8.0,12.0,24.0,24.0,47.0,8.0
ESPORTSTMNT05_3222091,complete,,EM,2023,Spring,0,2023-04-04 16:52:26,1,13.06,1,Blue,top,Nille,oe:player:2df5432fbfcc85dc85c33e269ebd063,Verdant,oe:team:b33646d7b7b14dd6da17a88f6ddb592,Jax,Lillia,Karthus,Xayah,Seraphine,Sion,,,,,,1846,0,2,4,1,3,13,0.0,0.0,0.0,0.0,0.0,0.0,0.0,1.0,0.0975,0.52,,,,,,,,,,,,,,,,,,,,,0.0,0.0,,,,,,,,0.0,0.0,9251.0,300.6826,0.346882,774.572,681.3868,17.0,0.5525,2.0,0.065,6.0,27.0,0.8776,12433,8392,272.7627,0.279599,12500.0,,,252.0,241.0,11.0,,,8.1907,3101.0,4529.0,74.0,3377.0,4382.0,68.0,-276.0,147.0,6.0,0.0,0.0,1.0,1.0,0.0,0.0,5506.0,7100.0,120.0,5456.0,6702.0,103.0,50.0,398.0,17.0,0.0,0.0,2.0,1.0,2.0,0.0,7304.0,9934.0,169.0,6614.0,8251.0,128.0,690.0,1683.0,41.0,0.0,0.0,2.0,1.0,2.0,0.0,9732.0,12068.0,204.0,8762.0,11345.0,161.0,970.0,723.0,43.0,1.0,0.0,3.0,2.0,4.0,0.0
ESPORTSTMNT05_3222091,complete,,EM,2023,Spring,0,2023-04-04 16:52:26,1,13.06,2,Blue,jng,Taxer,oe:player:7b2619f2b79533d29571437f043a2cd,Verdant,oe:team:b33646d7b7b14dd6da17a88f6ddb592,Vi,Lillia,Karthus,Xayah,Seraphine,Sion,,,,,,1846,0,0,3,2,3,13,0.0,0.0,0.0,0.0,0.0,0.0,0.0,0.0,0.0975,0.52,,,,,,,,,,,,,,,,,,,,,0.0,1.0,,,,,,,,0.0,0.0,2573.0,83.6295,0.0964791,759.4908,904.1928,8.0,0.26,13.0,0.4225,8.0,41.0,1.3326,8844,4803,156.1105,0.160017,8350.0,,,165.0,21.0,144.0,,,5.3629,3212.0,3497.0,68.0,3353.0,3322.0,68.0,-141.0,175.0,0.0,0.0,0.0,0.0,0.0,1.0,0.0,4882.0,5526.0,99.0,5326.0,5649.0,97.0,-444.0,-123.0,2.0,0.0,0.0,1.0,2.0,1.0,0.0,6187.0,7009.0,128.0,6684.0,7441.0,126.0,-497.0,-432.0,2.0,0.0,0.0,1.0,2.0,1.0,0.0,7391.0,8483.0,149.0,8339.0,10580.0,146.0,-948.0,-2097.0,3.0,0.0,0.0,2.0,2.0,6.0,0.0
ESPORTSTMNT05_3222091,complete,,EM,2023,Spring,0,2023-04-04 16:52:26,1,13.06,3,Blue,mid,Erolle,oe:player:33f41da3cc793a226c6d42474e3cd95,Verdant,oe:team:b33646d7b7b14dd6da17a88f6ddb592,Orianna,Lillia,Karthus,Xayah,Seraphine,Sion,,,,,,1846,0,1,1,2,3,13,0.0,0.0,0.0,0.0,0.0,0.0,0.0,0.0,0.0975,0.52,,,,,,,,,,,,,,,,,,,,,0.0,0.0,,,,,,,,0.0,0.0,8767.0,284.9512,0.328734,273.7703,235.8072,7.0,0.2275,2.0,0.065,0.0,21.0,0.6826,10718,6677,217.0206,0.222457,10400.0,,,272.0,240.0,32.0,,,8.8407,3070.0,4794.0,78.0,3247.0,4843.0,88.0,-177.0,-49.0,-10.0,0.0,0.0,0.0,0.0,1.0,0.0,4988.0,7670.0,138.0,5042.0,7866.0,145.0,-54.0,-196.0,-7.0,0.0,0.0,0.0,0.0,1.0,0.0,6969.0,10740.0,197.0,7383.0,10875.0,204.0,-414.0,-135.0,-7.0,0.0,0.0,0.0,0.0,1.0,0.0,8314.0,12482.0,228.0,9736.0,13667.0,240.0,-1422.0,-1185.0,-12.0,0.0,1.0,1.0,2.0,3.0,0.0
ESPORTSTMNT05_3222091,complete,,EM,2023,Spring,0,2023-04-04 16:52:26,1,13.06,4,Blue,bot,kehvo,oe:player:06f016d5551322d49fad225b21de646,Verdant,oe:team:b33646d7b7b14dd6da17a88f6ddb592,Zeri,Lillia,Karthus,Xayah,Seraphine,Sion,,,,,,1846,0,0,2,0,3,13,0.0,0.0,0.0,0.0,0.0,0.0,0.0,0.0,0.0975,0.52,,,,,,,,,,,,,,,,,,,,,0.0,0.0,,,,,,,,0.0,2.0,4564.0,148.3424,0.171135,338.5482,487.7031,10.0,0.325,12.0,0.39,0.0,38.0,1.2351,11850,7809,253.8137,0.260174,11150.0,,,297.0,269.0,28.0,,,9.6533,3209.0,3262.0,83.0,3608.0,3668.0,87.0,-399.0,-406.0,-4.0,0.0,0.0,0.0,1.0,0.0,0.0,5451.0,5293.0,127.0,6749.0,6833.0,150.0,-1298.0,-1540.0,-23.0,0.0,0.0,0.0,1.0,0.0,0.0,7466.0,7785.0,186.0,8722.0,9377.0,212.0,-1256.0,-1592.0,-26.0,0.0,0.0,0.0,1.0,0.0,0.0,9121.0,9431.0,228.0,11707.0,13010.0,268.0,-2586.0,-3579.0,-40.0,0.0,0.0,1.0,2.0,4.0,1.0
ESPORTSTMNT05_3222091,complete,,EM,2023,Spring,0,2023-04-04 16:52:26,1,13.06,5,Blue,sup,Klaj,oe:player:60c7d1c521aba6d16e6c3a38aa3a863,Verdant,oe:team:b33646d7b7b14dd6da17a88f6ddb592,Braum,Lillia,Karthus,Xayah,Seraphine,Sion,,,,,,1846,0,0,3,3,3,13,0.0,0.0,0.0,0.0,0.0,0.0,0.0,0.0,0.0975,0.52,,,,,,,,,,,,,,,,,,,,,0.0,0.0,,,,,,,,0.0,0.0,1514.0,49.2091,0.05677,342.8386,382.6869,44.0,1.4301,7.0,0.2275,14.0,80.0,2.6002,6375,2334,75.8613,0.0777522,6150.0,,,34.0,34.0,0.0,,,1.1051,2007.0,1797.0,15.0,2101.0,1850.0,14.0,-94.0,-53.0,1.0,0.0,0.0,1.0,0.0,1.0,0.0,3176.0,3136.0,25.0,3022.0,2517.0,22.0,154.0,619.0,3.0,0.0,0.0,1.0,0.0,1.0,0.0,4238.0,4719.0,30.0,4149.0,4178.0,30.0,89.0,541.0,0.0,0.0,0.0,1.0,0.0,1.0,0.0,5180.0,5665.0,33.0,5900.0,6892.0,32.0,-720.0,-1227.0,1.0,0.0,1.0,2.0,1.0,5.0,0.0
ESPORTSTMNT05_3222091,complete,,EM,2023,Spring,0,2023-04-04 16:52:26,1,13.06,6,Red,top,Lunddorf,oe:player:6cb2f925e1216835980ce1a01bb62f6,Partizan Esports,oe:team:e42ade212c09777da0f54bffe481f6d,Malphite,Azir,Viktor,Cassiopeia,Lulu,Annie,,,,,,1846,1,2,0,7,13,3,0.0,0.0,0.0,0.0,1.0,1.0,0.0,0.0,0.4225,0.52,,,,,,,,,,,,,,,,,,,,,0.0,0.0,,,,,,,,0.0,0.0,14619.0,475.1571,0.270007,385.5146,1142.3077,8.0,0.26,5.0,0.1625,3.0,31.0,1.0076,11435,7394,240.325,0.197891,11425.0,,,191.0,191.0,0.0,,,6.208,3377.0,4382.0,68.0,3101.0,4529.0,74.0,276.0,-147.0,-6.0,1.0,0.0,0.0,0.0,0.0,1.0,5456.0,6702.0,103.0,5506.0,7100.0,120.0,-50.0,-398.0,-17.0,1.0,2.0,0.0,0.0,0.0,2.0,6614.0,8251.0,128.0,7304.0,9934.0,169.0,-690.0,-1683.0,-41.0,1.0,2.0,0.0,0.0,0.0,2.0,8762.0,11345.0,161.0,9732.0,12068.0,204.0,-970.0,-723.0,-43.0,2.0,4.0,0.0,1.0,0.0,3.0
ESPORTSTMNT05_3222091,complete,,EM,2023,Spring,0,2023-04-04 16:52:26,1,13.06,7,Red,jng,Sn1lle,oe:player:947d42fad1e2f3afeb911e5ae3888ce,Partizan Esports,oe:team:e42ade212c09777da0f54bffe481f6d,Gragas,Azir,Viktor,Cassiopeia,Lulu,Annie,,,,,,1846,1,2,0,10,13,3,1.0,0.0,0.0,0.0,1.0,0.0,1.0,0.0,0.4225,0.52,,,,,,,,,,,,,,,,,,,,,1.0,0.0,,,,,,,,0.0,0.0,9882.0,321.1918,0.182517,711.3543,729.5233,19.0,0.6176,7.0,0.2275,6.0,53.0,1.7226,10661,6620,215.1679,0.177175,9035.0,,,168.0,25.0,143.0,,,5.4605,3353.0,3322.0,68.0,3212.0,3497.0,68.0,141.0,-175.0,0.0,0.0,1.0,0.0,0.0,0.0,0.0,5326.0,5649.0,97.0,4882.0,5526.0,99.0,444.0,123.0,-2.0,2.0,1.0,0.0,0.0,0.0,1.0,6684.0,7441.0,126.0,6187.0,7009.0,128.0,497.0,432.0,-2.0,2.0,1.0,0.0,0.0,0.0,1.0,8339.0,10580.0,146.0,7391.0,8483.0,149.0,948.0,2097.0,-3.0,2.0,6.0,0.0,0.0,0.0,2.0
ESPORTSTMNT05_3222091,complete,,EM,2023,Spring,0,2023-04-04 16:52:26,1,13.06,8,Red,mid,Rylle,oe:player:aa11f28607376fa521dd2625569a656,Partizan Esports,oe:team:e42ade212c09777da0f54bffe481f6d,Yone,Azir,Viktor,Cassiopeia,Lulu,Annie,,,,,,1846,1,2,1,5,13,3,1.0,0.0,0.0,0.0,0.0,0.0,0.0,0.0,0.4225,0.52,,,,,,,,,,,,,,,,,,,,,0.0,0.0,,,,,,,,0.0,0.0,7459.0,242.4377,0.137765,363.5103,573.7703,12.0,0.39,3.0,0.0975,6.0,43.0,1.3976,11743,7702,250.3359,0.206135,11425.0,,,254.0,242.0,12.0,,,8.2557,3247.0,4843.0,88.0,3070.0,4794.0,78.0,177.0,49.0,10.0,0.0,1.0,0.0,0.0,0.0,0.0,5042.0,7866.0,145.0,4988.0,7670.0,138.0,54.0,196.0,7.0,0.0,1.0,0.0,0.0,0.0,0.0,7383.0,10875.0,204.0,6969.0,10740.0,197.0,414.0,135.0,7.0,0.0,1.0,0.0,0.0,0.0,0.0,9736.0,13667.0,240.0,8314.0,12482.0,228.0,1422.0,1185.0,12.0,2.0,3.0,0.0,0.0,1.0,1.0
ESPORTSTMNT05_3222091,complete,,EM,2023,Spring,0,2023-04-04 16:52:26,1,13.06,9,Red,bot,Jopa,oe:player:e214e8e906f16ec13e9a88de30dc181,Partizan Esports,oe:team:e42ade212c09777da0f54bffe481f6d,Sivir,Azir,Viktor,Cassiopeia,Lulu,Annie,,,,,,1846,1,6,1,4,13,3,1.0,1.0,0.0,0.0,0.0,0.0,0.0,0.0,0.4225,0.52,,,,,,,,,,,,,,,,,,,,,0.0,0.0,,,,,,,,2.0,0.0,20879.0,678.6241,0.385627,242.8277,300.0,10.0,0.325,5.0,0.1625,5.0,36.0,1.1701,16328,12287,399.3608,0.328854,13325.0,,,338.0,318.0,20.0,,,10.9859,3608.0,3668.0,87.0,3209.0,3262.0,83.0,399.0,406.0,4.0,1.0,0.0,0.0,0.0,0.0,0.0,6749.0,6833.0,150.0,5451.0,5293.0,127.0,1298.0,1540.0,23.0,1.0,0.0,0.0,0.0,0.0,0.0,8722.0,9377.0,212.0,7466.0,7785.0,186.0,1256.0,1592.0,26.0,1.0,0.0,0.0,0.0,0.0,0.0,11707.0,13010.0,268.0,9121.0,9431.0,228.0,2586.0,3579.0,40.0,2.0,4.0,1.0,0.0,0.0,1.0
ESPORTSTMNT05_3222091,complete,,EM,2023,Spring,0,2023-04-04 16:52:26,1,13.06,10,Red,sup,Cl0x,oe:player:85b3b3e91202ccada9f1f5a24dc1bfb,Partizan Esports,oe:team:e42ade212c09777da0f54bffe481f6d,Nautilus,Azir,Viktor,Cassiopeia,Lulu,Annie,,,,,,1846,1,1,1,8,13,3,0.0,0.0,0.0,0.0,0.0,0.0,0.0,0.0,0.4225,0.52,,,,,,,,,,,,,,,,,,,,,0.0,0.0,,,,,,,,0.0,0.0,1304.0,42.3835,0.0240844,199.3716,378.9166,39.0,1.2676,11.0,0.3575,9.0,83.0,2.6977,7402,3361,109.2416,0.0899464,6675.0,,,35.0,35.0,0.0,,,1.1376,2101.0,1850.0,14.0,2007.0,1797.0,15.0,94.0,53.0,-1.0,0.0,1.0,0.0,0.0,0.0,1.0,3022.0,2517.0,22.0,3176.0,3136.0,25.0,-154.0,-619.0,-3.0,0.0,1.0,0.0,0.0,0.0,1.0,4149.0,4178.0,30.0,4238.0,4719.0,30.0,-89.0,-541.0,0.0,0.0,1.0,0.0,0.0,0.0,1.0,5900.0,6892.0,32.0,5180.0,5665.0,33.0,720.0,1227.0,-1.0,1.0,5.0,0.0,0.0,1.0,2.0
ESPORTSTMNT05_3222091,complete,,EM,2023,Spring,0,2023-04-04 16:52:26,1,13.06,100,Blue,team,,,Verdant,oe:team:b33646d7b7b14dd6da17a88f6ddb592,,Lillia,Karthus,Xayah,Seraphine,Sion,Vi,Orianna,Zeri,Braum,Jax,1846,0,3,13,8,3,13,0.0,0.0,0.0,0.0,0.0,,,,0.0975,0.52,0.0,0.0,4.0,0.0,4.0,0.0,0.0,0.0,0.0,0.0,0.0,,0.0,0.0,1.0,2.0,0.0,,,0.0,0.0,1.0,1.0,3.0,11.0,0.0,0.0,4.0,6.0,0.0,2.0,26669.0,866.8147,,2489.2199,2691.7768,86.0,2.7952,36.0,1.1701,28.0,207.0,6.7281,50220,30013,975.5038,,48550.0,-0.0664111,-1.64,,805.0,215.0,,,33.1528,14599.0,17879.0,318.0,15686.0,18065.0,325.0,-1087.0,-186.0,-7.0,0.0,0.0,2.0,2.0,3.0,0.0,24003.0,28725.0,509.0,25595.0,29567.0,517.0,-1592.0,-842.0,-8.0,0.0,0.0,4.0,4.0,5.0,0.0,32164.0,40187.0,710.0,33552.0,40122.0,700.0,-1388.0,65.0,10.0,0.0,0.0,4.0,4.0,5.0,0.0,39738.0,48129.0,842.0,44444.0,55494.0,847.0,-4706.0,-7365.0,-5.0,1.0,2.0,9.0,9.0,22.0,1.0
ESPORTSTMNT05_3222091,complete,,EM,2023,Spring,0,2023-04-04 16:52:26,1,13.06,200,Red,team,,,Partizan Esports,oe:team:e42ade212c09777da0f54bffe481f6d,,Azir,Viktor,Cassiopeia,Lulu,Annie,Gragas,Nautilus,Yone,Sivir,Malphite,1846,1,13,3,34,13,3,3.0,1.0,0.0,0.0,1.0,,,,0.4225,0.52,1.0,4.0,0.0,4.0,0.0,0.0,2.0,1.0,0.0,1.0,0.0,,0.0,0.0,0.0,0.0,2.0,,,1.0,1.0,0.0,0.0,11.0,3.0,1.0,1.0,6.0,4.0,2.0,0.0,54143.0,1759.7941,,1902.5785,3124.5179,88.0,2.8602,31.0,1.0076,29.0,246.0,7.9957,57569,37362,1214.3662,,51885.0,0.0664111,1.64,,811.0,175.0,,,32.0477,15686.0,18065.0,325.0,14599.0,17879.0,318.0,1087.0,186.0,7.0,2.0,3.0,0.0,0.0,0.0,2.0,25595.0,29567.0,517.0,24003.0,28725.0,509.0,1592.0,842.0,8.0,4.0,5.0,0.0,0.0,0.0,4.0,33552.0,40122.0,700.0,32164.0,40187.0,710.0,1388.0,-65.0,-10.0,4.0,5.0,0.0,0.0,0.0,4.0,44444.0,55494.0,847.0,39738.0,48129.0,842.0,4706.0,7365.0,5.0,9.0,22.0,1.0,1.0,2.0,9.0
ESPORTSTMNT05_3221089,complete,,EM,2023,Spring,0,2023-04-04 17:01:51,1,13.06,1,Blue,top,HeSSZero,oe:player:a2694196d288cd26055602729d0bb5c,WLGaming Esports,oe:team:b19ab22267512e77945cd498106dcf1,Cho'Gath,Taliyah,Maokai,,Gangplank,Kennen,,,,,,1839,1,1,1,6,17,6,0.0,0.0,0.0,0.0,0.0,0.0,0.0,1.0,0.5546,0.7504,,,,,,,,,,,,,,,,,,,,,1.0,0.0,,,,,,,,1.0,0.0,19042.0,621.2724,0.235063,1285.938,1367.5693,16.0,0.522,2.0,0.0653,10.0,25.0,0.8157,11763,7736,252.398,0.203141,10770.0,,,248.0,232.0,16.0,,,8.0914,3143.0,4566.0,79.0,3186.0,4437.0,70.0,-43.0,129.0,9.0,0.0,0.0,1.0,0.0,0.0,0.0,5181.0,7464.0,130.0,4839.0,7401.0,113.0,342.0,63.0,17.0,0.0,0.0,1.0,0.0,0.0,0.0,7458.0,10223.0,184.0,7046.0,10416.0,165.0,412.0,-193.0,19.0,0.0,0.0,1.0,0.0,0.0,0.0,10047.0,13267.0,226.0,8721.0,12968.0,203.0,1326.0,299.0,23.0,1.0,3.0,1.0,0.0,3.0,1.0
ESPORTSTMNT05_3221089,complete,,EM,2023,Spring,0,2023-04-04 17:01:51,1,13.06,2,Blue,jng,Bruness,oe:player:7471c21aed615dae3e49140eca8ce89,WLGaming Esports,oe:team:b19ab22267512e77945cd498106dcf1,Xin Zhao,Taliyah,Maokai,,Gangplank,Kennen,,,,,,1839,1,4,1,9,17,6,0.0,0.0,0.0,0.0,0.0,0.0,0.0,0.0,0.5546,0.7504,,,,,,,,,,,,,,,,,,,,,0.0,0.0,,,,,,,,0.0,0.0,13303.0,434.0294,0.164218,884.5677,847.3409,10.0,0.3263,8.0,0.261,9.0,44.0,1.4356,11556,7529,245.6444,0.197705,9925.0,,,171.0,37.0,134.0,,,5.5791,3466.0,3634.0,67.0,3302.0,3038.0,55.0,164.0,596.0,12.0,1.0,0.0,0.0,1.0,0.0,0.0,5629.0,5752.0,103.0,4876.0,5043.0,81.0,753.0,709.0,22.0,2.0,1.0,0.0,2.0,0.0,1.0,7294.0,7715.0,129.0,6535.0,7427.0,118.0,759.0,288.0,11.0,2.0,4.0,0.0,2.0,1.0,2.0,9739.0,10735.0,155.0,8126.0,10097.0,151.0,1613.0,638.0,4.0,4.0,6.0,1.0,2.0,2.0,2.0
ESPORTSTMNT05_3221089,complete,,EM,2023,Spring,0,2023-04-04 17:01:51,1,13.06,3,Blue,mid,Vladi,oe:player:367fecc4cb53a8234abbd9f283b7997,WLGaming Esports,oe:team:b19ab22267512e77945cd498106dcf1,Viktor,Taliyah,Maokai,,Gangplank,Kennen,,,,,,1839,1,3,1,13,17,6,1.0,0.0,0.0,0.0,0.0,0.0,0.0,0.0,0.5546,0.7504,,,,,,,,,,,,,,,,,,,,,0.0,0.0,,,,,,,,1.0,0.0,20754.0,677.1289,0.256197,301.3051,372.7569,14.0,0.4568,0.0,0.0,5.0,28.0,0.9135,12009,7982,260.4241,0.209601,11910.0,,,258.0,242.0,16.0,,,8.4176,3375.0,4713.0,91.0,3061.0,4328.0,88.0,314.0,385.0,3.0,0.0,2.0,0.0,0.0,0.0,1.0,5379.0,7891.0,147.0,4877.0,6993.0,142.0,502.0,898.0,5.0,0.0,5.0,0.0,0.0,1.0,2.0,7815.0,10674.0,195.0,6610.0,9676.0,192.0,1205.0,998.0,3.0,2.0,6.0,0.0,0.0,1.0,2.0,10265.0,14145.0,242.0,8673.0,12249.0,233.0,1592.0,1896.0,9.0,2.0,10.0,1.0,0.0,3.0,2.0
ESPORTSTMNT05_3221089,complete,,EM,2023,Spring,0,2023-04-04 17:01:51,1,13.06,4,Blue,bot,Jeyrus,oe:player:c5050bf5abf900c6beaed313da57213,WLGaming Esports,oe:team:b19ab22267512e77945cd498106dcf1,Jinx,Taliyah,Maokai,,Gangplank,Kennen,,,,,,1839,1,6,0,7,17,6,2.0,0.0,0.0,0.0,0.0,0.0,0.0,0.0,0.5546,0.7504,,,,,,,,,,,,,,,,,,,,,0.0,0.0,,,,,,,,0.0,0.0,23306.0,760.3915,0.2877,337.8793,214.8777,14.0,0.4568,16.0,0.522,6.0,53.0,1.7292,14419,10392,339.0538,0.272886,12750.0,,,306.0,270.0,36.0,,,9.9837,3290.0,3823.0,92.0,3286.0,3737.0,88.0,4.0,86.0,4.0,0.0,0.0,0.0,0.0,0.0,0.0,5644.0,6213.0,134.0,4884.0,5816.0,132.0,760.0,397.0,2.0,2.0,1.0,0.0,0.0,0.0,1.0,8374.0,9223.0,197.0,7025.0,8540.0,182.0,1349.0,683.0,15.0,2.0,4.0,0.0,1.0,0.0,2.0,11128.0,12960.0,258.0,10313.0,10895.0,226.0,815.0,2065.0,32.0,3.0,7.0,0.0,4.0,0.0,3.0
ESPORTSTMNT05_3221089,complete,,EM,2023,Spring,0,2023-04-04 17:01:51,1,13.06,5,Blue,sup,Bananitoo,oe:player:148e116847c069d852ad0696d4180fe,WLGaming Esports,oe:team:b19ab22267512e77945cd498106dcf1,Rakan,Taliyah,Maokai,,Gangplank,Kennen,,,,,,1839,1,3,3,13,17,6,0.0,0.0,0.0,0.0,0.0,0.0,0.0,0.0,0.5546,0.7504,,,,,,,,,,,,,,,,,,,,,0.0,0.0,,,,,,,,0.0,0.0,4603.0,150.1794,0.0568215,393.6052,453.8662,61.0,1.9902,10.0,0.3263,10.0,102.0,3.3279,8470,4443,144.9592,0.116668,7745.0,,,35.0,35.0,0.0,,,1.1419,2517.0,2644.0,14.0,2033.0,2377.0,12.0,484.0,267.0,2.0,1.0,1.0,0.0,0.0,0.0,1.0,4066.0,3985.0,25.0,3119.0,3553.0,23.0,947.0,432.0,2.0,2.0,4.0,1.0,0.0,1.0,2.0,5517.0,5128.0,30.0,4151.0,4122.0,24.0,1366.0,1006.0,6.0,3.0,5.0,2.0,0.0,2.0,3.0,7001.0,7083.0,34.0,5123.0,6040.0,26.0,1878.0,1043.0,8.0,3.0,9.0,3.0,0.0,4.0,5.0
ESPORTSTMNT05_3221089,complete,,EM,2023,Spring,0,2023-04-04 17:01:51,1,13.06,6,Red,top,bobista,oe:player:8486d94ef23b38c67c76b647613d881,eSuba,oe:team:3faefd9245a4ef6ba347fbcf2a51515,Sion,Annie,Gragas,Wukong,K'Sante,Gnar,,,,,,1839,0,0,2,3,6,17,0.0,0.0,0.0,0.0,0.0,0.0,0.0,0.0,0.1958,0.7504,,,,,,,,,,,,,,,,,,,,,0.0,1.0,,,,,,,,0.0,1.0,14514.0,473.54,0.233434,1018.0098,1890.832,10.0,0.3263,7.0,0.2284,3.0,30.0,0.9788,10008,5981,195.1387,0.210903,9775.0,,,217.0,217.0,0.0,,,7.0799,3186.0,4437.0,70.0,3143.0,4566.0,79.0,43.0,-129.0,-9.0,0.0,0.0,0.0,0.0,0.0,1.0,4839.0,7401.0,113.0,5181.0,7464.0,130.0,-342.0,-63.0,-17.0,0.0,0.0,0.0,0.0,0.0,1.0,7046.0,10416.0,165.0,7458.0,10223.0,184.0,-412.0,193.0,-19.0,0.0,0.0,0.0,0.0,0.0,1.0,8721.0,12968.0,203.0,10047.0,13267.0,226.0,-1326.0,-299.0,-23.0,0.0,3.0,1.0,1.0,3.0,1.0
ESPORTSTMNT05_3221089,complete,,EM,2023,Spring,0,2023-04-04 17:01:51,1,13.06,7,Red,jng,TynX,oe:player:36607221f848a15f6a1f11961027d7c,eSuba,oe:team:3faefd9245a4ef6ba347fbcf2a51515,Lee Sin,Annie,Gragas,Wukong,K'Sante,Gnar,,,,,,1839,0,2,2,2,6,17,0.0,0.0,0.0,0.0,1.0,1.0,0.0,0.0,0.1958,0.7504,,,,,,,,,,,,,,,,,,,,,0.0,0.0,,,,,,,,0.0,0.0,6799.0,221.8271,0.109351,829.3964,882.6101,12.0,0.3915,18.0,0.5873,4.0,57.0,1.8597,9950,5923,193.2463,0.208858,9800.0,,,186.0,39.0,147.0,,,6.0685,3302.0,3038.0,55.0,3466.0,3634.0,67.0,-164.0,-596.0,-12.0,1.0,0.0,0.0,1.0,0.0,0.0,4876.0,5043.0,81.0,5629.0,5752.0,103.0,-753.0,-709.0,-22.0,2.0,0.0,1.0,2.0,1.0,0.0,6535.0,7427.0,118.0,7294.0,7715.0,129.0,-759.0,-288.0,-11.0,2.0,1.0,2.0,2.0,4.0,0.0,8126.0,10097.0,151.0,9739.0,10735.0,155.0,-1613.0,-638.0,-4.0,2.0,2.0,2.0,4.0,6.0,1.0
ESPORTSTMNT05_3221089,complete,,EM,2023,Spring,0,2023-04-04 17:01:51,1,13.06,8,Red,mid,Warszi,oe:player:5a23766ce46653d2b63ac4a40cd61c1,eSuba,oe:team:3faefd9245a4ef6ba347fbcf2a51515,Zoe,Annie,Gragas,Wukong,K'Sante,Gnar,,,,,,1839,0,0,4,3,6,17,0.0,0.0,0.0,0.0,0.0,0.0,0.0,0.0,0.1958,0.7504,,,,,,,,,,,,,,,,,,,,,0.0,0.0,,,,,,,,0.0,1.0,14669.0,478.5971,0.235927,430.8972,228.124,15.0,0.4894,12.0,0.3915,7.0,38.0,1.2398,10160,6133,200.0979,0.216263,9975.0,,,259.0,255.0,4.0,,,8.4502,3061.0,4328.0,88.0,3375.0,4713.0,91.0,-314.0,-385.0,-3.0,0.0,0.0,1.0,0.0,2.0,0.0,4877.0,6993.0,142.0,5379.0,7891.0,147.0,-502.0,-898.0,-5.0,0.0,1.0,2.0,0.0,5.0,0.0,6610.0,9676.0,192.0,7815.0,10674.0,195.0,-1205.0,-998.0,-3.0,0.0,1.0,2.0,2.0,6.0,0.0,8673.0,12249.0,233.0,10265.0,14145.0,242.0,-1592.0,-1896.0,-9.0,0.0,3.0,2.0,2.0,10.0,1.0
ESPORTSTMNT05_3221089,complete,,EM,2023,Spring,0,2023-04-04 17:01:51,1,13.06,9,Red,bot,DANY,oe:player:f72af12f47362bdec4b0ca91070cf43,eSuba,oe:team:3faefd9245a4ef6ba347fbcf2a51515,Xayah,Annie,Gragas,Wukong,K'Sante,Gnar,,,,,,1839,0,4,3,0,6,17,1.0,0.0,0.0,0.0,0.0,0.0,0.0,0.0,0.1958,0.7504,,,,,,,,,,,,,,,,,,,,,0.0,0.0,,,,,,,,0.0,0.0,22713.0,741.044,0.365302,453.2463,262.0555,12.0,0.3915,8.0,0.261,5.0,32.0,1.044,12350,8323,271.5498,0.29349,12325.0,,,283.0,267.0,16.0,,,9.2333,3286.0,3737.0,88.0,3290.0,3823.0,92.0,-4.0,-86.0,-4.0,0.0,0.0,0.0,0.0,0.0,0.0,4884.0,5816.0,132.0,5644.0,6213.0,134.0,-760.0,-397.0,-2.0,0.0,0.0,1.0,2.0,1.0,0.0,7025.0,8540.0,182.0,8374.0,9223.0,197.0,-1349.0,-683.0,-15.0,1.0,0.0,2.0,2.0,4.0,0.0,10313.0,10895.0,226.0,11128.0,12960.0,258.0,-815.0,-2065.0,-32.0,4.0,0.0,3.0,3.0,7.0,0.0
ESPORTSTMNT05_3221089,complete,,EM,2023,Spring,0,2023-04-04 17:01:51,1,13.06,10,Red,sup,FGG,oe:player:dcd93cc48ba71890cc0580de524f536,eSuba,oe:team:3faefd9245a4ef6ba347fbcf2a51515,Rell,Annie,Gragas,Wukong,K'Sante,Gnar,,,,,,1839,0,0,6,4,6,17,0.0,0.0,0.0,0.0,0.0,0.0,0.0,0.0,0.1958,0.7504,,,,,,,,,,,,,,,,,,,,,0.0,0.0,,,,,,,,0.0,0.0,3481.0,113.5726,0.0559862,503.7194,463.9478,34.0,1.1093,4.0,0.1305,7.0,69.0,2.2512,6026,1999,65.2202,0.0704854,5975.0,,,26.0,26.0,0.0,,,0.8483,2033.0,2377.0,12.0,2517.0,2644.0,14.0,-484.0,-267.0,-2.0,0.0,0.0,1.0,1.0,1.0,0.0,3119.0,3553.0,23.0,4066.0,3985.0,25.0,-947.0,-432.0,-2.0,0.0,1.0,2.0,2.0,4.0,1.0,4151.0,4122.0,24.0,5517.0,5128.0,30.0,-1366.0,-1006.0,-6.0,0.0,2.0,3.0,3.0,5.0,2.0,5123.0,6040.0,26.0,7001.0,7083.0,34.0,-1878.0,-1043.0,-8.0,0.0,4.0,5.0,3.0,9.0,3.0
ESPORTSTMNT05_3221089,complete,,EM,2023,Spring,0,2023-04-04 17:01:51,1,13.06,100,Blue,team,,,WLGaming Esports,oe:team:b19ab22267512e77945cd498106dcf1,,Taliyah,Maokai,,Gangplank,Kennen,Rakan,Xin Zhao,Jinx,Cho'Gath,Viktor,1839,1,17,6,48,17,6,3.0,0.0,0.0,0.0,0.0,,,,0.5546,0.7504,1.0,3.0,1.0,3.0,1.0,1.0,0.0,1.0,1.0,0.0,0.0,,0.0,0.0,1.0,2.0,0.0,,,1.0,1.0,0.0,1.0,9.0,2.0,1.0,1.0,4.0,2.0,2.0,0.0,81008.0,2643.0016,,3203.2953,3256.4111,115.0,3.752,36.0,1.1746,40.0,252.0,8.2219,58217,38081,1242.447,,53100.0,0.104012,2.29,,816.0,202.0,,,33.2137,15791.0,19380.0,343.0,14868.0,17917.0,313.0,923.0,1463.0,30.0,2.0,3.0,1.0,1.0,0.0,2.0,25899.0,31305.0,539.0,22595.0,28806.0,491.0,3304.0,2499.0,48.0,6.0,11.0,2.0,2.0,2.0,6.0,36458.0,42963.0,735.0,31367.0,40181.0,681.0,5091.0,2782.0,54.0,9.0,19.0,3.0,3.0,4.0,9.0,48180.0,58190.0,915.0,40956.0,52249.0,839.0,7224.0,5941.0,76.0,13.0,35.0,6.0,6.0,12.0,13.0
ESPORTSTMNT05_3221089,complete,,EM,2023,Spring,0,2023-04-04 17:01:51,1,13.06,200,Red,team,,,eSuba,oe:team:3faefd9245a4ef6ba347fbcf2a51515,,Annie,Gragas,Wukong,K'Sante,Gnar,Xayah,Lee Sin,Rell,Sion,Zoe,1839,0,6,17,12,6,17,1.0,0.0,0.0,0.0,1.0,,,,0.1958,0.7504,0.0,1.0,3.0,1.0,3.0,0.0,0.0,1.0,0.0,0.0,0.0,,0.0,0.0,0.0,0.0,2.0,,,0.0,0.0,1.0,0.0,2.0,9.0,0.0,0.0,2.0,4.0,0.0,2.0,62176.0,2028.5808,,3235.2692,3727.5693,83.0,2.708,49.0,1.5987,26.0,226.0,7.3736,48494,28358,925.2202,,47850.0,-0.104012,-2.29,,804.0,167.0,,,31.6803,14868.0,17917.0,313.0,15791.0,19380.0,343.0,-923.0,-1463.0,-30.0,1.0,0.0,2.0,2.0,3.0,1.0,22595.0,28806.0,491.0,25899.0,31305.0,539.0,-3304.0,-2499.0,-48.0,2.0,2.0,6.0,6.0,11.0,2.0,31367.0,40181.0,681.0,36458.0,42963.0,735.0,-5091.0,-2782.0,-54.0,3.0,4.0,9.0,9.0,19.0,3.0,40956.0,52249.0,839.0,48180.0,58190.0,915.0,-7224.0,-5941.0,-76.0,6.0,12.0,13.0,13.0,35.0,6.0
ESPORTSTMNT05_3221091,complete,,EM,2023,Spring,0,2023-04-04 17:31:20,1,13.06,1,Blue,top,Caucha,oe:player:190d3ffa9c4734a633e2103dbbdb815,White Dragons,oe:team:6468029fb605bd6fdf1cf866e890739,K'Sante,Jarvan IV,Vi,Sejuani,Aphelios,Ezreal,,,,,,2285,0,0,4,2,11,18,0.0,0.0,0.0,0.0,1.0,0.0,1.0,0.0,0.2888,0.7615,,,,,,,,,,,,,,,,,,,,,0.0,0.0,,,,,,,,0.0,1.0,10876.0,285.5842,0.127089,780.6302,1181.6193,15.0,0.3939,5.0,0.1313,2.0,39.0,1.0241,11427,6490,170.4158,0.155733,11250.0,,,258.0,254.0,4.0,,,6.7746,2983.0,4707.0,73.0,2961.0,4209.0,64.0,22.0,498.0,9.0,0.0,1.0,0.0,0.0,2.0,1.0,5153.0,7613.0,124.0,4924.0,6896.0,109.0,229.0,717.0,15.0,0.0,1.0,0.0,0.0,2.0,1.0,6614.0,9676.0,160.0,6457.0,8998.0,146.0,157.0,678.0,14.0,0.0,1.0,1.0,0.0,2.0,2.0,8209.0,12167.0,204.0,9271.0,12905.0,208.0,-1062.0,-738.0,-4.0,0.0,2.0,1.0,0.0,2.0,2.0
ESPORTSTMNT05_3221091,complete,,EM,2023,Spring,0,2023-04-04 17:31:20,1,13.06,2,Blue,jng,D4SH,oe:player:b665b9fa5f821ff73a873d0cecb0682,White Dragons,oe:team:6468029fb605bd6fdf1cf866e890739,Xin Zhao,Jarvan IV,Vi,Sejuani,Aphelios,Ezreal,,,,,,2285,0,1,6,7,11,18,0.0,0.0,0.0,0.0,1.0,0.0,1.0,0.0,0.2888,0.7615,,,,,,,,,,,,,,,,,,,,,0.0,3.0,,,,,,,,0.0,0.0,10747.0,282.1969,0.125581,890.7309,1245.8206,14.0,0.3676,12.0,0.3151,13.0,63.0,1.6543,10926,5989,157.2604,0.143711,10175.0,,,166.0,32.0,134.0,,,4.3589,2942.0,3146.0,55.0,3618.0,3609.0,72.0,-676.0,-463.0,-17.0,0.0,1.0,1.0,1.0,1.0,0.0,5391.0,5748.0,81.0,5182.0,5460.0,100.0,209.0,288.0,-19.0,1.0,6.0,2.0,2.0,1.0,3.0,7102.0,8218.0,111.0,7600.0,8445.0,135.0,-498.0,-227.0,-24.0,1.0,6.0,2.0,4.0,1.0,3.0,8576.0,10370.0,141.0,9447.0,11036.0,168.0,-871.0,-666.0,-27.0,1.0,7.0,2.0,4.0,1.0,4.0
ESPORTSTMNT05_3221091,complete,,EM,2023,Spring,0,2023-04-04 17:31:20,1,13.06,3,Blue,mid,NOMA,oe:player:a0768d89dec26206b95179ad9a1c08d,White Dragons,oe:team:6468029fb605bd6fdf1cf866e890739,LeBlanc,Jarvan IV,Vi,Sejuani,Aphelios,Ezreal,,,,,,2285,0,4,5,3,11,18,1.0,0.0,0.0,0.0,1.0,0.0,1.0,0.0,0.2888,0.7615,,,,,,,,,,,,,,,,,,,,,0.0,0.0,,,,,,,,0.0,1.0,28750.0,754.9234,0.335951,696.4201,475.9562,7.0,0.1838,10.0,0.2626,4.0,38.0,0.9978,15031,10094,265.0503,0.242213,14550.0,,,312.0,300.0,12.0,,,8.1926,3064.0,4490.0,75.0,3197.0,4523.0,73.0,-133.0,-33.0,2.0,0.0,1.0,1.0,1.0,1.0,0.0,5817.0,8077.0,131.0,5219.0,7483.0,123.0,598.0,594.0,8.0,3.0,1.0,1.0,1.0,2.0,2.0,8335.0,10678.0,175.0,7242.0,10544.0,175.0,1093.0,134.0,0.0,4.0,2.0,2.0,1.0,4.0,2.0,10329.0,13345.0,223.0,9441.0,13260.0,208.0,888.0,85.0,15.0,4.0,3.0,3.0,1.0,4.0,2.0
ESPORTSTMNT05_3221091,complete,,EM,2023,Spring,0,2023-04-04 17:31:20,1,13.06,4,Blue,bot,Worst,oe:player:4f4e71938a105fe72bd18788fe53d40,White Dragons,oe:team:6468029fb605bd6fdf1cf866e890739,Xayah,Jarvan IV,Vi,Sejuani,Aphelios,Ezreal,,,,,,2285,0,4,2,2,11,18,1.0,1.0,0.0,0.0,0.0,0.0,0.0,0.0,0.2888,0.7615,,,,,,,,,,,,,,,,,,,,,0.0,0.0,,,,,,,,0.0,1.0,14592.0,383.1597,0.170511,317.488,260.0088,17.0,0.4464,6.0,0.1575,7.0,32.0,0.8403,17318,12381,325.1028,0.297092,15825.0,,,399.0,379.0,20.0,,,10.477,3566.0,3791.0,90.0,3052.0,3472.0,81.0,514.0,319.0,9.0,0.0,0.0,0.0,0.0,0.0,0.0,6672.0,6257.0,141.0,4787.0,5698.0,131.0,1885.0,559.0,10.0,3.0,1.0,0.0,0.0,0.0,1.0,9068.0,8345.0,197.0,6472.0,7891.0,178.0,2596.0,454.0,19.0,3.0,2.0,0.0,0.0,0.0,2.0,11290.0,11115.0,251.0,9494.0,11717.0,236.0,1796.0,-602.0,15.0,4.0,2.0,0.0,1.0,0.0,2.0
ESPORTSTMNT05_3221091,complete,,EM,2023,Spring,0,2023-04-04 17:31:20,1,13.06,5,Blue,sup,Calmsky,oe:player:f32776bb3b0bfb1cd3261868df4dfce,White Dragons,oe:team:6468029fb605bd6fdf1cf866e890739,Lux,Jarvan IV,Vi,Sejuani,Aphelios,Ezreal,,,,,,2285,0,2,1,7,11,18,0.0,0.0,0.0,0.0,1.0,1.0,0.0,0.0,0.2888,0.7615,,,,,,,,,,,,,,,,,,,,,0.0,0.0,,,,,,,,0.0,1.0,20613.0,541.2604,0.240868,199.0372,156.9453,52.0,1.3654,26.0,0.6827,10.0,132.0,3.4661,11657,6720,176.4551,0.161252,11250.0,,,62.0,62.0,0.0,,,1.628,2775.0,2205.0,2.0,2238.0,2604.0,16.0,537.0,-399.0,-14.0,1.0,0.0,0.0,0.0,2.0,0.0,4875.0,4667.0,11.0,3312.0,3732.0,24.0,1563.0,935.0,-13.0,1.0,5.0,0.0,0.0,2.0,1.0,6655.0,6403.0,14.0,4481.0,5589.0,31.0,2174.0,814.0,-17.0,2.0,6.0,0.0,0.0,4.0,1.0,7855.0,7546.0,23.0,5848.0,7506.0,33.0,2007.0,40.0,-10.0,2.0,7.0,0.0,0.0,5.0,1.0
ESPORTSTMNT05_3221091,complete,,EM,2023,Spring,0,2023-04-04 17:31:20,1,13.06,6,Red,top,Robba,oe:player:0a08034cdc4feac55c0bdfbc0f300db,KRC Genk Esports,oe:team:01a959b2a20ca77057e580ec051aa3e,Urgot,Varus,Caitlyn,Lee Sin,Annie,Lulu,,,,,,2285,1,2,2,4,18,11,0.0,0.0,0.0,0.0,0.0,0.0,0.0,1.0,0.4726,0.7615,,,,,,,,,,,,,,,,,,,,,0.0,0.0,,,,,,,,1.0,0.0,12966.0,340.4639,0.166114,647.1072,961.2867,14.0,0.3676,9.0,0.2363,5.0,43.0,1.1291,15452,10515,276.105,0.205491,13175.0,,,296.0,289.0,7.0,,,7.7724,2961.0,4209.0,64.0,2983.0,4707.0,73.0,-22.0,-498.0,-9.0,0.0,2.0,1.0,0.0,1.0,0.0,4924.0,6896.0,109.0,5153.0,7613.0,124.0,-229.0,-717.0,-15.0,0.0,2.0,1.0,0.0,1.0,0.0,6457.0,8998.0,146.0,6614.0,9676.0,160.0,-157.0,-678.0,-14.0,0.0,2.0,2.0,0.0,1.0,1.0,9271.0,12905.0,208.0,8209.0,12167.0,204.0,1062.0,738.0,4.0,0.0,2.0,2.0,0.0,2.0,1.0
ESPORTSTMNT05_3221091,complete,,EM,2023,Spring,0,2023-04-04 17:31:20,1,13.06,7,Red,jng,Guertas,oe:player:66dfc0444c571e87d4442178fee3ab4,KRC Genk Esports,oe:team:01a959b2a20ca77057e580ec051aa3e,Viego,Varus,Caitlyn,Lee Sin,Annie,Lulu,,,,,,2285,1,9,4,4,18,11,1.0,0.0,0.0,0.0,0.0,0.0,0.0,0.0,0.4726,0.7615,,,,,,,,,,,,,,,,,,,,,3.0,0.0,,,,,,,,0.0,0.0,19425.0,510.0656,0.248863,947.6324,715.7724,9.0,0.2363,14.0,0.3676,16.0,73.0,1.9168,16775,11838,310.8446,0.231346,15075.0,,,272.0,55.0,217.0,,,7.1422,3618.0,3609.0,72.0,2942.0,3146.0,55.0,676.0,463.0,17.0,1.0,1.0,0.0,0.0,1.0,1.0,5182.0,5460.0,100.0,5391.0,5748.0,81.0,-209.0,-288.0,19.0,2.0,1.0,3.0,1.0,6.0,2.0,7600.0,8445.0,135.0,7102.0,8218.0,111.0,498.0,227.0,24.0,4.0,1.0,3.0,1.0,6.0,2.0,9447.0,11036.0,168.0,8576.0,10370.0,141.0,871.0,666.0,27.0,4.0,1.0,4.0,1.0,7.0,2.0
ESPORTSTMNT05_3221091,complete,,EM,2023,Spring,0,2023-04-04 17:31:20,1,13.06,8,Red,mid,Mikkel,oe:player:b2c05a26758d82a8643a27eec405dcb,KRC Genk Esports,oe:team:01a959b2a20ca77057e580ec051aa3e,Gragas,Varus,Caitlyn,Lee Sin,Annie,Lulu,,,,,,2285,1,3,2,8,18,11,0.0,0.0,0.0,0.0,0.0,0.0,0.0,0.0,0.4726,0.7615,,,,,,,,,,,,,,,,,,,,,0.0,0.0,,,,,,,,1.0,0.0,17766.0,466.5033,0.227609,876.9978,735.0197,5.0,0.1313,4.0,0.105,2.0,21.0,0.5514,16720,11783,309.4004,0.230272,16250.0,,,314.0,300.0,14.0,,,8.2451,3197.0,4523.0,73.0,3064.0,4490.0,75.0,133.0,33.0,-2.0,1.0,1.0,0.0,0.0,1.0,1.0,5219.0,7483.0,123.0,5817.0,8077.0,131.0,-598.0,-594.0,-8.0,1.0,2.0,2.0,3.0,1.0,1.0,7242.0,10544.0,175.0,8335.0,10678.0,175.0,-1093.0,-134.0,0.0,1.0,4.0,2.0,4.0,2.0,2.0,9441.0,13260.0,208.0,10329.0,13345.0,223.0,-888.0,-85.0,-15.0,1.0,4.0,2.0,4.0,3.0,3.0
ESPORTSTMNT05_3221091,complete,,EM,2023,Spring,0,2023-04-04 17:31:20,1,13.06,9,Red,bot,Orion,oe:player:915901c2ffafe3ee9245c3ef30ec5b4,KRC Genk Esports,oe:team:01a959b2a20ca77057e580ec051aa3e,Kai'Sa,Varus,Caitlyn,Lee Sin,Annie,Lulu,,,,,,2285,1,4,2,4,18,11,0.0,0.0,0.0,0.0,0.0,0.0,0.0,0.0,0.4726,0.7615,,,,,,,,,,,,,,,,,,,,,0.0,0.0,,,,,,,,1.0,0.0,20768.0,545.3304,0.266069,418.3457,331.6937,18.0,0.4726,8.0,0.2101,6.0,39.0,1.0241,16796,11859,311.3961,0.231757,16200.0,,,346.0,324.0,22.0,,,9.0853,3052.0,3472.0,81.0,3566.0,3791.0,90.0,-514.0,-319.0,-9.0,0.0,0.0,0.0,0.0,0.0,0.0,4787.0,5698.0,131.0,6672.0,6257.0,141.0,-1885.0,-559.0,-10.0,0.0,0.0,1.0,3.0,1.0,0.0,6472.0,7891.0,178.0,9068.0,8345.0,197.0,-2596.0,-454.0,-19.0,0.0,0.0,2.0,3.0,2.0,0.0,9494.0,11717.0,236.0,11290.0,11115.0,251.0,-1796.0,602.0,-15.0,1.0,0.0,2.0,4.0,2.0,0.0
ESPORTSTMNT05_3221091,complete,,EM,2023,Spring,0,2023-04-04 17:31:20,1,13.06,10,Red,sup,KINGPIN,oe:player:4fca9f76fb87127e7bb220b11debdde,KRC Genk Esports,oe:team:01a959b2a20ca77057e580ec051aa3e,Rakan,Varus,Caitlyn,Lee Sin,Annie,Lulu,,,,,,2285,1,0,1,14,18,11,0.0,0.0,0.0,0.0,0.0,0.0,0.0,0.0,0.4726,0.7615,,,,,,,,,,,,,,,,,,,,,0.0,0.0,,,,,,,,1.0,0.0,7130.0,187.221,0.0913458,313.9168,441.4267,64.0,1.6805,19.0,0.4989,14.0,124.0,3.256,10112,5175,135.8862,0.101133,9275.0,,,48.0,48.0,0.0,,,1.2604,2238.0,2604.0,16.0,2775.0,2205.0,2.0,-537.0,399.0,14.0,0.0,2.0,0.0,1.0,0.0,0.0,3312.0,3732.0,24.0,4875.0,4667.0,11.0,-1563.0,-935.0,13.0,0.0,2.0,1.0,1.0,5.0,0.0,4481.0,5589.0,31.0,6655.0,6403.0,14.0,-2174.0,-814.0,17.0,0.0,4.0,1.0,2.0,6.0,0.0,5848.0,7506.0,33.0,7855.0,7546.0,23.0,-2007.0,-40.0,10.0,0.0,5.0,1.0,2.0,7.0,0.0
ESPORTSTMNT05_3221091,complete,,EM,2023,Spring,0,2023-04-04 17:31:20,1,13.06,100,Blue,team,,,White Dragons,oe:team:6468029fb605bd6fdf1cf866e890739,,Jarvan IV,Vi,Sejuani,Aphelios,Ezreal,Xayah,Xin Zhao,LeBlanc,Lux,K'Sante,2285,0,11,18,21,11,18,2.0,1.0,0.0,0.0,1.0,,,,0.2888,0.7615,0.0,2.0,4.0,2.0,4.0,0.0,0.0,0.0,0.0,2.0,0.0,,0.0,0.0,0.0,1.0,1.0,,,0.0,0.0,3.0,1.0,5.0,11.0,1.0,1.0,7.0,3.0,0.0,4.0,85578.0,2247.1247,,2884.3063,3320.3501,105.0,2.7571,59.0,1.5492,36.0,304.0,7.9825,66359,41674,1094.2845,,63050.0,-0.104116,0.86,,1027.0,170.0,,,31.4311,15330.0,18339.0,295.0,15066.0,18417.0,306.0,264.0,-78.0,-11.0,1.0,3.0,2.0,2.0,6.0,1.0,27908.0,32362.0,488.0,23424.0,29269.0,487.0,4484.0,3093.0,1.0,8.0,14.0,3.0,3.0,7.0,8.0,37774.0,43320.0,657.0,32252.0,41467.0,665.0,5522.0,1853.0,-8.0,10.0,17.0,5.0,5.0,11.0,10.0,46259.0,54543.0,842.0,43501.0,56424.0,853.0,2758.0,-1881.0,-11.0,11.0,21.0,6.0,6.0,12.0,11.0
ESPORTSTMNT05_3221091,complete,,EM,2023,Spring,0,2023-04-04 17:31:20,1,13.06,200,Red,team,,,KRC Genk Esports,oe:team:01a959b2a20ca77057e580ec051aa3e,,Varus,Caitlyn,Lee Sin,Annie,Lulu,Gragas,Rakan,Viego,Kai'Sa,Urgot,2285,1,18,11,34,18,11,1.0,0.0,0.0,0.0,0.0,,,,0.4726,0.7615,1.0,4.0,2.0,4.0,2.0,0.0,0.0,1.0,0.0,2.0,1.0,,0.0,0.0,1.0,1.0,1.0,,,1.0,3.0,0.0,0.0,11.0,5.0,0.0,0.0,3.0,7.0,4.0,0.0,78055.0,2049.5842,,3204.0,3185.1991,110.0,2.8884,54.0,1.4179,43.0,300.0,7.8775,75855,51170,1343.6324,,69975.0,0.104116,-0.86,,1016.0,260.0,,,33.5055,15066.0,18417.0,306.0,15330.0,18339.0,295.0,-264.0,78.0,11.0,2.0,6.0,1.0,1.0,3.0,2.0,23424.0,29269.0,487.0,27908.0,32362.0,488.0,-4484.0,-3093.0,-1.0,3.0,7.0,8.0,8.0,14.0,3.0,32252.0,41467.0,665.0,37774.0,43320.0,657.0,-5522.0,-1853.0,8.0,5.0,11.0,10.0,10.0,17.0,5.0,43501.0,56424.0,853.0,46259.0,54543.0,842.0,-2758.0,1881.0,11.0,6.0,12.0,11.0,11.0,21.0,6.0
ESPORTSTMNT05_3220099,complete,,EM,2023,Spring,0,2023-04-04 17:38:46,1,13.06,1,Blue,top,Satorius,oe:player:422d7cc4063f8801a9427860bfd855b,Geekay Esports,oe:team:1ff3f5c94edd806e1fed4105fc48995,Olaf,Rakan,Lee Sin,Elise,Swain,Darius,,,,,,1967,1,4,3,6,18,8,1.0,0.0,0.0,0.0,0.0,0.0,0.0,0.0,0.5491,0.7931,,,,,,,,,,,,,,,,,,,,,0.0,0.0,,,,,,,,2.0,0.0,23388.0,713.4113,0.225947,692.8521,972.7809,13.0,0.3965,1.0,0.0305,5.0,26.0,0.7931,12229,7941,242.2267,0.191087,10230.0,,,211.0,207.0,4.0,,,6.4362,3103.0,4648.0,81.0,3190.0,4823.0,85.0,-87.0,-175.0,-4.0,0.0,0.0,0.0,0.0,0.0,0.0,4659.0,6602.0,113.0,5741.0,8203.0,143.0,-1082.0,-1601.0,-30.0,1.0,0.0,1.0,0.0,1.0,0.0,7426.0,9523.0,157.0,7224.0,10213.0,174.0,202.0,-690.0,-17.0,4.0,0.0,1.0,0.0,1.0,0.0,9310.0,12807.0,189.0,9328.0,12638.0,219.0,-18.0,169.0,-30.0,4.0,2.0,1.0,0.0,1.0,0.0
ESPORTSTMNT05_3220099,complete,,EM,2023,Spring,0,2023-04-04 17:38:46,1,13.06,2,Blue,jng,Viking,oe:player:f48a8f161502989fca609408a80bd75,Geekay Esports,oe:team:1ff3f5c94edd806e1fed4105fc48995,Sejuani,Rakan,Lee Sin,Elise,Swain,Darius,,,,,,1967,1,2,0,13,18,8,0.0,0.0,0.0,0.0,0.0,0.0,0.0,0.0,0.5491,0.7931,,,,,,,,,,,,,,,,,,,,,1.0,0.0,,,,,,,,0.0,0.0,14479.0,441.6573,0.139879,906.8327,1626.6802,7.0,0.2135,11.0,0.3355,6.0,46.0,1.4032,11703,7415,226.182,0.178429,10450.0,,,174.0,25.0,149.0,,,5.3076,3132.0,3185.0,56.0,3111.0,2779.0,53.0,21.0,406.0,3.0,0.0,0.0,0.0,0.0,2.0,0.0,4934.0,5498.0,93.0,5120.0,5305.0,88.0,-186.0,193.0,5.0,0.0,3.0,0.0,1.0,2.0,2.0,6262.0,7030.0,110.0,6481.0,6942.0,108.0,-219.0,88.0,2.0,0.0,6.0,0.0,1.0,3.0,4.0,8230.0,9945.0,141.0,7700.0,8554.0,128.0,530.0,1391.0,13.0,1.0,7.0,0.0,1.0,3.0,5.0
ESPORTSTMNT05_3220099,complete,,EM,2023,Spring,0,2023-04-04 17:38:46,1,13.06,3,Blue,mid,Giyuu,oe:player:e6f5a7e37185c25a363d031ef5eafa9,Geekay Esports,oe:team:1ff3f5c94edd806e1fed4105fc48995,Annie,Rakan,Lee Sin,Elise,Swain,Darius,,,,,,1967,1,7,4,8,18,8,1.0,0.0,0.0,0.0,0.0,0.0,0.0,1.0,0.5491,0.7931,,,,,,,,,,,,,,,,,,,,,0.0,0.0,,,,,,,,0.0,0.0,27635.0,842.9588,0.266976,607.1988,635.0788,19.0,0.5796,2.0,0.061,8.0,44.0,1.3421,14874,10586,322.908,0.254736,13775.0,,,252.0,248.0,4.0,,,7.6868,2982.0,4060.0,69.0,3687.0,4572.0,74.0,-705.0,-512.0,-5.0,0.0,0.0,2.0,2.0,0.0,0.0,5310.0,6701.0,115.0,5471.0,7229.0,125.0,-161.0,-528.0,-10.0,2.0,0.0,2.0,2.0,0.0,0.0,7788.0,9828.0,169.0,7102.0,9391.0,167.0,686.0,437.0,2.0,3.0,2.0,3.0,2.0,1.0,1.0,10504.0,14997.0,221.0,8933.0,12866.0,212.0,1571.0,2131.0,9.0,4.0,3.0,3.0,2.0,1.0,1.0
ESPORTSTMNT05_3220099,complete,,EM,2023,Spring,0,2023-04-04 17:38:46,1,13.06,4,Blue,bot,Rin,oe:player:ee4894bcff1cfaa4ffbf71b7b8d8921,Geekay Esports,oe:team:1ff3f5c94edd806e1fed4105fc48995,Xayah,Rakan,Lee Sin,Elise,Swain,Darius,,,,,,1967,1,3,1,13,18,8,1.0,0.0,0.0,0.0,0.0,0.0,0.0,0.0,0.5491,0.7931,,,,,,,,,,,,,,,,,,,,,1.0,0.0,,,,,,,,0.0,0.0,28920.0,882.1556,0.279391,513.7062,410.0254,16.0,0.4881,13.0,0.3965,6.0,55.0,1.6777,15304,11016,336.0244,0.265084,13200.0,,,283.0,269.0,14.0,,,8.6324,3264.0,3564.0,82.0,3270.0,3668.0,86.0,-6.0,-104.0,-4.0,0.0,0.0,0.0,0.0,0.0,0.0,5779.0,5928.0,129.0,5139.0,5356.0,125.0,640.0,572.0,4.0,0.0,3.0,0.0,0.0,0.0,1.0,8077.0,8709.0,181.0,7273.0,7957.0,176.0,804.0,752.0,5.0,0.0,7.0,0.0,1.0,0.0,1.0,10463.0,11704.0,230.0,9256.0,10347.0,229.0,1207.0,1357.0,1.0,0.0,9.0,0.0,1.0,0.0,2.0
ESPORTSTMNT05_3220099,complete,,EM,2023,Spring,0,2023-04-04 17:38:46,1,13.06,5,Blue,sup,Dekap,oe:player:be85b3d65508c757ac9af1d54310520,Geekay Esports,oe:team:1ff3f5c94edd806e1fed4105fc48995,Blitzcrank,Rakan,Lee Sin,Elise,Swain,Darius,,,,,,1967,1,2,0,15,18,8,0.0,0.0,0.0,0.0,0.0,0.0,0.0,0.0,0.5491,0.7931,,,,,,,,,,,,,,,,,,,,,0.0,0.0,,,,,,,,0.0,0.0,9089.0,277.2445,0.0878071,412.0081,459.9288,49.0,1.4947,6.0,0.183,12.0,80.0,2.4403,8887,4599,140.2847,0.110664,7300.0,,,33.0,33.0,0.0,,,1.0066,2040.0,2566.0,14.0,1883.0,2522.0,2.0,157.0,44.0,12.0,0.0,0.0,0.0,0.0,0.0,0.0,3471.0,3623.0,17.0,2917.0,3662.0,7.0,554.0,-39.0,10.0,1.0,3.0,0.0,0.0,0.0,1.0,4629.0,5506.0,23.0,3938.0,4891.0,10.0,691.0,615.0,13.0,1.0,6.0,0.0,0.0,1.0,2.0,5849.0,7218.0,24.0,5005.0,6205.0,15.0,844.0,1013.0,9.0,1.0,8.0,0.0,0.0,1.0,2.0
ESPORTSTMNT05_3220099,complete,,EM,2023,Spring,0,2023-04-04 17:38:46,1,13.06,6,Red,top,Sl4shD,oe:player:61eec59806c0beb33d2ffa40fcda3f5,GTZ Esports,oe:team:3659b5cb3434354530c31ce71461fc1,Renekton,Jayce,Varus,Gragas,Tristana,Yone,,,,,,1967,0,1,3,4,8,18,0.0,0.0,0.0,0.0,0.0,0.0,0.0,0.0,0.244,0.7931,,,,,,,,,,,,,,,,,,,,,0.0,0.0,,,,,,,,0.0,2.0,8393.0,256.0142,0.11345,1154.6111,914.9161,15.0,0.4575,4.0,0.122,5.0,50.0,1.5252,11684,7396,225.6024,0.223182,11625.0,,,251.0,235.0,16.0,,,7.6563,3190.0,4823.0,85.0,3103.0,4648.0,81.0,87.0,175.0,4.0,0.0,0.0,0.0,0.0,0.0,0.0,5741.0,8203.0,143.0,4659.0,6602.0,113.0,1082.0,1601.0,30.0,0.0,1.0,0.0,1.0,0.0,1.0,7224.0,10213.0,174.0,7426.0,9523.0,157.0,-202.0,690.0,17.0,0.0,1.0,0.0,4.0,0.0,1.0,9328.0,12638.0,219.0,9310.0,12807.0,189.0,18.0,-169.0,30.0,0.0,1.0,0.0,4.0,2.0,1.0
ESPORTSTMNT05_3220099,complete,,EM,2023,Spring,0,2023-04-04 17:38:46,1,13.06,7,Red,jng,Time,oe:player:550fa477eff3885416f22c0b3f2fc88,GTZ Esports,oe:team:3659b5cb3434354530c31ce71461fc1,Vi,Jayce,Varus,Gragas,Tristana,Yone,,,,,,1967,0,2,8,5,8,18,0.0,0.0,0.0,0.0,1.0,0.0,1.0,0.0,0.244,0.7931,,,,,,,,,,,,,,,,,,,,,0.0,1.0,,,,,,,,0.0,0.0,11804.0,360.061,0.159557,851.9878,1107.4835,9.0,0.2745,9.0,0.2745,10.0,49.0,1.4947,10379,6091,185.7956,0.183801,9925.0,,,167.0,35.0,132.0,,,5.0941,3111.0,2779.0,53.0,3132.0,3185.0,56.0,-21.0,-406.0,-3.0,0.0,2.0,0.0,0.0,0.0,0.0,5120.0,5305.0,88.0,4934.0,5498.0,93.0,186.0,-193.0,-5.0,1.0,2.0,2.0,0.0,3.0,0.0,6481.0,6942.0,108.0,6262.0,7030.0,110.0,219.0,-88.0,-2.0,1.0,3.0,4.0,0.0,6.0,0.0,7700.0,8554.0,128.0,8230.0,9945.0,141.0,-530.0,-1391.0,-13.0,1.0,3.0,5.0,1.0,7.0,0.0
ESPORTSTMNT05_3220099,complete,,EM,2023,Spring,0,2023-04-04 17:38:46,1,13.06,8,Red,mid,Heroic,oe:player:c71b4244f70372f8be07a3e83c58490,GTZ Esports,oe:team:3659b5cb3434354530c31ce71461fc1,Sylas,Jayce,Varus,Gragas,Tristana,Yone,,,,,,1967,0,3,2,3,8,18,0.0,0.0,0.0,0.0,1.0,1.0,0.0,0.0,0.244,0.7931,,,,,,,,,,,,,,,,,,,,,0.0,0.0,,,,,,,,0.0,0.0,22028.0,671.9268,0.297756,1086.1922,988.4291,6.0,0.183,10.0,0.305,2.0,29.0,0.8846,12513,8225,250.8897,0.248199,12585.0,,,273.0,269.0,4.0,,,8.3274,3687.0,4572.0,74.0,2982.0,4060.0,69.0,705.0,512.0,5.0,2.0,0.0,0.0,0.0,0.0,2.0,5471.0,7229.0,125.0,5310.0,6701.0,115.0,161.0,528.0,10.0,2.0,0.0,0.0,2.0,0.0,2.0,7102.0,9391.0,167.0,7788.0,9828.0,169.0,-686.0,-437.0,-2.0,2.0,1.0,1.0,3.0,2.0,3.0,8933.0,12866.0,212.0,10504.0,14997.0,221.0,-1571.0,-2131.0,-9.0,2.0,1.0,1.0,4.0,3.0,3.0
ESPORTSTMNT05_3220099,complete,,EM,2023,Spring,0,2023-04-04 17:38:46,1,13.06,9,Red,bot,Notiko,oe:player:e134b2791879ae44a24cf5fc966a4b7,GTZ Esports,oe:team:3659b5cb3434354530c31ce71461fc1,Zeri,Jayce,Varus,Gragas,Tristana,Yone,,,,,,1967,0,2,3,3,8,18,0.0,0.0,0.0,0.0,0.0,0.0,0.0,0.0,0.244,0.7931,,,,,,,,,,,,,,,,,,,,,0.0,1.0,,,,,,,,0.0,0.0,28561.0,871.2049,0.386064,497.3564,701.4845,8.0,0.244,8.0,0.244,0.0,39.0,1.1896,13276,8988,274.1637,0.271224,12750.0,,,309.0,283.0,26.0,,,9.4255,3270.0,3668.0,86.0,3264.0,3564.0,82.0,6.0,104.0,4.0,0.0,0.0,0.0,0.0,0.0,0.0,5139.0,5356.0,125.0,5779.0,5928.0,129.0,-640.0,-572.0,-4.0,0.0,0.0,1.0,0.0,3.0,0.0,7273.0,7957.0,176.0,8077.0,8709.0,181.0,-804.0,-752.0,-5.0,1.0,0.0,1.0,0.0,7.0,0.0,9256.0,10347.0,229.0,10463.0,11704.0,230.0,-1207.0,-1357.0,-1.0,1.0,0.0,2.0,0.0,9.0,0.0
ESPORTSTMNT05_3220099,complete,,EM,2023,Spring,0,2023-04-04 17:38:46,1,13.06,10,Red,sup,Nsurr,oe:player:6b35468bd45059f6a8450083fc379a9,GTZ Esports,oe:team:3659b5cb3434354530c31ce71461fc1,Lulu,Jayce,Varus,Gragas,Tristana,Yone,,,,,,1967,0,0,2,5,8,18,0.0,0.0,0.0,0.0,0.0,0.0,0.0,0.0,0.244,0.7931,,,,,,,,,,,,,,,,,,,,,0.0,0.0,,,,,,,,0.0,0.0,3194.0,97.4276,0.0431738,273.0656,161.576,45.0,1.3726,20.0,0.6101,15.0,95.0,2.8978,6727,2439,74.3976,0.0735937,6310.0,,,25.0,25.0,0.0,,,0.7626,1883.0,2522.0,2.0,2040.0,2566.0,14.0,-157.0,-44.0,-12.0,0.0,0.0,0.0,0.0,0.0,0.0,2917.0,3662.0,7.0,3471.0,3623.0,17.0,-554.0,39.0,-10.0,0.0,0.0,1.0,1.0,3.0,0.0,3938.0,4891.0,10.0,4629.0,5506.0,23.0,-691.0,-615.0,-13.0,0.0,1.0,2.0,1.0,6.0,0.0,5005.0,6205.0,15.0,5849.0,7218.0,24.0,-844.0,-1013.0,-9.0,0.0,1.0,2.0,1.0,8.0,0.0
ESPORTSTMNT05_3220099,complete,,EM,2023,Spring,0,2023-04-04 17:38:46,1,13.06,100,Blue,team,,,Geekay Esports,oe:team:1ff3f5c94edd806e1fed4105fc48995,,Rakan,Lee Sin,Elise,Swain,Darius,Annie,Xayah,Sejuani,Olaf,Blitzcrank,1967,1,18,8,55,18,8,3.0,0.0,0.0,0.0,0.0,,,,0.5491,0.7931,0.0,2.0,2.0,2.0,2.0,0.0,1.0,0.0,0.0,1.0,0.0,,0.0,0.0,1.0,1.0,1.0,,,1.0,2.0,0.0,0.0,11.0,3.0,0.0,0.0,4.0,4.0,2.0,0.0,103511.0,3157.4276,,3132.5979,4104.4942,104.0,3.1723,33.0,1.0066,37.0,251.0,7.6563,62997,41556,1267.5953,,54955.0,0.0325474,0.99,,782.0,171.0,,,29.0696,14521.0,18023.0,302.0,15141.0,18364.0,300.0,-620.0,-341.0,2.0,0.0,0.0,2.0,2.0,2.0,0.0,24153.0,28352.0,467.0,24388.0,29755.0,488.0,-235.0,-1403.0,-21.0,4.0,9.0,3.0,3.0,3.0,4.0,34182.0,40596.0,640.0,32018.0,39394.0,635.0,2164.0,1202.0,5.0,8.0,21.0,4.0,4.0,6.0,8.0,44356.0,56671.0,805.0,40222.0,50610.0,803.0,4134.0,6061.0,2.0,10.0,29.0,4.0,4.0,6.0,10.0
ESPORTSTMNT05_3220099,complete,,EM,2023,Spring,0,2023-04-04 17:38:46,1,13.06,200,Red,team,,,GTZ Esports,oe:team:3659b5cb3434354530c31ce71461fc1,,Jayce,Varus,Gragas,Tristana,Yone,Vi,Zeri,Lulu,Renekton,Sylas,1967,0,8,18,20,8,18,0.0,0.0,0.0,0.0,1.0,,,,0.244,0.7931,1.0,2.0,2.0,2.0,2.0,0.0,0.0,0.0,1.0,1.0,0.0,,0.0,0.0,0.0,1.0,1.0,,,0.0,0.0,2.0,1.0,3.0,11.0,1.0,1.0,4.0,4.0,0.0,2.0,73980.0,2256.6345,,3863.213,3873.8892,83.0,2.5318,51.0,1.5557,32.0,262.0,7.9919,54579,33138,1010.8185,,53195.0,-0.0325474,-0.99,,847.0,178.0,,,31.2659,15141.0,18364.0,300.0,14521.0,18023.0,302.0,620.0,341.0,-2.0,2.0,2.0,0.0,0.0,0.0,2.0,24388.0,29755.0,488.0,24153.0,28352.0,467.0,235.0,1403.0,21.0,3.0,3.0,4.0,4.0,9.0,3.0,32018.0,39394.0,635.0,34182.0,40596.0,640.0,-2164.0,-1202.0,-5.0,4.0,6.0,8.0,8.0,21.0,4.0,40222.0,50610.0,803.0,44356.0,56671.0,805.0,-4134.0,-6061.0,-2.0,4.0,6.0,10.0,10.0,29.0,4.0
ESPORTSTMNT05_3222093,complete,,EM,2023,Spring,0,2023-04-04 17:42:17,1,13.06,1,Blue,top,Maged,oe:player:fc933812510df6cb519bd1bb5677631,RA'AD,oe:team:6a4c502c27267c22c54b431be11b43f,Sion,Yone,Varus,Gragas,Lulu,Rakan,,,,,,1656,0,0,5,3,9,26,0.0,0.0,0.0,0.0,0.0,0.0,0.0,0.0,0.3261,1.2681,,,,,,,,,,,,,,,,,,,,,0.0,0.0,,,,,,,,0.0,1.0,8811.0,319.2391,0.215951,1151.7391,1614.7826,9.0,0.3261,8.0,0.2899,3.0,30.0,1.087,8587,4933,178.7319,0.194343,8625.0,,,207.0,207.0,0.0,,,7.5,3425.0,4873.0,83.0,3200.0,4617.0,82.0,225.0,256.0,1.0,0.0,1.0,0.0,0.0,1.0,0.0,5113.0,7509.0,129.0,5248.0,7628.0,134.0,-135.0,-119.0,-5.0,0.0,1.0,1.0,0.0,1.0,0.0,6778.0,10114.0,175.0,7156.0,10137.0,175.0,-378.0,-23.0,0.0,0.0,3.0,1.0,0.0,4.0,0.0,7844.0,11207.0,195.0,10254.0,13724.0,211.0,-2410.0,-2517.0,-16.0,0.0,3.0,3.0,3.0,5.0,0.0
ESPORTSTMNT05_3222093,complete,,EM,2023,Spring,0,2023-04-04 17:42:17,1,13.06,2,Blue,jng,Skude,oe:player:00558cb3daa73e60ba4af7e7060e6e2,RA'AD,oe:team:6a4c502c27267c22c54b431be11b43f,Wukong,Yone,Varus,Gragas,Lulu,Rakan,,,,,,1656,0,4,6,5,9,26,0.0,0.0,0.0,0.0,0.0,0.0,0.0,0.0,0.3261,1.2681,,,,,,,,,,,,,,,,,,,,,0.0,1.0,,,,,,,,0.0,0.0,8889.0,322.0652,0.217862,1060.8696,769.9638,8.0,0.2899,5.0,0.1812,8.0,25.0,0.9058,9310,5656,204.9275,0.222826,9225.0,,,148.0,21.0,127.0,,,5.3623,3158.0,2973.0,50.0,3014.0,2695.0,48.0,144.0,278.0,2.0,1.0,1.0,0.0,1.0,0.0,1.0,5255.0,5246.0,79.0,4849.0,5307.0,80.0,406.0,-61.0,-1.0,2.0,3.0,1.0,2.0,1.0,1.0,6881.0,7784.0,114.0,6769.0,7500.0,107.0,112.0,284.0,7.0,2.0,5.0,2.0,3.0,2.0,2.0,8500.0,9818.0,143.0,8477.0,10154.0,125.0,23.0,-336.0,18.0,3.0,5.0,4.0,3.0,4.0,3.0
ESPORTSTMNT05_3222093,complete,,EM,2023,Spring,0,2023-04-04 17:42:17,1,13.06,3,Blue,mid,Hunt,oe:player:f683aadb1720a4a1766fcfc3b6d3ef5,RA'AD,oe:team:6a4c502c27267c22c54b431be11b43f,Veigar,Yone,Varus,Gragas,Lulu,Rakan,,,,,,1656,0,0,4,5,9,26,0.0,0.0,0.0,0.0,0.0,0.0,0.0,1.0,0.3261,1.2681,,,,,,,,,,,,,,,,,,,,,0.0,0.0,,,,,,,,0.0,2.0,7891.0,285.9058,0.193402,549.0942,296.3768,10.0,0.3623,4.0,0.1449,2.0,40.0,1.4493,8744,5090,184.4203,0.200528,8200.0,,,221.0,219.0,2.0,,,8.0072,3009.0,4504.0,76.0,4170.0,4813.0,84.0,-1161.0,-309.0,-8.0,0.0,1.0,1.0,2.0,1.0,0.0,4860.0,7306.0,125.0,6775.0,7383.0,130.0,-1915.0,-77.0,-5.0,0.0,4.0,1.0,5.0,2.0,0.0,6190.0,8869.0,155.0,10279.0,11327.0,189.0,-4089.0,-2458.0,-34.0,0.0,4.0,2.0,8.0,3.0,0.0,7808.0,12116.0,195.0,14856.0,15487.0,246.0,-7048.0,-3371.0,-51.0,0.0,5.0,3.0,12.0,5.0,0.0
ESPORTSTMNT05_3222093,complete,,EM,2023,Spring,0,2023-04-04 17:42:17,1,13.06,4,Blue,bot,san1,oe:player:f581f857e43aea4c5b241874f8a4394,RA'AD,oe:team:6a4c502c27267c22c54b431be11b43f,Senna,Yone,Varus,Gragas,Lulu,Rakan,,,,,,1656,0,4,6,4,9,26,1.0,0.0,0.0,0.0,0.0,0.0,0.0,0.0,0.3261,1.2681,,,,,,,,,,,,,,,,,,,,,0.0,0.0,,,,,,,,0.0,0.0,11309.0,409.7464,0.277175,396.413,236.558,32.0,1.1594,13.0,0.471,7.0,58.0,2.1014,8083,4429,160.471,0.174488,7375.0,,,37.0,33.0,4.0,,,1.3406,2901.0,2084.0,11.0,3357.0,3640.0,85.0,-456.0,-1556.0,-74.0,1.0,1.0,1.0,0.0,2.0,0.0,4707.0,3750.0,17.0,5418.0,5631.0,127.0,-711.0,-1881.0,-110.0,2.0,3.0,3.0,0.0,4.0,1.0,6471.0,5270.0,23.0,7395.0,7530.0,171.0,-924.0,-2260.0,-148.0,4.0,3.0,4.0,0.0,7.0,2.0,7549.0,6735.0,34.0,10335.0,11523.0,217.0,-2786.0,-4788.0,-183.0,4.0,4.0,5.0,0.0,12.0,2.0
ESPORTSTMNT05_3222093,complete,,EM,2023,Spring,0,2023-04-04 17:42:17,1,13.06,5,Blue,sup,B Butcher,oe:player:f9c3db5fdf2c5fb45f552127922d105,RA'AD,oe:team:6a4c502c27267c22c54b431be11b43f,Cho'Gath,Yone,Varus,Gragas,Lulu,Rakan,,,,,,1656,0,1,5,6,9,26,0.0,0.0,0.0,0.0,0.0,0.0,0.0,0.0,0.3261,1.2681,,,,,,,,,,,,,,,,,,,,,0.0,0.0,,,,,,,,0.0,0.0,3901.0,141.3406,0.0956104,681.8841,595.2174,5.0,0.1812,9.0,0.3261,5.0,35.0,1.2681,8929,5275,191.1232,0.207816,7650.0,,,181.0,181.0,0.0,,,6.558,3315.0,3593.0,75.0,2154.0,1901.0,21.0,1161.0,1692.0,54.0,0.0,1.0,1.0,0.0,1.0,1.0,5475.0,5711.0,120.0,3058.0,3033.0,27.0,2417.0,2678.0,93.0,1.0,2.0,1.0,0.0,2.0,3.0,6962.0,7330.0,152.0,4355.0,5105.0,33.0,2607.0,2225.0,119.0,1.0,4.0,2.0,0.0,4.0,3.0,8127.0,8769.0,170.0,6451.0,8157.0,36.0,1676.0,612.0,134.0,1.0,5.0,4.0,1.0,8.0,3.0
ESPORTSTMNT05_3222093,complete,,EM,2023,Spring,0,2023-04-04 17:42:17,1,13.06,6,Red,top,Robocop,oe:player:bf0fcdb863d11c4f6e7802f434de734,Entropiq,oe:team:06554c70cfe8a6be14b004b3c18abe6,Gwen,Rumble,Jayce,Xayah,Taliyah,Lissandra,,,,,,1656,1,5,0,5,26,9,1.0,0.0,0.0,0.0,0.0,0.0,0.0,0.0,0.942,1.2681,,,,,,,,,,,,,,,,,,,,,0.0,0.0,,,,,,,,1.0,0.0,22530.0,816.3043,0.271279,532.4275,437.4638,16.0,0.5797,7.0,0.2536,6.0,43.0,1.558,11823,8169,295.9783,0.207388,11400.0,,,227.0,219.0,8.0,,,8.2246,3200.0,4617.0,82.0,3425.0,4873.0,83.0,-225.0,-256.0,-1.0,0.0,1.0,0.0,0.0,1.0,0.0,5248.0,7628.0,134.0,5113.0,7509.0,129.0,135.0,119.0,5.0,0.0,1.0,0.0,0.0,1.0,1.0,7156.0,10137.0,175.0,6778.0,10114.0,175.0,378.0,23.0,0.0,0.0,4.0,0.0,0.0,3.0,1.0,10254.0,13724.0,211.0,7844.0,11207.0,195.0,2410.0,2517.0,16.0,3.0,5.0,0.0,0.0,3.0,3.0
ESPORTSTMNT05_3222093,complete,,EM,2023,Spring,0,2023-04-04 17:42:17,1,13.06,7,Red,jng,Zicssi,oe:player:060e16e1c91434827c294bac52e8b47,Entropiq,oe:team:06554c70cfe8a6be14b004b3c18abe6,Vi,Rumble,Jayce,Xayah,Taliyah,Lissandra,,,,,,1656,1,4,3,6,26,9,0.0,0.0,0.0,0.0,1.0,1.0,0.0,0.0,0.942,1.2681,,,,,,,,,,,,,,,,,,,,,1.0,0.0,,,,,,,,0.0,0.0,7869.0,285.1087,0.094749,757.7536,1093.0072,7.0,0.2536,7.0,0.2536,6.0,46.0,1.6667,9611,5957,215.8333,0.151232,8900.0,,,127.0,15.0,112.0,,,4.6014,3014.0,2695.0,48.0,3158.0,2973.0,50.0,-144.0,-278.0,-2.0,1.0,0.0,1.0,1.0,1.0,0.0,4849.0,5307.0,80.0,5255.0,5246.0,79.0,-406.0,61.0,1.0,2.0,1.0,1.0,2.0,3.0,1.0,6769.0,7500.0,107.0,6881.0,7784.0,114.0,-112.0,-284.0,-7.0,3.0,2.0,2.0,2.0,5.0,2.0,8477.0,10154.0,125.0,8500.0,9818.0,143.0,-23.0,336.0,-18.0,3.0,4.0,3.0,3.0,5.0,4.0
ESPORTSTMNT05_3222093,complete,,EM,2023,Spring,0,2023-04-04 17:42:17,1,13.06,8,Red,mid,Jackies,oe:player:204746c853a12888ad72d8035cdf8c7,Entropiq,oe:team:06554c70cfe8a6be14b004b3c18abe6,Ahri,Rumble,Jayce,Xayah,Taliyah,Lissandra,,,,,,1656,1,13,0,7,26,9,4.0,0.0,0.0,0.0,1.0,0.0,1.0,0.0,0.942,1.2681,,,,,,,,,,,,,,,,,,,,,0.0,0.0,,,,,,,,2.0,0.0,27328.0,990.1449,0.329051,323.442,178.9493,8.0,0.2899,5.0,0.1812,4.0,28.0,1.0145,16762,13108,474.9275,0.332772,16050.0,,,266.0,247.0,19.0,,,9.6377,4170.0,4813.0,84.0,3009.0,4504.0,76.0,1161.0,309.0,8.0,2.0,1.0,0.0,0.0,1.0,1.0,6775.0,7383.0,130.0,4860.0,7306.0,125.0,1915.0,77.0,5.0,5.0,2.0,0.0,0.0,4.0,1.0,10279.0,11327.0,189.0,6190.0,8869.0,155.0,4089.0,2458.0,34.0,8.0,3.0,0.0,0.0,4.0,2.0,14856.0,15487.0,246.0,7808.0,12116.0,195.0,7048.0,3371.0,51.0,12.0,5.0,0.0,0.0,5.0,3.0
ESPORTSTMNT05_3222093,complete,,EM,2023,Spring,0,2023-04-04 17:42:17,1,13.06,9,Red,bot,Khantos,oe:player:58cff57941b3605087bb9208b3d76d0,Entropiq,oe:team:06554c70cfe8a6be14b004b3c18abe6,Zeri,Rumble,Jayce,Xayah,Taliyah,Lissandra,,,,,,1656,1,3,2,12,26,9,1.0,0.0,0.0,0.0,0.0,0.0,0.0,0.0,0.942,1.2681,,,,,,,,,,,,,,,,,,,,,0.0,0.0,,,,,,,,0.0,0.0,19708.0,714.058,0.2373,369.1304,325.0,13.0,0.471,9.0,0.3261,5.0,36.0,1.3043,12059,8405,304.529,0.213379,11025.0,,,236.0,208.0,28.0,,,8.5507,3357.0,3640.0,85.0,2901.0,2084.0,11.0,456.0,1556.0,74.0,0.0,2.0,0.0,1.0,1.0,1.0,5418.0,5631.0,127.0,4707.0,3750.0,17.0,711.0,1881.0,110.0,0.0,4.0,1.0,2.0,3.0,3.0,7395.0,7530.0,171.0,6471.0,5270.0,23.0,924.0,2260.0,148.0,0.0,7.0,2.0,4.0,3.0,4.0,10335.0,11523.0,217.0,7549.0,6735.0,34.0,2786.0,4788.0,183.0,0.0,12.0,2.0,4.0,4.0,5.0
ESPORTSTMNT05_3222093,complete,,EM,2023,Spring,0,2023-04-04 17:42:17,1,13.06,10,Red,sup,denyk,oe:player:9adc23fff49c05d7b22cfd79ca1841d,Entropiq,oe:team:06554c70cfe8a6be14b004b3c18abe6,Nautilus,Rumble,Jayce,Xayah,Taliyah,Lissandra,,,,,,1656,1,1,4,11,26,9,0.0,0.0,0.0,0.0,0.0,0.0,0.0,0.0,0.942,1.2681,,,,,,,,,,,,,,,,,,,,,0.0,0.0,,,,,,,,0.0,0.0,5616.0,203.4783,0.0676211,384.7101,488.5145,37.0,1.3406,9.0,0.3261,12.0,67.0,2.4275,7405,3751,135.9058,0.0952293,6850.0,,,39.0,39.0,0.0,,,1.413,2154.0,1901.0,21.0,3315.0,3593.0,75.0,-1161.0,-1692.0,-54.0,0.0,1.0,1.0,0.0,1.0,1.0,3058.0,3033.0,27.0,5475.0,5711.0,120.0,-2417.0,-2678.0,-93.0,0.0,2.0,3.0,1.0,2.0,1.0,4355.0,5105.0,33.0,6962.0,7330.0,152.0,-2607.0,-2225.0,-119.0,0.0,4.0,3.0,1.0,4.0,2.0,6451.0,8157.0,36.0,8127.0,8769.0,170.0,-1676.0,-612.0,-134.0,1.0,8.0,3.0,1.0,5.0,4.0
ESPORTSTMNT05_3222093,complete,,EM,2023,Spring,0,2023-04-04 17:42:17,1,13.06,100,Blue,team,,,RA'AD,oe:team:6a4c502c27267c22c54b431be11b43f,,Yone,Varus,Gragas,Lulu,Rakan,Cho'Gath,Senna,Wukong,Veigar,Sion,1656,0,9,26,23,9,26,1.0,0.0,0.0,0.0,0.0,,,,0.3261,1.2681,1.0,1.0,3.0,1.0,3.0,0.0,0.0,0.0,0.0,0.0,1.0,,0.0,0.0,1.0,1.0,1.0,,,0.0,0.0,1.0,1.0,1.0,11.0,0.0,0.0,4.0,4.0,0.0,3.0,40801.0,1478.2971,,3840.0,3512.8986,64.0,2.3188,39.0,1.413,25.0,188.0,6.8116,43653,25384,919.7101,,41075.0,-0.275971,-2.0,,661.0,133.0,,,28.7681,15808.0,18027.0,295.0,15895.0,17666.0,320.0,-87.0,361.0,-25.0,2.0,5.0,3.0,3.0,5.0,2.0,25410.0,29522.0,470.0,25348.0,28982.0,498.0,62.0,540.0,-28.0,5.0,13.0,7.0,7.0,10.0,5.0,33282.0,39367.0,619.0,35954.0,41599.0,675.0,-2672.0,-2232.0,-56.0,7.0,19.0,11.0,11.0,20.0,7.0,39828.0,48645.0,737.0,50373.0,59045.0,835.0,-10545.0,-10400.0,-98.0,8.0,22.0,19.0,19.0,34.0,8.0
ESPORTSTMNT05_3222093,complete,,EM,2023,Spring,0,2023-04-04 17:42:17,1,13.06,200,Red,team,,,Entropiq,oe:team:06554c70cfe8a6be14b004b3c18abe6,,Rumble,Jayce,Xayah,Taliyah,Lissandra,Vi,Zeri,Ahri,Nautilus,Gwen,1656,1,26,9,41,26,9,6.0,0.0,0.0,0.0,1.0,,,,0.942,1.2681,0.0,3.0,1.0,3.0,1.0,2.0,0.0,0.0,1.0,0.0,0.0,,0.0,0.0,0.0,1.0,1.0,,,1.0,1.0,0.0,0.0,11.0,1.0,1.0,1.0,4.0,4.0,3.0,0.0,83051.0,3009.0942,,2367.4638,2522.9348,81.0,2.9348,37.0,1.3406,33.0,220.0,7.971,57660,39391,1427.2101,,54225.0,0.275971,2.0,,728.0,167.0,,,32.4275,15895.0,17666.0,320.0,15808.0,18027.0,295.0,87.0,-361.0,25.0,3.0,5.0,2.0,2.0,5.0,3.0,25348.0,28982.0,498.0,25410.0,29522.0,470.0,-62.0,-540.0,28.0,7.0,10.0,5.0,5.0,13.0,7.0,35954.0,41599.0,675.0,33282.0,39367.0,619.0,2672.0,2232.0,56.0,11.0,20.0,7.0,7.0,19.0,11.0,50373.0,59045.0,835.0,39828.0,48645.0,737.0,10545.0,10400.0,98.0,19.0,34.0,8.0,8.0,22.0,19.0
ESPORTSTMNT05_3220100,complete,,EM,2023,Spring,0,2023-04-04 17:59:33,1,13.06,1,Blue,top,Kektz,oe:player:f5ea6213c328518f2840a59bf48acec,Diamant Esports,oe:team:830f05a5024d0794bd8d5b598b2432b,Gangplank,Syndra,Rakan,Gragas,Cassiopeia,Sion,,,,,,1974,1,2,1,6,12,6,1.0,0.0,0.0,0.0,0.0,0.0,0.0,0.0,0.3647,0.5471,,,,,,,,,,,,,,,,,,,,,0.0,0.0,,,,,,,,0.0,0.0,21129.0,642.2188,0.328657,449.1489,350.6991,14.0,0.4255,4.0,0.1216,4.0,40.0,1.2158,16775,12472,379.0881,0.284154,15250.0,,,316.0,300.0,16.0,,,9.6049,3607.0,4698.0,82.0,3310.0,4814.0,88.0,297.0,-116.0,-6.0,0.0,2.0,0.0,0.0,0.0,0.0,5791.0,7696.0,140.0,5013.0,7589.0,138.0,778.0,107.0,2.0,0.0,3.0,0.0,0.0,0.0,0.0,9020.0,10957.0,206.0,6475.0,9935.0,174.0,2545.0,1022.0,32.0,0.0,3.0,0.0,0.0,0.0,0.0,11807.0,14315.0,249.0,7905.0,12076.0,203.0,3902.0,2239.0,46.0,0.0,4.0,0.0,0.0,0.0,0.0
ESPORTSTMNT05_3220100,complete,,EM,2023,Spring,0,2023-04-04 17:59:33,1,13.06,2,Blue,jng,Mafro,oe:player:cd521f662fbbec89f03a900e7d9bb63,Diamant Esports,oe:team:830f05a5024d0794bd8d5b598b2432b,Xin Zhao,Syndra,Rakan,Gragas,Cassiopeia,Sion,,,,,,1974,1,1,2,6,12,6,0.0,0.0,0.0,0.0,0.0,0.0,0.0,0.0,0.3647,0.5471,,,,,,,,,,,,,,,,,,,,,2.0,0.0,,,,,,,,0.0,0.0,4907.0,149.1489,0.0763272,854.5289,720.7295,10.0,0.304,13.0,0.3951,8.0,50.0,1.5198,10236,5933,180.3343,0.135179,8600.0,,,150.0,22.0,128.0,,,4.5593,3369.0,3210.0,57.0,3106.0,3062.0,59.0,263.0,148.0,-2.0,1.0,1.0,1.0,0.0,3.0,2.0,5099.0,5353.0,91.0,4440.0,4907.0,84.0,659.0,446.0,7.0,1.0,2.0,2.0,0.0,4.0,3.0,6483.0,6912.0,108.0,5997.0,7692.0,122.0,486.0,-780.0,-14.0,1.0,2.0,2.0,0.0,4.0,3.0,7952.0,9491.0,122.0,7161.0,9007.0,135.0,791.0,484.0,-13.0,1.0,3.0,2.0,0.0,5.0,4.0
ESPORTSTMNT05_3220100,complete,,EM,2023,Spring,0,2023-04-04 17:59:33,1,13.06,3,Blue,mid,Diva,oe:player:72de20c106a52f0aaf21bd650af81bd,Diamant Esports,oe:team:830f05a5024d0794bd8d5b598b2432b,Annie,Syndra,Rakan,Gragas,Cassiopeia,Sion,,,,,,1974,1,3,1,8,12,6,0.0,0.0,0.0,0.0,0.0,0.0,0.0,0.0,0.3647,0.5471,,,,,,,,,,,,,,,,,,,,,0.0,0.0,,,,,,,,0.0,0.0,12183.0,370.304,0.189504,412.7356,456.2918,25.0,0.7599,19.0,0.5775,12.0,73.0,2.2188,13175,8872,269.6657,0.202137,12250.0,,,247.0,238.0,9.0,,,7.5076,3797.0,4508.0,79.0,3806.0,4789.0,87.0,-9.0,-281.0,-8.0,2.0,1.0,0.0,2.0,1.0,1.0,5490.0,7407.0,133.0,5733.0,7916.0,143.0,-243.0,-509.0,-10.0,2.0,2.0,0.0,2.0,2.0,1.0,7604.0,10847.0,169.0,8056.0,10905.0,199.0,-452.0,-58.0,-30.0,2.0,2.0,0.0,2.0,2.0,1.0,10081.0,13229.0,200.0,9935.0,13039.0,228.0,146.0,190.0,-28.0,3.0,4.0,1.0,3.0,2.0,1.0
ESPORTSTMNT05_3220100,complete,,EM,2023,Spring,0,2023-04-04 17:59:33,1,13.06,4,Blue,bot,Shy Carry,oe:player:af020342617bd4e5c5da5a4c31ff591,Diamant Esports,oe:team:830f05a5024d0794bd8d5b598b2432b,Jinx,Syndra,Rakan,Gragas,Cassiopeia,Sion,,,,,,1974,1,6,0,4,12,6,1.0,0.0,0.0,0.0,0.0,0.0,0.0,0.0,0.3647,0.5471,,,,,,,,,,,,,,,,,,,,,0.0,0.0,,,,,,,,1.0,0.0,23765.0,722.3404,0.369659,250.6383,166.535,12.0,0.3647,13.0,0.3951,2.0,56.0,1.7021,17353,13050,396.6565,0.297323,13600.0,,,367.0,319.0,48.0,,,11.155,3757.0,3589.0,86.0,3479.0,3030.0,72.0,278.0,559.0,14.0,0.0,2.0,0.0,1.0,2.0,0.0,6298.0,5653.0,140.0,5680.0,5232.0,132.0,618.0,421.0,8.0,1.0,2.0,0.0,2.0,2.0,0.0,8787.0,8053.0,211.0,7572.0,7240.0,183.0,1215.0,813.0,28.0,1.0,2.0,0.0,2.0,2.0,0.0,12446.0,11621.0,283.0,9833.0,9518.0,241.0,2613.0,2103.0,42.0,3.0,2.0,0.0,2.0,2.0,0.0
ESPORTSTMNT05_3220100,complete,,EM,2023,Spring,0,2023-04-04 17:59:33,1,13.06,5,Blue,sup,Wojtus,oe:player:a93e0326b85f0312cf1b451e175a7a0,Diamant Esports,oe:team:830f05a5024d0794bd8d5b598b2432b,Nautilus,Syndra,Rakan,Gragas,Cassiopeia,Sion,,,,,,1974,1,0,2,5,12,6,0.0,0.0,0.0,0.0,0.0,0.0,0.0,1.0,0.3647,0.5471,,,,,,,,,,,,,,,,,,,,,0.0,0.0,,,,,,,,0.0,0.0,2305.0,70.0608,0.0358537,284.2249,443.0699,43.0,1.307,15.0,0.4559,10.0,101.0,3.0699,7867,3564,108.3283,0.0812071,6700.0,,,39.0,39.0,0.0,,,1.1854,2250.0,2072.0,17.0,2225.0,2108.0,15.0,25.0,-36.0,2.0,0.0,2.0,2.0,0.0,3.0,0.0,3498.0,3462.0,30.0,3356.0,3627.0,24.0,142.0,-165.0,6.0,0.0,3.0,2.0,0.0,4.0,0.0,4563.0,4825.0,35.0,4316.0,4828.0,30.0,247.0,-3.0,5.0,0.0,3.0,2.0,0.0,4.0,0.0,6057.0,6909.0,35.0,5238.0,6136.0,31.0,819.0,773.0,4.0,0.0,4.0,2.0,0.0,5.0,2.0
ESPORTSTMNT05_3220100,complete,,EM,2023,Spring,0,2023-04-04 17:59:33,1,13.06,6,Red,top,StenBosse,oe:player:b366e140eae91b8d8f8c03294238f32,aNc Outplayed,oe:team:cd6b4265231d4ba346274357681c335,K'Sante,Vi,Kennen,Wukong,Gnar,Ahri,,,,,,1974,0,0,1,0,6,12,0.0,0.0,0.0,0.0,0.0,0.0,0.0,0.0,0.1824,0.5471,,,,,,,,,,,,,,,,,,,,,0.0,0.0,,,,,,,,0.0,0.0,6433.0,195.5319,0.142003,515.5623,905.0152,15.0,0.4559,8.0,0.2432,5.0,41.0,1.2462,10522,6219,189.0274,0.209112,9775.0,,,267.0,267.0,0.0,,,8.1155,3310.0,4814.0,88.0,3607.0,4698.0,82.0,-297.0,116.0,6.0,0.0,0.0,0.0,0.0,2.0,0.0,5013.0,7589.0,138.0,5791.0,7696.0,140.0,-778.0,-107.0,-2.0,0.0,0.0,0.0,0.0,3.0,0.0,6475.0,9935.0,174.0,9020.0,10957.0,206.0,-2545.0,-1022.0,-32.0,0.0,0.0,0.0,0.0,3.0,0.0,7905.0,12076.0,203.0,11807.0,14315.0,249.0,-3902.0,-2239.0,-46.0,0.0,0.0,0.0,0.0,4.0,0.0
ESPORTSTMNT05_3220100,complete,,EM,2023,Spring,0,2023-04-04 17:59:33,1,13.06,7,Red,jng,Stefan,oe:player:752b048c76633399b04f6e87a8b211c,aNc Outplayed,oe:team:cd6b4265231d4ba346274357681c335,Lee Sin,Vi,Kennen,Wukong,Gnar,Ahri,,,,,,1974,0,0,5,6,6,12,0.0,0.0,0.0,0.0,1.0,0.0,1.0,0.0,0.1824,0.5471,,,,,,,,,,,,,,,,,,,,,0.0,2.0,,,,,,,,0.0,0.0,8384.0,254.8328,0.185069,911.2766,958.2979,17.0,0.5167,8.0,0.2432,8.0,46.0,1.3982,8658,4355,132.3708,0.14644,8300.0,,,150.0,22.0,128.0,,,4.5593,3106.0,3062.0,59.0,3369.0,3210.0,57.0,-263.0,-148.0,2.0,0.0,3.0,2.0,1.0,1.0,1.0,4440.0,4907.0,84.0,5099.0,5353.0,91.0,-659.0,-446.0,-7.0,0.0,4.0,3.0,1.0,2.0,2.0,5997.0,7692.0,122.0,6483.0,6912.0,108.0,-486.0,780.0,14.0,0.0,4.0,3.0,1.0,2.0,2.0,7161.0,9007.0,135.0,7952.0,9491.0,122.0,-791.0,-484.0,13.0,0.0,5.0,4.0,1.0,3.0,2.0
ESPORTSTMNT05_3220100,complete,,EM,2023,Spring,0,2023-04-04 17:59:33,1,13.06,8,Red,mid,Dehaste,oe:player:5f4898a107d2948045588584562be3f,aNc Outplayed,oe:team:cd6b4265231d4ba346274357681c335,Karma,Vi,Kennen,Wukong,Gnar,Ahri,,,,,,1974,0,3,2,3,6,12,1.0,0.0,0.0,0.0,1.0,0.0,1.0,0.0,0.1824,0.5471,,,,,,,,,,,,,,,,,,,,,0.0,0.0,,,,,,,,0.0,0.0,14414.0,438.1155,0.318176,442.6444,452.9483,13.0,0.3951,6.0,0.1824,5.0,37.0,1.1246,11732,7429,225.8055,0.249795,11610.0,,,263.0,259.0,4.0,,,7.9939,3806.0,4789.0,87.0,3797.0,4508.0,79.0,9.0,281.0,8.0,2.0,1.0,1.0,2.0,1.0,0.0,5733.0,7916.0,143.0,5490.0,7407.0,133.0,243.0,509.0,10.0,2.0,2.0,1.0,2.0,2.0,0.0,8056.0,10905.0,199.0,7604.0,10847.0,169.0,452.0,58.0,30.0,2.0,2.0,1.0,2.0,2.0,0.0,9935.0,13039.0,228.0,10081.0,13229.0,200.0,-146.0,-190.0,28.0,3.0,2.0,1.0,3.0,4.0,1.0
ESPORTSTMNT05_3220100,complete,,EM,2023,Spring,0,2023-04-04 17:59:33,1,13.06,9,Red,bot,Ellam,oe:player:6a9dedd375fda0d451a45fa9809875e,aNc Outplayed,oe:team:cd6b4265231d4ba346274357681c335,Xayah,Vi,Kennen,Wukong,Gnar,Ahri,,,,,,1974,0,3,1,2,6,12,0.0,0.0,0.0,0.0,1.0,1.0,0.0,0.0,0.1824,0.5471,,,,,,,,,,,,,,,,,,,,,0.0,0.0,,,,,,,,0.0,1.0,11834.0,359.696,0.261225,463.7082,415.7751,14.0,0.4255,9.0,0.2736,5.0,37.0,1.1246,13885,9582,291.2462,0.322183,13825.0,,,330.0,298.0,32.0,,,10.0304,3479.0,3030.0,72.0,3757.0,3589.0,86.0,-278.0,-559.0,-14.0,1.0,2.0,0.0,0.0,2.0,0.0,5680.0,5232.0,132.0,6298.0,5653.0,140.0,-618.0,-421.0,-8.0,2.0,2.0,0.0,1.0,2.0,0.0,7572.0,7240.0,183.0,8787.0,8053.0,211.0,-1215.0,-813.0,-28.0,2.0,2.0,0.0,1.0,2.0,0.0,9833.0,9518.0,241.0,12446.0,11621.0,283.0,-2613.0,-2103.0,-42.0,2.0,2.0,0.0,3.0,2.0,0.0
ESPORTSTMNT05_3220100,complete,,EM,2023,Spring,0,2023-04-04 17:59:33,1,13.06,10,Red,sup,Venzer,oe:player:dd4e48d56d876e846579c9e5c64d965,aNc Outplayed,oe:team:cd6b4265231d4ba346274357681c335,Renata Glasc,Vi,Kennen,Wukong,Gnar,Ahri,,,,,,1974,0,0,3,5,6,12,0.0,0.0,0.0,0.0,1.0,0.0,1.0,0.0,0.1824,0.5471,,,,,,,,,,,,,,,,,,,,,0.0,0.0,,,,,,,,0.0,0.0,4237.0,128.7842,0.0935279,465.3495,393.5562,49.0,1.4894,9.0,0.2736,18.0,74.0,2.2492,6458,2155,65.5015,0.0724708,5850.0,,,34.0,34.0,0.0,,,1.0334,2225.0,2108.0,15.0,2250.0,2072.0,17.0,-25.0,36.0,-2.0,0.0,3.0,0.0,0.0,2.0,2.0,3356.0,3627.0,24.0,3498.0,3462.0,30.0,-142.0,165.0,-6.0,0.0,4.0,0.0,0.0,3.0,2.0,4316.0,4828.0,30.0,4563.0,4825.0,35.0,-247.0,3.0,-5.0,0.0,4.0,0.0,0.0,3.0,2.0,5238.0,6136.0,31.0,6057.0,6909.0,35.0,-819.0,-773.0,-4.0,0.0,5.0,2.0,0.0,4.0,2.0
ESPORTSTMNT05_3220100,complete,,EM,2023,Spring,0,2023-04-04 17:59:33,1,13.06,100,Blue,team,,,Diamant Esports,oe:team:830f05a5024d0794bd8d5b598b2432b,,Syndra,Rakan,Gragas,Cassiopeia,Sion,Annie,Jinx,Xin Zhao,Gangplank,Nautilus,1974,1,12,6,29,12,6,2.0,0.0,0.0,0.0,0.0,,,,0.3647,0.5471,0.0,3.0,2.0,3.0,2.0,0.0,0.0,2.0,0.0,0.0,1.0,,0.0,0.0,1.0,2.0,0.0,,,1.0,2.0,0.0,0.0,9.0,3.0,1.0,1.0,5.0,2.0,1.0,0.0,64289.0,1954.0729,,2251.2766,2137.3252,104.0,3.1611,64.0,1.9453,36.0,320.0,9.7264,65406,43893,1334.1337,,56400.0,0.133132,2.55,,918.0,201.0,,,34.0122,16780.0,18077.0,321.0,15926.0,17803.0,321.0,854.0,274.0,0.0,3.0,8.0,3.0,3.0,9.0,3.0,26176.0,29571.0,534.0,24222.0,29271.0,521.0,1954.0,300.0,13.0,4.0,12.0,4.0,4.0,12.0,4.0,36457.0,41594.0,729.0,32416.0,40600.0,708.0,4041.0,994.0,21.0,4.0,12.0,4.0,4.0,12.0,4.0,48343.0,55565.0,889.0,40072.0,49776.0,838.0,8271.0,5789.0,51.0,7.0,17.0,5.0,5.0,14.0,7.0
ESPORTSTMNT05_3220100,complete,,EM,2023,Spring,0,2023-04-04 17:59:33,1,13.06,200,Red,team,,,aNc Outplayed,oe:team:cd6b4265231d4ba346274357681c335,,Vi,Kennen,Wukong,Gnar,Ahri,Xayah,Lee Sin,Karma,K'Sante,Renata Glasc,1974,0,6,12,16,6,12,1.0,0.0,0.0,0.0,1.0,,,,0.1824,0.5471,1.0,2.0,3.0,2.0,3.0,0.0,1.0,1.0,0.0,0.0,0.0,,0.0,0.0,0.0,0.0,2.0,,,0.0,0.0,2.0,1.0,3.0,9.0,0.0,0.0,2.0,5.0,0.0,1.0,45302.0,1376.9605,,2798.541,3125.5927,108.0,3.2827,40.0,1.2158,41.0,235.0,7.1429,51255,29742,904.0122,,49360.0,-0.133132,-2.55,,880.0,164.0,,,31.7325,15926.0,17803.0,321.0,16780.0,18077.0,321.0,-854.0,-274.0,0.0,3.0,9.0,3.0,3.0,8.0,3.0,24222.0,29271.0,521.0,26176.0,29571.0,534.0,-1954.0,-300.0,-13.0,4.0,12.0,4.0,4.0,12.0,4.0,32416.0,40600.0,708.0,36457.0,41594.0,729.0,-4041.0,-994.0,-21.0,4.0,12.0,4.0,4.0,12.0,4.0,40072.0,49776.0,838.0,48343.0,55565.0,889.0,-8271.0,-5789.0,-51.0,5.0,14.0,7.0,7.0,17.0,5.0
ESPORTSTMNT05_3222094,complete,,EM,2023,Spring,0,2023-04-04 18:27:20,1,13.06,1,Blue,top,Juzu,oe:player:a61da83af5e3738845fa6dd56e1d41a,Papara SuperMassive,oe:team:5203ff881d5c82c5f720eb3a2f3b44c,K'Sante,Rell,Olaf,Pyke,Nautilus,Ashe,,,,,,3044,0,9,4,12,31,32,0.0,0.0,0.0,0.0,0.0,0.0,0.0,0.0,0.611,1.2418,,,,,,,,,,,,,,,,,,,,,0.0,0.0,,,,,,,,0.0,1.0,32513.0,640.8607,0.193124,944.5072,2601.071,11.0,0.2168,12.0,0.2365,5.0,50.0,0.9855,20586,14101,277.9435,0.22057,18625.0,,,352.0,343.0,9.0,,,6.9382,3463.0,5090.0,92.0,3361.0,4823.0,82.0,102.0,267.0,10.0,0.0,0.0,0.0,0.0,0.0,0.0,5635.0,7862.0,145.0,5547.0,7502.0,124.0,88.0,360.0,21.0,1.0,0.0,0.0,2.0,0.0,0.0,8417.0,10632.0,190.0,7401.0,10314.0,176.0,1016.0,318.0,14.0,3.0,1.0,0.0,2.0,1.0,0.0,10084.0,12102.0,204.0,9386.0,13289.0,209.0,698.0,-1187.0,-5.0,5.0,5.0,2.0,3.0,7.0,0.0
ESPORTSTMNT05_3222094,complete,,EM,2023,Spring,0,2023-04-04 18:27:20,1,13.06,2,Blue,jng,Haru,oe:player:2736a0eb19c2525920f8ff4af5086c0,Papara SuperMassive,oe:team:5203ff881d5c82c5f720eb3a2f3b44c,Lee Sin,Rell,Olaf,Pyke,Nautilus,Ashe,,,,,,3044,0,7,7,17,31,32,2.0,0.0,0.0,0.0,0.0,0.0,0.0,0.0,0.611,1.2418,,,,,,,,,,,,,,,,,,,,,2.0,1.0,,,,,,,,0.0,0.0,21218.0,418.226,0.126033,1104.3824,1954.2378,31.0,0.611,10.0,0.1971,21.0,73.0,1.4389,18217,11732,231.2484,0.183513,17050.0,,,236.0,33.0,203.0,,,4.6518,3211.0,3465.0,65.0,3068.0,3187.0,65.0,143.0,278.0,0.0,0.0,0.0,0.0,0.0,0.0,0.0,5062.0,5106.0,92.0,4996.0,5696.0,101.0,66.0,-590.0,-9.0,1.0,1.0,2.0,0.0,5.0,2.0,6888.0,7548.0,123.0,6832.0,8030.0,135.0,56.0,-482.0,-12.0,1.0,3.0,3.0,1.0,6.0,3.0,8557.0,9793.0,140.0,8944.0,10705.0,172.0,-387.0,-912.0,-32.0,2.0,8.0,5.0,2.0,8.0,4.0
ESPORTSTMNT05_3222094,complete,,EM,2023,Spring,0,2023-04-04 18:27:20,1,13.06,3,Blue,mid,Serin,oe:player:e3b8d5a9290fe0c7458dc01db4dc9dc,Papara SuperMassive,oe:team:5203ff881d5c82c5f720eb3a2f3b44c,Ahri,Rell,Olaf,Pyke,Nautilus,Ashe,,,,,,3044,0,4,6,18,31,32,0.0,0.0,0.0,0.0,0.0,0.0,0.0,0.0,0.611,1.2418,,,,,,,,,,,,,,,,,,,,,0.0,0.0,,,,,,,,1.0,1.0,36868.0,726.7017,0.218992,713.4363,438.548,7.0,0.138,11.0,0.2168,5.0,55.0,1.0841,19633,13148,259.159,0.205663,19210.0,,,373.0,353.0,20.0,,,7.3522,3244.0,4450.0,91.0,3207.0,5073.0,90.0,37.0,-623.0,1.0,0.0,0.0,0.0,0.0,0.0,0.0,4852.0,7157.0,134.0,5399.0,7500.0,125.0,-547.0,-343.0,9.0,0.0,1.0,1.0,2.0,4.0,0.0,6940.0,10012.0,181.0,7682.0,11046.0,186.0,-742.0,-1034.0,-5.0,0.0,4.0,1.0,3.0,5.0,0.0,9035.0,12410.0,214.0,11019.0,13694.0,220.0,-1984.0,-1284.0,-6.0,2.0,7.0,2.0,6.0,10.0,1.0
ESPORTSTMNT05_3222094,complete,,EM,2023,Spring,0,2023-04-04 18:27:20,1,13.06,4,Blue,bot,HolyPhoenix,oe:player:d129eb71d537fdbb2cd4c52703f51f4,Papara SuperMassive,oe:team:5203ff881d5c82c5f720eb3a2f3b44c,Xayah,Rell,Olaf,Pyke,Nautilus,Ashe,,,,,,3044,0,11,7,12,31,32,1.0,0.0,0.0,0.0,1.0,1.0,0.0,0.0,0.611,1.2418,,,,,,,,,,,,,,,,,,,,,1.0,0.0,,,,,,,,1.0,2.0,70273.0,1385.1445,0.417415,695.8541,617.7398,16.0,0.3154,14.0,0.276,2.0,65.0,1.2812,25552,19067,375.8279,0.298251,26900.0,,,447.0,372.0,75.0,,,8.8108,3566.0,3336.0,83.0,2975.0,2868.0,75.0,591.0,468.0,8.0,1.0,0.0,0.0,0.0,0.0,0.0,5524.0,5772.0,128.0,4542.0,4949.0,111.0,982.0,823.0,17.0,2.0,1.0,2.0,1.0,1.0,1.0,8471.0,8795.0,174.0,7007.0,7346.0,142.0,1464.0,1449.0,32.0,4.0,3.0,3.0,3.0,2.0,3.0,10795.0,10725.0,207.0,9633.0,9958.0,176.0,1162.0,767.0,31.0,5.0,5.0,4.0,6.0,7.0,5.0
ESPORTSTMNT05_3222094,complete,,EM,2023,Spring,0,2023-04-04 18:27:20,1,13.06,5,Blue,sup,Farfetch,oe:player:496ca7c65dbd4beffa678e62d9d4e8d,Papara SuperMassive,oe:team:5203ff881d5c82c5f720eb3a2f3b44c,Rakan,Rell,Olaf,Pyke,Nautilus,Ashe,,,,,,3044,0,0,8,21,31,32,0.0,0.0,0.0,0.0,1.0,0.0,1.0,0.0,0.611,1.2418,,,,,,,,,,,,,,,,,,,,,0.0,0.0,,,,,,,,0.0,0.0,7481.0,147.4573,0.0444364,610.2891,654.4612,86.0,1.6951,22.0,0.4336,18.0,164.0,3.2326,12367,5882,115.9396,0.0920038,11850.0,,,46.0,46.0,0.0,,,0.9067,2345.0,2511.0,15.0,2083.0,2621.0,15.0,262.0,-110.0,0.0,0.0,1.0,0.0,0.0,0.0,1.0,3356.0,3419.0,19.0,3544.0,3609.0,19.0,-188.0,-190.0,0.0,0.0,3.0,1.0,1.0,4.0,2.0,4724.0,4189.0,24.0,4847.0,4943.0,30.0,-123.0,-754.0,-6.0,0.0,4.0,3.0,1.0,6.0,3.0,5824.0,5808.0,29.0,6176.0,6938.0,34.0,-352.0,-1130.0,-5.0,0.0,9.0,5.0,1.0,12.0,5.0
ESPORTSTMNT05_3222094,complete,,EM,2023,Spring,0,2023-04-04 18:27:20,1,13.06,6,Red,top,Eyliph,oe:player:4b20700639bada36a5a58cc4a8e7135,Anorthosis Famagusta Esports,oe:team:5f1bc4a914b49c7b7ff4c2f1b8d8df9,Malphite,Kalista,Vi,Gragas,Sylas,LeBlanc,,,,,,3044,1,4,2,17,32,32,1.0,0.0,0.0,0.0,0.0,0.0,0.0,0.0,0.6307,1.2418,,,,,,,,,,,,,,,,,,,,,0.0,0.0,,,,,,,,1.0,0.0,28054.0,552.9698,0.162961,843.134,2703.3706,27.0,0.5322,16.0,0.3154,11.0,82.0,1.6163,19523,13038,256.9908,0.206138,17725.0,,,391.0,371.0,20.0,,,7.707,3361.0,4823.0,82.0,3463.0,5090.0,92.0,-102.0,-267.0,-10.0,0.0,0.0,0.0,0.0,0.0,0.0,5547.0,7502.0,124.0,5635.0,7862.0,145.0,-88.0,-360.0,-21.0,2.0,0.0,0.0,1.0,0.0,0.0,7401.0,10314.0,176.0,8417.0,10632.0,190.0,-1016.0,-318.0,-14.0,2.0,1.0,0.0,3.0,1.0,0.0,9386.0,13289.0,209.0,10084.0,12102.0,204.0,-698.0,1187.0,5.0,3.0,7.0,0.0,5.0,5.0,2.0
ESPORTSTMNT05_3222094,complete,,EM,2023,Spring,0,2023-04-04 18:27:20,1,13.06,7,Red,jng,SPOOKY,oe:player:11389d6d8a29729807c3cf528a98050,Anorthosis Famagusta Esports,oe:team:5f1bc4a914b49c7b7ff4c2f1b8d8df9,Hecarim,Kalista,Vi,Gragas,Sylas,LeBlanc,,,,,,3044,1,10,8,11,32,32,3.0,0.0,0.0,0.0,0.0,0.0,0.0,0.0,0.6307,1.2418,,,,,,,,,,,,,,,,,,,,,1.0,2.0,,,,,,,,0.0,0.0,47270.0,931.7346,0.274583,1709.5072,2023.6991,10.0,0.1971,15.0,0.2957,8.0,71.0,1.3995,22689,16204,319.3955,0.256195,21800.0,,,353.0,75.0,278.0,,,6.958,3068.0,3187.0,65.0,3211.0,3465.0,65.0,-143.0,-278.0,0.0,0.0,0.0,0.0,0.0,0.0,0.0,4996.0,5696.0,101.0,5062.0,5106.0,92.0,-66.0,590.0,9.0,0.0,5.0,2.0,1.0,1.0,2.0,6832.0,8030.0,135.0,6888.0,7548.0,123.0,-56.0,482.0,12.0,1.0,6.0,3.0,1.0,3.0,3.0,8944.0,10705.0,172.0,8557.0,9793.0,140.0,387.0,912.0,32.0,2.0,8.0,4.0,2.0,8.0,5.0
ESPORTSTMNT05_3222094,complete,,EM,2023,Spring,0,2023-04-04 18:27:20,1,13.06,8,Red,mid,HAWHAW,oe:player:ae06413dcf80aa496ab8448d8ea586f,Anorthosis Famagusta Esports,oe:team:5f1bc4a914b49c7b7ff4c2f1b8d8df9,Zilean,Kalista,Vi,Gragas,Sylas,LeBlanc,,,,,,3044,1,7,2,21,32,32,1.0,0.0,0.0,0.0,0.0,0.0,0.0,0.0,0.6307,1.2418,,,,,,,,,,,,,,,,,,,,,0.0,0.0,,,,,,,,1.0,1.0,27600.0,544.021,0.160323,560.8344,572.6807,16.0,0.3154,7.0,0.138,1.0,42.0,0.8279,20880,14395,283.7385,0.227593,20625.0,,,382.0,370.0,12.0,,,7.5296,3207.0,5073.0,90.0,3244.0,4450.0,91.0,-37.0,623.0,-1.0,0.0,0.0,0.0,0.0,0.0,0.0,5399.0,7500.0,125.0,4852.0,7157.0,134.0,547.0,343.0,-9.0,2.0,4.0,0.0,0.0,1.0,1.0,7682.0,11046.0,186.0,6940.0,10012.0,181.0,742.0,1034.0,5.0,3.0,5.0,0.0,0.0,4.0,1.0,11019.0,13694.0,220.0,9035.0,12410.0,214.0,1984.0,1284.0,6.0,6.0,10.0,1.0,2.0,7.0,2.0
ESPORTSTMNT05_3222094,complete,,EM,2023,Spring,0,2023-04-04 18:27:20,1,13.06,9,Red,bot,GOLDENTO4ST,oe:player:5c58c2e986e8aec0ee6f2465823349a,Anorthosis Famagusta Esports,oe:team:5f1bc4a914b49c7b7ff4c2f1b8d8df9,Varus,Kalista,Vi,Gragas,Sylas,LeBlanc,,,,,,3044,1,9,10,14,32,32,1.0,0.0,0.0,0.0,0.0,0.0,0.0,0.0,0.6307,1.2418,,,,,,,,,,,,,,,,,,,,,0.0,1.0,,,,,,,,2.0,1.0,58733.0,1157.6807,0.341169,569.7635,370.7622,21.0,0.4139,8.0,0.1577,6.0,52.0,1.025,19910,13425,264.6189,0.212257,19050.0,,,334.0,318.0,16.0,,,6.5834,2975.0,2868.0,75.0,3566.0,3336.0,83.0,-591.0,-468.0,-8.0,0.0,0.0,0.0,1.0,0.0,0.0,4542.0,4949.0,111.0,5524.0,5772.0,128.0,-982.0,-823.0,-17.0,1.0,1.0,1.0,2.0,1.0,2.0,7007.0,7346.0,142.0,8471.0,8795.0,174.0,-1464.0,-1449.0,-32.0,3.0,2.0,3.0,4.0,3.0,3.0,9633.0,9958.0,176.0,10795.0,10725.0,207.0,-1162.0,-767.0,-31.0,6.0,7.0,5.0,5.0,5.0,4.0
ESPORTSTMNT05_3222094,complete,,EM,2023,Spring,0,2023-04-04 18:27:20,1,13.06,10,Red,sup,iLEVI,oe:player:b226880189cb11f7da7a0c86544b556,Anorthosis Famagusta Esports,oe:team:5f1bc4a914b49c7b7ff4c2f1b8d8df9,Amumu,Kalista,Vi,Gragas,Sylas,LeBlanc,,,,,,3044,1,2,10,17,32,32,0.0,0.0,0.0,0.0,0.0,0.0,0.0,1.0,0.6307,1.2418,,,,,,,,,,,,,,,,,,,,,0.0,0.0,,,,,,,,0.0,0.0,10495.0,206.866,0.0609636,684.6583,592.5099,99.0,1.9514,25.0,0.4928,30.0,202.0,3.9816,12672,6187,121.9514,0.0978168,11700.0,,,57.0,57.0,0.0,,,1.1235,2083.0,2621.0,15.0,2345.0,2511.0,15.0,-262.0,110.0,0.0,0.0,0.0,1.0,0.0,1.0,0.0,3544.0,3609.0,19.0,3356.0,3419.0,19.0,188.0,190.0,0.0,1.0,4.0,2.0,0.0,3.0,1.0,4847.0,4943.0,30.0,4724.0,4189.0,24.0,123.0,754.0,6.0,1.0,6.0,3.0,0.0,4.0,3.0,6176.0,6938.0,34.0,5824.0,5808.0,29.0,352.0,1130.0,5.0,1.0,12.0,5.0,0.0,9.0,5.0
ESPORTSTMNT05_3222094,complete,,EM,2023,Spring,0,2023-04-04 18:27:20,1,13.06,100,Blue,team,,,Papara SuperMassive,oe:team:5203ff881d5c82c5f720eb3a2f3b44c,,Rell,Olaf,Pyke,Nautilus,Ashe,Rakan,Lee Sin,Xayah,Ahri,K'Sante,3044,0,31,32,80,31,32,3.0,0.0,0.0,0.0,1.0,,,,0.611,1.2418,0.0,1.0,5.0,0.0,4.0,0.0,0.0,0.0,0.0,0.0,0.0,,1.0,1.0,1.0,2.0,0.0,,,0.0,3.0,1.0,1.0,8.0,11.0,1.0,1.0,4.0,2.0,2.0,4.0,168353.0,3318.3903,,4068.4691,6266.0578,151.0,2.9763,69.0,1.3601,51.0,407.0,8.0223,96355,63928,1260.0788,,93635.0,0.0296421,0.45,,1147.0,307.0,,,28.6597,15829.0,18852.0,346.0,14694.0,18572.0,327.0,1135.0,280.0,19.0,1.0,1.0,0.0,0.0,0.0,1.0,24429.0,29316.0,518.0,24028.0,29256.0,480.0,401.0,60.0,38.0,4.0,6.0,6.0,6.0,14.0,5.0,35440.0,41176.0,692.0,33769.0,41679.0,669.0,1671.0,-503.0,23.0,8.0,15.0,10.0,10.0,20.0,9.0,44295.0,50838.0,794.0,45158.0,54584.0,811.0,-863.0,-3746.0,-17.0,14.0,34.0,18.0,18.0,44.0,15.0
ESPORTSTMNT05_3222094,complete,,EM,2023,Spring,0,2023-04-04 18:27:20,1,13.06,200,Red,team,,,Anorthosis Famagusta Esports,oe:team:5f1bc4a914b49c7b7ff4c2f1b8d8df9,,Kalista,Vi,Gragas,Sylas,LeBlanc,Varus,Hecarim,Zilean,Amumu,Malphite,3044,1,32,32,80,32,32,6.0,0.0,0.0,0.0,0.0,,,,0.6307,1.2418,1.0,5.0,1.0,4.0,0.0,1.0,0.0,2.0,0.0,0.0,1.0,,1.0,1.0,0.0,0.0,2.0,,,1.0,1.0,3.0,0.0,11.0,8.0,0.0,0.0,2.0,4.0,4.0,2.0,172152.0,3393.272,,4367.8975,6263.0223,173.0,3.41,71.0,1.3995,56.0,449.0,8.8502,95674,63247,1246.6557,,90900.0,-0.0296421,-0.45,,1191.0,326.0,,,29.9014,14694.0,18572.0,327.0,15829.0,18852.0,346.0,-1135.0,-280.0,-19.0,0.0,0.0,1.0,1.0,1.0,0.0,24028.0,29256.0,480.0,24429.0,29316.0,518.0,-401.0,-60.0,-38.0,6.0,14.0,5.0,4.0,6.0,6.0,33769.0,41679.0,669.0,35440.0,41176.0,692.0,-1671.0,503.0,-23.0,10.0,20.0,9.0,8.0,15.0,10.0,45158.0,54584.0,811.0,44295.0,50838.0,794.0,863.0,3746.0,17.0,18.0,44.0,15.0,14.0,34.0,18.0
ESPORTSTMNT05_3221093,complete,,EM,2023,Spring,0,2023-04-04 18:40:20,1,13.06,1,Blue,top,Lunddorf,oe:player:6cb2f925e1216835980ce1a01bb62f6,Partizan Esports,oe:team:e42ade212c09777da0f54bffe481f6d,Gwen,Rumble,Kennen,Xayah,Sejuani,Wukong,,,,,,2622,1,8,5,13,41,19,1.0,0.0,0.0,0.0,0.0,0.0,0.0,1.0,0.9382,1.373,,,,,,,,,,,,,,,,,,,,,0.0,0.0,,,,,,,,0.0,1.0,43815.0,1002.6316,0.256128,1177.0709,991.3043,11.0,0.2517,9.0,0.2059,2.0,42.0,0.9611,17273,11649,266.5675,0.192199,16750.0,,,308.0,296.0,12.0,,,7.0481,3257.0,4635.0,72.0,3812.0,4825.0,85.0,-555.0,-190.0,-13.0,1.0,1.0,1.0,0.0,2.0,1.0,4719.0,7390.0,112.0,5552.0,7552.0,134.0,-833.0,-162.0,-22.0,1.0,1.0,1.0,0.0,3.0,2.0,6376.0,9752.0,146.0,8454.0,9902.0,178.0,-2078.0,-150.0,-32.0,2.0,1.0,2.0,1.0,3.0,3.0,8643.0,12809.0,194.0,10938.0,12596.0,213.0,-2295.0,213.0,-19.0,3.0,3.0,2.0,2.0,3.0,4.0
ESPORTSTMNT05_3221093,complete,,EM,2023,Spring,0,2023-04-04 18:40:20,1,13.06,2,Blue,jng,Sn1lle,oe:player:947d42fad1e2f3afeb911e5ae3888ce,Partizan Esports,oe:team:e42ade212c09777da0f54bffe481f6d,Vi,Rumble,Kennen,Xayah,Sejuani,Wukong,,,,,,2622,1,3,6,23,41,19,0.0,0.0,0.0,0.0,0.0,0.0,0.0,0.0,0.9382,1.373,,,,,,,,,,,,,,,,,,,,,1.0,2.0,,,,,,,,0.0,0.0,17898.0,409.5652,0.104626,968.3524,1518.7872,14.0,0.3204,25.0,0.5721,12.0,92.0,2.1053,13869,8245,188.6728,0.136033,13100.0,,,167.0,32.0,135.0,,,3.8215,3288.0,3361.0,52.0,3867.0,3307.0,59.0,-579.0,54.0,-7.0,1.0,1.0,1.0,2.0,0.0,1.0,5075.0,5685.0,83.0,5251.0,4956.0,88.0,-176.0,729.0,-5.0,2.0,3.0,2.0,2.0,0.0,3.0,7269.0,8793.0,114.0,7258.0,7715.0,121.0,11.0,1078.0,-7.0,2.0,7.0,2.0,2.0,1.0,4.0,8294.0,10038.0,119.0,8734.0,9632.0,141.0,-440.0,406.0,-22.0,2.0,9.0,3.0,3.0,1.0,5.0
ESPORTSTMNT05_3221093,complete,,EM,2023,Spring,0,2023-04-04 18:40:20,1,13.06,3,Blue,mid,Rylle,oe:player:aa11f28607376fa521dd2625569a656,Partizan Esports,oe:team:e42ade212c09777da0f54bffe481f6d,Ahri,Rumble,Kennen,Xayah,Sejuani,Wukong,,,,,,2622,1,7,2,22,41,19,0.0,0.0,0.0,0.0,0.0,0.0,0.0,0.0,0.9382,1.373,,,,,,,,,,,,,,,,,,,,,0.0,0.0,,,,,,,,0.0,0.0,24794.0,567.3684,0.144937,585.6522,384.0046,16.0,0.3661,7.0,0.1602,4.0,46.0,1.0526,19433,13809,315.9954,0.227839,21035.0,,,353.0,337.0,16.0,,,8.0778,3392.0,5021.0,81.0,3530.0,4703.0,95.0,-138.0,318.0,-14.0,1.0,1.0,0.0,0.0,0.0,1.0,5968.0,8399.0,127.0,5378.0,6857.0,136.0,590.0,1542.0,-9.0,3.0,5.0,0.0,1.0,0.0,2.0,8781.0,11547.0,173.0,7373.0,9112.0,176.0,1408.0,2435.0,-3.0,5.0,6.0,0.0,1.0,0.0,3.0,10005.0,13032.0,192.0,8995.0,10694.0,202.0,1010.0,2338.0,-10.0,5.0,10.0,0.0,1.0,2.0,4.0
ESPORTSTMNT05_3221093,complete,,EM,2023,Spring,0,2023-04-04 18:40:20,1,13.06,4,Blue,bot,Jopa,oe:player:e214e8e906f16ec13e9a88de30dc181,Partizan Esports,oe:team:e42ade212c09777da0f54bffe481f6d,Zeri,Rumble,Kennen,Xayah,Sejuani,Wukong,,,,,,2622,1,21,2,14,41,19,6.0,2.0,1.0,0.0,0.0,0.0,0.0,0.0,0.9382,1.373,,,,,,,,,,,,,,,,,,,,,0.0,0.0,,,,,,,,0.0,0.0,75331.0,1723.8215,0.44036,399.8856,996.5904,12.0,0.2746,27.0,0.6178,2.0,67.0,1.5332,27216,21592,494.0961,0.356257,20100.0,,,521.0,450.0,71.0,,,11.9222,3721.0,3978.0,96.0,3288.0,3453.0,88.0,433.0,525.0,8.0,0.0,0.0,0.0,0.0,0.0,0.0,7692.0,6815.0,160.0,5727.0,5596.0,131.0,1965.0,1219.0,29.0,4.0,3.0,1.0,1.0,1.0,1.0,10420.0,9625.0,218.0,7793.0,8558.0,190.0,2627.0,1067.0,28.0,6.0,4.0,1.0,1.0,1.0,2.0,12954.0,12093.0,276.0,9930.0,11442.0,240.0,3024.0,651.0,36.0,8.0,6.0,2.0,2.0,3.0,2.0
ESPORTSTMNT05_3221093,complete,,EM,2023,Spring,0,2023-04-04 18:40:20,1,13.06,5,Blue,sup,Cl0x,oe:player:85b3b3e91202ccada9f1f5a24dc1bfb,Partizan Esports,oe:team:e42ade212c09777da0f54bffe481f6d,Rakan,Rumble,Kennen,Xayah,Sejuani,Wukong,,,,,,2622,1,2,4,30,41,19,0.0,0.0,0.0,0.0,0.0,0.0,0.0,0.0,0.9382,1.373,,,,,,,,,,,,,,,,,,,,,0.0,0.0,,,,,,,,0.0,0.0,9229.0,211.1899,0.0539496,501.6705,656.7277,61.0,1.3959,16.0,0.3661,15.0,130.0,2.9748,10938,5314,121.6018,0.0876723,10275.0,,,39.0,39.0,0.0,,,0.8924,2018.0,1750.0,11.0,2330.0,2510.0,21.0,-312.0,-760.0,-10.0,0.0,0.0,0.0,0.0,0.0,0.0,3552.0,3917.0,19.0,3467.0,3607.0,29.0,85.0,310.0,-10.0,0.0,7.0,0.0,0.0,1.0,2.0,4705.0,4992.0,26.0,4501.0,4775.0,35.0,204.0,217.0,-9.0,0.0,9.0,0.0,0.0,1.0,3.0,6020.0,6336.0,29.0,5398.0,5717.0,37.0,622.0,619.0,-8.0,1.0,11.0,1.0,0.0,3.0,4.0
ESPORTSTMNT05_3221093,complete,,EM,2023,Spring,0,2023-04-04 18:40:20,1,13.06,6,Red,top,Maged,oe:player:fc933812510df6cb519bd1bb5677631,RA'AD,oe:team:6a4c502c27267c22c54b431be11b43f,Fiora,Viego,Lillia,Gragas,Jax,Taliyah,,,,,,2622,0,7,9,7,19,41,0.0,0.0,0.0,0.0,1.0,0.0,1.0,0.0,0.4348,1.373,,,,,,,,,,,,,,,,,,,,,0.0,0.0,,,,,,,,1.0,0.0,45501.0,1041.2128,0.339633,1829.1304,1857.0938,6.0,0.1373,6.0,0.1373,4.0,21.0,0.4805,21294,15670,358.5812,0.292562,20150.0,,,382.0,354.0,28.0,,,8.7414,3812.0,4825.0,85.0,3257.0,4635.0,72.0,555.0,190.0,13.0,0.0,2.0,1.0,1.0,1.0,1.0,5552.0,7552.0,134.0,4719.0,7390.0,112.0,833.0,162.0,22.0,0.0,3.0,2.0,1.0,1.0,1.0,8454.0,9902.0,178.0,6376.0,9752.0,146.0,2078.0,150.0,32.0,1.0,3.0,3.0,2.0,1.0,2.0,10938.0,12596.0,213.0,8643.0,12809.0,194.0,2295.0,-213.0,19.0,2.0,3.0,4.0,3.0,3.0,2.0
ESPORTSTMNT05_3221093,complete,,EM,2023,Spring,0,2023-04-04 18:40:20,1,13.06,7,Red,jng,Skude,oe:player:00558cb3daa73e60ba4af7e7060e6e2,RA'AD,oe:team:6a4c502c27267c22c54b431be11b43f,Cho'Gath,Viego,Lillia,Gragas,Jax,Taliyah,,,,,,2622,0,4,10,9,19,41,0.0,0.0,0.0,0.0,1.0,1.0,0.0,0.0,0.4348,1.373,,,,,,,,,,,,,,,,,,,,,2.0,1.0,,,,,,,,0.0,0.0,23669.0,541.6247,0.176673,1567.0709,2449.9771,29.0,0.6636,7.0,0.1602,15.0,58.0,1.3272,13991,8367,191.4645,0.15621,14675.0,,,191.0,21.0,170.0,,,4.3707,3867.0,3307.0,59.0,3288.0,3361.0,52.0,579.0,-54.0,7.0,2.0,0.0,1.0,1.0,1.0,1.0,5251.0,4956.0,88.0,5075.0,5685.0,83.0,176.0,-729.0,5.0,2.0,0.0,3.0,2.0,3.0,2.0,7258.0,7715.0,121.0,7269.0,8793.0,114.0,-11.0,-1078.0,7.0,2.0,1.0,4.0,2.0,7.0,2.0,8734.0,9632.0,141.0,8294.0,10038.0,119.0,440.0,-406.0,22.0,3.0,1.0,5.0,2.0,9.0,3.0
ESPORTSTMNT05_3221093,complete,,EM,2023,Spring,0,2023-04-04 18:40:20,1,13.06,8,Red,mid,Hunt,oe:player:f683aadb1720a4a1766fcfc3b6d3ef5,RA'AD,oe:team:6a4c502c27267c22c54b431be11b43f,Jayce,Viego,Lillia,Gragas,Jax,Taliyah,,,,,,2622,0,2,8,10,19,41,0.0,0.0,0.0,0.0,0.0,0.0,0.0,0.0,0.4348,1.373,,,,,,,,,,,,,,,,,,,,,0.0,0.0,,,,,,,,0.0,0.0,31184.0,713.5927,0.232767,581.1213,664.1419,17.0,0.389,2.0,0.0458,2.0,40.0,0.9153,17706,12082,276.476,0.225572,16400.0,,,339.0,313.0,26.0,,,7.7574,3530.0,4703.0,95.0,3392.0,5021.0,81.0,138.0,-318.0,14.0,0.0,0.0,1.0,1.0,1.0,0.0,5378.0,6857.0,136.0,5968.0,8399.0,127.0,-590.0,-1542.0,9.0,1.0,0.0,2.0,3.0,5.0,0.0,7373.0,9112.0,176.0,8781.0,11547.0,173.0,-1408.0,-2435.0,3.0,1.0,0.0,3.0,5.0,6.0,0.0,8995.0,10694.0,202.0,10005.0,13032.0,192.0,-1010.0,-2338.0,10.0,1.0,2.0,4.0,5.0,10.0,0.0
ESPORTSTMNT05_3221093,complete,,EM,2023,Spring,0,2023-04-04 18:40:20,1,13.06,9,Red,bot,san1,oe:player:f581f857e43aea4c5b241874f8a4394,RA'AD,oe:team:6a4c502c27267c22c54b431be11b43f,Jinx,Viego,Lillia,Gragas,Jax,Taliyah,,,,,,2622,0,6,5,7,19,41,0.0,0.0,0.0,0.0,0.0,0.0,0.0,0.0,0.4348,1.373,,,,,,,,,,,,,,,,,,,,,0.0,0.0,,,,,,,,0.0,0.0,28058.0,642.0595,0.209433,552.7231,448.0092,20.0,0.4577,13.0,0.2975,6.0,45.0,1.0297,19113,13489,308.6728,0.251841,18400.0,,,402.0,344.0,58.0,,,9.1991,3288.0,3453.0,88.0,3721.0,3978.0,96.0,-433.0,-525.0,-8.0,0.0,0.0,0.0,0.0,0.0,0.0,5727.0,5596.0,131.0,7692.0,6815.0,160.0,-1965.0,-1219.0,-29.0,1.0,1.0,1.0,4.0,3.0,1.0,7793.0,8558.0,190.0,10420.0,9625.0,218.0,-2627.0,-1067.0,-28.0,1.0,1.0,2.0,6.0,4.0,1.0,9930.0,11442.0,240.0,12954.0,12093.0,276.0,-3024.0,-651.0,-36.0,2.0,3.0,2.0,8.0,6.0,2.0
ESPORTSTMNT05_3221093,complete,,EM,2023,Spring,0,2023-04-04 18:40:20,1,13.06,10,Red,sup,B Butcher,oe:player:f9c3db5fdf2c5fb45f552127922d105,RA'AD,oe:team:6a4c502c27267c22c54b431be11b43f,Nautilus,Viego,Lillia,Gragas,Jax,Taliyah,,,,,,2622,0,0,9,6,19,41,0.0,0.0,0.0,0.0,0.0,0.0,0.0,0.0,0.4348,1.373,,,,,,,,,,,,,,,,,,,,,0.0,0.0,,,,,,,,0.0,0.0,5559.0,127.2082,0.0414941,607.46,1106.3616,76.0,1.7391,24.0,0.5492,22.0,152.0,3.4783,9578,3954,90.4805,0.0738153,9275.0,,,53.0,52.0,1.0,,,1.2128,2330.0,2510.0,21.0,2018.0,1750.0,11.0,312.0,760.0,10.0,0.0,0.0,0.0,0.0,0.0,0.0,3467.0,3607.0,29.0,3552.0,3917.0,19.0,-85.0,-310.0,10.0,0.0,1.0,2.0,0.0,7.0,0.0,4501.0,4775.0,35.0,4705.0,4992.0,26.0,-204.0,-217.0,9.0,0.0,1.0,3.0,0.0,9.0,0.0,5398.0,5717.0,37.0,6020.0,6336.0,29.0,-622.0,-619.0,8.0,0.0,3.0,4.0,1.0,11.0,1.0
ESPORTSTMNT05_3221093,complete,,EM,2023,Spring,0,2023-04-04 18:40:20,1,13.06,100,Blue,team,,,Partizan Esports,oe:team:e42ade212c09777da0f54bffe481f6d,,Rumble,Kennen,Xayah,Sejuani,Wukong,Zeri,Vi,Rakan,Gwen,Ahri,2622,1,41,19,102,41,19,7.0,2.0,1.0,0.0,0.0,,,,0.9382,1.373,0.0,3.0,3.0,3.0,3.0,0.0,0.0,0.0,2.0,0.0,1.0,,0.0,0.0,0.0,1.0,1.0,,,0.0,1.0,2.0,0.0,8.0,8.0,1.0,0.0,4.0,3.0,1.0,1.0,171067.0,3914.5767,,3632.6316,4547.4142,114.0,2.6087,84.0,1.9222,35.0,377.0,8.627,88729,60607,1386.8879,,81260.0,0.0294705,-0.34,,1154.0,234.0,,,31.762,15676.0,18745.0,312.0,16827.0,18798.0,348.0,-1151.0,-53.0,-36.0,3.0,3.0,2.0,2.0,2.0,3.0,27006.0,32206.0,501.0,25375.0,28568.0,518.0,1631.0,3638.0,-17.0,10.0,19.0,4.0,4.0,5.0,10.0,37551.0,44709.0,677.0,35379.0,40062.0,700.0,2172.0,4647.0,-23.0,15.0,27.0,5.0,5.0,6.0,15.0,45916.0,54308.0,810.0,43995.0,50081.0,833.0,1921.0,4227.0,-23.0,19.0,39.0,8.0,8.0,12.0,19.0
ESPORTSTMNT05_3221093,complete,,EM,2023,Spring,0,2023-04-04 18:40:20,1,13.06,200,Red,team,,,RA'AD,oe:team:6a4c502c27267c22c54b431be11b43f,,Viego,Lillia,Gragas,Jax,Taliyah,Jinx,Cho'Gath,Nautilus,Jayce,Fiora,2622,0,19,41,39,19,41,0.0,0.0,0.0,0.0,1.0,,,,0.4348,1.373,1.0,3.0,3.0,3.0,3.0,0.0,0.0,0.0,2.0,1.0,0.0,,0.0,0.0,1.0,1.0,1.0,,,1.0,2.0,1.0,1.0,8.0,8.0,0.0,1.0,3.0,4.0,1.0,1.0,133971.0,3065.6979,,5137.5057,6525.5835,148.0,3.3867,52.0,1.1899,49.0,316.0,7.2311,81682,53560,1225.6293,,78900.0,-0.0294705,0.34,,1084.0,283.0,,,31.2815,16827.0,18798.0,348.0,15676.0,18745.0,312.0,1151.0,53.0,36.0,2.0,2.0,3.0,3.0,3.0,2.0,25375.0,28568.0,518.0,27006.0,32206.0,501.0,-1631.0,-3638.0,17.0,4.0,5.0,10.0,10.0,19.0,4.0,35379.0,40062.0,700.0,37551.0,44709.0,677.0,-2172.0,-4647.0,23.0,5.0,6.0,15.0,15.0,27.0,5.0,43995.0,50081.0,833.0,45916.0,54308.0,810.0,-1921.0,-4227.0,23.0,8.0,12.0,19.0,19.0,39.0,8.0
ESPORTSTMNT05_3220101,complete,,EM,2023,Spring,0,2023-04-04 18:40:52,1,13.06,1,Blue,top,Lot,oe:player:eeec6c7a9d2b475c23650b202208b89,Aegis,oe:team:e3a29387c70230d76837b86c2aefd14,Gnar,Elise,Sejuani,Varus,Renata Glasc,Malphite,,,,,,2019,1,4,0,4,19,8,0.0,0.0,0.0,0.0,1.0,0.0,1.0,0.0,0.5646,0.8024,,,,,,,,,,,,,,,,,,,,,0.0,0.0,,,,,,,,0.0,0.0,21556.0,640.5944,0.239647,582.2288,619.6137,8.0,0.2377,11.0,0.3269,3.0,48.0,1.4264,15722,11328,336.6419,0.249347,14508.0,,,341.0,321.0,20.0,,,10.1337,3455.0,4989.0,91.0,3067.0,4523.0,75.0,388.0,466.0,16.0,0.0,1.0,0.0,0.0,0.0,0.0,5444.0,8009.0,148.0,4999.0,7735.0,138.0,445.0,274.0,10.0,0.0,1.0,0.0,0.0,0.0,0.0,7622.0,10850.0,203.0,6622.0,10302.0,178.0,1000.0,548.0,25.0,0.0,1.0,0.0,0.0,1.0,0.0,9717.0,14049.0,266.0,8362.0,14441.0,225.0,1355.0,-392.0,41.0,0.0,1.0,0.0,0.0,1.0,0.0
ESPORTSTMNT05_3220101,complete,,EM,2023,Spring,0,2023-04-04 18:40:52,1,13.06,2,Blue,jng,SkewMond,oe:player:ab15060e5225b51592cd04b3aed1e09,Aegis,oe:team:e3a29387c70230d76837b86c2aefd14,Vi,Elise,Sejuani,Varus,Renata Glasc,Malphite,,,,,,2019,1,2,4,11,19,8,0.0,0.0,0.0,0.0,1.0,1.0,0.0,0.0,0.5646,0.8024,,,,,,,,,,,,,,,,,,,,,1.0,0.0,,,,,,,,0.0,0.0,10527.0,312.838,0.117033,644.7845,1584.6062,11.0,0.3269,14.0,0.416,9.0,62.0,1.8425,11805,7411,220.2377,0.163125,10575.0,,,177.0,18.0,159.0,,,5.26,3611.0,3536.0,66.0,2695.0,2921.0,52.0,916.0,615.0,14.0,1.0,0.0,0.0,0.0,0.0,0.0,5206.0,5802.0,98.0,4231.0,5332.0,89.0,975.0,470.0,9.0,1.0,2.0,0.0,0.0,1.0,1.0,6813.0,7870.0,123.0,5601.0,7400.0,115.0,1212.0,470.0,8.0,1.0,3.0,2.0,0.0,3.0,1.0,8134.0,9583.0,149.0,6762.0,8556.0,134.0,1372.0,1027.0,15.0,1.0,4.0,2.0,0.0,3.0,1.0
ESPORTSTMNT05_3220101,complete,,EM,2023,Spring,0,2023-04-04 18:40:52,1,13.06,3,Blue,mid,Eika,oe:player:adfab52b74587bc5acc4201c140451a,Aegis,oe:team:e3a29387c70230d76837b86c2aefd14,Cassiopeia,Elise,Sejuani,Varus,Renata Glasc,Malphite,,,,,,2019,1,7,2,9,19,8,1.0,0.0,0.0,0.0,1.0,0.0,1.0,0.0,0.5646,0.8024,,,,,,,,,,,,,,,,,,,,,0.0,0.0,,,,,,,,1.0,0.0,36213.0,1076.1664,0.402595,665.1709,450.2823,16.0,0.4755,8.0,0.2377,4.0,48.0,1.4264,16413,12019,357.1768,0.264558,14600.0,,,308.0,278.0,30.0,,,9.153,3507.0,4891.0,94.0,2874.0,4402.0,74.0,633.0,489.0,20.0,0.0,1.0,0.0,0.0,0.0,1.0,5350.0,7347.0,136.0,4368.0,6708.0,112.0,982.0,639.0,24.0,0.0,3.0,1.0,0.0,1.0,2.0,8252.0,10208.0,185.0,6059.0,9338.0,160.0,2193.0,870.0,25.0,2.0,3.0,1.0,0.0,2.0,3.0,10866.0,13519.0,249.0,8354.0,12099.0,214.0,2512.0,1420.0,35.0,3.0,3.0,1.0,0.0,2.0,3.0
ESPORTSTMNT05_3220101,complete,,EM,2023,Spring,0,2023-04-04 18:40:52,1,13.06,4,Blue,bot,Shiganari,oe:player:90704735ca9fc01f2244f23f6e5d635,Aegis,oe:team:e3a29387c70230d76837b86c2aefd14,Xayah,Elise,Sejuani,Varus,Renata Glasc,Malphite,,,,,,2019,1,3,0,6,19,8,0.0,0.0,0.0,0.0,0.0,0.0,0.0,0.0,0.5646,0.8024,,,,,,,,,,,,,,,,,,,,,1.0,0.0,,,,,,,,0.0,0.0,16778.0,498.6033,0.186528,338.4844,248.0832,15.0,0.4458,10.0,0.2972,3.0,47.0,1.3967,14517,10123,300.8321,0.222822,12975.0,,,330.0,318.0,12.0,,,9.8068,3072.0,3535.0,79.0,3493.0,3414.0,89.0,-421.0,121.0,-10.0,0.0,0.0,0.0,0.0,0.0,0.0,5320.0,6918.0,137.0,5467.0,6002.0,133.0,-147.0,916.0,4.0,1.0,0.0,0.0,1.0,0.0,1.0,7114.0,9156.0,185.0,7795.0,8843.0,190.0,-681.0,313.0,-5.0,1.0,0.0,0.0,2.0,1.0,1.0,8995.0,11821.0,242.0,10280.0,11796.0,268.0,-1285.0,25.0,-26.0,1.0,0.0,0.0,2.0,1.0,1.0
ESPORTSTMNT05_3220101,complete,,EM,2023,Spring,0,2023-04-04 18:40:52,1,13.06,5,Blue,sup,Hantera,oe:player:de1fb222dafded7d06b10df578fdd0e,Aegis,oe:team:e3a29387c70230d76837b86c2aefd14,Leona,Elise,Sejuani,Varus,Renata Glasc,Malphite,,,,,,2019,1,3,2,10,19,8,0.0,0.0,0.0,0.0,0.0,0.0,0.0,0.0,0.5646,0.8024,,,,,,,,,,,,,,,,,,,,,0.0,0.0,,,,,,,,0.0,0.0,4875.0,144.8737,0.0541974,523.685,624.4874,45.0,1.3373,14.0,0.416,12.0,96.0,2.8529,8944,4550,135.2155,0.100148,7800.0,,,36.0,36.0,0.0,,,1.0698,2049.0,2114.0,14.0,1963.0,2309.0,15.0,86.0,-195.0,-1.0,0.0,0.0,0.0,0.0,0.0,0.0,3592.0,3108.0,23.0,2860.0,3390.0,23.0,732.0,-282.0,0.0,2.0,0.0,0.0,0.0,1.0,0.0,4889.0,4687.0,28.0,4198.0,5199.0,30.0,691.0,-512.0,-2.0,2.0,2.0,0.0,1.0,2.0,1.0,5851.0,5642.0,31.0,5092.0,6710.0,32.0,759.0,-1068.0,-1.0,2.0,3.0,0.0,1.0,2.0,2.0
ESPORTSTMNT05_3220101,complete,,EM,2023,Spring,0,2023-04-04 18:40:52,1,13.06,6,Red,top,Satorius,oe:player:422d7cc4063f8801a9427860bfd855b,Geekay Esports,oe:team:1ff3f5c94edd806e1fed4105fc48995,Gragas,Annie,Rakan,Aphelios,Ahri,Orianna,,,,,,2019,0,0,2,4,8,19,0.0,0.0,0.0,0.0,0.0,0.0,0.0,0.0,0.2377,0.8024,,,,,,,,,,,,,,,,,,,,,0.0,0.0,,,,,,,,0.0,0.0,12433.0,369.4799,0.189892,857.9792,863.2392,13.0,0.3863,3.0,0.0892,4.0,24.0,0.7132,10635,6241,185.4681,0.196054,10250.0,,,263.0,254.0,9.0,,,7.8158,3067.0,4523.0,75.0,3455.0,4989.0,91.0,-388.0,-466.0,-16.0,0.0,0.0,0.0,0.0,1.0,0.0,4999.0,7735.0,138.0,5444.0,8009.0,148.0,-445.0,-274.0,-10.0,0.0,0.0,0.0,0.0,1.0,0.0,6622.0,10302.0,178.0,7622.0,10850.0,203.0,-1000.0,-548.0,-25.0,0.0,1.0,0.0,0.0,1.0,0.0,8362.0,14441.0,225.0,9717.0,14049.0,266.0,-1355.0,392.0,-41.0,0.0,1.0,0.0,0.0,1.0,0.0
ESPORTSTMNT05_3220101,complete,,EM,2023,Spring,0,2023-04-04 18:40:52,1,13.06,7,Red,jng,Viking,oe:player:f48a8f161502989fca609408a80bd75,Geekay Esports,oe:team:1ff3f5c94edd806e1fed4105fc48995,Maokai,Annie,Rakan,Aphelios,Ahri,Orianna,,,,,,2019,0,0,3,7,8,19,0.0,0.0,0.0,0.0,0.0,0.0,0.0,0.0,0.2377,0.8024,,,,,,,,,,,,,,,,,,,,,0.0,1.0,,,,,,,,0.0,0.0,15683.0,466.0624,0.23953,932.3031,1096.1367,5.0,0.1486,11.0,0.3269,4.0,37.0,1.0996,9000,4606,136.8796,0.144689,7950.0,,,166.0,27.0,139.0,,,4.9331,2695.0,2921.0,52.0,3611.0,3536.0,66.0,-916.0,-615.0,-14.0,0.0,0.0,0.0,1.0,0.0,0.0,4231.0,5332.0,89.0,5206.0,5802.0,98.0,-975.0,-470.0,-9.0,0.0,1.0,1.0,1.0,2.0,0.0,5601.0,7400.0,115.0,6813.0,7870.0,123.0,-1212.0,-470.0,-8.0,0.0,3.0,1.0,1.0,3.0,2.0,6762.0,8556.0,134.0,8134.0,9583.0,149.0,-1372.0,-1027.0,-15.0,0.0,3.0,1.0,1.0,4.0,2.0
ESPORTSTMNT05_3220101,complete,,EM,2023,Spring,0,2023-04-04 18:40:52,1,13.06,8,Red,mid,Giyuu,oe:player:e6f5a7e37185c25a363d031ef5eafa9,Geekay Esports,oe:team:1ff3f5c94edd806e1fed4105fc48995,Yone,Annie,Rakan,Aphelios,Ahri,Orianna,,,,,,2019,0,1,7,5,8,19,0.0,0.0,0.0,0.0,0.0,0.0,0.0,1.0,0.2377,0.8024,,,,,,,,,,,,,,,,,,,,,0.0,0.0,,,,,,,,0.0,1.0,11874.0,352.8678,0.181354,722.4071,788.4993,20.0,0.5944,8.0,0.2377,9.0,50.0,1.4859,12027,7633,226.8351,0.239785,12125.0,,,277.0,273.0,4.0,,,8.2318,2874.0,4402.0,74.0,3507.0,4891.0,94.0,-633.0,-489.0,-20.0,0.0,0.0,1.0,0.0,1.0,0.0,4368.0,6708.0,112.0,5350.0,7347.0,136.0,-982.0,-639.0,-24.0,0.0,1.0,2.0,0.0,3.0,1.0,6059.0,9338.0,160.0,8252.0,10208.0,185.0,-2193.0,-870.0,-25.0,0.0,2.0,3.0,2.0,3.0,1.0,8354.0,12099.0,214.0,10866.0,13519.0,249.0,-2512.0,-1420.0,-35.0,0.0,2.0,3.0,3.0,3.0,1.0
ESPORTSTMNT05_3220101,complete,,EM,2023,Spring,0,2023-04-04 18:40:52,1,13.06,9,Red,bot,Rin,oe:player:ee4894bcff1cfaa4ffbf71b7b8d8921,Geekay Esports,oe:team:1ff3f5c94edd806e1fed4105fc48995,Jinx,Annie,Rakan,Aphelios,Ahri,Orianna,,,,,,2019,0,6,2,2,8,19,1.0,0.0,0.0,0.0,0.0,0.0,0.0,0.0,0.2377,0.8024,,,,,,,,,,,,,,,,,,,,,0.0,1.0,,,,,,,,0.0,0.0,20395.0,606.0921,0.311498,440.5349,323.2987,17.0,0.5052,15.0,0.4458,7.0,59.0,1.7533,15409,11015,327.3403,0.346033,14975.0,,,363.0,330.0,33.0,,,10.7875,3493.0,3414.0,89.0,3072.0,3535.0,79.0,421.0,-121.0,10.0,0.0,0.0,0.0,0.0,0.0,0.0,5467.0,6002.0,133.0,5320.0,6918.0,137.0,147.0,-916.0,-4.0,1.0,0.0,1.0,1.0,0.0,0.0,7795.0,8843.0,190.0,7114.0,9156.0,185.0,681.0,-313.0,5.0,2.0,1.0,1.0,1.0,0.0,0.0,10280.0,11796.0,268.0,8995.0,11821.0,242.0,1285.0,-25.0,26.0,2.0,1.0,1.0,1.0,0.0,0.0
ESPORTSTMNT05_3220101,complete,,EM,2023,Spring,0,2023-04-04 18:40:52,1,13.06,10,Red,sup,Dekap,oe:player:be85b3d65508c757ac9af1d54310520,Geekay Esports,oe:team:1ff3f5c94edd806e1fed4105fc48995,Braum,Annie,Rakan,Aphelios,Ahri,Orianna,,,,,,2019,0,1,5,7,8,19,0.0,0.0,0.0,0.0,0.0,0.0,0.0,0.0,0.2377,0.8024,,,,,,,,,,,,,,,,,,,,,0.0,0.0,,,,,,,,0.0,0.0,5089.0,151.2333,0.0777255,550.7281,690.0149,47.0,1.3967,7.0,0.208,13.0,78.0,2.318,6732,2338,69.4799,0.0734386,6200.0,,,34.0,34.0,0.0,,,1.0104,1963.0,2309.0,15.0,2049.0,2114.0,14.0,-86.0,195.0,1.0,0.0,0.0,0.0,0.0,0.0,0.0,2860.0,3390.0,23.0,3592.0,3108.0,23.0,-732.0,282.0,0.0,0.0,1.0,0.0,2.0,0.0,0.0,4198.0,5199.0,30.0,4889.0,4687.0,28.0,-691.0,512.0,2.0,1.0,2.0,1.0,2.0,2.0,0.0,5092.0,6710.0,32.0,5851.0,5642.0,31.0,-759.0,1068.0,1.0,1.0,2.0,2.0,2.0,3.0,0.0
ESPORTSTMNT05_3220101,complete,,EM,2023,Spring,0,2023-04-04 18:40:52,1,13.06,100,Blue,team,,,Aegis,oe:team:e3a29387c70230d76837b86c2aefd14,,Elise,Sejuani,Varus,Renata Glasc,Malphite,Xayah,Vi,Leona,Cassiopeia,Gnar,2019,1,19,8,40,19,8,1.0,0.0,0.0,0.0,1.0,,,,0.5646,0.8024,0.0,3.0,2.0,3.0,2.0,2.0,0.0,0.0,0.0,1.0,0.0,,0.0,0.0,1.0,2.0,0.0,,,1.0,2.0,0.0,1.0,9.0,2.0,1.0,1.0,6.0,1.0,1.0,0.0,89949.0,2673.0758,,2754.3536,3527.0728,95.0,2.8232,57.0,1.6939,31.0,301.0,8.945,67401,45429,1350.0446,,60458.0,0.160024,2.86,,971.0,221.0,,,35.4235,15694.0,19065.0,344.0,14092.0,17569.0,305.0,1602.0,1496.0,39.0,1.0,2.0,0.0,0.0,0.0,1.0,24912.0,31184.0,542.0,21925.0,29167.0,495.0,2987.0,2017.0,47.0,4.0,6.0,1.0,1.0,3.0,4.0,34690.0,42771.0,724.0,30275.0,41082.0,673.0,4415.0,1689.0,51.0,6.0,9.0,3.0,3.0,9.0,6.0,43563.0,54614.0,937.0,38850.0,53602.0,873.0,4713.0,1012.0,64.0,7.0,11.0,3.0,3.0,9.0,7.0
ESPORTSTMNT05_3220101,complete,,EM,2023,Spring,0,2023-04-04 18:40:52,1,13.06,200,Red,team,,,Geekay Esports,oe:team:1ff3f5c94edd806e1fed4105fc48995,,Annie,Rakan,Aphelios,Ahri,Orianna,Jinx,Gragas,Yone,Braum,Maokai,2019,0,8,19,25,8,19,1.0,0.0,0.0,0.0,0.0,,,,0.2377,0.8024,1.0,2.0,3.0,2.0,3.0,1.0,1.0,0.0,0.0,0.0,0.0,,0.0,0.0,0.0,0.0,2.0,,,0.0,0.0,2.0,0.0,2.0,9.0,0.0,0.0,1.0,6.0,0.0,1.0,65474.0,1945.7355,,3503.9525,3761.1887,102.0,3.0312,44.0,1.3076,37.0,248.0,7.37,53803,31831,945.9435,,51500.0,-0.160024,-2.86,,918.0,185.0,,,32.7786,14092.0,17569.0,305.0,15694.0,19065.0,344.0,-1602.0,-1496.0,-39.0,0.0,0.0,1.0,1.0,2.0,0.0,21925.0,29167.0,495.0,24912.0,31184.0,542.0,-2987.0,-2017.0,-47.0,1.0,3.0,4.0,4.0,6.0,1.0,30275.0,41082.0,673.0,34690.0,42771.0,724.0,-4415.0,-1689.0,-51.0,3.0,9.0,6.0,6.0,9.0,3.0,38850.0,53602.0,873.0,43563.0,54614.0,937.0,-4713.0,-1012.0,-64.0,3.0,9.0,7.0,7.0,11.0,3.0
ESPORTSTMNT05_3222096,complete,,EM,2023,Spring,0,2023-04-04 19:06:49,1,13.06,1,Blue,top,StenBosse,oe:player:b366e140eae91b8d8f8c03294238f32,aNc Outplayed,oe:team:cd6b4265231d4ba346274357681c335,Kennen,Jinx,Caitlyn,Gragas,Xin Zhao,Sejuani,,,,,,1862,1,4,4,10,27,20,0.0,0.0,0.0,0.0,0.0,0.0,0.0,0.0,0.87,1.5145,,,,,,,,,,,,,,,,,,,,,0.0,0.0,,,,,,,,0.0,0.0,26031.0,838.8077,0.258781,623.2331,422.2556,10.0,0.3222,6.0,0.1933,7.0,36.0,1.16,12447,8373,269.8067,0.206685,11875.0,,,212.0,212.0,0.0,,,6.8314,3421.0,4624.0,76.0,3530.0,5065.0,88.0,-109.0,-441.0,-12.0,1.0,0.0,1.0,1.0,1.0,0.0,5647.0,7484.0,118.0,6191.0,7691.0,134.0,-544.0,-207.0,-16.0,1.0,1.0,1.0,3.0,1.0,1.0,7093.0,9241.0,140.0,8325.0,10315.0,168.0,-1232.0,-1074.0,-28.0,1.0,4.0,3.0,4.0,3.0,3.0,9609.0,12145.0,173.0,10481.0,13192.0,191.0,-872.0,-1047.0,-18.0,3.0,7.0,4.0,7.0,3.0,5.0
ESPORTSTMNT05_3222096,complete,,EM,2023,Spring,0,2023-04-04 19:06:49,1,13.06,2,Blue,jng,Stefan,oe:player:752b048c76633399b04f6e87a8b211c,aNc Outplayed,oe:team:cd6b4265231d4ba346274357681c335,Vi,Jinx,Caitlyn,Gragas,Xin Zhao,Sejuani,,,,,,1862,1,2,4,15,27,20,0.0,0.0,0.0,0.0,0.0,0.0,0.0,0.0,0.87,1.5145,,,,,,,,,,,,,,,,,,,,,0.0,0.0,,,,,,,,0.0,0.0,11688.0,376.6273,0.116193,1073.2331,1427.2718,11.0,0.3545,14.0,0.4511,6.0,45.0,1.4501,10961,6887,221.9227,0.170003,10750.0,,,181.0,36.0,145.0,,,5.8324,3755.0,4079.0,76.0,3188.0,3023.0,56.0,567.0,1056.0,20.0,0.0,4.0,0.0,1.0,0.0,3.0,5701.0,6040.0,111.0,4985.0,5235.0,87.0,716.0,805.0,24.0,1.0,4.0,1.0,2.0,2.0,3.0,7283.0,8003.0,145.0,7047.0,7100.0,104.0,236.0,903.0,41.0,1.0,6.0,2.0,3.0,6.0,4.0,9071.0,10355.0,167.0,8713.0,9307.0,118.0,358.0,1048.0,49.0,2.0,9.0,3.0,4.0,8.0,5.0
ESPORTSTMNT05_3222096,complete,,EM,2023,Spring,0,2023-04-04 19:06:49,1,13.06,3,Blue,mid,Dehaste,oe:player:5f4898a107d2948045588584562be3f,aNc Outplayed,oe:team:cd6b4265231d4ba346274357681c335,Syndra,Jinx,Caitlyn,Gragas,Xin Zhao,Sejuani,,,,,,1862,1,12,2,11,27,20,2.0,0.0,0.0,0.0,0.0,0.0,0.0,0.0,0.87,1.5145,,,,,,,,,,,,,,,,,,,,,0.0,0.0,,,,,,,,1.0,0.0,31256.0,1007.1751,0.310724,438.2707,221.0849,16.0,0.5156,12.0,0.3867,5.0,49.0,1.5789,14132,10058,324.1031,0.248279,12375.0,,,229.0,218.0,11.0,,,7.3792,3753.0,4639.0,81.0,2885.0,4219.0,72.0,868.0,420.0,9.0,2.0,2.0,1.0,0.0,1.0,1.0,5681.0,7716.0,140.0,4786.0,7221.0,128.0,895.0,495.0,12.0,2.0,3.0,1.0,0.0,3.0,2.0,7857.0,10443.0,182.0,6726.0,8968.0,158.0,1131.0,1475.0,24.0,3.0,4.0,1.0,1.0,5.0,2.0,10614.0,12464.0,197.0,7974.0,10671.0,182.0,2640.0,1793.0,15.0,7.0,8.0,2.0,1.0,5.0,4.0
ESPORTSTMNT05_3222096,complete,,EM,2023,Spring,0,2023-04-04 19:06:49,1,13.06,4,Blue,bot,Ellam,oe:player:6a9dedd375fda0d451a45fa9809875e,aNc Outplayed,oe:team:cd6b4265231d4ba346274357681c335,Xayah,Jinx,Caitlyn,Gragas,Xin Zhao,Sejuani,,,,,,1862,1,8,4,10,27,20,2.0,0.0,0.0,0.0,1.0,1.0,0.0,0.0,0.87,1.5145,,,,,,,,,,,,,,,,,,,,,0.0,0.0,,,,,,,,0.0,0.0,25146.0,810.29,0.249983,521.3749,387.0354,13.0,0.4189,15.0,0.4834,2.0,53.0,1.7078,15749,11675,376.2084,0.288194,13000.0,,,278.0,249.0,29.0,,,8.9581,3884.0,3372.0,83.0,3148.0,3199.0,80.0,736.0,173.0,3.0,2.0,0.0,0.0,0.0,0.0,1.0,7003.0,5720.0,135.0,4628.0,5114.0,123.0,2375.0,606.0,12.0,3.0,0.0,1.0,0.0,2.0,1.0,9337.0,8104.0,179.0,7447.0,7373.0,157.0,1890.0,731.0,22.0,4.0,2.0,1.0,3.0,4.0,1.0,11572.0,10121.0,216.0,9976.0,9293.0,189.0,1596.0,828.0,27.0,5.0,5.0,3.0,4.0,5.0,2.0
ESPORTSTMNT05_3222096,complete,,EM,2023,Spring,0,2023-04-04 19:06:49,1,13.06,5,Blue,sup,Venzer,oe:player:dd4e48d56d876e846579c9e5c64d965,aNc Outplayed,oe:team:cd6b4265231d4ba346274357681c335,Rell,Jinx,Caitlyn,Gragas,Xin Zhao,Sejuani,,,,,,1862,1,1,6,17,27,20,0.0,0.0,0.0,0.0,1.0,0.0,1.0,0.0,0.87,1.5145,,,,,,,,,,,,,,,,,,,,,0.0,0.0,,,,,,,,0.0,0.0,6470.0,208.4855,0.0643199,673.276,805.9398,39.0,1.2567,11.0,0.3545,13.0,80.0,2.5779,7592,3518,113.362,0.0868395,7275.0,,,38.0,38.0,0.0,,,1.2245,2435.0,2191.0,14.0,2183.0,2506.0,16.0,252.0,-315.0,-2.0,0.0,5.0,0.0,0.0,1.0,0.0,3635.0,3965.0,23.0,3391.0,4095.0,26.0,244.0,-130.0,-3.0,0.0,6.0,1.0,0.0,4.0,0.0,5112.0,5301.0,34.0,4839.0,5593.0,30.0,273.0,-292.0,4.0,1.0,8.0,4.0,0.0,9.0,0.0,6285.0,7489.0,37.0,5934.0,6778.0,33.0,351.0,711.0,4.0,1.0,13.0,4.0,0.0,11.0,2.0
ESPORTSTMNT05_3222096,complete,,EM,2023,Spring,0,2023-04-04 19:06:49,1,13.06,6,Red,top,HeSSZero,oe:player:a2694196d288cd26055602729d0bb5c,WLGaming Esports,oe:team:b19ab22267512e77945cd498106dcf1,K'Sante,Wukong,Annie,Karma,Sion,Heimerdinger,,,,,,1862,0,7,7,5,20,27,1.0,0.0,0.0,0.0,0.0,0.0,0.0,0.0,0.6445,1.5145,,,,,,,,,,,,,,,,,,,,,0.0,0.0,,,,,,,,0.0,0.0,19148.0,617.014,0.233549,1102.2342,1643.942,15.0,0.4834,7.0,0.2256,10.0,39.0,1.2567,11906,7832,252.3738,0.250248,11600.0,,,215.0,215.0,0.0,,,6.928,3530.0,5065.0,88.0,3421.0,4624.0,76.0,109.0,441.0,12.0,1.0,1.0,0.0,1.0,0.0,1.0,6191.0,7691.0,134.0,5647.0,7484.0,118.0,544.0,207.0,16.0,3.0,1.0,1.0,1.0,1.0,1.0,8325.0,10315.0,168.0,7093.0,9241.0,140.0,1232.0,1074.0,28.0,4.0,3.0,3.0,1.0,4.0,3.0,10481.0,13192.0,191.0,9609.0,12145.0,173.0,872.0,1047.0,18.0,7.0,3.0,5.0,3.0,7.0,4.0
ESPORTSTMNT05_3222096,complete,,EM,2023,Spring,0,2023-04-04 19:06:49,1,13.06,7,Red,jng,Bruness,oe:player:7471c21aed615dae3e49140eca8ce89,WLGaming Esports,oe:team:b19ab22267512e77945cd498106dcf1,Maokai,Wukong,Annie,Karma,Sion,Heimerdinger,,,,,,1862,0,6,7,10,20,27,1.0,0.0,0.0,0.0,0.0,0.0,0.0,0.0,0.6445,1.5145,,,,,,,,,,,,,,,,,,,,,0.0,0.0,,,,,,,,0.0,0.0,19091.0,615.1772,0.232854,1383.9957,1204.8657,8.0,0.2578,5.0,0.1611,9.0,25.0,0.8056,10505,6431,207.2288,0.205483,9100.0,,,129.0,7.0,122.0,,,4.1568,3188.0,3023.0,56.0,3755.0,4079.0,76.0,-567.0,-1056.0,-20.0,1.0,0.0,3.0,0.0,4.0,0.0,4985.0,5235.0,87.0,5701.0,6040.0,111.0,-716.0,-805.0,-24.0,2.0,2.0,3.0,1.0,4.0,1.0,7047.0,7100.0,104.0,7283.0,8003.0,145.0,-236.0,-903.0,-41.0,3.0,6.0,4.0,1.0,6.0,2.0,8713.0,9307.0,118.0,9071.0,10355.0,167.0,-358.0,-1048.0,-49.0,4.0,8.0,5.0,2.0,9.0,3.0
ESPORTSTMNT05_3222096,complete,,EM,2023,Spring,0,2023-04-04 19:06:49,1,13.06,8,Red,mid,Vladi,oe:player:367fecc4cb53a8234abbd9f283b7997,WLGaming Esports,oe:team:b19ab22267512e77945cd498106dcf1,Taliyah,Wukong,Annie,Karma,Sion,Heimerdinger,,,,,,1862,0,1,6,9,20,27,0.0,0.0,0.0,0.0,0.0,0.0,0.0,0.0,0.6445,1.5145,,,,,,,,,,,,,,,,,,,,,0.0,0.0,,,,,,,,0.0,1.0,14669.0,472.6853,0.178919,631.9979,273.1579,17.0,0.5478,3.0,0.0967,8.0,40.0,1.2889,9671,5597,180.3545,0.178835,9510.0,,,211.0,196.0,15.0,,,6.7991,2885.0,4219.0,72.0,3753.0,4639.0,81.0,-868.0,-420.0,-9.0,0.0,1.0,1.0,2.0,2.0,1.0,4786.0,7221.0,128.0,5681.0,7716.0,140.0,-895.0,-495.0,-12.0,0.0,3.0,2.0,2.0,3.0,1.0,6726.0,8968.0,158.0,7857.0,10443.0,182.0,-1131.0,-1475.0,-24.0,1.0,5.0,2.0,3.0,4.0,1.0,7974.0,10671.0,182.0,10614.0,12464.0,197.0,-2640.0,-1793.0,-15.0,1.0,5.0,4.0,7.0,8.0,2.0
ESPORTSTMNT05_3222096,complete,,EM,2023,Spring,0,2023-04-04 19:06:49,1,13.06,9,Red,bot,Jeyrus,oe:player:c5050bf5abf900c6beaed313da57213,WLGaming Esports,oe:team:b19ab22267512e77945cd498106dcf1,Varus,Wukong,Annie,Karma,Sion,Heimerdinger,,,,,,1862,0,6,3,7,20,27,1.0,0.0,0.0,0.0,0.0,0.0,0.0,1.0,0.6445,1.5145,,,,,,,,,,,,,,,,,,,,,0.0,0.0,,,,,,,,0.0,0.0,22564.0,727.0892,0.275214,406.9817,173.5231,16.0,0.5156,9.0,0.29,6.0,40.0,1.2889,12414,8340,268.7433,0.26648,11300.0,,,227.0,215.0,12.0,,,7.3147,3148.0,3199.0,80.0,3884.0,3372.0,83.0,-736.0,-173.0,-3.0,0.0,0.0,1.0,2.0,0.0,0.0,4628.0,5114.0,123.0,7003.0,5720.0,135.0,-2375.0,-606.0,-12.0,0.0,2.0,1.0,3.0,0.0,1.0,7447.0,7373.0,157.0,9337.0,8104.0,179.0,-1890.0,-731.0,-22.0,3.0,4.0,1.0,4.0,2.0,1.0,9976.0,9293.0,189.0,11572.0,10121.0,216.0,-1596.0,-828.0,-27.0,4.0,5.0,2.0,5.0,5.0,3.0
ESPORTSTMNT05_3222096,complete,,EM,2023,Spring,0,2023-04-04 19:06:49,1,13.06,10,Red,sup,Bananitoo,oe:player:148e116847c069d852ad0696d4180fe,WLGaming Esports,oe:team:b19ab22267512e77945cd498106dcf1,Rakan,Wukong,Annie,Karma,Sion,Heimerdinger,,,,,,1862,0,0,4,15,20,27,0.0,0.0,0.0,0.0,0.0,0.0,0.0,0.0,0.6445,1.5145,,,,,,,,,,,,,,,,,,,,,0.0,0.0,,,,,,,,0.0,0.0,6515.0,209.9356,0.0794638,591.493,548.9903,66.0,2.1267,16.0,0.5156,9.0,120.0,3.8668,7171,3097,99.7959,0.0989539,6475.0,,,39.0,39.0,0.0,,,1.2567,2183.0,2506.0,16.0,2435.0,2191.0,14.0,-252.0,315.0,2.0,0.0,1.0,0.0,0.0,5.0,0.0,3391.0,4095.0,26.0,3635.0,3965.0,23.0,-244.0,130.0,3.0,0.0,4.0,0.0,0.0,6.0,1.0,4839.0,5593.0,30.0,5112.0,5301.0,34.0,-273.0,292.0,-4.0,0.0,9.0,0.0,1.0,8.0,4.0,5934.0,6778.0,33.0,6285.0,7489.0,37.0,-351.0,-711.0,-4.0,0.0,11.0,2.0,1.0,13.0,4.0
ESPORTSTMNT05_3222096,complete,,EM,2023,Spring,0,2023-04-04 19:06:49,1,13.06,100,Blue,team,,,aNc Outplayed,oe:team:cd6b4265231d4ba346274357681c335,,Jinx,Caitlyn,Gragas,Xin Zhao,Sejuani,Xayah,Vi,Syndra,Rell,Kennen,1862,1,27,20,63,27,20,4.0,0.0,0.0,0.0,1.0,,,,0.87,1.5145,1.0,4.0,1.0,4.0,1.0,1.0,0.0,2.0,0.0,1.0,0.0,,0.0,0.0,1.0,1.0,1.0,,,0.0,0.0,0.0,1.0,7.0,3.0,0.0,1.0,6.0,3.0,1.0,0.0,100591.0,3241.3856,,3329.3878,3263.5875,89.0,2.8679,58.0,1.869,33.0,263.0,8.4748,60881,40511,1305.4028,,55275.0,0.141197,2.57,,753.0,185.0,,,30.2256,17248.0,18905.0,330.0,14934.0,18012.0,312.0,2314.0,893.0,18.0,5.0,11.0,2.0,2.0,3.0,5.0,27667.0,30925.0,527.0,23981.0,29356.0,498.0,3686.0,1569.0,29.0,7.0,14.0,5.0,5.0,12.0,7.0,36682.0,41092.0,680.0,34384.0,39349.0,617.0,2298.0,1743.0,63.0,10.0,24.0,11.0,11.0,27.0,10.0,47151.0,52574.0,790.0,43078.0,49241.0,713.0,4073.0,3333.0,77.0,18.0,42.0,16.0,16.0,32.0,18.0
ESPORTSTMNT05_3222096,complete,,EM,2023,Spring,0,2023-04-04 19:06:49,1,13.06,200,Red,team,,,WLGaming Esports,oe:team:b19ab22267512e77945cd498106dcf1,,Wukong,Annie,Karma,Sion,Heimerdinger,Rakan,Varus,K'Sante,Maokai,Taliyah,1862,0,20,27,46,20,27,3.0,0.0,0.0,0.0,0.0,,,,0.6445,1.5145,0.0,1.0,4.0,1.0,4.0,0.0,0.0,1.0,0.0,0.0,0.0,,0.0,0.0,0.0,1.0,1.0,,,0.0,0.0,0.0,0.0,3.0,7.0,1.0,0.0,3.0,6.0,0.0,1.0,81987.0,2641.9012,,4116.7025,3844.4791,122.0,3.9313,40.0,1.2889,42.0,264.0,8.507,51667,31297,1008.4962,,47985.0,-0.141197,-2.57,,672.0,149.0,,,26.4554,14934.0,18012.0,312.0,17248.0,18905.0,330.0,-2314.0,-893.0,-18.0,2.0,3.0,5.0,5.0,11.0,2.0,23981.0,29356.0,498.0,27667.0,30925.0,527.0,-3686.0,-1569.0,-29.0,5.0,12.0,7.0,7.0,14.0,5.0,34384.0,39349.0,617.0,36682.0,41092.0,680.0,-2298.0,-1743.0,-63.0,11.0,27.0,10.0,10.0,24.0,11.0,43078.0,49241.0,713.0,47151.0,52574.0,790.0,-4073.0,-3333.0,-77.0,16.0,32.0,18.0,18.0,42.0,16.0
ESPORTSTMNT05_3221096,complete,,EM,2023,Spring,0,2023-04-04 19:38:38,1,13.06,1,Blue,top,Robba,oe:player:0a08034cdc4feac55c0bdfbc0f300db,KRC Genk Esports,oe:team:01a959b2a20ca77057e580ec051aa3e,Cho'Gath,Jax,Vi,Sejuani,Ahri,Olaf,,,,,,1777,0,2,5,1,3,20,0.0,0.0,0.0,0.0,1.0,1.0,0.0,0.0,0.1013,0.7766,,,,,,,,,,,,,,,,,,,,,0.0,0.0,,,,,,,,0.0,0.0,16691.0,563.5678,0.307046,1208.3061,1379.4935,12.0,0.4052,7.0,0.2364,5.0,24.0,0.8104,9746,5845,197.3551,0.21189,8700.0,,,191.0,179.0,12.0,,,6.4491,3676.0,4948.0,82.0,3286.0,4928.0,90.0,390.0,20.0,-8.0,1.0,0.0,0.0,0.0,0.0,1.0,5628.0,7993.0,137.0,5166.0,7255.0,128.0,462.0,738.0,9.0,1.0,0.0,0.0,1.0,0.0,1.0,7086.0,9787.0,171.0,7004.0,9792.0,169.0,82.0,-5.0,2.0,1.0,1.0,1.0,1.0,1.0,1.0,7961.0,10435.0,181.0,8870.0,12793.0,194.0,-909.0,-2358.0,-13.0,1.0,1.0,2.0,2.0,2.0,1.0
ESPORTSTMNT05_3221096,complete,,EM,2023,Spring,0,2023-04-04 19:38:38,1,13.06,2,Blue,jng,Guertas,oe:player:66dfc0444c571e87d4442178fee3ab4,KRC Genk Esports,oe:team:01a959b2a20ca77057e580ec051aa3e,Xin Zhao,Jax,Vi,Sejuani,Ahri,Olaf,,,,,,1777,0,1,5,0,3,20,0.0,0.0,0.0,0.0,0.0,0.0,0.0,0.0,0.1013,0.7766,,,,,,,,,,,,,,,,,,,,,0.0,1.0,,,,,,,,0.0,1.0,6357.0,214.6427,0.116943,1134.6314,832.6055,5.0,0.1688,9.0,0.3039,6.0,33.0,1.1142,9105,5204,175.7119,0.188654,8500.0,,,166.0,26.0,140.0,,,5.605,3104.0,3430.0,63.0,3459.0,3396.0,64.0,-355.0,34.0,-1.0,0.0,0.0,0.0,1.0,1.0,0.0,4578.0,5029.0,86.0,5135.0,5164.0,94.0,-557.0,-135.0,-8.0,0.0,0.0,1.0,2.0,2.0,0.0,6309.0,7370.0,117.0,7263.0,7790.0,127.0,-954.0,-420.0,-10.0,1.0,0.0,1.0,3.0,2.0,0.0,7651.0,9210.0,143.0,8836.0,10334.0,155.0,-1185.0,-1124.0,-12.0,1.0,0.0,2.0,3.0,4.0,0.0
ESPORTSTMNT05_3221096,complete,,EM,2023,Spring,0,2023-04-04 19:38:38,1,13.06,3,Blue,mid,Mikkel,oe:player:b2c05a26758d82a8643a27eec405dcb,KRC Genk Esports,oe:team:01a959b2a20ca77057e580ec051aa3e,Gragas,Jax,Vi,Sejuani,Ahri,Olaf,,,,,,1777,0,0,4,0,3,20,0.0,0.0,0.0,0.0,0.0,0.0,0.0,0.0,0.1013,0.7766,,,,,,,,,,,,,,,,,,,,,0.0,0.0,,,,,,,,0.0,0.0,8451.0,285.3461,0.155464,942.78,904.7271,6.0,0.2026,7.0,0.2364,1.0,25.0,0.8441,11033,7132,240.8104,0.258543,10725.0,,,274.0,274.0,0.0,,,9.2515,3349.0,5079.0,97.0,3250.0,4967.0,92.0,99.0,112.0,5.0,0.0,0.0,0.0,0.0,0.0,0.0,4976.0,7663.0,150.0,5394.0,8268.0,151.0,-418.0,-605.0,-1.0,0.0,0.0,1.0,0.0,2.0,0.0,6774.0,10747.0,201.0,7822.0,11360.0,211.0,-1048.0,-613.0,-10.0,0.0,0.0,1.0,0.0,3.0,0.0,8196.0,13973.0,229.0,9966.0,16289.0,245.0,-1770.0,-2316.0,-16.0,0.0,0.0,3.0,1.0,5.0,0.0
ESPORTSTMNT05_3221096,complete,,EM,2023,Spring,0,2023-04-04 19:38:38,1,13.06,4,Blue,bot,Orion,oe:player:915901c2ffafe3ee9245c3ef30ec5b4,KRC Genk Esports,oe:team:01a959b2a20ca77057e580ec051aa3e,Sivir,Jax,Vi,Sejuani,Ahri,Olaf,,,,,,1777,0,0,4,1,3,20,0.0,0.0,0.0,0.0,0.0,0.0,0.0,0.0,0.1013,0.7766,,,,,,,,,,,,,,,,,,,,,0.0,0.0,,,,,,,,0.0,2.0,17598.0,594.1925,0.323731,476.0833,296.8936,13.0,0.4389,3.0,0.1013,3.0,29.0,0.9792,11240,7339,247.7997,0.266047,11075.0,,,270.0,268.0,2.0,,,9.1165,3298.0,3205.0,86.0,3556.0,3225.0,88.0,-258.0,-20.0,-2.0,0.0,0.0,1.0,1.0,0.0,0.0,5414.0,4981.0,132.0,5234.0,5723.0,137.0,180.0,-742.0,-5.0,0.0,0.0,1.0,1.0,0.0,0.0,7381.0,7270.0,186.0,7689.0,8488.0,197.0,-308.0,-1218.0,-11.0,0.0,0.0,1.0,1.0,0.0,0.0,9703.0,10062.0,245.0,10490.0,11959.0,254.0,-787.0,-1897.0,-9.0,0.0,0.0,1.0,3.0,1.0,0.0
ESPORTSTMNT05_3221096,complete,,EM,2023,Spring,0,2023-04-04 19:38:38,1,13.06,5,Blue,sup,KINGPIN,oe:player:4fca9f76fb87127e7bb220b11debdde,KRC Genk Esports,oe:team:01a959b2a20ca77057e580ec051aa3e,Lulu,Jax,Vi,Sejuani,Ahri,Olaf,,,,,,1777,0,0,2,2,3,20,0.0,0.0,0.0,0.0,0.0,0.0,0.0,0.0,0.1013,0.7766,,,,,,,,,,,,,,,,,,,,,0.0,0.0,,,,,,,,0.0,0.0,5263.0,177.704,0.0968175,244.018,133.641,31.0,1.0467,8.0,0.2701,6.0,69.0,2.3298,5966,2065,69.7243,0.0748668,5350.0,,,17.0,13.0,4.0,,,0.574,2027.0,2466.0,0.0,2216.0,2765.0,18.0,-189.0,-299.0,-18.0,0.0,0.0,1.0,0.0,1.0,0.0,3073.0,3334.0,2.0,3356.0,4198.0,25.0,-283.0,-864.0,-23.0,0.0,0.0,1.0,0.0,3.0,0.0,4017.0,5197.0,9.0,4736.0,5168.0,31.0,-719.0,29.0,-22.0,0.0,1.0,1.0,0.0,3.0,1.0,4974.0,6156.0,16.0,6084.0,7447.0,32.0,-1110.0,-1291.0,-16.0,0.0,1.0,1.0,0.0,7.0,1.0
ESPORTSTMNT05_3221096,complete,,EM,2023,Spring,0,2023-04-04 19:38:38,1,13.06,6,Red,top,Juzu,oe:player:a61da83af5e3738845fa6dd56e1d41a,Papara SuperMassive,oe:team:5203ff881d5c82c5f720eb3a2f3b44c,K'Sante,Jarvan IV,Varus,Viego,Aphelios,Jinx,,,,,,1777,1,4,1,7,20,3,0.0,0.0,0.0,0.0,0.0,0.0,0.0,1.0,0.6753,0.7766,,,,,,,,,,,,,,,,,,,,,0.0,0.0,,,,,,,,0.0,0.0,15859.0,535.4755,0.176492,586.1902,878.762,10.0,0.3376,3.0,0.1013,6.0,28.0,0.9454,11927,8026,270.9961,0.202615,11300.0,,,225.0,218.0,7.0,,,7.5971,3286.0,4928.0,90.0,3676.0,4948.0,82.0,-390.0,-20.0,8.0,0.0,0.0,1.0,1.0,0.0,0.0,5166.0,7255.0,128.0,5628.0,7993.0,137.0,-462.0,-738.0,-9.0,1.0,0.0,1.0,1.0,0.0,0.0,7004.0,9792.0,169.0,7086.0,9787.0,171.0,-82.0,5.0,-2.0,1.0,1.0,1.0,1.0,1.0,1.0,8870.0,12793.0,194.0,7961.0,10435.0,181.0,909.0,2358.0,13.0,2.0,2.0,1.0,1.0,1.0,2.0
ESPORTSTMNT05_3221096,complete,,EM,2023,Spring,0,2023-04-04 19:38:38,1,13.06,7,Red,jng,Haru,oe:player:2736a0eb19c2525920f8ff4af5086c0,Papara SuperMassive,oe:team:5203ff881d5c82c5f720eb3a2f3b44c,Wukong,Jarvan IV,Varus,Viego,Aphelios,Jinx,,,,,,1777,1,4,1,8,20,3,0.0,0.0,0.0,0.0,0.0,0.0,0.0,0.0,0.6753,0.7766,,,,,,,,,,,,,,,,,,,,,1.0,0.0,,,,,,,,1.0,0.0,12591.0,425.1322,0.140123,1006.6292,866.3703,6.0,0.2026,9.0,0.3039,5.0,48.0,1.6207,10869,6968,235.2729,0.175907,9625.0,,,161.0,14.0,147.0,,,5.4361,3459.0,3396.0,64.0,3104.0,3430.0,63.0,355.0,-34.0,1.0,1.0,1.0,0.0,0.0,0.0,0.0,5135.0,5164.0,94.0,4578.0,5029.0,86.0,557.0,135.0,8.0,2.0,2.0,0.0,0.0,0.0,1.0,7263.0,7790.0,127.0,6309.0,7370.0,117.0,954.0,420.0,10.0,3.0,2.0,0.0,1.0,0.0,1.0,8836.0,10334.0,155.0,7651.0,9210.0,143.0,1185.0,1124.0,12.0,3.0,4.0,0.0,1.0,0.0,2.0
ESPORTSTMNT05_3221096,complete,,EM,2023,Spring,0,2023-04-04 19:38:38,1,13.06,8,Red,mid,Serin,oe:player:e3b8d5a9290fe0c7458dc01db4dc9dc,Papara SuperMassive,oe:team:5203ff881d5c82c5f720eb3a2f3b44c,Cassiopeia,Jarvan IV,Varus,Viego,Aphelios,Jinx,,,,,,1777,1,4,0,8,20,3,1.0,0.0,0.0,0.0,0.0,0.0,0.0,0.0,0.6753,0.7766,,,,,,,,,,,,,,,,,,,,,0.0,0.0,,,,,,,,0.0,0.0,25216.0,851.4125,0.280624,617.0174,470.951,12.0,0.4052,3.0,0.1013,3.0,30.0,1.0129,13129,9228,311.5813,0.232958,11725.0,,,286.0,270.0,16.0,,,9.6567,3250.0,4967.0,92.0,3349.0,5079.0,97.0,-99.0,-112.0,-5.0,0.0,0.0,0.0,0.0,0.0,0.0,5394.0,8268.0,151.0,4976.0,7663.0,150.0,418.0,605.0,1.0,0.0,2.0,0.0,0.0,0.0,1.0,7822.0,11360.0,211.0,6774.0,10747.0,201.0,1048.0,613.0,10.0,0.0,3.0,0.0,0.0,0.0,1.0,9966.0,16289.0,245.0,8196.0,13973.0,229.0,1770.0,2316.0,16.0,1.0,5.0,0.0,0.0,0.0,3.0
ESPORTSTMNT05_3221096,complete,,EM,2023,Spring,0,2023-04-04 19:38:38,1,13.06,9,Red,bot,HolyPhoenix,oe:player:d129eb71d537fdbb2cd4c52703f51f4,Papara SuperMassive,oe:team:5203ff881d5c82c5f720eb3a2f3b44c,Xayah,Jarvan IV,Varus,Viego,Aphelios,Jinx,,,,,,1777,1,8,0,7,20,3,1.0,0.0,0.0,0.0,0.0,0.0,0.0,0.0,0.6753,0.7766,,,,,,,,,,,,,,,,,,,,,0.0,0.0,,,,,,,,2.0,0.0,29979.0,1012.2341,0.33363,463.5566,387.2482,12.0,0.4052,6.0,0.2026,4.0,39.0,1.3168,15000,11099,374.7552,0.28019,13150.0,,,306.0,264.0,42.0,,,10.332,3556.0,3225.0,88.0,3298.0,3205.0,86.0,258.0,20.0,2.0,1.0,0.0,0.0,0.0,0.0,1.0,5234.0,5723.0,137.0,5414.0,4981.0,132.0,-180.0,742.0,5.0,1.0,0.0,0.0,0.0,0.0,1.0,7689.0,8488.0,197.0,7381.0,7270.0,186.0,308.0,1218.0,11.0,1.0,0.0,0.0,0.0,0.0,1.0,10490.0,11959.0,254.0,9703.0,10062.0,245.0,787.0,1897.0,9.0,3.0,1.0,0.0,0.0,0.0,1.0
ESPORTSTMNT05_3221096,complete,,EM,2023,Spring,0,2023-04-04 19:38:38,1,13.06,10,Red,sup,Farfetch,oe:player:496ca7c65dbd4beffa678e62d9d4e8d,Papara SuperMassive,oe:team:5203ff881d5c82c5f720eb3a2f3b44c,Rakan,Jarvan IV,Varus,Viego,Aphelios,Jinx,,,,,,1777,1,0,1,18,20,3,0.0,0.0,0.0,0.0,0.0,0.0,0.0,0.0,0.6753,0.7766,,,,,,,,,,,,,,,,,,,,,0.0,0.0,,,,,,,,0.0,0.0,6212.0,209.7468,0.0691321,474.7327,541.2155,54.0,1.8233,7.0,0.2364,11.0,88.0,2.9713,8192,4291,144.8846,0.108329,7075.0,,,32.0,32.0,0.0,,,1.0805,2216.0,2765.0,18.0,2027.0,2466.0,0.0,189.0,299.0,18.0,0.0,1.0,0.0,0.0,0.0,1.0,3356.0,4198.0,25.0,3073.0,3334.0,2.0,283.0,864.0,23.0,0.0,3.0,0.0,0.0,0.0,1.0,4736.0,5168.0,31.0,4017.0,5197.0,9.0,719.0,-29.0,22.0,0.0,3.0,1.0,0.0,1.0,1.0,6084.0,7447.0,32.0,4974.0,6156.0,16.0,1110.0,1291.0,16.0,0.0,7.0,1.0,0.0,1.0,1.0
ESPORTSTMNT05_3221096,complete,,EM,2023,Spring,0,2023-04-04 19:38:38,1,13.06,100,Blue,team,,,KRC Genk Esports,oe:team:01a959b2a20ca77057e580ec051aa3e,,Jax,Vi,Sejuani,Ahri,Olaf,Gragas,Lulu,Xin Zhao,Sivir,Cho'Gath,1777,0,3,20,4,3,20,0.0,0.0,0.0,0.0,1.0,,,,0.1013,0.7766,0.0,1.0,2.0,1.0,2.0,0.0,0.0,0.0,1.0,0.0,0.0,,0.0,0.0,1.0,1.0,1.0,,,0.0,0.0,1.0,0.0,3.0,11.0,0.0,0.0,5.0,3.0,0.0,3.0,54360.0,1835.453,,4005.8188,3547.3607,67.0,2.2622,34.0,1.148,21.0,180.0,6.0777,47090,27587,931.4688,,44350.0,-0.175366,-1.27,,760.0,158.0,,,30.9961,15454.0,19128.0,328.0,15767.0,19281.0,352.0,-313.0,-153.0,-24.0,1.0,0.0,2.0,2.0,2.0,1.0,23669.0,29000.0,507.0,24285.0,30608.0,535.0,-616.0,-1608.0,-28.0,1.0,0.0,4.0,4.0,7.0,1.0,31567.0,40371.0,684.0,34514.0,42598.0,735.0,-2947.0,-2227.0,-51.0,2.0,2.0,5.0,5.0,9.0,2.0,38485.0,49836.0,814.0,44246.0,58822.0,880.0,-5761.0,-8986.0,-66.0,2.0,2.0,9.0,9.0,19.0,2.0
ESPORTSTMNT05_3221096,complete,,EM,2023,Spring,0,2023-04-04 19:38:38,1,13.06,200,Red,team,,,Papara SuperMassive,oe:team:5203ff881d5c82c5f720eb3a2f3b44c,,Jarvan IV,Varus,Viego,Aphelios,Jinx,Xayah,Rakan,Wukong,K'Sante,Cassiopeia,1777,1,20,3,48,20,3,2.0,0.0,0.0,0.0,0.0,,,,0.6753,0.7766,1.0,2.0,1.0,2.0,1.0,1.0,0.0,0.0,0.0,0.0,1.0,,0.0,0.0,0.0,1.0,1.0,,,1.0,1.0,0.0,1.0,11.0,3.0,1.0,1.0,3.0,5.0,3.0,0.0,89857.0,3034.0011,,3148.1261,3144.547,94.0,3.1739,28.0,0.9454,29.0,233.0,7.8672,59117,39614,1337.5577,,52875.0,0.175366,1.27,,798.0,212.0,,,34.1024,15767.0,19281.0,352.0,15454.0,19128.0,328.0,313.0,153.0,24.0,2.0,2.0,1.0,1.0,0.0,2.0,24285.0,30608.0,535.0,23669.0,29000.0,507.0,616.0,1608.0,28.0,4.0,7.0,1.0,1.0,0.0,4.0,34514.0,42598.0,735.0,31567.0,40371.0,684.0,2947.0,2227.0,51.0,5.0,9.0,2.0,2.0,2.0,5.0,44246.0,58822.0,880.0,38485.0,49836.0,814.0,5761.0,8986.0,66.0,9.0,19.0,2.0,2.0,2.0,9.0
ESPORTSTMNT05_3220105,complete,,EM,2023,Spring,0,2023-04-04 19:42:27,1,13.06,1,Blue,top,Robocop,oe:player:bf0fcdb863d11c4f6e7802f434de734,Entropiq,oe:team:06554c70cfe8a6be14b004b3c18abe6,Sion,Cassiopeia,Gnar,Jax,Sivir,Ezreal,,,,,,2491,0,1,2,3,14,17,0.0,0.0,0.0,0.0,0.0,0.0,0.0,0.0,0.3372,0.7467,,,,,,,,,,,,,,,,,,,,,0.0,0.0,,,,,,,,0.0,0.0,15558.0,374.7411,0.184367,949.3537,1915.5199,29.0,0.6985,9.0,0.2168,12.0,66.0,1.5897,11548,6191,149.1208,0.152149,11350.0,,,231.0,229.0,2.0,,,5.564,3133.0,4989.0,83.0,3558.0,5067.0,94.0,-425.0,-78.0,-11.0,0.0,0.0,0.0,0.0,0.0,0.0,4791.0,7688.0,134.0,5665.0,8234.0,154.0,-874.0,-546.0,-20.0,0.0,0.0,0.0,0.0,0.0,0.0,6924.0,10171.0,172.0,8528.0,10761.0,199.0,-1604.0,-590.0,-27.0,0.0,1.0,0.0,2.0,1.0,1.0,8090.0,11983.0,197.0,10334.0,13043.0,236.0,-2244.0,-1060.0,-39.0,0.0,1.0,0.0,3.0,1.0,1.0
ESPORTSTMNT05_3220105,complete,,EM,2023,Spring,0,2023-04-04 19:42:27,1,13.06,2,Blue,jng,Zicssi,oe:player:060e16e1c91434827c294bac52e8b47,Entropiq,oe:team:06554c70cfe8a6be14b004b3c18abe6,Sejuani,Cassiopeia,Gnar,Jax,Sivir,Ezreal,,,,,,2491,0,1,4,10,14,17,0.0,0.0,0.0,0.0,0.0,0.0,0.0,1.0,0.3372,0.7467,,,,,,,,,,,,,,,,,,,,,0.0,2.0,,,,,,,,0.0,0.0,12908.0,310.9113,0.152964,909.0325,1537.5753,11.0,0.265,19.0,0.4576,11.0,83.0,1.9992,12126,6769,163.043,0.166354,10825.0,,,199.0,43.0,156.0,,,4.7933,3488.0,3510.0,55.0,3361.0,3458.0,64.0,127.0,52.0,-9.0,1.0,3.0,2.0,1.0,0.0,1.0,4759.0,4756.0,75.0,4597.0,5043.0,90.0,162.0,-287.0,-15.0,1.0,3.0,2.0,1.0,0.0,1.0,6799.0,7422.0,112.0,6370.0,7576.0,120.0,429.0,-154.0,-8.0,1.0,5.0,3.0,2.0,1.0,2.0,8175.0,9447.0,145.0,7711.0,9628.0,150.0,464.0,-181.0,-5.0,1.0,6.0,3.0,2.0,2.0,2.0
ESPORTSTMNT05_3220105,complete,,EM,2023,Spring,0,2023-04-04 19:42:27,1,13.06,3,Blue,mid,Jackies,oe:player:204746c853a12888ad72d8035cdf8c7,Entropiq,oe:team:06554c70cfe8a6be14b004b3c18abe6,Yone,Cassiopeia,Gnar,Jax,Sivir,Ezreal,,,,,,2491,0,8,5,3,14,17,1.0,0.0,0.0,0.0,0.0,0.0,0.0,0.0,0.3372,0.7467,,,,,,,,,,,,,,,,,,,,,0.0,0.0,,,,,,,,0.0,0.0,25347.0,610.5259,0.30037,690.1807,1234.8535,23.0,0.554,9.0,0.2168,9.0,52.0,1.2525,18397,13040,314.0907,0.320475,16305.0,,,348.0,314.0,34.0,,,8.3822,4058.0,4844.0,89.0,3031.0,4713.0,79.0,1027.0,131.0,10.0,2.0,1.0,0.0,0.0,0.0,1.0,5884.0,7347.0,137.0,4704.0,7792.0,130.0,1180.0,-445.0,7.0,2.0,1.0,0.0,0.0,0.0,1.0,8413.0,9876.0,173.0,7208.0,10897.0,178.0,1205.0,-1021.0,-5.0,3.0,3.0,2.0,1.0,2.0,2.0,10299.0,11924.0,214.0,8578.0,12653.0,206.0,1721.0,-729.0,8.0,4.0,3.0,3.0,1.0,3.0,2.0
ESPORTSTMNT05_3220105,complete,,EM,2023,Spring,0,2023-04-04 19:42:27,1,13.06,4,Blue,bot,Khantos,oe:player:58cff57941b3605087bb9208b3d76d0,Entropiq,oe:team:06554c70cfe8a6be14b004b3c18abe6,Seraphine,Cassiopeia,Gnar,Jax,Sivir,Ezreal,,,,,,2491,0,4,2,6,14,17,1.0,0.0,0.0,0.0,0.0,0.0,0.0,0.0,0.3372,0.7467,,,,,,,,,,,,,,,,,,,,,0.0,0.0,,,,,,,,0.0,2.0,23838.0,574.179,0.282488,408.8238,337.3826,17.0,0.4095,9.0,0.2168,5.0,46.0,1.108,16711,11354,273.4805,0.279039,15525.0,,,349.0,322.0,27.0,,,8.4063,4178.0,3822.0,84.0,3146.0,3545.0,81.0,1032.0,277.0,3.0,2.0,0.0,0.0,0.0,0.0,0.0,6071.0,6169.0,137.0,5198.0,5487.0,130.0,873.0,682.0,7.0,2.0,0.0,0.0,0.0,0.0,0.0,9504.0,9091.0,191.0,7473.0,8667.0,189.0,2031.0,424.0,2.0,4.0,0.0,0.0,0.0,3.0,0.0,10973.0,10969.0,227.0,9171.0,10610.0,235.0,1802.0,359.0,-8.0,4.0,1.0,0.0,0.0,4.0,0.0
ESPORTSTMNT05_3220105,complete,,EM,2023,Spring,0,2023-04-04 19:42:27,1,13.06,5,Blue,sup,denyk,oe:player:9adc23fff49c05d7b22cfd79ca1841d,Entropiq,oe:team:06554c70cfe8a6be14b004b3c18abe6,Nautilus,Cassiopeia,Gnar,Jax,Sivir,Ezreal,,,,,,2491,0,0,4,12,14,17,0.0,0.0,0.0,0.0,0.0,0.0,0.0,0.0,0.3372,0.7467,,,,,,,,,,,,,,,,,,,,,0.0,0.0,,,,,,,,0.0,0.0,6735.0,162.224,0.0798118,461.6459,798.6431,65.0,1.5656,11.0,0.265,18.0,106.0,2.5532,8693,3336,80.3533,0.0819823,8100.0,,,39.0,39.0,0.0,,,0.9394,2531.0,2347.0,17.0,2374.0,1958.0,4.0,157.0,389.0,13.0,0.0,4.0,0.0,1.0,0.0,3.0,3452.0,3405.0,21.0,3290.0,3162.0,4.0,162.0,243.0,17.0,0.0,4.0,0.0,1.0,0.0,3.0,4931.0,5648.0,27.0,4873.0,5099.0,9.0,58.0,549.0,18.0,0.0,7.0,1.0,1.0,4.0,3.0,5827.0,6928.0,33.0,5832.0,5750.0,14.0,-5.0,1178.0,19.0,0.0,8.0,1.0,1.0,5.0,4.0
ESPORTSTMNT05_3220105,complete,,EM,2023,Spring,0,2023-04-04 19:42:27,1,13.06,6,Red,top,Nille,oe:player:2df5432fbfcc85dc85c33e269ebd063,Verdant,oe:team:b33646d7b7b14dd6da17a88f6ddb592,Olaf,Xayah,Gragas,Vi,Kai'Sa,Varus,,,,,,2491,1,5,2,5,17,14,1.0,0.0,0.0,0.0,0.0,0.0,0.0,0.0,0.4095,0.7467,,,,,,,,,,,,,,,,,,,,,0.0,0.0,,,,,,,,0.0,0.0,21730.0,523.4043,0.19842,659.2533,1226.4231,22.0,0.5299,4.0,0.0963,11.0,66.0,1.5897,16765,11408,274.7812,0.241527,15425.0,,,317.0,296.0,21.0,,,7.6355,3558.0,5067.0,94.0,3133.0,4989.0,83.0,425.0,78.0,11.0,0.0,0.0,0.0,0.0,0.0,0.0,5665.0,8234.0,154.0,4791.0,7688.0,134.0,874.0,546.0,20.0,0.0,0.0,0.0,0.0,0.0,0.0,8528.0,10761.0,199.0,6924.0,10171.0,172.0,1604.0,590.0,27.0,2.0,1.0,1.0,0.0,1.0,0.0,10334.0,13043.0,236.0,8090.0,11983.0,197.0,2244.0,1060.0,39.0,3.0,1.0,1.0,0.0,1.0,0.0
ESPORTSTMNT05_3220105,complete,,EM,2023,Spring,0,2023-04-04 19:42:27,1,13.06,7,Red,jng,Taxer,oe:player:7b2619f2b79533d29571437f043a2cd,Verdant,oe:team:b33646d7b7b14dd6da17a88f6ddb592,Wukong,Xayah,Gragas,Vi,Kai'Sa,Varus,,,,,,2491,1,5,3,5,17,14,0.0,0.0,0.0,0.0,1.0,1.0,0.0,0.0,0.4095,0.7467,,,,,,,,,,,,,,,,,,,,,2.0,0.0,,,,,,,,0.0,0.0,18585.0,447.6515,0.169703,1084.8173,975.6323,9.0,0.2168,14.0,0.3372,10.0,63.0,1.5175,13899,8542,205.7487,0.180848,12750.0,,,187.0,42.0,145.0,,,4.5042,3361.0,3458.0,64.0,3488.0,3510.0,55.0,-127.0,-52.0,9.0,1.0,0.0,1.0,1.0,3.0,2.0,4597.0,5043.0,90.0,4759.0,4756.0,75.0,-162.0,287.0,15.0,1.0,0.0,1.0,1.0,3.0,2.0,6370.0,7576.0,120.0,6799.0,7422.0,112.0,-429.0,154.0,8.0,2.0,1.0,2.0,1.0,5.0,3.0,7711.0,9628.0,150.0,8175.0,9447.0,145.0,-464.0,181.0,5.0,2.0,2.0,2.0,1.0,6.0,3.0
ESPORTSTMNT05_3220105,complete,,EM,2023,Spring,0,2023-04-04 19:42:27,1,13.06,8,Red,mid,Erolle,oe:player:33f41da3cc793a226c6d42474e3cd95,Verdant,oe:team:b33646d7b7b14dd6da17a88f6ddb592,Azir,Xayah,Gragas,Vi,Kai'Sa,Varus,,,,,,2491,1,2,3,5,17,14,0.0,0.0,0.0,0.0,0.0,0.0,0.0,0.0,0.4095,0.7467,,,,,,,,,,,,,,,,,,,,,0.0,0.0,,,,,,,,0.0,0.0,25281.0,608.9362,0.230845,383.6532,308.3822,9.0,0.2168,12.0,0.289,2.0,42.0,1.0116,15376,10019,241.3248,0.212119,15150.0,,,316.0,284.0,32.0,,,7.6114,3031.0,4713.0,79.0,4058.0,4844.0,89.0,-1027.0,-131.0,-10.0,0.0,0.0,1.0,2.0,1.0,0.0,4704.0,7792.0,130.0,5884.0,7347.0,137.0,-1180.0,445.0,-7.0,0.0,0.0,1.0,2.0,1.0,0.0,7208.0,10897.0,178.0,8413.0,9876.0,173.0,-1205.0,1021.0,5.0,1.0,2.0,2.0,3.0,3.0,2.0,8578.0,12653.0,206.0,10299.0,11924.0,214.0,-1721.0,729.0,-8.0,1.0,3.0,2.0,4.0,3.0,3.0
ESPORTSTMNT05_3220105,complete,,EM,2023,Spring,0,2023-04-04 19:42:27,1,13.06,9,Red,bot,kehvo,oe:player:06f016d5551322d49fad225b21de646,Verdant,oe:team:b33646d7b7b14dd6da17a88f6ddb592,Zeri,Xayah,Gragas,Vi,Kai'Sa,Varus,,,,,,2491,1,4,0,7,17,14,1.0,1.0,0.0,0.0,0.0,0.0,0.0,0.0,0.4095,0.7467,,,,,,,,,,,,,,,,,,,,,0.0,0.0,,,,,,,,2.0,0.0,35831.0,863.051,0.327179,416.7965,632.9506,13.0,0.3131,30.0,0.7226,2.0,92.0,2.216,17756,12399,298.6511,0.262509,15500.0,,,363.0,315.0,48.0,,,8.7435,3146.0,3545.0,81.0,4178.0,3822.0,84.0,-1032.0,-277.0,-3.0,0.0,0.0,0.0,2.0,0.0,0.0,5198.0,5487.0,130.0,6071.0,6169.0,137.0,-873.0,-682.0,-7.0,0.0,0.0,0.0,2.0,0.0,0.0,7473.0,8667.0,189.0,9504.0,9091.0,191.0,-2031.0,-424.0,-2.0,0.0,3.0,0.0,4.0,0.0,0.0,9171.0,10610.0,235.0,10973.0,10969.0,227.0,-1802.0,-359.0,8.0,0.0,4.0,0.0,4.0,1.0,0.0
ESPORTSTMNT05_3220105,complete,,EM,2023,Spring,0,2023-04-04 19:42:27,1,13.06,10,Red,sup,Klaj,oe:player:60c7d1c521aba6d16e6c3a38aa3a863,Verdant,oe:team:b33646d7b7b14dd6da17a88f6ddb592,Annie,Xayah,Gragas,Vi,Kai'Sa,Varus,,,,,,2491,1,1,6,8,17,14,0.0,0.0,0.0,0.0,0.0,0.0,0.0,0.0,0.4095,0.7467,,,,,,,,,,,,,,,,,,,,,0.0,0.0,,,,,,,,0.0,0.0,8088.0,194.8133,0.0738529,358.6271,211.7463,56.0,1.3489,19.0,0.4576,16.0,135.0,3.2517,10222,4865,117.1819,0.102998,9600.0,,,24.0,24.0,0.0,,,0.5781,2374.0,1958.0,4.0,2531.0,2347.0,17.0,-157.0,-389.0,-13.0,1.0,0.0,3.0,0.0,4.0,0.0,3290.0,3162.0,4.0,3452.0,3405.0,21.0,-162.0,-243.0,-17.0,1.0,0.0,3.0,0.0,4.0,0.0,4873.0,5099.0,9.0,4931.0,5648.0,27.0,-58.0,-549.0,-18.0,1.0,4.0,3.0,0.0,7.0,1.0,5832.0,5750.0,14.0,5827.0,6928.0,33.0,5.0,-1178.0,-19.0,1.0,5.0,4.0,0.0,8.0,1.0
ESPORTSTMNT05_3220105,complete,,EM,2023,Spring,0,2023-04-04 19:42:27,1,13.06,100,Blue,team,,,Entropiq,oe:team:06554c70cfe8a6be14b004b3c18abe6,,Cassiopeia,Gnar,Jax,Sivir,Ezreal,Sejuani,Yone,Nautilus,Seraphine,Sion,2491,0,14,17,34,14,17,2.0,0.0,0.0,0.0,0.0,,,,0.3372,0.7467,0.0,1.0,4.0,1.0,4.0,0.0,0.0,0.0,0.0,1.0,0.0,,0.0,0.0,1.0,2.0,0.0,,,0.0,0.0,2.0,1.0,5.0,10.0,1.0,1.0,6.0,3.0,0.0,2.0,84386.0,2032.5813,,3419.0365,5823.9743,145.0,3.4926,57.0,1.3729,55.0,353.0,8.5026,67475,40689,980.0642,,62105.0,-0.096836,0.18,,947.0,219.0,,,28.0851,17388.0,19512.0,328.0,15470.0,18741.0,322.0,1918.0,771.0,6.0,5.0,8.0,2.0,2.0,0.0,5.0,24957.0,29365.0,504.0,23454.0,29718.0,508.0,1503.0,-353.0,-4.0,5.0,8.0,2.0,2.0,0.0,5.0,36571.0,42208.0,675.0,34452.0,43000.0,695.0,2119.0,-792.0,-20.0,8.0,16.0,6.0,6.0,11.0,8.0,43364.0,51251.0,816.0,41626.0,51684.0,841.0,1738.0,-433.0,-25.0,9.0,19.0,7.0,7.0,15.0,9.0
ESPORTSTMNT05_3220105,complete,,EM,2023,Spring,0,2023-04-04 19:42:27,1,13.06,200,Red,team,,,Verdant,oe:team:b33646d7b7b14dd6da17a88f6ddb592,,Xayah,Gragas,Vi,Kai'Sa,Varus,Wukong,Annie,Azir,Zeri,Olaf,2491,1,17,14,30,17,14,2.0,1.0,0.0,0.0,1.0,,,,0.4095,0.7467,1.0,4.0,1.0,4.0,1.0,0.0,0.0,1.0,0.0,2.0,1.0,,0.0,0.0,0.0,0.0,2.0,,,1.0,2.0,0.0,0.0,10.0,5.0,0.0,0.0,3.0,6.0,2.0,0.0,109515.0,2637.8563,,2903.1473,3355.1345,109.0,2.6255,79.0,1.9029,41.0,398.0,9.5865,74018,47232,1137.6636,,68425.0,0.096836,-0.18,,961.0,246.0,,,29.0727,15470.0,18741.0,322.0,17388.0,19512.0,328.0,-1918.0,-771.0,-6.0,2.0,0.0,5.0,5.0,8.0,2.0,23454.0,29718.0,508.0,24957.0,29365.0,504.0,-1503.0,353.0,4.0,2.0,0.0,5.0,5.0,8.0,2.0,34452.0,43000.0,695.0,36571.0,42208.0,675.0,-2119.0,792.0,20.0,6.0,11.0,8.0,8.0,16.0,6.0,41626.0,51684.0,841.0,43364.0,51251.0,816.0,-1738.0,433.0,25.0,7.0,15.0,9.0,9.0,19.0,7.0
ESPORTSTMNT05_3221095,complete,,EM,2023,Spring,0,2023-04-04 19:42:54,1,13.06,1,Blue,top,Zhergoth,oe:player:368db8366e1e5de655938dd9f8296dc,Team 7AM,oe:team:fc3d0bdc84e08efc1b6623448e64c15,Mordekaiser,Lee Sin,Thresh,Xayah,Malphite,Renekton,,,,,,2206,0,3,7,9,24,33,0.0,0.0,0.0,0.0,0.0,0.0,0.0,0.0,0.6528,1.5503,,,,,,,,,,,,,,,,,,,,,0.0,0.0,,,,,,,,0.0,1.0,32214.0,876.1741,0.244042,1065.8296,1373.9619,17.0,0.4624,8.0,0.2176,4.0,50.0,1.3599,14771,9995,271.8495,0.2309,13450.0,,,309.0,301.0,8.0,,,8.4044,2988.0,4579.0,77.0,3134.0,4072.0,65.0,-146.0,507.0,12.0,0.0,0.0,1.0,1.0,0.0,0.0,4759.0,7280.0,130.0,5526.0,7459.0,118.0,-767.0,-179.0,12.0,0.0,1.0,2.0,3.0,2.0,0.0,6575.0,9829.0,176.0,7825.0,10317.0,166.0,-1250.0,-488.0,10.0,0.0,1.0,2.0,4.0,2.0,0.0,8300.0,12075.0,199.0,9509.0,11422.0,182.0,-1209.0,653.0,17.0,1.0,5.0,4.0,5.0,3.0,2.0
ESPORTSTMNT05_3221095,complete,,EM,2023,Spring,0,2023-04-04 19:42:54,1,13.06,2,Blue,jng,Noodle,oe:player:15101ae59f2cc7c8836b7e67352b598,Team 7AM,oe:team:fc3d0bdc84e08efc1b6623448e64c15,Vi,Lee Sin,Thresh,Xayah,Malphite,Renekton,,,,,,2206,0,3,8,13,24,33,0.0,0.0,0.0,0.0,0.0,0.0,0.0,0.0,0.6528,1.5503,,,,,,,,,,,,,,,,,,,,,1.0,1.0,,,,,,,,0.0,0.0,18843.0,512.5023,0.142748,991.3871,1106.4642,9.0,0.2448,2.0,0.0544,6.0,33.0,0.8976,10960,6184,168.1958,0.142862,9400.0,,,154.0,17.0,137.0,,,4.1886,3084.0,2858.0,55.0,3868.0,3118.0,50.0,-784.0,-260.0,5.0,1.0,0.0,0.0,2.0,3.0,0.0,4433.0,4874.0,78.0,6260.0,5761.0,83.0,-1827.0,-887.0,-5.0,1.0,2.0,3.0,4.0,7.0,1.0,5937.0,6840.0,104.0,8366.0,8821.0,130.0,-2429.0,-1981.0,-26.0,1.0,3.0,3.0,4.0,8.0,1.0,7769.0,8754.0,113.0,10573.0,11960.0,146.0,-2804.0,-3206.0,-33.0,3.0,6.0,5.0,5.0,15.0,2.0
ESPORTSTMNT05_3221095,complete,,EM,2023,Spring,0,2023-04-04 19:42:54,1,13.06,3,Blue,mid,Sahira,oe:player:2eec415168a9f5810a8674fd4213fa9,Team 7AM,oe:team:fc3d0bdc84e08efc1b6623448e64c15,Ahri,Lee Sin,Thresh,Xayah,Malphite,Renekton,,,,,,2206,0,5,6,9,24,33,1.0,0.0,0.0,0.0,0.0,0.0,0.0,0.0,0.6528,1.5503,,,,,,,,,,,,,,,,,,,,,0.0,0.0,,,,,,,,0.0,0.0,35367.0,961.9311,0.267928,650.3173,423.5902,13.0,0.3536,7.0,0.1904,5.0,55.0,1.4959,15789,11013,299.5376,0.254417,15325.0,,,307.0,278.0,29.0,,,8.35,3388.0,4634.0,92.0,2970.0,4568.0,72.0,418.0,66.0,20.0,0.0,1.0,1.0,0.0,0.0,1.0,5561.0,7568.0,148.0,4372.0,7132.0,103.0,1189.0,436.0,45.0,0.0,2.0,2.0,0.0,4.0,3.0,8079.0,10006.0,202.0,6103.0,8930.0,137.0,1976.0,1076.0,65.0,0.0,3.0,2.0,0.0,4.0,3.0,10899.0,12955.0,237.0,7607.0,10852.0,166.0,3292.0,2103.0,71.0,2.0,7.0,3.0,0.0,6.0,5.0
ESPORTSTMNT05_3221095,complete,,EM,2023,Spring,0,2023-04-04 19:42:54,1,13.06,4,Blue,bot,Mindrago,oe:player:4202e9d85e69908cd25c9ea58de244d,Team 7AM,oe:team:fc3d0bdc84e08efc1b6623448e64c15,Zeri,Lee Sin,Thresh,Xayah,Malphite,Renekton,,,,,,2206,0,12,7,10,24,33,1.0,0.0,0.0,0.0,1.0,0.0,1.0,0.0,0.6528,1.5503,,,,,,,,,,,,,,,,,,,,,0.0,0.0,,,,,,,,0.0,1.0,36669.0,997.3436,0.277791,726.0109,856.0743,18.0,0.4896,19.0,0.5168,8.0,63.0,1.7135,16590,11814,321.3237,0.272921,15900.0,,,260.0,243.0,17.0,,,7.0716,3434.0,3849.0,85.0,3987.0,3291.0,76.0,-553.0,558.0,9.0,0.0,2.0,2.0,2.0,2.0,0.0,6574.0,6104.0,115.0,7085.0,5808.0,116.0,-511.0,296.0,-1.0,4.0,2.0,4.0,5.0,7.0,1.0,8616.0,8211.0,155.0,9788.0,8420.0,172.0,-1172.0,-209.0,-17.0,5.0,2.0,4.0,5.0,7.0,1.0,10639.0,10173.0,181.0,14278.0,11982.0,217.0,-3639.0,-1809.0,-36.0,7.0,6.0,6.0,10.0,11.0,2.0
ESPORTSTMNT05_3221095,complete,,EM,2023,Spring,0,2023-04-04 19:42:54,1,13.06,5,Blue,sup,Quicktimer,oe:player:a01962da0921577bca0e84951082b3f,Team 7AM,oe:team:fc3d0bdc84e08efc1b6623448e64c15,Renata Glasc,Lee Sin,Thresh,Xayah,Malphite,Renekton,,,,,,2206,0,1,5,19,24,33,0.0,0.0,0.0,0.0,1.0,1.0,0.0,0.0,0.6528,1.5503,,,,,,,,,,,,,,,,,,,,,0.0,0.0,,,,,,,,0.0,0.0,8909.0,242.3119,0.0674914,435.612,385.1315,60.0,1.6319,10.0,0.272,15.0,109.0,2.9646,9057,4281,116.437,0.0988999,8425.0,,,23.0,23.0,0.0,,,0.6256,2574.0,1842.0,4.0,2355.0,2116.0,14.0,219.0,-274.0,-10.0,1.0,1.0,1.0,0.0,3.0,1.0,3960.0,3628.0,10.0,4119.0,3836.0,20.0,-159.0,-208.0,-10.0,1.0,4.0,2.0,1.0,10.0,1.0,4868.0,4888.0,13.0,5647.0,5203.0,30.0,-779.0,-315.0,-17.0,1.0,5.0,3.0,1.0,11.0,2.0,6000.0,6430.0,14.0,7502.0,7329.0,39.0,-1502.0,-899.0,-25.0,1.0,10.0,5.0,3.0,15.0,3.0
ESPORTSTMNT05_3221095,complete,,EM,2023,Spring,0,2023-04-04 19:42:54,1,13.06,6,Red,top,Sl4shD,oe:player:61eec59806c0beb33d2ffa40fcda3f5,GTZ Esports,oe:team:3659b5cb3434354530c31ce71461fc1,Camille,Wukong,Aphelios,Annie,Gnar,Jax,,,,,,2206,1,7,4,9,33,24,0.0,0.0,0.0,0.0,0.0,0.0,0.0,0.0,0.8976,1.5503,,,,,,,,,,,,,,,,,,,,,0.0,0.0,,,,,,,,1.0,0.0,18800.0,511.3327,0.156912,1115.3581,1023.7534,14.0,0.3808,5.0,0.136,2.0,43.0,1.1695,14607,9831,267.3889,0.2048,14550.0,,,254.0,250.0,4.0,,,6.9084,3134.0,4072.0,65.0,2988.0,4579.0,77.0,146.0,-507.0,-12.0,1.0,0.0,0.0,0.0,0.0,1.0,5526.0,7459.0,118.0,4759.0,7280.0,130.0,767.0,179.0,-12.0,3.0,2.0,0.0,0.0,1.0,2.0,7825.0,10317.0,166.0,6575.0,9829.0,176.0,1250.0,488.0,-10.0,4.0,2.0,0.0,0.0,1.0,2.0,9509.0,11422.0,182.0,8300.0,12075.0,199.0,1209.0,-653.0,-17.0,5.0,3.0,2.0,1.0,5.0,4.0
ESPORTSTMNT05_3221095,complete,,EM,2023,Spring,0,2023-04-04 19:42:54,1,13.06,7,Red,jng,Time,oe:player:550fa477eff3885416f22c0b3f2fc88,GTZ Esports,oe:team:3659b5cb3434354530c31ce71461fc1,Viego,Wukong,Aphelios,Annie,Gnar,Jax,,,,,,2206,1,7,3,18,33,24,1.0,0.0,0.0,0.0,0.0,0.0,0.0,0.0,0.8976,1.5503,,,,,,,,,,,,,,,,,,,,,1.0,1.0,,,,,,,,0.0,0.0,25534.0,694.4878,0.213117,981.5956,1249.0662,10.0,0.272,4.0,0.1088,11.0,43.0,1.1695,14935,10159,276.3101,0.211632,13550.0,,,181.0,11.0,170.0,,,4.9229,3868.0,3118.0,50.0,3084.0,2858.0,55.0,784.0,260.0,-5.0,2.0,3.0,0.0,1.0,0.0,0.0,6260.0,5761.0,83.0,4433.0,4874.0,78.0,1827.0,887.0,5.0,4.0,7.0,1.0,1.0,2.0,3.0,8366.0,8821.0,130.0,5937.0,6840.0,104.0,2429.0,1981.0,26.0,4.0,8.0,1.0,1.0,3.0,3.0,10573.0,11960.0,146.0,7769.0,8754.0,113.0,2804.0,3206.0,33.0,5.0,15.0,2.0,3.0,6.0,5.0
ESPORTSTMNT05_3221095,complete,,EM,2023,Spring,0,2023-04-04 19:42:54,1,13.06,8,Red,mid,Heroic,oe:player:c71b4244f70372f8be07a3e83c58490,GTZ Esports,oe:team:3659b5cb3434354530c31ce71461fc1,Sylas,Wukong,Aphelios,Annie,Gnar,Jax,,,,,,2206,1,1,7,7,33,24,0.0,0.0,0.0,0.0,0.0,0.0,0.0,0.0,0.8976,1.5503,,,,,,,,,,,,,,,,,,,,,0.0,0.0,,,,,,,,0.0,0.0,9548.0,259.6917,0.0796915,993.9166,822.4297,14.0,0.3808,4.0,0.1088,1.0,32.0,0.8704,10890,6114,166.2919,0.127368,10485.0,,,203.0,195.0,8.0,,,5.5213,2970.0,4568.0,72.0,3388.0,4634.0,92.0,-418.0,-66.0,-20.0,0.0,0.0,1.0,0.0,1.0,1.0,4372.0,7132.0,103.0,5561.0,7568.0,148.0,-1189.0,-436.0,-45.0,0.0,4.0,3.0,0.0,2.0,2.0,6103.0,8930.0,137.0,8079.0,10006.0,202.0,-1976.0,-1076.0,-65.0,0.0,4.0,3.0,0.0,3.0,2.0,7607.0,10852.0,166.0,10899.0,12955.0,237.0,-3292.0,-2103.0,-71.0,0.0,6.0,5.0,2.0,7.0,3.0
ESPORTSTMNT05_3221095,complete,,EM,2023,Spring,0,2023-04-04 19:42:54,1,13.06,9,Red,bot,Notiko,oe:player:e134b2791879ae44a24cf5fc966a4b7,GTZ Esports,oe:team:3659b5cb3434354530c31ce71461fc1,Kai'Sa,Wukong,Aphelios,Annie,Gnar,Jax,,,,,,2206,1,15,3,13,33,24,2.0,0.0,0.0,0.0,0.0,0.0,0.0,0.0,0.8976,1.5503,,,,,,,,,,,,,,,,,,,,,0.0,0.0,,,,,,,,1.0,0.0,59563.0,1620.0272,0.497137,587.1079,407.5431,10.0,0.272,12.0,0.3264,1.0,54.0,1.4687,20871,16095,437.7607,0.335289,20075.0,,,306.0,271.0,35.0,,,8.3228,3987.0,3291.0,76.0,3434.0,3849.0,85.0,553.0,-558.0,-9.0,2.0,2.0,0.0,0.0,2.0,2.0,7085.0,5808.0,116.0,6574.0,6104.0,115.0,511.0,-296.0,1.0,5.0,7.0,1.0,4.0,2.0,4.0,9788.0,8420.0,172.0,8616.0,8211.0,155.0,1172.0,209.0,17.0,5.0,7.0,1.0,5.0,2.0,4.0,14278.0,11982.0,217.0,10639.0,10173.0,181.0,3639.0,1809.0,36.0,10.0,11.0,2.0,7.0,6.0,6.0
ESPORTSTMNT05_3221095,complete,,EM,2023,Spring,0,2023-04-04 19:42:54,1,13.06,10,Red,sup,Nsurr,oe:player:6b35468bd45059f6a8450083fc379a9,GTZ Esports,oe:team:3659b5cb3434354530c31ce71461fc1,Rakan,Wukong,Aphelios,Annie,Gnar,Jax,,,,,,2206,1,3,7,23,33,24,0.0,0.0,0.0,0.0,0.0,0.0,0.0,1.0,0.8976,1.5503,,,,,,,,,,,,,,,,,,,,,0.0,0.0,,,,,,,,0.0,0.0,6367.0,173.1732,0.0531416,676.4007,734.3064,55.0,1.4959,19.0,0.5168,13.0,117.0,3.1822,10580,5804,157.8604,0.12091,10075.0,,,48.0,44.0,4.0,,,1.3055,2355.0,2116.0,14.0,2574.0,1842.0,4.0,-219.0,274.0,10.0,0.0,3.0,1.0,1.0,1.0,1.0,4119.0,3836.0,20.0,3960.0,3628.0,10.0,159.0,208.0,10.0,1.0,10.0,1.0,1.0,4.0,2.0,5647.0,5203.0,30.0,4868.0,4888.0,13.0,779.0,315.0,17.0,1.0,11.0,2.0,1.0,5.0,3.0,7502.0,7329.0,39.0,6000.0,6430.0,14.0,1502.0,899.0,25.0,3.0,15.0,3.0,1.0,10.0,5.0
ESPORTSTMNT05_3221095,complete,,EM,2023,Spring,0,2023-04-04 19:42:54,1,13.06,100,Blue,team,,,Team 7AM,oe:team:fc3d0bdc84e08efc1b6623448e64c15,,Lee Sin,Thresh,Xayah,Malphite,Renekton,Vi,Zeri,Renata Glasc,Ahri,Mordekaiser,2206,0,24,33,60,24,33,2.0,0.0,0.0,0.0,1.0,,,,0.6528,1.5503,1.0,4.0,1.0,4.0,1.0,0.0,1.0,0.0,2.0,0.0,1.0,,0.0,0.0,1.0,1.0,1.0,,,0.0,1.0,1.0,1.0,3.0,9.0,1.0,0.0,4.0,2.0,0.0,2.0,132002.0,3590.2629,,3869.1568,4145.2221,117.0,3.1822,46.0,1.2511,38.0,310.0,8.4316,67167,43288,1177.3708,,62500.0,-0.0950204,-1.6,,862.0,191.0,,,28.6401,15468.0,17762.0,313.0,16314.0,17165.0,277.0,-846.0,597.0,36.0,2.0,4.0,5.0,5.0,8.0,2.0,25287.0,29454.0,481.0,27362.0,29996.0,440.0,-2075.0,-542.0,41.0,6.0,11.0,13.0,13.0,30.0,6.0,34075.0,39774.0,650.0,37729.0,41691.0,635.0,-3654.0,-1917.0,15.0,7.0,14.0,14.0,14.0,32.0,7.0,43607.0,50387.0,744.0,49469.0,53545.0,750.0,-5862.0,-3158.0,-6.0,14.0,34.0,23.0,23.0,50.0,14.0
ESPORTSTMNT05_3221095,complete,,EM,2023,Spring,0,2023-04-04 19:42:54,1,13.06,200,Red,team,,,GTZ Esports,oe:team:3659b5cb3434354530c31ce71461fc1,,Wukong,Aphelios,Annie,Gnar,Jax,Viego,Rakan,Kai'Sa,Camille,Sylas,2206,1,33,24,70,33,24,3.0,0.0,0.0,0.0,0.0,,,,0.8976,1.5503,0.0,1.0,4.0,1.0,4.0,0.0,0.0,0.0,1.0,0.0,0.0,,0.0,0.0,0.0,1.0,1.0,,,1.0,1.0,1.0,0.0,9.0,3.0,0.0,1.0,2.0,4.0,2.0,0.0,119812.0,3258.7126,,4354.379,4237.0988,103.0,2.8015,44.0,1.1967,28.0,289.0,7.8604,71883,48004,1305.6392,,68735.0,0.0950204,1.6,,771.0,221.0,,,26.981,16314.0,17165.0,277.0,15468.0,17762.0,313.0,846.0,-597.0,-36.0,5.0,8.0,2.0,2.0,4.0,5.0,27362.0,29996.0,440.0,25287.0,29454.0,481.0,2075.0,542.0,-41.0,13.0,30.0,6.0,6.0,11.0,13.0,37729.0,41691.0,635.0,34075.0,39774.0,650.0,3654.0,1917.0,-15.0,14.0,32.0,7.0,7.0,14.0,14.0,49469.0,53545.0,750.0,43607.0,50387.0,744.0,5862.0,3158.0,6.0,23.0,50.0,14.0,14.0,34.0,23.0
ESPORTSTMNT05_3221097,complete,,EM,2023,Spring,0,2023-04-04 20:03:35,1,13.06,1,Blue,top,bobista,oe:player:8486d94ef23b38c67c76b647613d881,eSuba,oe:team:3faefd9245a4ef6ba347fbcf2a51515,Gragas,Annie,Vi,Xayah,Thresh,Braum,,,,,,1995,1,4,2,6,28,12,1.0,0.0,0.0,0.0,0.0,0.0,0.0,0.0,0.8421,1.203,,,,,,,,,,,,,,,,,,,,,0.0,0.0,,,,,,,,0.0,0.0,14866.0,447.0977,0.189588,877.8346,998.2556,17.0,0.5113,3.0,0.0902,5.0,57.0,1.7143,12763,8418,253.1729,0.183486,11675.0,,,239.0,227.0,12.0,,,7.188,2719.0,4432.0,62.0,3101.0,4742.0,71.0,-382.0,-310.0,-9.0,0.0,0.0,1.0,0.0,1.0,2.0,3882.0,6497.0,90.0,5163.0,7640.0,126.0,-1281.0,-1143.0,-36.0,0.0,0.0,2.0,0.0,1.0,2.0,5909.0,9476.0,144.0,7137.0,10726.0,184.0,-1228.0,-1250.0,-40.0,0.0,0.0,2.0,0.0,1.0,2.0,7561.0,13666.0,181.0,8688.0,12607.0,219.0,-1127.0,1059.0,-38.0,0.0,1.0,2.0,0.0,1.0,3.0
ESPORTSTMNT05_3221097,complete,,EM,2023,Spring,0,2023-04-04 20:03:35,1,13.06,2,Blue,jng,TynX,oe:player:36607221f848a15f6a1f11961027d7c,eSuba,oe:team:3faefd9245a4ef6ba347fbcf2a51515,Lee Sin,Annie,Vi,Xayah,Thresh,Braum,,,,,,1995,1,9,2,12,28,12,2.0,0.0,0.0,0.0,1.0,1.0,0.0,0.0,0.8421,1.203,,,,,,,,,,,,,,,,,,,,,0.0,0.0,,,,,,,,1.0,0.0,21105.0,634.7368,0.269155,937.5639,1515.0376,18.0,0.5414,13.0,0.391,7.0,56.0,1.6842,15273,10928,328.6617,0.238199,13900.0,,,229.0,33.0,196.0,,,6.8872,5354.0,3845.0,61.0,3241.0,2583.0,50.0,2113.0,1262.0,11.0,6.0,1.0,1.0,1.0,2.0,3.0,7647.0,6521.0,106.0,4639.0,4477.0,73.0,3008.0,2044.0,33.0,7.0,3.0,1.0,1.0,3.0,4.0,10056.0,9621.0,156.0,6083.0,6528.0,90.0,3973.0,3093.0,66.0,7.0,4.0,2.0,1.0,5.0,5.0,11229.0,11179.0,178.0,7459.0,8206.0,105.0,3770.0,2973.0,73.0,7.0,4.0,2.0,2.0,5.0,5.0
ESPORTSTMNT05_3221097,complete,,EM,2023,Spring,0,2023-04-04 20:03:35,1,13.06,3,Blue,mid,Warszi,oe:player:5a23766ce46653d2b63ac4a40cd61c1,eSuba,oe:team:3faefd9245a4ef6ba347fbcf2a51515,Lissandra,Annie,Vi,Xayah,Thresh,Braum,,,,,,1995,1,7,4,13,28,12,0.0,0.0,0.0,0.0,0.0,0.0,0.0,0.0,0.8421,1.203,,,,,,,,,,,,,,,,,,,,,0.0,0.0,,,,,,,,0.0,0.0,19328.0,581.2932,0.246493,596.9624,608.2105,11.0,0.3308,1.0,0.0301,8.0,19.0,0.5714,15111,10766,323.7895,0.234667,14150.0,,,286.0,278.0,8.0,,,8.6015,4647.0,5089.0,92.0,4195.0,4212.0,71.0,452.0,877.0,21.0,3.0,2.0,1.0,3.0,1.0,3.0,7271.0,7635.0,139.0,5933.0,6790.0,117.0,1338.0,845.0,22.0,5.0,4.0,1.0,4.0,1.0,3.0,9253.0,10103.0,187.0,9460.0,9848.0,169.0,-207.0,255.0,18.0,6.0,4.0,2.0,6.0,1.0,3.0,10758.0,12278.0,232.0,10945.0,12267.0,206.0,-187.0,11.0,26.0,6.0,4.0,3.0,6.0,2.0,3.0
ESPORTSTMNT05_3221097,complete,,EM,2023,Spring,0,2023-04-04 20:03:35,1,13.06,4,Blue,bot,DANY,oe:player:f72af12f47362bdec4b0ca91070cf43,eSuba,oe:team:3faefd9245a4ef6ba347fbcf2a51515,Aphelios,Annie,Vi,Xayah,Thresh,Braum,,,,,,1995,1,7,2,10,28,12,1.0,0.0,0.0,0.0,0.0,0.0,0.0,0.0,0.8421,1.203,,,,,,,,,,,,,,,,,,,,,1.0,0.0,,,,,,,,1.0,0.0,16874.0,507.4887,0.215197,285.1729,445.0827,13.0,0.391,11.0,0.3308,4.0,39.0,1.1729,15992,11647,350.2857,0.253871,14700.0,,,298.0,270.0,28.0,,,8.9624,3287.0,2650.0,60.0,3840.0,2903.0,80.0,-553.0,-253.0,-20.0,1.0,3.0,1.0,1.0,3.0,0.0,5683.0,5035.0,110.0,5513.0,5013.0,116.0,170.0,22.0,-6.0,2.0,6.0,1.0,2.0,4.0,1.0,7746.0,7383.0,162.0,7427.0,6924.0,165.0,319.0,459.0,-3.0,2.0,6.0,1.0,2.0,5.0,1.0,9878.0,10321.0,216.0,9439.0,8995.0,227.0,439.0,1326.0,-11.0,3.0,6.0,1.0,2.0,5.0,1.0
ESPORTSTMNT05_3221097,complete,,EM,2023,Spring,0,2023-04-04 20:03:35,1,13.06,5,Blue,sup,FGG,oe:player:dcd93cc48ba71890cc0580de524f536,eSuba,oe:team:3faefd9245a4ef6ba347fbcf2a51515,Nautilus,Annie,Vi,Xayah,Thresh,Braum,,,,,,1995,1,1,2,15,28,12,0.0,0.0,0.0,0.0,0.0,0.0,0.0,0.0,0.8421,1.203,,,,,,,,,,,,,,,,,,,,,0.0,0.0,,,,,,,,0.0,0.0,6239.0,187.6391,0.0795669,326.8872,653.4737,42.0,1.2632,10.0,0.3008,10.0,93.0,2.797,8464,4119,123.8797,0.0897768,7300.0,,,32.0,32.0,0.0,,,0.9624,2511.0,2791.0,14.0,2191.0,2462.0,11.0,320.0,329.0,3.0,0.0,5.0,1.0,0.0,2.0,2.0,3762.0,3844.0,23.0,3330.0,3832.0,21.0,432.0,12.0,2.0,0.0,8.0,2.0,0.0,3.0,4.0,5080.0,4737.0,26.0,4284.0,5089.0,25.0,796.0,-352.0,1.0,0.0,9.0,2.0,0.0,3.0,4.0,5861.0,5999.0,28.0,5206.0,6587.0,27.0,655.0,-588.0,1.0,0.0,9.0,2.0,0.0,4.0,4.0
ESPORTSTMNT05_3221097,complete,,EM,2023,Spring,0,2023-04-04 20:03:35,1,13.06,6,Red,top,Kektz,oe:player:f5ea6213c328518f2840a59bf48acec,Diamant Esports,oe:team:830f05a5024d0794bd8d5b598b2432b,Kennen,Jayce,Rakan,Wukong,Rell,Malphite,,,,,,1995,0,0,5,1,12,28,0.0,0.0,0.0,0.0,0.0,0.0,0.0,0.0,0.3609,1.203,,,,,,,,,,,,,,,,,,,,,0.0,0.0,,,,,,,,0.0,0.0,17924.0,539.0677,0.25479,608.9925,418.6767,15.0,0.4511,3.0,0.0902,3.0,31.0,0.9323,11239,6894,207.3383,0.205362,10775.0,,,268.0,268.0,0.0,,,8.0602,3101.0,4742.0,71.0,2719.0,4432.0,62.0,382.0,310.0,9.0,0.0,1.0,2.0,0.0,0.0,1.0,5163.0,7640.0,126.0,3882.0,6497.0,90.0,1281.0,1143.0,36.0,0.0,1.0,2.0,0.0,0.0,2.0,7137.0,10726.0,184.0,5909.0,9476.0,144.0,1228.0,1250.0,40.0,0.0,1.0,2.0,0.0,0.0,2.0,8688.0,12607.0,219.0,7561.0,13666.0,181.0,1127.0,-1059.0,38.0,0.0,1.0,3.0,0.0,1.0,2.0
ESPORTSTMNT05_3221097,complete,,EM,2023,Spring,0,2023-04-04 20:03:35,1,13.06,7,Red,jng,Mafro,oe:player:cd521f662fbbec89f03a900e7d9bb63,Diamant Esports,oe:team:830f05a5024d0794bd8d5b598b2432b,Xin Zhao,Jayce,Rakan,Wukong,Rell,Malphite,,,,,,1995,0,2,8,6,12,28,0.0,0.0,0.0,0.0,0.0,0.0,0.0,1.0,0.3609,1.203,,,,,,,,,,,,,,,,,,,,,0.0,0.0,,,,,,,,0.0,1.0,10748.0,323.2481,0.152783,978.6466,714.2556,8.0,0.2406,7.0,0.2105,9.0,32.0,0.9624,9353,5008,150.6165,0.149178,9025.0,,,128.0,33.0,95.0,,,3.8496,3241.0,2583.0,50.0,5354.0,3845.0,61.0,-2113.0,-1262.0,-11.0,1.0,2.0,3.0,6.0,1.0,1.0,4639.0,4477.0,73.0,7647.0,6521.0,106.0,-3008.0,-2044.0,-33.0,1.0,3.0,4.0,7.0,3.0,1.0,6083.0,6528.0,90.0,10056.0,9621.0,156.0,-3973.0,-3093.0,-66.0,1.0,5.0,5.0,7.0,4.0,2.0,7459.0,8206.0,105.0,11229.0,11179.0,178.0,-3770.0,-2973.0,-73.0,2.0,5.0,5.0,7.0,4.0,2.0
ESPORTSTMNT05_3221097,complete,,EM,2023,Spring,0,2023-04-04 20:03:35,1,13.06,8,Red,mid,Diva,oe:player:72de20c106a52f0aaf21bd650af81bd,Diamant Esports,oe:team:830f05a5024d0794bd8d5b598b2432b,Taliyah,Jayce,Rakan,Wukong,Rell,Malphite,,,,,,1995,0,7,5,3,12,28,0.0,0.0,0.0,0.0,0.0,0.0,0.0,0.0,0.3609,1.203,,,,,,,,,,,,,,,,,,,,,0.0,0.0,,,,,,,,0.0,0.0,20860.0,627.3684,0.296526,447.0376,360.6617,19.0,0.5714,6.0,0.1805,8.0,45.0,1.3534,14908,10563,317.6842,0.314663,14275.0,,,265.0,257.0,8.0,,,7.9699,4195.0,4212.0,71.0,4647.0,5089.0,92.0,-452.0,-877.0,-21.0,3.0,1.0,3.0,3.0,2.0,1.0,5933.0,6790.0,117.0,7271.0,7635.0,139.0,-1338.0,-845.0,-22.0,4.0,1.0,3.0,5.0,4.0,1.0,9460.0,9848.0,169.0,9253.0,10103.0,187.0,207.0,-255.0,-18.0,6.0,1.0,3.0,6.0,4.0,2.0,10945.0,12267.0,206.0,10758.0,12278.0,232.0,187.0,-11.0,-26.0,6.0,2.0,3.0,6.0,4.0,3.0
ESPORTSTMNT05_3221097,complete,,EM,2023,Spring,0,2023-04-04 20:03:35,1,13.06,9,Red,bot,Shy Carry,oe:player:af020342617bd4e5c5da5a4c31ff591,Diamant Esports,oe:team:830f05a5024d0794bd8d5b598b2432b,Jinx,Jayce,Rakan,Wukong,Rell,Malphite,,,,,,1995,0,3,3,6,12,28,0.0,0.0,0.0,0.0,0.0,0.0,0.0,0.0,0.3609,1.203,,,,,,,,,,,,,,,,,,,,,0.0,1.0,,,,,,,,0.0,1.0,17881.0,537.7744,0.254179,383.8195,207.3083,8.0,0.2406,10.0,0.3008,0.0,33.0,0.9925,13321,8976,269.9549,0.267386,13250.0,,,311.0,284.0,27.0,,,9.3534,3840.0,2903.0,80.0,3287.0,2650.0,60.0,553.0,253.0,20.0,1.0,3.0,0.0,1.0,3.0,1.0,5513.0,5013.0,116.0,5683.0,5035.0,110.0,-170.0,-22.0,6.0,2.0,4.0,1.0,2.0,6.0,1.0,7427.0,6924.0,165.0,7746.0,7383.0,162.0,-319.0,-459.0,3.0,2.0,5.0,1.0,2.0,6.0,1.0,9439.0,8995.0,227.0,9878.0,10321.0,216.0,-439.0,-1326.0,11.0,2.0,5.0,1.0,3.0,6.0,1.0
ESPORTSTMNT05_3221097,complete,,EM,2023,Spring,0,2023-04-04 20:03:35,1,13.06,10,Red,sup,Wojtus,oe:player:a93e0326b85f0312cf1b451e175a7a0,Diamant Esports,oe:team:830f05a5024d0794bd8d5b598b2432b,Tahm Kench,Jayce,Rakan,Wukong,Rell,Malphite,,,,,,1995,0,0,7,4,12,28,0.0,0.0,0.0,0.0,0.0,0.0,0.0,0.0,0.3609,1.203,,,,,,,,,,,,,,,,,,,,,0.0,0.0,,,,,,,,0.0,0.0,2935.0,88.2707,0.0417212,687.7594,896.3008,40.0,1.203,6.0,0.1805,11.0,82.0,2.4662,6474,2129,64.0301,0.0634116,6275.0,,,27.0,27.0,0.0,,,0.812,2191.0,2462.0,11.0,2511.0,2791.0,14.0,-320.0,-329.0,-3.0,0.0,2.0,2.0,0.0,5.0,1.0,3330.0,3832.0,21.0,3762.0,3844.0,23.0,-432.0,-12.0,-2.0,0.0,3.0,4.0,0.0,8.0,2.0,4284.0,5089.0,25.0,5080.0,4737.0,26.0,-796.0,352.0,-1.0,0.0,3.0,4.0,0.0,9.0,2.0,5206.0,6587.0,27.0,5861.0,5999.0,28.0,-655.0,588.0,-1.0,0.0,4.0,4.0,0.0,9.0,2.0
ESPORTSTMNT05_3221097,complete,,EM,2023,Spring,0,2023-04-04 20:03:35,1,13.06,100,Blue,team,,,eSuba,oe:team:3faefd9245a4ef6ba347fbcf2a51515,,Annie,Vi,Xayah,Thresh,Braum,Gragas,Aphelios,Lee Sin,Lissandra,Nautilus,1995,1,28,12,56,28,12,4.0,0.0,0.0,0.0,1.0,,,,0.8421,1.203,1.0,4.0,0.0,4.0,0.0,0.0,2.0,1.0,0.0,0.0,1.0,,0.0,0.0,1.0,2.0,0.0,,,1.0,1.0,0.0,1.0,10.0,2.0,1.0,1.0,6.0,2.0,2.0,0.0,78412.0,2358.2556,,3024.4211,4220.0602,101.0,3.0376,38.0,1.1429,34.0,264.0,7.9398,67603,45876,1379.7293,,61725.0,0.140906,2.56,,840.0,244.0,,,32.6015,18518.0,18807.0,289.0,16568.0,16902.0,283.0,1950.0,1905.0,6.0,10.0,11.0,5.0,5.0,9.0,10.0,28245.0,29532.0,468.0,24578.0,27752.0,453.0,3667.0,1780.0,15.0,14.0,21.0,7.0,7.0,12.0,14.0,38044.0,41320.0,675.0,34391.0,39115.0,633.0,3653.0,2205.0,42.0,15.0,23.0,9.0,9.0,15.0,15.0,45287.0,53443.0,835.0,41737.0,48662.0,784.0,3550.0,4781.0,51.0,16.0,24.0,10.0,10.0,17.0,16.0
ESPORTSTMNT05_3221097,complete,,EM,2023,Spring,0,2023-04-04 20:03:35,1,13.06,200,Red,team,,,Diamant Esports,oe:team:830f05a5024d0794bd8d5b598b2432b,,Jayce,Rakan,Wukong,Rell,Malphite,Jinx,Xin Zhao,Taliyah,Kennen,Tahm Kench,1995,0,12,28,20,12,28,0.0,0.0,0.0,0.0,0.0,,,,0.3609,1.203,0.0,0.0,4.0,0.0,4.0,0.0,0.0,0.0,0.0,0.0,0.0,,0.0,0.0,0.0,0.0,2.0,,,0.0,0.0,1.0,0.0,2.0,10.0,0.0,0.0,2.0,6.0,0.0,2.0,70348.0,2115.7293,,3106.2556,2597.203,90.0,2.7068,32.0,0.9624,31.0,223.0,6.7068,55295,33568,1009.5639,,53600.0,-0.140906,-2.56,,869.0,130.0,,,30.0451,16568.0,16902.0,283.0,18518.0,18807.0,289.0,-1950.0,-1905.0,-6.0,5.0,9.0,10.0,10.0,11.0,5.0,24578.0,27752.0,453.0,28245.0,29532.0,468.0,-3667.0,-1780.0,-15.0,7.0,12.0,14.0,14.0,21.0,7.0,34391.0,39115.0,633.0,38044.0,41320.0,675.0,-3653.0,-2205.0,-42.0,9.0,15.0,15.0,15.0,23.0,9.0,41737.0,48662.0,784.0,45287.0,53443.0,835.0,-3550.0,-4781.0,-51.0,10.0,17.0,16.0,16.0,24.0,10.0
ESPORTSTMNT05_3220107,complete,,EM,2023,Spring,0,2023-04-04 20:26:50,1,13.06,1,Blue,top,Eyliph,oe:player:4b20700639bada36a5a58cc4a8e7135,Anorthosis Famagusta Esports,oe:team:5f1bc4a914b49c7b7ff4c2f1b8d8df9,Gwen,Lux,Varus,Lee Sin,Zoe,Sylas,,,,,,1420,1,5,2,7,21,7,0.0,0.0,0.0,0.0,1.0,0.0,1.0,0.0,0.8873,1.1831,,,,,,,,,,,,,,,,,,,,,0.0,0.0,,,,,,,,1.0,0.0,13988.0,591.0423,0.272851,675.0,730.9437,10.0,0.4225,4.0,0.169,3.0,22.0,0.9296,10932,7760,327.8873,0.216749,9110.0,,,218.0,210.0,8.0,,,9.2113,3233.0,4856.0,87.0,3572.0,4684.0,86.0,-339.0,172.0,1.0,0.0,2.0,1.0,0.0,1.0,0.0,5552.0,7957.0,133.0,5844.0,8140.0,125.0,-292.0,-183.0,8.0,2.0,3.0,2.0,2.0,1.0,2.0,8502.0,11265.0,193.0,8468.0,11042.0,184.0,34.0,223.0,9.0,4.0,3.0,2.0,2.0,1.0,3.0,,,,,,,,,,,,,,,
ESPORTSTMNT05_3220107,complete,,EM,2023,Spring,0,2023-04-04 20:26:50,1,13.06,2,Blue,jng,SPOOKY,oe:player:11389d6d8a29729807c3cf528a98050,Anorthosis Famagusta Esports,oe:team:5f1bc4a914b49c7b7ff4c2f1b8d8df9,Vi,Lux,Varus,Lee Sin,Zoe,Sylas,,,,,,1420,1,8,3,7,21,7,1.0,0.0,0.0,0.0,1.0,0.0,1.0,0.0,0.8873,1.1831,,,,,,,,,,,,,,,,,,,,,0.0,0.0,,,,,,,,1.0,0.0,12150.0,513.3803,0.236999,698.1549,1070.9155,7.0,0.2958,6.0,0.2535,5.0,33.0,1.3944,11089,7917,334.5211,0.221134,9575.0,,,156.0,12.0,144.0,,,6.5915,3663.0,3136.0,62.0,3587.0,2991.0,56.0,76.0,145.0,6.0,2.0,1.0,2.0,1.0,4.0,2.0,6043.0,6064.0,91.0,5118.0,5381.0,94.0,925.0,683.0,-3.0,4.0,3.0,3.0,1.0,4.0,3.0,9026.0,9568.0,134.0,6739.0,6822.0,109.0,2287.0,2746.0,25.0,7.0,3.0,3.0,1.0,4.0,4.0,,,,,,,,,,,,,,,
ESPORTSTMNT05_3220107,complete,,EM,2023,Spring,0,2023-04-04 20:26:50,1,13.06,3,Blue,mid,HAWHAW,oe:player:ae06413dcf80aa496ab8448d8ea586f,Anorthosis Famagusta Esports,oe:team:5f1bc4a914b49c7b7ff4c2f1b8d8df9,Gragas,Lux,Varus,Lee Sin,Zoe,Sylas,,,,,,1420,1,3,0,3,21,7,0.0,0.0,0.0,0.0,0.0,0.0,0.0,0.0,0.8873,1.1831,,,,,,,,,,,,,,,,,,,,,0.0,0.0,,,,,,,,0.0,0.0,10955.0,462.8873,0.213689,453.8451,441.8028,9.0,0.3803,4.0,0.169,1.0,24.0,1.0141,9973,6801,287.3662,0.189961,8510.0,,,233.0,225.0,8.0,,,9.8451,3542.0,4588.0,83.0,3719.0,3950.0,56.0,-177.0,638.0,27.0,0.0,1.0,0.0,3.0,1.0,2.0,5459.0,7976.0,146.0,5350.0,6634.0,103.0,109.0,1342.0,43.0,0.0,1.0,0.0,3.0,1.0,3.0,7955.0,11870.0,207.0,6686.0,8011.0,124.0,1269.0,3859.0,83.0,1.0,2.0,0.0,3.0,1.0,5.0,,,,,,,,,,,,,,,
ESPORTSTMNT05_3220107,complete,,EM,2023,Spring,0,2023-04-04 20:26:50,1,13.06,4,Blue,bot,GOLDENTO4ST,oe:player:5c58c2e986e8aec0ee6f2465823349a,Anorthosis Famagusta Esports,oe:team:5f1bc4a914b49c7b7ff4c2f1b8d8df9,Jinx,Lux,Varus,Lee Sin,Zoe,Sylas,,,,,,1420,1,5,0,6,21,7,1.0,0.0,0.0,0.0,1.0,1.0,0.0,0.0,0.8873,1.1831,,,,,,,,,,,,,,,,,,,,,0.0,0.0,,,,,,,,0.0,0.0,11053.0,467.0282,0.215601,157.7324,102.9718,10.0,0.4225,9.0,0.3803,3.0,27.0,1.1408,12644,9472,400.2254,0.26457,10700.0,,,262.0,246.0,16.0,,,11.0704,4201.0,3533.0,85.0,3159.0,3946.0,79.0,1042.0,-413.0,6.0,2.0,2.0,0.0,0.0,1.0,0.0,6383.0,5923.0,150.0,4847.0,5855.0,130.0,1536.0,68.0,20.0,2.0,2.0,0.0,0.0,1.0,0.0,9825.0,9684.0,220.0,6792.0,7829.0,179.0,3033.0,1855.0,41.0,2.0,4.0,0.0,0.0,1.0,1.0,,,,,,,,,,,,,,,
ESPORTSTMNT05_3220107,complete,,EM,2023,Spring,0,2023-04-04 20:26:50,1,13.06,5,Blue,sup,iLEVI,oe:player:b226880189cb11f7da7a0c86544b556,Anorthosis Famagusta Esports,oe:team:5f1bc4a914b49c7b7ff4c2f1b8d8df9,Braum,Lux,Varus,Lee Sin,Zoe,Sylas,,,,,,1420,1,0,2,14,21,7,0.0,0.0,0.0,0.0,1.0,0.0,1.0,0.0,0.8873,1.1831,,,,,,,,,,,,,,,,,,,,,0.0,0.0,,,,,,,,0.0,0.0,3120.0,131.831,0.0608591,212.831,252.6338,28.0,1.1831,4.0,0.169,6.0,56.0,2.3662,7024,3852,162.7606,0.107587,5900.0,,,32.0,32.0,0.0,,,1.3521,2423.0,2235.0,15.0,2591.0,1923.0,14.0,-168.0,312.0,1.0,0.0,4.0,2.0,1.0,3.0,0.0,3851.0,3803.0,26.0,3735.0,3913.0,28.0,116.0,-110.0,-2.0,0.0,4.0,2.0,1.0,3.0,0.0,5607.0,6021.0,30.0,4924.0,5127.0,32.0,683.0,894.0,-2.0,0.0,8.0,2.0,1.0,3.0,1.0,,,,,,,,,,,,,,,
ESPORTSTMNT05_3220107,complete,,EM,2023,Spring,0,2023-04-04 20:26:50,1,13.06,6,Red,top,Caucha,oe:player:190d3ffa9c4734a633e2103dbbdb815,White Dragons,oe:team:6468029fb605bd6fdf1cf866e890739,Riven,Zilean,Pyke,Xayah,Thresh,Olaf,,,,,,1420,0,2,4,1,7,21,1.0,0.0,0.0,0.0,0.0,0.0,0.0,0.0,0.2958,1.1831,,,,,,,,,,,,,,,,,,,,,0.0,0.0,,,,,,,,0.0,1.0,7320.0,309.2958,0.273706,528.5915,528.4225,11.0,0.4648,5.0,0.2113,3.0,30.0,1.2676,9799,6627,280.0141,0.298442,9475.0,,,221.0,217.0,4.0,,,9.338,3572.0,4684.0,86.0,3233.0,4856.0,87.0,339.0,-172.0,-1.0,0.0,1.0,0.0,0.0,2.0,1.0,5844.0,8140.0,125.0,5552.0,7957.0,133.0,292.0,183.0,-8.0,2.0,1.0,2.0,2.0,3.0,2.0,8468.0,11042.0,184.0,8502.0,11265.0,193.0,-34.0,-223.0,-9.0,2.0,1.0,3.0,4.0,3.0,2.0,,,,,,,,,,,,,,,
ESPORTSTMNT05_3220107,complete,,EM,2023,Spring,0,2023-04-04 20:26:50,1,13.06,7,Red,jng,D4SH,oe:player:b665b9fa5f821ff73a873d0cecb0682,White Dragons,oe:team:6468029fb605bd6fdf1cf866e890739,Xin Zhao,Zilean,Pyke,Xayah,Thresh,Olaf,,,,,,1420,0,1,5,4,7,21,0.0,0.0,0.0,0.0,0.0,0.0,0.0,1.0,0.2958,1.1831,,,,,,,,,,,,,,,,,,,,,0.0,0.0,,,,,,,,0.0,1.0,5058.0,213.7183,0.189127,974.6197,633.8873,7.0,0.2958,7.0,0.2958,7.0,26.0,1.0986,7567,4395,185.7042,0.197919,7025.0,,,125.0,29.0,96.0,,,5.2817,3587.0,2991.0,56.0,3663.0,3136.0,62.0,-76.0,-145.0,-6.0,1.0,4.0,2.0,2.0,1.0,2.0,5118.0,5381.0,94.0,6043.0,6064.0,91.0,-925.0,-683.0,3.0,1.0,4.0,3.0,4.0,3.0,3.0,6739.0,6822.0,109.0,9026.0,9568.0,134.0,-2287.0,-2746.0,-25.0,1.0,4.0,4.0,7.0,3.0,3.0,,,,,,,,,,,,,,,
ESPORTSTMNT05_3220107,complete,,EM,2023,Spring,0,2023-04-04 20:26:50,1,13.06,8,Red,mid,NOMA,oe:player:a0768d89dec26206b95179ad9a1c08d,White Dragons,oe:team:6468029fb605bd6fdf1cf866e890739,K'Sante,Zilean,Pyke,Xayah,Thresh,Olaf,,,,,,1420,0,3,7,1,7,21,1.0,0.0,0.0,0.0,0.0,0.0,0.0,0.0,0.2958,1.1831,,,,,,,,,,,,,,,,,,,,,0.0,0.0,,,,,,,,0.0,0.0,8772.0,370.6479,0.327999,995.493,971.7887,10.0,0.4225,1.0,0.0423,2.0,19.0,0.8028,7408,4236,178.9859,0.190758,6900.0,,,139.0,139.0,0.0,,,5.8732,3719.0,3950.0,56.0,3542.0,4588.0,83.0,177.0,-638.0,-27.0,3.0,1.0,2.0,0.0,1.0,0.0,5350.0,6634.0,103.0,5459.0,7976.0,146.0,-109.0,-1342.0,-43.0,3.0,1.0,3.0,0.0,1.0,0.0,6686.0,8011.0,124.0,7955.0,11870.0,207.0,-1269.0,-3859.0,-83.0,3.0,1.0,5.0,1.0,2.0,0.0,,,,,,,,,,,,,,,
ESPORTSTMNT05_3220107,complete,,EM,2023,Spring,0,2023-04-04 20:26:50,1,13.06,9,Red,bot,Worst,oe:player:4f4e71938a105fe72bd18788fe53d40,White Dragons,oe:team:6468029fb605bd6fdf1cf866e890739,Seraphine,Zilean,Pyke,Xayah,Thresh,Olaf,,,,,,1420,0,0,3,1,7,21,0.0,0.0,0.0,0.0,0.0,0.0,0.0,0.0,0.2958,1.1831,,,,,,,,,,,,,,,,,,,,,0.0,0.0,,,,,,,,0.0,0.0,4113.0,173.7887,0.153792,331.2254,265.0563,8.0,0.338,0.0,0.0,2.0,18.0,0.7606,7778,4606,194.6197,0.207422,7500.0,,,202.0,202.0,0.0,,,8.5352,3159.0,3946.0,79.0,4201.0,3533.0,85.0,-1042.0,413.0,-6.0,0.0,1.0,0.0,2.0,2.0,0.0,4847.0,5855.0,130.0,6383.0,5923.0,150.0,-1536.0,-68.0,-20.0,0.0,1.0,0.0,2.0,2.0,0.0,6792.0,7829.0,179.0,9825.0,9684.0,220.0,-3033.0,-1855.0,-41.0,0.0,1.0,1.0,2.0,4.0,0.0,,,,,,,,,,,,,,,
ESPORTSTMNT05_3220107,complete,,EM,2023,Spring,0,2023-04-04 20:26:50,1,13.06,10,Red,sup,Calmsky,oe:player:f32776bb3b0bfb1cd3261868df4dfce,White Dragons,oe:team:6468029fb605bd6fdf1cf866e890739,Rell,Zilean,Pyke,Xayah,Thresh,Olaf,,,,,,1420,0,1,2,3,7,21,0.0,0.0,0.0,0.0,0.0,0.0,0.0,0.0,0.2958,1.1831,,,,,,,,,,,,,,,,,,,,,0.0,0.0,,,,,,,,0.0,0.0,1481.0,62.5775,0.0553769,342.0845,328.3521,30.0,1.2676,11.0,0.4648,11.0,68.0,2.8732,5514,2342,98.9577,0.105458,5475.0,,,35.0,35.0,0.0,,,1.4789,2591.0,1923.0,14.0,2423.0,2235.0,15.0,168.0,-312.0,-1.0,1.0,3.0,0.0,0.0,4.0,2.0,3735.0,3913.0,28.0,3851.0,3803.0,26.0,-116.0,110.0,2.0,1.0,3.0,0.0,0.0,4.0,2.0,4924.0,5127.0,32.0,5607.0,6021.0,30.0,-683.0,-894.0,2.0,1.0,3.0,1.0,0.0,8.0,2.0,,,,,,,,,,,,,,,
ESPORTSTMNT05_3220107,complete,,EM,2023,Spring,0,2023-04-04 20:26:50,1,13.06,100,Blue,team,,,Anorthosis Famagusta Esports,oe:team:5f1bc4a914b49c7b7ff4c2f1b8d8df9,,Lux,Varus,Lee Sin,Zoe,Sylas,Vi,Gragas,Jinx,Braum,Gwen,1420,1,21,7,37,21,7,2.0,0.0,0.0,0.0,1.0,,,,0.8873,1.1831,1.0,3.0,0.0,3.0,0.0,0.0,1.0,0.0,1.0,1.0,0.0,,0.0,0.0,0.0,0.0,2.0,,,0.0,0.0,0.0,1.0,10.0,2.0,1.0,1.0,6.0,1.0,2.0,0.0,51266.0,2166.169,,2197.5634,2599.2676,64.0,2.7042,27.0,1.1408,18.0,162.0,6.8451,51662,35800,1512.6761,,43795.0,0.185107,3.0,,725.0,176.0,,,38.0704,17062.0,18348.0,332.0,16628.0,17494.0,291.0,434.0,854.0,41.0,4.0,10.0,5.0,5.0,10.0,4.0,27288.0,31723.0,546.0,24894.0,29923.0,480.0,2394.0,1800.0,66.0,8.0,13.0,7.0,7.0,10.0,8.0,40915.0,48408.0,784.0,33609.0,38831.0,628.0,7306.0,9577.0,156.0,14.0,20.0,7.0,7.0,10.0,14.0,,,,,,,,,,,,,,,
ESPORTSTMNT05_3220107,complete,,EM,2023,Spring,0,2023-04-04 20:26:50,1,13.06,200,Red,team,,,White Dragons,oe:team:6468029fb605bd6fdf1cf866e890739,,Zilean,Pyke,Xayah,Thresh,Olaf,Xin Zhao,Rell,K'Sante,Seraphine,Riven,1420,0,7,21,10,7,21,2.0,0.0,0.0,0.0,0.0,,,,0.2958,1.1831,0.0,0.0,3.0,0.0,3.0,0.0,0.0,0.0,0.0,0.0,0.0,,0.0,0.0,1.0,2.0,0.0,,,0.0,0.0,0.0,0.0,2.0,10.0,0.0,0.0,1.0,6.0,0.0,2.0,26744.0,1130.0282,,3172.0141,2727.507,66.0,2.7887,24.0,1.0141,25.0,161.0,6.8028,38066,22204,938.1972,,36375.0,-0.185107,-3.0,,622.0,100.0,,,30.507,16628.0,17494.0,291.0,17062.0,18348.0,332.0,-434.0,-854.0,-41.0,5.0,10.0,4.0,4.0,10.0,5.0,24894.0,29923.0,480.0,27288.0,31723.0,546.0,-2394.0,-1800.0,-66.0,7.0,10.0,8.0,8.0,13.0,7.0,33609.0,38831.0,628.0,40915.0,48408.0,784.0,-7306.0,-9577.0,-156.0,7.0,10.0,14.0,14.0,20.0,7.0,,,,,,,,,,,,,,,
ESPORTSTMNT05_3222114,complete,,EM,2023,Spring,0,2023-04-05 15:01:13,1,13.06,1,Blue,top,Juzu,oe:player:a61da83af5e3738845fa6dd56e1d41a,Papara SuperMassive,oe:team:5203ff881d5c82c5f720eb3a2f3b44c,Gragas,Jarvan IV,Varus,Vi,Sylas,Yone,,,,,,2245,0,4,0,10,18,19,0.0,0.0,0.0,0.0,0.0,0.0,0.0,0.0,0.4811,0.9889,,,,,,,,,,,,,,,,,,,,,0.0,0.0,,,,,,,,0.0,0.0,24639.0,658.5033,0.210094,1127.1448,1995.4477,6.0,0.1604,9.0,0.2405,3.0,33.0,0.882,13199,8344,223.0022,0.207444,12125.0,,,248.0,240.0,8.0,,,6.6281,3898.0,4639.0,74.0,3341.0,4343.0,67.0,557.0,296.0,7.0,2.0,1.0,0.0,1.0,2.0,0.0,5896.0,7726.0,129.0,5693.0,7115.0,126.0,203.0,611.0,3.0,2.0,1.0,0.0,2.0,2.0,0.0,8130.0,9911.0,163.0,7135.0,8684.0,135.0,995.0,1227.0,28.0,3.0,2.0,0.0,3.0,4.0,1.0,9411.0,11369.0,173.0,8100.0,9635.0,142.0,1311.0,1734.0,31.0,4.0,6.0,0.0,3.0,6.0,3.0
ESPORTSTMNT05_3222114,complete,,EM,2023,Spring,0,2023-04-05 15:01:13,1,13.06,2,Blue,jng,Haru,oe:player:2736a0eb19c2525920f8ff4af5086c0,Papara SuperMassive,oe:team:5203ff881d5c82c5f720eb3a2f3b44c,Xin Zhao,Jarvan IV,Varus,Vi,Sylas,Yone,,,,,,2245,0,3,8,10,18,19,0.0,0.0,0.0,0.0,1.0,0.0,1.0,0.0,0.4811,0.9889,,,,,,,,,,,,,,,,,,,,,0.0,2.0,,,,,,,,0.0,0.0,15288.0,408.588,0.130359,937.8708,1322.7261,12.0,0.3207,5.0,0.1336,11.0,31.0,0.8285,12155,7300,195.1002,0.181487,11375.0,,,183.0,36.0,147.0,,,4.8909,3606.0,2873.0,56.0,3653.0,2924.0,57.0,-47.0,-51.0,-1.0,1.0,4.0,2.0,2.0,2.0,2.0,5351.0,5177.0,87.0,5173.0,5066.0,80.0,178.0,111.0,7.0,1.0,4.0,2.0,2.0,3.0,2.0,7053.0,6491.0,105.0,7069.0,7140.0,106.0,-16.0,-649.0,-1.0,2.0,4.0,4.0,3.0,6.0,2.0,8584.0,8631.0,129.0,8341.0,8814.0,127.0,243.0,-183.0,2.0,2.0,8.0,5.0,3.0,8.0,3.0
ESPORTSTMNT05_3222114,complete,,EM,2023,Spring,0,2023-04-05 15:01:13,1,13.06,3,Blue,mid,Serin,oe:player:e3b8d5a9290fe0c7458dc01db4dc9dc,Papara SuperMassive,oe:team:5203ff881d5c82c5f720eb3a2f3b44c,Orianna,Jarvan IV,Varus,Vi,Sylas,Yone,,,,,,2245,0,4,2,9,18,19,0.0,0.0,0.0,0.0,1.0,1.0,0.0,0.0,0.4811,0.9889,,,,,,,,,,,,,,,,,,,,,0.0,0.0,,,,,,,,0.0,3.0,23950.0,640.0891,0.204219,353.5056,409.7639,13.0,0.3474,6.0,0.1604,3.0,30.0,0.8018,13916,9061,242.1648,0.22527,13935.0,,,312.0,291.0,21.0,,,8.3385,3439.0,4433.0,77.0,3657.0,3804.0,75.0,-218.0,629.0,2.0,1.0,2.0,1.0,1.0,4.0,3.0,5151.0,7299.0,131.0,5425.0,6541.0,130.0,-274.0,758.0,1.0,1.0,2.0,1.0,1.0,4.0,3.0,6770.0,9436.0,175.0,7899.0,9880.0,186.0,-1129.0,-444.0,-11.0,1.0,3.0,1.0,2.0,6.0,3.0,8610.0,11802.0,210.0,10237.0,12205.0,230.0,-1627.0,-403.0,-20.0,2.0,7.0,1.0,3.0,6.0,4.0
ESPORTSTMNT05_3222114,complete,,EM,2023,Spring,0,2023-04-05 15:01:13,1,13.06,4,Blue,bot,HolyPhoenix,oe:player:d129eb71d537fdbb2cd4c52703f51f4,Papara SuperMassive,oe:team:5203ff881d5c82c5f720eb3a2f3b44c,Jinx,Jarvan IV,Varus,Vi,Sylas,Yone,,,,,,2245,0,5,2,9,18,19,1.0,0.0,0.0,0.0,0.0,0.0,0.0,0.0,0.4811,0.9889,,,,,,,,,,,,,,,,,,,,,0.0,0.0,,,,,,,,0.0,1.0,45912.0,1227.0468,0.391487,337.9777,195.5278,13.0,0.3474,11.0,0.294,3.0,45.0,1.2027,16687,11832,316.2227,0.294165,14975.0,,,350.0,322.0,28.0,,,9.3541,3428.0,3259.0,81.0,4046.0,3856.0,86.0,-618.0,-597.0,-5.0,1.0,1.0,0.0,1.0,1.0,0.0,5578.0,5541.0,138.0,6744.0,6436.0,143.0,-1166.0,-895.0,-5.0,1.0,1.0,0.0,1.0,1.0,0.0,7626.0,7592.0,184.0,9476.0,8878.0,198.0,-1850.0,-1286.0,-14.0,1.0,3.0,1.0,3.0,3.0,0.0,9461.0,9074.0,204.0,11537.0,11245.0,242.0,-2076.0,-2171.0,-38.0,3.0,5.0,2.0,4.0,4.0,0.0
ESPORTSTMNT05_3222114,complete,,EM,2023,Spring,0,2023-04-05 15:01:13,1,13.06,5,Blue,sup,Farfetch,oe:player:496ca7c65dbd4beffa678e62d9d4e8d,Papara SuperMassive,oe:team:5203ff881d5c82c5f720eb3a2f3b44c,Thresh,Jarvan IV,Varus,Vi,Sylas,Yone,,,,,,2245,0,2,7,11,18,19,0.0,0.0,0.0,0.0,0.0,0.0,0.0,0.0,0.4811,0.9889,,,,,,,,,,,,,,,,,,,,,0.0,0.0,,,,,,,,0.0,0.0,7487.0,200.098,0.0638409,527.706,398.7528,52.0,1.3898,16.0,0.4276,12.0,106.0,2.833,8541,3686,98.5122,0.0916337,7800.0,,,44.0,44.0,0.0,,,1.1759,2099.0,1895.0,12.0,2118.0,2091.0,11.0,-19.0,-196.0,1.0,0.0,2.0,2.0,0.0,3.0,0.0,2977.0,2999.0,18.0,3257.0,3130.0,16.0,-280.0,-131.0,2.0,0.0,2.0,3.0,0.0,4.0,0.0,4410.0,4460.0,33.0,4243.0,4285.0,18.0,167.0,175.0,15.0,0.0,3.0,5.0,0.0,5.0,1.0,6041.0,6332.0,39.0,5164.0,5120.0,21.0,877.0,1212.0,18.0,1.0,7.0,5.0,0.0,7.0,2.0
ESPORTSTMNT05_3222114,complete,,EM,2023,Spring,0,2023-04-05 15:01:13,1,13.06,6,Red,top,Robba,oe:player:0a08034cdc4feac55c0bdfbc0f300db,KRC Genk Esports,oe:team:01a959b2a20ca77057e580ec051aa3e,Sion,Rakan,Wukong,Xayah,Jax,Olaf,,,,,,2245,1,3,3,10,19,18,0.0,0.0,0.0,0.0,0.0,0.0,0.0,0.0,0.5078,0.9889,,,,,,,,,,,,,,,,,,,,,0.0,0.0,,,,,,,,0.0,0.0,23887.0,638.4053,0.267037,1308.7483,2183.8664,20.0,0.5345,12.0,0.3207,10.0,59.0,1.5768,12293,7438,198.7884,0.163983,11075.0,,,198.0,194.0,4.0,,,5.2918,3341.0,4343.0,67.0,3898.0,4639.0,74.0,-557.0,-296.0,-7.0,1.0,2.0,0.0,2.0,1.0,0.0,5693.0,7115.0,126.0,5896.0,7726.0,129.0,-203.0,-611.0,-3.0,2.0,2.0,0.0,2.0,1.0,0.0,7135.0,8684.0,135.0,8130.0,9911.0,163.0,-995.0,-1227.0,-28.0,3.0,4.0,1.0,3.0,2.0,0.0,8100.0,9635.0,142.0,9411.0,11369.0,173.0,-1311.0,-1734.0,-31.0,3.0,6.0,3.0,4.0,6.0,0.0
ESPORTSTMNT05_3222114,complete,,EM,2023,Spring,0,2023-04-05 15:01:13,1,13.06,7,Red,jng,Guertas,oe:player:66dfc0444c571e87d4442178fee3ab4,KRC Genk Esports,oe:team:01a959b2a20ca77057e580ec051aa3e,Sejuani,Rakan,Wukong,Xayah,Jax,Olaf,,,,,,2245,1,6,6,10,19,18,2.0,0.0,0.0,0.0,0.0,0.0,0.0,0.0,0.5078,0.9889,,,,,,,,,,,,,,,,,,,,,2.0,0.0,,,,,,,,0.0,0.0,17018.0,454.8241,0.190247,1294.9577,1692.8552,10.0,0.2673,7.0,0.1871,10.0,46.0,1.2294,13142,8287,221.4788,0.182701,12350.0,,,165.0,36.0,129.0,,,4.4098,3653.0,2924.0,57.0,3606.0,2873.0,56.0,47.0,51.0,1.0,2.0,2.0,2.0,1.0,4.0,2.0,5173.0,5066.0,80.0,5351.0,5177.0,87.0,-178.0,-111.0,-7.0,2.0,3.0,2.0,1.0,4.0,2.0,7069.0,7140.0,106.0,7053.0,6491.0,105.0,16.0,649.0,1.0,3.0,6.0,2.0,2.0,4.0,4.0,8341.0,8814.0,127.0,8584.0,8631.0,129.0,-243.0,183.0,-2.0,3.0,8.0,3.0,2.0,8.0,5.0
ESPORTSTMNT05_3222114,complete,,EM,2023,Spring,0,2023-04-05 15:01:13,1,13.06,8,Red,mid,Mikkel,oe:player:b2c05a26758d82a8643a27eec405dcb,KRC Genk Esports,oe:team:01a959b2a20ca77057e580ec051aa3e,Irelia,Rakan,Wukong,Xayah,Jax,Olaf,,,,,,2245,1,6,5,9,19,18,0.0,0.0,0.0,0.0,0.0,0.0,0.0,1.0,0.5078,0.9889,,,,,,,,,,,,,,,,,,,,,0.0,0.0,,,,,,,,3.0,0.0,18545.0,495.6347,0.207318,762.1203,881.3452,7.0,0.1871,3.0,0.0802,6.0,24.0,0.6414,18186,13331,356.2851,0.29391,18200.0,,,347.0,303.0,44.0,,,9.2739,3657.0,3804.0,75.0,3439.0,4433.0,77.0,218.0,-629.0,-2.0,1.0,4.0,3.0,1.0,2.0,1.0,5425.0,6541.0,130.0,5151.0,7299.0,131.0,274.0,-758.0,-1.0,1.0,4.0,3.0,1.0,2.0,1.0,7899.0,9880.0,186.0,6770.0,9436.0,175.0,1129.0,444.0,11.0,2.0,6.0,3.0,1.0,3.0,1.0,10237.0,12205.0,230.0,8610.0,11802.0,210.0,1627.0,403.0,20.0,3.0,6.0,4.0,2.0,7.0,1.0
ESPORTSTMNT05_3222114,complete,,EM,2023,Spring,0,2023-04-05 15:01:13,1,13.06,9,Red,bot,Orion,oe:player:915901c2ffafe3ee9245c3ef30ec5b4,KRC Genk Esports,oe:team:01a959b2a20ca77057e580ec051aa3e,Aphelios,Rakan,Wukong,Xayah,Jax,Olaf,,,,,,2245,1,4,0,6,19,18,0.0,0.0,0.0,0.0,0.0,0.0,0.0,0.0,0.5078,0.9889,,,,,,,,,,,,,,,,,,,,,0.0,0.0,,,,,,,,1.0,0.0,22806.0,609.5145,0.254952,132.6949,547.9376,21.0,0.5612,9.0,0.2405,9.0,58.0,1.5501,17507,12652,338.1381,0.27894,15575.0,,,350.0,300.0,50.0,,,9.3541,4046.0,3856.0,86.0,3428.0,3259.0,81.0,618.0,597.0,5.0,1.0,1.0,0.0,1.0,1.0,0.0,6744.0,6436.0,143.0,5578.0,5541.0,138.0,1166.0,895.0,5.0,1.0,1.0,0.0,1.0,1.0,0.0,9476.0,8878.0,198.0,7626.0,7592.0,184.0,1850.0,1286.0,14.0,3.0,3.0,0.0,1.0,3.0,1.0,11537.0,11245.0,242.0,9461.0,9074.0,204.0,2076.0,2171.0,38.0,4.0,4.0,0.0,3.0,5.0,2.0
ESPORTSTMNT05_3222114,complete,,EM,2023,Spring,0,2023-04-05 15:01:13,1,13.06,10,Red,sup,KINGPIN,oe:player:4fca9f76fb87127e7bb220b11debdde,KRC Genk Esports,oe:team:01a959b2a20ca77057e580ec051aa3e,Blitzcrank,Rakan,Wukong,Xayah,Jax,Olaf,,,,,,2245,1,0,4,13,19,18,0.0,0.0,0.0,0.0,0.0,0.0,0.0,0.0,0.5078,0.9889,,,,,,,,,,,,,,,,,,,,,0.0,0.0,,,,,,,,0.0,0.0,7196.0,192.3207,0.0804454,448.5167,423.9287,54.0,1.4432,6.0,0.1604,17.0,98.0,2.6192,8505,3650,97.5501,0.0804657,8175.0,,,22.0,22.0,0.0,,,0.588,2118.0,2091.0,11.0,2099.0,1895.0,12.0,19.0,196.0,-1.0,0.0,3.0,0.0,0.0,2.0,2.0,3257.0,3130.0,16.0,2977.0,2999.0,18.0,280.0,131.0,-2.0,0.0,4.0,0.0,0.0,2.0,3.0,4243.0,4285.0,18.0,4410.0,4460.0,33.0,-167.0,-175.0,-15.0,0.0,5.0,1.0,0.0,3.0,5.0,5164.0,5120.0,21.0,6041.0,6332.0,39.0,-877.0,-1212.0,-18.0,0.0,7.0,2.0,1.0,7.0,5.0
ESPORTSTMNT05_3222114,complete,,EM,2023,Spring,0,2023-04-05 15:01:13,1,13.06,100,Blue,team,,,Papara SuperMassive,oe:team:5203ff881d5c82c5f720eb3a2f3b44c,,Jarvan IV,Varus,Vi,Sylas,Yone,Gragas,Thresh,Jinx,Xin Zhao,Orianna,2245,0,18,19,49,18,19,1.0,0.0,0.0,0.0,1.0,,,,0.4811,0.9889,0.0,1.0,4.0,1.0,4.0,0.0,0.0,0.0,0.0,0.0,1.0,,0.0,0.0,1.0,1.0,1.0,,,0.0,0.0,2.0,0.0,3.0,11.0,0.0,0.0,5.0,5.0,0.0,4.0,117276.0,3134.3252,,3284.2049,4322.2183,96.0,2.5657,47.0,1.2561,32.0,245.0,6.5479,64498,40221,1074.9488,,60210.0,-0.082255,-1.11,,933.0,204.0,,,30.3875,16470.0,17099.0,300.0,16815.0,17018.0,296.0,-345.0,81.0,4.0,5.0,10.0,5.0,5.0,12.0,5.0,24953.0,28742.0,503.0,26292.0,28288.0,495.0,-1339.0,454.0,8.0,5.0,10.0,6.0,6.0,14.0,5.0,33989.0,37890.0,660.0,35822.0,38867.0,643.0,-1833.0,-977.0,17.0,7.0,15.0,11.0,11.0,24.0,7.0,42107.0,47208.0,755.0,43379.0,47019.0,762.0,-1272.0,189.0,-7.0,12.0,33.0,13.0,13.0,31.0,12.0
ESPORTSTMNT05_3222114,complete,,EM,2023,Spring,0,2023-04-05 15:01:13,1,13.06,200,Red,team,,,KRC Genk Esports,oe:team:01a959b2a20ca77057e580ec051aa3e,,Rakan,Wukong,Xayah,Jax,Olaf,Aphelios,Sejuani,Blitzcrank,Sion,Irelia,2245,1,19,18,48,19,18,2.0,0.0,0.0,0.0,0.0,,,,0.5078,0.9889,1.0,4.0,1.0,4.0,1.0,0.0,1.0,0.0,1.0,0.0,2.0,,0.0,0.0,0.0,1.0,1.0,,,1.0,2.0,0.0,1.0,11.0,3.0,1.0,1.0,5.0,5.0,4.0,0.0,89452.0,2390.6993,,3947.0379,5729.9332,112.0,2.9933,37.0,0.9889,52.0,285.0,7.6169,69633,45356,1212.1871,,65375.0,0.082255,1.11,,855.0,227.0,,,28.9176,16815.0,17018.0,296.0,16470.0,17099.0,300.0,345.0,-81.0,-4.0,5.0,12.0,5.0,5.0,10.0,5.0,26292.0,28288.0,495.0,24953.0,28742.0,503.0,1339.0,-454.0,-8.0,6.0,14.0,5.0,5.0,10.0,6.0,35822.0,38867.0,643.0,33989.0,37890.0,660.0,1833.0,977.0,-17.0,11.0,24.0,7.0,7.0,15.0,11.0,43379.0,47019.0,762.0,42107.0,47208.0,755.0,1272.0,-189.0,7.0,13.0,31.0,12.0,12.0,33.0,13.0
ESPORTSTMNT05_3221112,complete,,EM,2023,Spring,0,2023-04-05 15:01:59,1,13.06,1,Blue,top,HeSSZero,oe:player:a2694196d288cd26055602729d0bb5c,WLGaming Esports,oe:team:b19ab22267512e77945cd498106dcf1,Ornn,Vi,Syndra,Xayah,Sion,K'Sante,,,,,,2035,1,1,3,11,22,10,0.0,0.0,0.0,0.0,0.0,0.0,0.0,0.0,0.6486,0.9435,,,,,,,,,,,,,,,,,,,,,0.0,0.0,,,,,,,,0.0,0.0,8701.0,256.5405,0.14018,746.5061,1050.3391,15.0,0.4423,8.0,0.2359,8.0,42.0,1.2383,11810,7383,217.6806,0.180416,10650.0,,,219.0,215.0,4.0,,,6.457,2796.0,4056.0,59.0,3518.0,4800.0,83.0,-722.0,-744.0,-24.0,0.0,1.0,2.0,1.0,2.0,0.0,4827.0,6555.0,99.0,5435.0,7155.0,120.0,-608.0,-600.0,-21.0,0.0,2.0,3.0,2.0,3.0,1.0,6773.0,8942.0,139.0,6977.0,9526.0,161.0,-204.0,-584.0,-22.0,0.0,4.0,3.0,2.0,3.0,2.0,8277.0,10853.0,174.0,9057.0,12236.0,207.0,-780.0,-1383.0,-33.0,0.0,4.0,3.0,2.0,3.0,2.0
ESPORTSTMNT05_3221112,complete,,EM,2023,Spring,0,2023-04-05 15:01:59,1,13.06,2,Blue,jng,Bruness,oe:player:7471c21aed615dae3e49140eca8ce89,WLGaming Esports,oe:team:b19ab22267512e77945cd498106dcf1,Lee Sin,Vi,Syndra,Xayah,Sion,K'Sante,,,,,,2035,1,7,1,13,22,10,1.0,0.0,0.0,0.0,1.0,1.0,0.0,0.0,0.6486,0.9435,,,,,,,,,,,,,,,,,,,,,1.0,0.0,,,,,,,,0.0,0.0,14719.0,433.9754,0.237135,953.0713,1141.0614,19.0,0.5602,13.0,0.3833,9.0,51.0,1.5037,13724,9297,274.113,0.227188,11275.0,,,216.0,26.0,190.0,,,6.3686,3555.0,2952.0,57.0,3345.0,2970.0,61.0,210.0,-18.0,-4.0,1.0,5.0,1.0,1.0,1.0,2.0,5541.0,5153.0,81.0,5592.0,6091.0,104.0,-51.0,-938.0,-23.0,3.0,5.0,1.0,2.0,2.0,2.0,7591.0,7647.0,118.0,7391.0,8027.0,134.0,200.0,-380.0,-16.0,4.0,7.0,1.0,3.0,2.0,2.0,9311.0,10257.0,166.0,9001.0,9628.0,165.0,310.0,629.0,1.0,4.0,7.0,1.0,3.0,2.0,2.0
ESPORTSTMNT05_3221112,complete,,EM,2023,Spring,0,2023-04-05 15:01:59,1,13.06,3,Blue,mid,Vladi,oe:player:367fecc4cb53a8234abbd9f283b7997,WLGaming Esports,oe:team:b19ab22267512e77945cd498106dcf1,Viktor,Vi,Syndra,Xayah,Sion,K'Sante,,,,,,2035,1,4,1,14,22,10,0.0,0.0,0.0,0.0,1.0,0.0,1.0,0.0,0.6486,0.9435,,,,,,,,,,,,,,,,,,,,,0.0,0.0,,,,,,,,1.0,0.0,19837.0,584.8747,0.319591,270.2506,236.6978,17.0,0.5012,10.0,0.2948,6.0,53.0,1.5627,13297,8870,261.5233,0.216754,11400.0,,,258.0,254.0,4.0,,,7.6069,3667.0,4232.0,77.0,3295.0,4548.0,87.0,372.0,-316.0,-10.0,2.0,4.0,0.0,0.0,2.0,1.0,5382.0,6853.0,123.0,5487.0,7488.0,133.0,-105.0,-635.0,-10.0,2.0,4.0,1.0,1.0,4.0,1.0,7092.0,9336.0,164.0,6987.0,9351.0,168.0,105.0,-15.0,-4.0,2.0,6.0,1.0,1.0,5.0,1.0,8805.0,11835.0,210.0,8876.0,11641.0,208.0,-71.0,194.0,2.0,2.0,6.0,1.0,1.0,5.0,1.0
ESPORTSTMNT05_3221112,complete,,EM,2023,Spring,0,2023-04-05 15:01:59,1,13.06,4,Blue,bot,Jeyrus,oe:player:c5050bf5abf900c6beaed313da57213,WLGaming Esports,oe:team:b19ab22267512e77945cd498106dcf1,Kai'Sa,Vi,Syndra,Xayah,Sion,K'Sante,,,,,,2035,1,5,1,9,22,10,1.0,0.0,0.0,0.0,1.0,0.0,1.0,0.0,0.6486,0.9435,,,,,,,,,,,,,,,,,,,,,0.0,0.0,,,,,,,,0.0,0.0,11888.0,350.5061,0.191526,327.8624,206.742,12.0,0.3538,20.0,0.5897,3.0,59.0,1.7396,14375,9948,293.3071,0.243097,11425.0,,,279.0,268.0,11.0,,,8.226,3864.0,2819.0,66.0,3608.0,2943.0,71.0,256.0,-124.0,-5.0,3.0,2.0,0.0,2.0,1.0,1.0,6210.0,4983.0,106.0,5112.0,4329.0,101.0,1098.0,654.0,5.0,3.0,3.0,0.0,2.0,2.0,3.0,7969.0,7246.0,149.0,6903.0,6776.0,155.0,1066.0,470.0,-6.0,3.0,5.0,0.0,2.0,3.0,4.0,9751.0,9362.0,203.0,8871.0,9044.0,208.0,880.0,318.0,-5.0,3.0,5.0,0.0,2.0,3.0,4.0
ESPORTSTMNT05_3221112,complete,,EM,2023,Spring,0,2023-04-05 15:01:59,1,13.06,5,Blue,sup,Bananitoo,oe:player:148e116847c069d852ad0696d4180fe,WLGaming Esports,oe:team:b19ab22267512e77945cd498106dcf1,Annie,Vi,Syndra,Xayah,Sion,K'Sante,,,,,,2035,1,5,4,13,22,10,1.0,0.0,0.0,0.0,1.0,0.0,1.0,0.0,0.6486,0.9435,,,,,,,,,,,,,,,,,,,,,0.0,0.0,,,,,,,,0.0,0.0,6925.0,204.1769,0.111568,338.0639,147.4201,46.0,1.3563,15.0,0.4423,12.0,99.0,2.9189,9851,5424,159.9214,0.132545,7600.0,,,20.0,20.0,0.0,,,0.5897,2533.0,2482.0,2.0,2075.0,2194.0,12.0,458.0,288.0,-10.0,0.0,6.0,1.0,0.0,2.0,2.0,4400.0,3341.0,6.0,3147.0,3254.0,21.0,1253.0,87.0,-15.0,1.0,6.0,2.0,0.0,3.0,2.0,6022.0,4456.0,13.0,4141.0,4251.0,27.0,1881.0,205.0,-14.0,3.0,7.0,3.0,0.0,3.0,3.0,6869.0,5735.0,15.0,5053.0,5723.0,29.0,1816.0,12.0,-14.0,3.0,7.0,3.0,0.0,3.0,3.0
ESPORTSTMNT05_3221112,complete,,EM,2023,Spring,0,2023-04-05 15:01:59,1,13.06,6,Red,top,StenBosse,oe:player:b366e140eae91b8d8f8c03294238f32,aNc Outplayed,oe:team:cd6b4265231d4ba346274357681c335,Rumble,Gragas,Jinx,Caitlyn,Olaf,Sivir,,,,,,2035,0,2,4,4,10,22,0.0,0.0,0.0,0.0,0.0,0.0,0.0,0.0,0.2948,0.9435,,,,,,,,,,,,,,,,,,,,,0.0,0.0,,,,,,,,0.0,0.0,17711.0,522.1916,0.29319,416.5209,369.7887,15.0,0.4423,7.0,0.2064,6.0,52.0,1.5332,11691,7264,214.172,0.231662,11150.0,,,261.0,249.0,12.0,,,7.6953,3518.0,4800.0,83.0,2796.0,4056.0,59.0,722.0,744.0,24.0,1.0,2.0,0.0,0.0,1.0,2.0,5435.0,7155.0,120.0,4827.0,6555.0,99.0,608.0,600.0,21.0,2.0,3.0,1.0,0.0,2.0,3.0,6977.0,9526.0,161.0,6773.0,8942.0,139.0,204.0,584.0,22.0,2.0,3.0,2.0,0.0,4.0,3.0,9057.0,12236.0,207.0,8277.0,10853.0,174.0,780.0,1383.0,33.0,2.0,3.0,2.0,0.0,4.0,3.0
ESPORTSTMNT05_3221112,complete,,EM,2023,Spring,0,2023-04-05 15:01:59,1,13.06,7,Red,jng,Stefan,oe:player:752b048c76633399b04f6e87a8b211c,aNc Outplayed,oe:team:cd6b4265231d4ba346274357681c335,Wukong,Gragas,Jinx,Caitlyn,Olaf,Sivir,,,,,,2035,0,4,3,3,10,22,0.0,0.0,0.0,0.0,0.0,0.0,0.0,0.0,0.2948,0.9435,,,,,,,,,,,,,,,,,,,,,0.0,1.0,,,,,,,,0.0,0.0,12402.0,365.6609,0.205304,834.7518,841.0909,13.0,0.3833,19.0,0.5602,7.0,71.0,2.0934,11739,7312,215.5872,0.233193,10750.0,,,201.0,43.0,158.0,,,5.9263,3345.0,2970.0,61.0,3555.0,2952.0,57.0,-210.0,18.0,4.0,1.0,1.0,2.0,1.0,5.0,1.0,5592.0,6091.0,104.0,5541.0,5153.0,81.0,51.0,938.0,23.0,2.0,2.0,2.0,3.0,5.0,1.0,7391.0,8027.0,134.0,7591.0,7647.0,118.0,-200.0,380.0,16.0,3.0,2.0,2.0,4.0,7.0,1.0,9001.0,9628.0,165.0,9311.0,10257.0,166.0,-310.0,-629.0,-1.0,3.0,2.0,2.0,4.0,7.0,1.0
ESPORTSTMNT05_3221112,complete,,EM,2023,Spring,0,2023-04-05 15:01:59,1,13.06,8,Red,mid,Dehaste,oe:player:5f4898a107d2948045588584562be3f,aNc Outplayed,oe:team:cd6b4265231d4ba346274357681c335,Karma,Gragas,Jinx,Caitlyn,Olaf,Sivir,,,,,,2035,0,1,3,7,10,22,0.0,0.0,0.0,0.0,0.0,0.0,0.0,0.0,0.2948,0.9435,,,,,,,,,,,,,,,,,,,,,0.0,0.0,,,,,,,,0.0,1.0,12799.0,377.3661,0.211876,374.5356,369.1106,11.0,0.3243,12.0,0.3538,6.0,50.0,1.4742,11666,7239,213.4349,0.230865,11700.0,,,262.0,262.0,0.0,,,7.7248,3295.0,4548.0,87.0,3667.0,4232.0,77.0,-372.0,316.0,10.0,0.0,2.0,1.0,2.0,4.0,0.0,5487.0,7488.0,133.0,5382.0,6853.0,123.0,105.0,635.0,10.0,1.0,4.0,1.0,2.0,4.0,1.0,6987.0,9351.0,168.0,7092.0,9336.0,164.0,-105.0,15.0,4.0,1.0,5.0,1.0,2.0,6.0,1.0,8876.0,11641.0,208.0,8805.0,11835.0,210.0,71.0,-194.0,-2.0,1.0,5.0,1.0,2.0,6.0,1.0
ESPORTSTMNT05_3221112,complete,,EM,2023,Spring,0,2023-04-05 15:01:59,1,13.06,9,Red,bot,Ellam,oe:player:6a9dedd375fda0d451a45fa9809875e,aNc Outplayed,oe:team:cd6b4265231d4ba346274357681c335,Varus,Gragas,Jinx,Caitlyn,Olaf,Sivir,,,,,,2035,0,3,6,3,10,22,0.0,0.0,0.0,0.0,0.0,0.0,0.0,0.0,0.2948,0.9435,,,,,,,,,,,,,,,,,,,,,0.0,0.0,,,,,,,,0.0,0.0,14274.0,420.855,0.236293,413.3071,214.7912,18.0,0.5307,5.0,0.1474,7.0,34.0,1.0025,11800,7373,217.3857,0.235138,11425.0,,,260.0,251.0,9.0,,,7.6658,3608.0,2943.0,71.0,3864.0,2819.0,66.0,-256.0,124.0,5.0,2.0,1.0,1.0,3.0,2.0,0.0,5112.0,4329.0,101.0,6210.0,4983.0,106.0,-1098.0,-654.0,-5.0,2.0,2.0,3.0,3.0,3.0,0.0,6903.0,6776.0,155.0,7969.0,7246.0,149.0,-1066.0,-470.0,6.0,2.0,3.0,4.0,3.0,5.0,0.0,8871.0,9044.0,208.0,9751.0,9362.0,203.0,-880.0,-318.0,5.0,2.0,3.0,4.0,3.0,5.0,0.0
ESPORTSTMNT05_3221112,complete,,EM,2023,Spring,0,2023-04-05 15:01:59,1,13.06,10,Red,sup,Venzer,oe:player:dd4e48d56d876e846579c9e5c64d965,aNc Outplayed,oe:team:cd6b4265231d4ba346274357681c335,Rell,Gragas,Jinx,Caitlyn,Olaf,Sivir,,,,,,2035,0,0,6,5,10,22,0.0,0.0,0.0,0.0,0.0,0.0,0.0,1.0,0.2948,0.9435,,,,,,,,,,,,,,,,,,,,,0.0,0.0,,,,,,,,0.0,0.0,3222.0,94.9975,0.0533373,518.0934,585.4644,52.0,1.5332,11.0,0.3243,15.0,87.0,2.5651,6595,2168,63.9214,0.0691415,5875.0,,,33.0,33.0,0.0,,,0.973,2075.0,2194.0,12.0,2533.0,2482.0,2.0,-458.0,-288.0,10.0,0.0,2.0,2.0,0.0,6.0,1.0,3147.0,3254.0,21.0,4400.0,3341.0,6.0,-1253.0,-87.0,15.0,0.0,3.0,2.0,1.0,6.0,2.0,4141.0,4251.0,27.0,6022.0,4456.0,13.0,-1881.0,-205.0,14.0,0.0,3.0,3.0,3.0,7.0,3.0,5053.0,5723.0,29.0,6869.0,5735.0,15.0,-1816.0,-12.0,14.0,0.0,3.0,3.0,3.0,7.0,3.0
ESPORTSTMNT05_3221112,complete,,EM,2023,Spring,0,2023-04-05 15:01:59,1,13.06,100,Blue,team,,,WLGaming Esports,oe:team:b19ab22267512e77945cd498106dcf1,,Vi,Syndra,Xayah,Sion,K'Sante,Annie,Viktor,Lee Sin,Kai'Sa,Ornn,2035,1,22,10,60,22,10,3.0,0.0,0.0,0.0,1.0,,,,0.6486,0.9435,0.0,3.0,2.0,3.0,2.0,0.0,0.0,3.0,0.0,0.0,0.0,,0.0,0.0,0.0,0.0,2.0,,,1.0,1.0,0.0,1.0,7.0,3.0,0.0,0.0,5.0,2.0,1.0,0.0,62070.0,1830.0737,,2635.7543,2782.2604,109.0,3.2138,66.0,1.9459,38.0,304.0,8.9631,63057,40922,1206.5455,,52350.0,0.0280872,1.34,,783.0,209.0,,,29.2482,16415.0,16541.0,261.0,15841.0,17455.0,314.0,574.0,-914.0,-53.0,6.0,18.0,4.0,4.0,8.0,6.0,26360.0,26885.0,415.0,24773.0,28317.0,479.0,1587.0,-1432.0,-64.0,9.0,20.0,7.0,7.0,14.0,9.0,35447.0,37627.0,583.0,32399.0,37931.0,645.0,3048.0,-304.0,-62.0,12.0,29.0,8.0,8.0,16.0,12.0,43013.0,48042.0,768.0,40858.0,48272.0,817.0,2155.0,-230.0,-49.0,12.0,29.0,8.0,8.0,16.0,12.0
ESPORTSTMNT05_3221112,complete,,EM,2023,Spring,0,2023-04-05 15:01:59,1,13.06,200,Red,team,,,aNc Outplayed,oe:team:cd6b4265231d4ba346274357681c335,,Gragas,Jinx,Caitlyn,Olaf,Sivir,Wukong,Karma,Varus,Rell,Rumble,2035,0,10,22,22,10,22,0.0,0.0,0.0,0.0,0.0,,,,0.2948,0.9435,1.0,2.0,3.0,2.0,3.0,0.0,1.0,0.0,1.0,0.0,0.0,,0.0,0.0,1.0,2.0,0.0,,,0.0,0.0,1.0,0.0,3.0,7.0,1.0,1.0,2.0,5.0,0.0,1.0,60408.0,1781.0713,,2557.2088,2380.2457,109.0,3.2138,54.0,1.5921,41.0,294.0,8.6683,53491,31356,924.5012,,50900.0,-0.0280872,-1.34,,838.0,179.0,,,29.9853,15841.0,17455.0,314.0,16415.0,16541.0,261.0,-574.0,914.0,53.0,4.0,8.0,6.0,6.0,18.0,4.0,24773.0,28317.0,479.0,26360.0,26885.0,415.0,-1587.0,1432.0,64.0,7.0,14.0,9.0,9.0,20.0,7.0,32399.0,37931.0,645.0,35447.0,37627.0,583.0,-3048.0,304.0,62.0,8.0,16.0,12.0,12.0,29.0,8.0,40858.0,48272.0,817.0,43013.0,48042.0,768.0,-2155.0,230.0,49.0,8.0,16.0,12.0,12.0,29.0,8.0
ESPORTSTMNT05_3222116,complete,,EM,2023,Spring,0,2023-04-05 15:02:18,1,13.06,1,Blue,top,Maged,oe:player:fc933812510df6cb519bd1bb5677631,RA'AD,oe:team:6a4c502c27267c22c54b431be11b43f,Vladimir,Viego,Lillia,Gragas,Malphite,LeBlanc,,,,,,1925,0,1,9,4,10,26,0.0,0.0,0.0,0.0,0.0,0.0,0.0,1.0,0.3117,1.1221,,,,,,,,,,,,,,,,,,,,,0.0,0.0,,,,,,,,0.0,2.0,11448.0,356.8208,0.178774,946.3169,492.9039,8.0,0.2494,4.0,0.1247,0.0,21.0,0.6545,11084,6881,214.4727,0.19822,11340.0,,,246.0,246.0,0.0,,,7.6675,3138.0,4028.0,63.0,3734.0,4530.0,71.0,-596.0,-502.0,-8.0,0.0,3.0,3.0,1.0,3.0,1.0,4948.0,6920.0,106.0,5451.0,7251.0,118.0,-503.0,-331.0,-12.0,1.0,3.0,3.0,1.0,3.0,2.0,7380.0,10075.0,167.0,7756.0,10296.0,161.0,-376.0,-221.0,6.0,1.0,3.0,4.0,2.0,4.0,2.0,8474.0,11514.0,191.0,10331.0,14479.0,189.0,-1857.0,-2965.0,2.0,1.0,3.0,6.0,4.0,7.0,2.0
ESPORTSTMNT05_3222116,complete,,EM,2023,Spring,0,2023-04-05 15:02:18,1,13.06,2,Blue,jng,Skude,oe:player:00558cb3daa73e60ba4af7e7060e6e2,RA'AD,oe:team:6a4c502c27267c22c54b431be11b43f,Vi,Viego,Lillia,Gragas,Malphite,LeBlanc,,,,,,1925,0,2,6,7,10,26,0.0,0.0,0.0,0.0,0.0,0.0,0.0,0.0,0.3117,1.1221,,,,,,,,,,,,,,,,,,,,,0.0,0.0,,,,,,,,0.0,0.0,8494.0,264.7481,0.132644,884.2286,1535.5948,10.0,0.3117,7.0,0.2182,9.0,36.0,1.1221,9931,5728,178.5351,0.165007,9825.0,,,162.0,10.0,152.0,,,5.0494,3360.0,3470.0,59.0,3743.0,3580.0,66.0,-383.0,-110.0,-7.0,1.0,3.0,1.0,1.0,2.0,2.0,4946.0,5434.0,91.0,5471.0,5708.0,102.0,-525.0,-274.0,-11.0,1.0,4.0,1.0,1.0,3.0,2.0,6653.0,7563.0,125.0,7011.0,8003.0,133.0,-358.0,-440.0,-8.0,1.0,4.0,2.0,1.0,5.0,2.0,8383.0,9471.0,149.0,8418.0,10237.0,146.0,-35.0,-766.0,3.0,2.0,5.0,3.0,1.0,7.0,2.0
ESPORTSTMNT05_3222116,complete,,EM,2023,Spring,0,2023-04-05 15:02:18,1,13.06,3,Blue,mid,Hunt,oe:player:f683aadb1720a4a1766fcfc3b6d3ef5,RA'AD,oe:team:6a4c502c27267c22c54b431be11b43f,Taliyah,Viego,Lillia,Gragas,Malphite,LeBlanc,,,,,,1925,0,3,3,4,10,26,1.0,0.0,0.0,0.0,0.0,0.0,0.0,0.0,0.3117,1.1221,,,,,,,,,,,,,,,,,,,,,0.0,1.0,,,,,,,,0.0,0.0,15891.0,495.3039,0.248157,464.9766,369.413,11.0,0.3429,3.0,0.0935,4.0,29.0,0.9039,12590,8387,261.413,0.2416,12150.0,,,302.0,286.0,16.0,,,9.413,3772.0,4825.0,85.0,3479.0,4477.0,78.0,293.0,348.0,7.0,2.0,1.0,0.0,1.0,1.0,1.0,5466.0,7512.0,135.0,6085.0,7821.0,144.0,-619.0,-309.0,-9.0,2.0,1.0,1.0,2.0,1.0,1.0,7821.0,10618.0,194.0,7977.0,10488.0,197.0,-156.0,130.0,-3.0,2.0,1.0,1.0,2.0,1.0,1.0,9979.0,13326.0,244.0,10521.0,14200.0,245.0,-542.0,-874.0,-1.0,3.0,2.0,1.0,4.0,1.0,1.0
ESPORTSTMNT05_3222116,complete,,EM,2023,Spring,0,2023-04-05 15:02:18,1,13.06,4,Blue,bot,san1,oe:player:f581f857e43aea4c5b241874f8a4394,RA'AD,oe:team:6a4c502c27267c22c54b431be11b43f,Zeri,Viego,Lillia,Gragas,Malphite,LeBlanc,,,,,,1925,0,3,4,1,10,26,0.0,0.0,0.0,0.0,0.0,0.0,0.0,0.0,0.3117,1.1221,,,,,,,,,,,,,,,,,,,,,0.0,0.0,,,,,,,,0.0,1.0,24305.0,757.5584,0.379552,557.9221,761.4857,14.0,0.4364,7.0,0.2182,6.0,43.0,1.3403,14966,10763,335.4701,0.310041,14700.0,,,341.0,306.0,35.0,,,10.6286,3650.0,3662.0,88.0,3819.0,3955.0,87.0,-169.0,-293.0,1.0,0.0,0.0,0.0,1.0,0.0,0.0,6098.0,6182.0,142.0,5706.0,6162.0,132.0,392.0,20.0,10.0,1.0,0.0,0.0,1.0,0.0,1.0,9026.0,9562.0,215.0,8068.0,9651.0,209.0,958.0,-89.0,6.0,1.0,0.0,0.0,1.0,0.0,1.0,10959.0,12104.0,269.0,10967.0,12758.0,251.0,-8.0,-654.0,18.0,1.0,1.0,1.0,2.0,3.0,2.0
ESPORTSTMNT05_3222116,complete,,EM,2023,Spring,0,2023-04-05 15:02:18,1,13.06,5,Blue,sup,B Butcher,oe:player:f9c3db5fdf2c5fb45f552127922d105,RA'AD,oe:team:6a4c502c27267c22c54b431be11b43f,Rakan,Viego,Lillia,Gragas,Malphite,LeBlanc,,,,,,1925,0,1,4,6,10,26,0.0,0.0,0.0,0.0,0.0,0.0,0.0,0.0,0.3117,1.1221,,,,,,,,,,,,,,,,,,,,,0.0,0.0,,,,,,,,0.0,0.0,3898.0,121.4961,0.060872,444.6545,424.2078,48.0,1.4961,10.0,0.3117,12.0,103.0,3.2104,7158,2955,92.1039,0.0851308,6600.0,,,34.0,34.0,0.0,,,1.0597,2545.0,2165.0,15.0,2678.0,1945.0,1.0,-133.0,220.0,14.0,1.0,2.0,1.0,1.0,1.0,0.0,3814.0,3749.0,27.0,3615.0,3105.0,2.0,199.0,644.0,25.0,1.0,3.0,1.0,1.0,2.0,0.0,4972.0,4714.0,31.0,4971.0,4492.0,6.0,1.0,222.0,25.0,1.0,3.0,1.0,2.0,3.0,0.0,5874.0,5671.0,32.0,6275.0,6425.0,10.0,-401.0,-754.0,22.0,1.0,5.0,2.0,2.0,5.0,1.0
ESPORTSTMNT05_3222116,complete,,EM,2023,Spring,0,2023-04-05 15:02:18,1,13.06,6,Red,top,Lunddorf,oe:player:6cb2f925e1216835980ce1a01bb62f6,Partizan Esports,oe:team:e42ade212c09777da0f54bffe481f6d,Kennen,Rumble,Cho'Gath,Xayah,Sion,Olaf,,,,,,1925,1,5,4,11,26,10,0.0,0.0,0.0,0.0,1.0,0.0,1.0,0.0,0.8104,1.1221,,,,,,,,,,,,,,,,,,,,,0.0,0.0,,,,,,,,2.0,0.0,24090.0,750.8571,0.281225,671.1584,405.1636,10.0,0.3117,3.0,0.0935,5.0,36.0,1.1221,12719,8516,265.4338,0.189329,11875.0,,,204.0,196.0,8.0,,,6.3584,3734.0,4530.0,71.0,3138.0,4028.0,63.0,596.0,502.0,8.0,1.0,3.0,1.0,0.0,3.0,3.0,5451.0,7251.0,118.0,4948.0,6920.0,106.0,503.0,331.0,12.0,1.0,3.0,2.0,1.0,3.0,3.0,7756.0,10296.0,161.0,7380.0,10075.0,167.0,376.0,221.0,-6.0,2.0,4.0,2.0,1.0,3.0,4.0,10331.0,14479.0,189.0,8474.0,11514.0,191.0,1857.0,2965.0,-2.0,4.0,7.0,2.0,1.0,3.0,6.0
ESPORTSTMNT05_3222116,complete,,EM,2023,Spring,0,2023-04-05 15:02:18,1,13.06,7,Red,jng,Sn1lle,oe:player:947d42fad1e2f3afeb911e5ae3888ce,Partizan Esports,oe:team:e42ade212c09777da0f54bffe481f6d,Xin Zhao,Rumble,Cho'Gath,Xayah,Sion,Olaf,,,,,,1925,1,4,2,16,26,10,0.0,0.0,0.0,0.0,1.0,1.0,0.0,0.0,0.8104,1.1221,,,,,,,,,,,,,,,,,,,,,0.0,0.0,,,,,,,,0.0,0.0,13953.0,434.8987,0.162886,1114.4727,1313.0182,8.0,0.2494,14.0,0.4364,7.0,55.0,1.7143,12036,7833,244.1455,0.174145,11325.0,,,162.0,26.0,136.0,,,5.0494,3743.0,3580.0,66.0,3360.0,3470.0,59.0,383.0,110.0,7.0,1.0,2.0,2.0,1.0,3.0,1.0,5471.0,5708.0,102.0,4946.0,5434.0,91.0,525.0,274.0,11.0,1.0,3.0,2.0,1.0,4.0,1.0,7011.0,8003.0,133.0,6653.0,7563.0,125.0,358.0,440.0,8.0,1.0,5.0,2.0,1.0,4.0,2.0,8418.0,10237.0,146.0,8383.0,9471.0,149.0,35.0,766.0,-3.0,1.0,7.0,2.0,2.0,5.0,3.0
ESPORTSTMNT05_3222116,complete,,EM,2023,Spring,0,2023-04-05 15:02:18,1,13.06,8,Red,mid,Rylle,oe:player:aa11f28607376fa521dd2625569a656,Partizan Esports,oe:team:e42ade212c09777da0f54bffe481f6d,Cassiopeia,Rumble,Cho'Gath,Xayah,Sion,Olaf,,,,,,1925,1,5,1,10,26,10,1.0,0.0,0.0,0.0,0.0,0.0,0.0,0.0,0.8104,1.1221,,,,,,,,,,,,,,,,,,,,,1.0,0.0,,,,,,,,0.0,0.0,12720.0,396.4675,0.148492,471.7714,376.8,17.0,0.5299,14.0,0.4364,8.0,68.0,2.1195,13992,9789,305.1117,0.217629,13150.0,,,285.0,257.0,28.0,,,8.8831,3479.0,4477.0,78.0,3772.0,4825.0,85.0,-293.0,-348.0,-7.0,1.0,1.0,1.0,2.0,1.0,0.0,6085.0,7821.0,144.0,5466.0,7512.0,135.0,619.0,309.0,9.0,2.0,1.0,1.0,2.0,1.0,1.0,7977.0,10488.0,197.0,7821.0,10618.0,194.0,156.0,-130.0,3.0,2.0,1.0,1.0,2.0,1.0,1.0,10521.0,14200.0,245.0,9979.0,13326.0,244.0,542.0,874.0,1.0,4.0,1.0,1.0,3.0,2.0,1.0
ESPORTSTMNT05_3222116,complete,,EM,2023,Spring,0,2023-04-05 15:02:18,1,13.06,9,Red,bot,Jopa,oe:player:e214e8e906f16ec13e9a88de30dc181,Partizan Esports,oe:team:e42ade212c09777da0f54bffe481f6d,Sivir,Rumble,Cho'Gath,Xayah,Sion,Olaf,,,,,,1925,1,8,2,9,26,10,1.0,1.0,0.0,0.0,0.0,0.0,0.0,0.0,0.8104,1.1221,,,,,,,,,,,,,,,,,,,,,0.0,0.0,,,,,,,,1.0,0.0,27602.0,860.3221,0.322224,469.6208,331.387,15.0,0.4675,5.0,0.1558,6.0,36.0,1.1221,17945,13742,428.3221,0.305509,15900.0,,,360.0,326.0,34.0,,,11.2208,3819.0,3955.0,87.0,3650.0,3662.0,88.0,169.0,293.0,-1.0,1.0,0.0,0.0,0.0,0.0,0.0,5706.0,6162.0,132.0,6098.0,6182.0,142.0,-392.0,-20.0,-10.0,1.0,0.0,1.0,1.0,0.0,0.0,8068.0,9651.0,209.0,9026.0,9562.0,215.0,-958.0,89.0,-6.0,1.0,0.0,1.0,1.0,0.0,0.0,10967.0,12758.0,251.0,10959.0,12104.0,269.0,8.0,654.0,-18.0,2.0,3.0,2.0,1.0,1.0,1.0
ESPORTSTMNT05_3222116,complete,,EM,2023,Spring,0,2023-04-05 15:02:18,1,13.06,10,Red,sup,Cl0x,oe:player:85b3b3e91202ccada9f1f5a24dc1bfb,Partizan Esports,oe:team:e42ade212c09777da0f54bffe481f6d,Annie,Rumble,Cho'Gath,Xayah,Sion,Olaf,,,,,,1925,1,4,1,14,26,10,0.0,0.0,0.0,0.0,0.0,0.0,0.0,0.0,0.8104,1.1221,,,,,,,,,,,,,,,,,,,,,0.0,0.0,,,,,,,,0.0,0.0,7296.0,227.4078,0.085173,294.4831,245.7662,38.0,1.1844,12.0,0.374,11.0,98.0,3.0545,9303,5100,158.961,0.113388,8050.0,,,16.0,16.0,0.0,,,0.4987,2678.0,1945.0,1.0,2545.0,2165.0,15.0,133.0,-220.0,-14.0,1.0,1.0,0.0,1.0,2.0,1.0,3615.0,3105.0,2.0,3814.0,3749.0,27.0,-199.0,-644.0,-25.0,1.0,2.0,0.0,1.0,3.0,1.0,4971.0,4492.0,6.0,4972.0,4714.0,31.0,-1.0,-222.0,-25.0,2.0,3.0,0.0,1.0,3.0,1.0,6275.0,6425.0,10.0,5874.0,5671.0,32.0,401.0,754.0,-22.0,2.0,5.0,1.0,1.0,5.0,2.0
ESPORTSTMNT05_3222116,complete,,EM,2023,Spring,0,2023-04-05 15:02:18,1,13.06,100,Blue,team,,,RA'AD,oe:team:6a4c502c27267c22c54b431be11b43f,,Viego,Lillia,Gragas,Malphite,LeBlanc,Vi,Zeri,Rakan,Vladimir,Taliyah,1925,0,10,26,22,10,26,1.0,0.0,0.0,0.0,0.0,,,,0.3117,1.1221,1.0,1.0,3.0,1.0,3.0,0.0,0.0,0.0,0.0,0.0,1.0,,0.0,0.0,0.0,1.0,1.0,,,0.0,0.0,1.0,1.0,4.0,11.0,1.0,1.0,3.0,6.0,0.0,3.0,64036.0,1995.9273,,3298.0987,3583.6052,91.0,2.8364,31.0,0.9662,31.0,232.0,7.2312,55729,34716,1082.0571,,54615.0,-0.0989427,-1.83,,882.0,203.0,,,33.8182,16465.0,18150.0,310.0,17453.0,18487.0,303.0,-988.0,-337.0,7.0,4.0,9.0,5.0,5.0,7.0,4.0,25272.0,29797.0,501.0,26328.0,30047.0,498.0,-1056.0,-250.0,3.0,6.0,11.0,6.0,6.0,9.0,6.0,35852.0,42532.0,732.0,35783.0,42930.0,706.0,69.0,-398.0,26.0,6.0,11.0,8.0,8.0,13.0,6.0,43669.0,52086.0,885.0,46512.0,58099.0,841.0,-2843.0,-6013.0,44.0,8.0,16.0,13.0,13.0,23.0,8.0
ESPORTSTMNT05_3222116,complete,,EM,2023,Spring,0,2023-04-05 15:02:18,1,13.06,200,Red,team,,,Partizan Esports,oe:team:e42ade212c09777da0f54bffe481f6d,,Rumble,Cho'Gath,Xayah,Sion,Olaf,Annie,Sivir,Xin Zhao,Kennen,Cassiopeia,1925,1,26,10,60,26,10,2.0,1.0,0.0,0.0,1.0,,,,0.8104,1.1221,0.0,3.0,1.0,3.0,1.0,1.0,0.0,0.0,0.0,2.0,0.0,,0.0,0.0,1.0,1.0,1.0,,,1.0,1.0,0.0,0.0,11.0,4.0,0.0,0.0,6.0,3.0,3.0,0.0,85661.0,2669.9532,,3021.5065,2672.1351,88.0,2.7429,48.0,1.4961,37.0,293.0,9.1325,65995,44982,1402.0364,,60300.0,0.0989427,1.83,,821.0,206.0,,,32.0104,17453.0,18487.0,303.0,16465.0,18150.0,310.0,988.0,337.0,-7.0,5.0,7.0,4.0,4.0,9.0,5.0,26328.0,30047.0,498.0,25272.0,29797.0,501.0,1056.0,250.0,-3.0,6.0,9.0,6.0,6.0,11.0,6.0,35783.0,42930.0,706.0,35852.0,42532.0,732.0,-69.0,398.0,-26.0,8.0,13.0,6.0,6.0,11.0,8.0,46512.0,58099.0,841.0,43669.0,52086.0,885.0,2843.0,6013.0,-44.0,13.0,23.0,8.0,8.0,16.0,13.0
ESPORTSTMNT05_3222115,complete,,EM,2023,Spring,0,2023-04-05 15:02:44,1,13.06,1,Blue,top,Lot,oe:player:eeec6c7a9d2b475c23650b202208b89,Aegis,oe:team:e3a29387c70230d76837b86c2aefd14,Renekton,Elise,Zeri,Xayah,Darius,Sylas,,,,,,1510,1,10,2,7,29,8,2.0,0.0,0.0,0.0,1.0,1.0,0.0,0.0,1.1523,1.4702,,,,,,,,,,,,,,,,,,,,,1.0,0.0,,,,,,,,0.0,0.0,19925.0,791.7219,0.268079,926.4238,729.894,6.0,0.2384,2.0,0.0795,3.0,21.0,0.8344,14321,10965,435.6954,0.283671,11925.0,,,231.0,223.0,8.0,,,9.1788,4532.0,4419.0,86.0,2985.0,3964.0,52.0,1547.0,455.0,34.0,3.0,0.0,1.0,1.0,1.0,1.0,7615.0,7560.0,141.0,4529.0,6534.0,93.0,3086.0,1026.0,48.0,4.0,0.0,1.0,1.0,1.0,1.0,9569.0,10363.0,188.0,6132.0,8820.0,131.0,3437.0,1543.0,57.0,4.0,1.0,2.0,1.0,2.0,2.0,14301.0,14280.0,231.0,7348.0,10201.0,147.0,6953.0,4079.0,84.0,10.0,7.0,2.0,1.0,4.0,6.0
ESPORTSTMNT05_3222115,complete,,EM,2023,Spring,0,2023-04-05 15:02:44,1,13.06,2,Blue,jng,SkewMond,oe:player:ab15060e5225b51592cd04b3aed1e09,Aegis,oe:team:e3a29387c70230d76837b86c2aefd14,Jarvan IV,Elise,Zeri,Xayah,Darius,Sylas,,,,,,1510,1,6,1,20,29,8,1.0,0.0,0.0,0.0,1.0,0.0,1.0,0.0,1.1523,1.4702,,,,,,,,,,,,,,,,,,,,,0.0,0.0,,,,,,,,0.0,0.0,14862.0,590.543,0.19996,755.1258,1008.0,9.0,0.3576,1.0,0.0397,8.0,25.0,0.9934,11029,7673,304.8874,0.198505,9450.0,,,127.0,7.0,120.0,,,5.0464,3582.0,2764.0,48.0,2801.0,2511.0,44.0,781.0,253.0,4.0,1.0,4.0,1.0,0.0,2.0,3.0,5281.0,4669.0,74.0,4480.0,4565.0,71.0,801.0,104.0,3.0,2.0,5.0,1.0,1.0,2.0,4.0,7694.0,7736.0,107.0,5852.0,6815.0,96.0,1842.0,921.0,11.0,4.0,7.0,1.0,1.0,3.0,5.0,11009.0,12519.0,127.0,7047.0,8174.0,114.0,3962.0,4345.0,13.0,6.0,20.0,1.0,1.0,4.0,8.0
ESPORTSTMNT05_3222115,complete,,EM,2023,Spring,0,2023-04-05 15:02:44,1,13.06,3,Blue,mid,Eika,oe:player:adfab52b74587bc5acc4201c140451a,Aegis,oe:team:e3a29387c70230d76837b86c2aefd14,Galio,Elise,Zeri,Xayah,Darius,Sylas,,,,,,1510,1,4,1,15,29,8,0.0,0.0,0.0,0.0,0.0,0.0,0.0,0.0,1.1523,1.4702,,,,,,,,,,,,,,,,,,,,,0.0,0.0,,,,,,,,2.0,0.0,19530.0,776.0265,0.262765,680.702,964.2914,4.0,0.1589,1.0,0.0397,0.0,12.0,0.4768,10812,7456,296.2649,0.192891,9290.0,,,193.0,189.0,4.0,,,7.6689,3301.0,4262.0,68.0,3267.0,4064.0,74.0,34.0,198.0,-6.0,1.0,1.0,0.0,1.0,1.0,1.0,5311.0,7491.0,120.0,4995.0,6550.0,122.0,316.0,941.0,-2.0,1.0,4.0,0.0,1.0,1.0,1.0,7990.0,11047.0,171.0,7717.0,9464.0,178.0,273.0,1583.0,-7.0,2.0,6.0,0.0,2.0,1.0,2.0,10792.0,15966.0,193.0,9225.0,10770.0,197.0,1567.0,5196.0,-4.0,4.0,15.0,1.0,3.0,1.0,5.0
ESPORTSTMNT05_3222115,complete,,EM,2023,Spring,0,2023-04-05 15:02:44,1,13.06,4,Blue,bot,Shiganari,oe:player:90704735ca9fc01f2244f23f6e5d635,Aegis,oe:team:e3a29387c70230d76837b86c2aefd14,Varus,Elise,Zeri,Xayah,Darius,Sylas,,,,,,1510,1,3,4,8,29,8,0.0,0.0,0.0,0.0,0.0,0.0,0.0,0.0,1.1523,1.4702,,,,,,,,,,,,,,,,,,,,,0.0,0.0,,,,,,,,0.0,0.0,11463.0,455.4834,0.154228,396.3974,264.5563,9.0,0.3576,4.0,0.1589,3.0,23.0,0.9139,10750,7394,293.8013,0.191287,9250.0,,,206.0,202.0,4.0,,,8.1854,3563.0,3617.0,78.0,3551.0,3698.0,67.0,12.0,-81.0,11.0,1.0,0.0,2.0,2.0,0.0,1.0,5126.0,5413.0,119.0,5119.0,5448.0,110.0,7.0,-35.0,9.0,1.0,0.0,3.0,2.0,1.0,2.0,7568.0,7795.0,177.0,6685.0,7168.0,148.0,883.0,627.0,29.0,2.0,0.0,3.0,2.0,1.0,2.0,10680.0,11325.0,206.0,9719.0,9802.0,198.0,961.0,1523.0,8.0,3.0,8.0,4.0,3.0,2.0,5.0
ESPORTSTMNT05_3222115,complete,,EM,2023,Spring,0,2023-04-05 15:02:44,1,13.06,5,Blue,sup,Hantera,oe:player:de1fb222dafded7d06b10df578fdd0e,Aegis,oe:team:e3a29387c70230d76837b86c2aefd14,Annie,Elise,Zeri,Xayah,Darius,Sylas,,,,,,1510,1,6,0,12,29,8,2.0,0.0,0.0,0.0,0.0,0.0,0.0,0.0,1.1523,1.4702,,,,,,,,,,,,,,,,,,,,,0.0,0.0,,,,,,,,0.0,0.0,8545.0,339.5364,0.114968,131.3245,99.2583,24.0,0.9536,9.0,0.3576,8.0,62.0,2.4636,8522,5166,205.2715,0.133647,7060.0,,,18.0,18.0,0.0,,,0.7152,2646.0,2032.0,5.0,2168.0,2352.0,15.0,478.0,-320.0,-10.0,0.0,2.0,0.0,0.0,1.0,0.0,4107.0,3410.0,13.0,3225.0,3720.0,24.0,882.0,-310.0,-11.0,1.0,3.0,0.0,0.0,2.0,1.0,5320.0,4963.0,15.0,4196.0,5435.0,29.0,1124.0,-472.0,-14.0,1.0,4.0,0.0,0.0,2.0,2.0,8499.0,9487.0,18.0,5157.0,7055.0,32.0,3342.0,2432.0,-14.0,6.0,12.0,0.0,0.0,3.0,5.0
ESPORTSTMNT05_3222115,complete,,EM,2023,Spring,0,2023-04-05 15:02:44,1,13.06,6,Red,top,Sl4shD,oe:player:61eec59806c0beb33d2ffa40fcda3f5,GTZ Esports,oe:team:3659b5cb3434354530c31ce71461fc1,Gwen,Aphelios,Vi,Gragas,LeBlanc,Orianna,,,,,,1510,0,1,6,4,8,29,0.0,0.0,0.0,0.0,0.0,0.0,0.0,0.0,0.3179,1.4702,,,,,,,,,,,,,,,,,,,,,0.0,1.0,,,,,,,,0.0,0.0,14017.0,556.9669,0.296242,815.0066,676.649,9.0,0.3576,2.0,0.0795,1.0,29.0,1.1523,7368,4012,159.4172,0.183868,7010.0,,,147.0,144.0,3.0,,,5.8411,2985.0,3964.0,52.0,4532.0,4419.0,86.0,-1547.0,-455.0,-34.0,1.0,1.0,1.0,3.0,0.0,1.0,4529.0,6534.0,93.0,7615.0,7560.0,141.0,-3086.0,-1026.0,-48.0,1.0,1.0,1.0,4.0,0.0,1.0,6132.0,8820.0,131.0,9569.0,10363.0,188.0,-3437.0,-1543.0,-57.0,1.0,2.0,2.0,4.0,1.0,2.0,7348.0,10201.0,147.0,14301.0,14280.0,231.0,-6953.0,-4079.0,-84.0,1.0,4.0,6.0,10.0,7.0,2.0
ESPORTSTMNT05_3222115,complete,,EM,2023,Spring,0,2023-04-05 15:02:44,1,13.06,7,Red,jng,Time,oe:player:550fa477eff3885416f22c0b3f2fc88,GTZ Esports,oe:team:3659b5cb3434354530c31ce71461fc1,Wukong,Aphelios,Vi,Gragas,LeBlanc,Orianna,,,,,,1510,0,1,8,4,8,29,0.0,0.0,0.0,0.0,0.0,0.0,0.0,1.0,0.3179,1.4702,,,,,,,,,,,,,,,,,,,,,0.0,0.0,,,,,,,,0.0,0.0,7732.0,307.2318,0.163412,975.9338,788.543,9.0,0.3576,6.0,0.2384,8.0,32.0,1.2715,7067,3711,147.457,0.170073,6700.0,,,114.0,18.0,96.0,,,4.5298,2801.0,2511.0,44.0,3582.0,2764.0,48.0,-781.0,-253.0,-4.0,0.0,2.0,3.0,1.0,4.0,1.0,4480.0,4565.0,71.0,5281.0,4669.0,74.0,-801.0,-104.0,-3.0,1.0,2.0,4.0,2.0,5.0,1.0,5852.0,6815.0,96.0,7694.0,7736.0,107.0,-1842.0,-921.0,-11.0,1.0,3.0,5.0,4.0,7.0,1.0,7047.0,8174.0,114.0,11009.0,12519.0,127.0,-3962.0,-4345.0,-13.0,1.0,4.0,8.0,6.0,20.0,1.0
ESPORTSTMNT05_3222115,complete,,EM,2023,Spring,0,2023-04-05 15:02:44,1,13.06,8,Red,mid,Heroic,oe:player:c71b4244f70372f8be07a3e83c58490,GTZ Esports,oe:team:3659b5cb3434354530c31ce71461fc1,Akali,Aphelios,Vi,Gragas,LeBlanc,Orianna,,,,,,1510,0,3,5,1,8,29,0.0,0.0,0.0,0.0,0.0,0.0,0.0,0.0,0.3179,1.4702,,,,,,,,,,,,,,,,,,,,,0.0,0.0,,,,,,,,0.0,2.0,13553.0,538.5298,0.286436,778.053,450.1987,4.0,0.1589,1.0,0.0397,1.0,13.0,0.5166,9246,5890,234.0397,0.269936,8675.0,,,197.0,197.0,0.0,,,7.8278,3267.0,4064.0,74.0,3301.0,4262.0,68.0,-34.0,-198.0,6.0,1.0,1.0,1.0,1.0,1.0,0.0,4995.0,6550.0,122.0,5311.0,7491.0,120.0,-316.0,-941.0,2.0,1.0,1.0,1.0,1.0,4.0,0.0,7717.0,9464.0,178.0,7990.0,11047.0,171.0,-273.0,-1583.0,7.0,2.0,1.0,2.0,2.0,6.0,0.0,9225.0,10770.0,197.0,10792.0,15966.0,193.0,-1567.0,-5196.0,4.0,3.0,1.0,5.0,4.0,15.0,1.0
ESPORTSTMNT05_3222115,complete,,EM,2023,Spring,0,2023-04-05 15:02:44,1,13.06,9,Red,bot,Notiko,oe:player:e134b2791879ae44a24cf5fc966a4b7,GTZ Esports,oe:team:3659b5cb3434354530c31ce71461fc1,Kai'Sa,Aphelios,Vi,Gragas,LeBlanc,Orianna,,,,,,1510,0,3,5,2,8,29,0.0,0.0,0.0,0.0,0.0,0.0,0.0,0.0,0.3179,1.4702,,,,,,,,,,,,,,,,,,,,,0.0,0.0,,,,,,,,0.0,0.0,9982.0,396.6358,0.210965,560.3046,283.7086,7.0,0.2781,4.0,0.1589,1.0,15.0,0.596,9739,6383,253.6291,0.29253,9325.0,,,198.0,186.0,12.0,,,7.8675,3551.0,3698.0,67.0,3563.0,3617.0,78.0,-12.0,81.0,-11.0,2.0,0.0,1.0,1.0,0.0,2.0,5119.0,5448.0,110.0,5126.0,5413.0,119.0,-7.0,35.0,-9.0,2.0,1.0,2.0,1.0,0.0,3.0,6685.0,7168.0,148.0,7568.0,7795.0,177.0,-883.0,-627.0,-29.0,2.0,1.0,2.0,2.0,0.0,3.0,9719.0,9802.0,198.0,10680.0,11325.0,206.0,-961.0,-1523.0,-8.0,3.0,2.0,5.0,3.0,8.0,4.0
ESPORTSTMNT05_3222115,complete,,EM,2023,Spring,0,2023-04-05 15:02:44,1,13.06,10,Red,sup,Nsurr,oe:player:6b35468bd45059f6a8450083fc379a9,GTZ Esports,oe:team:3659b5cb3434354530c31ce71461fc1,Rakan,Aphelios,Vi,Gragas,LeBlanc,Orianna,,,,,,1510,0,0,5,3,8,29,0.0,0.0,0.0,0.0,0.0,0.0,0.0,0.0,0.3179,1.4702,,,,,,,,,,,,,,,,,,,,,0.0,0.0,,,,,,,,0.0,0.0,2032.0,80.7417,0.0429453,530.4238,564.3576,22.0,0.8742,6.0,0.2384,5.0,46.0,1.8278,5180,1824,72.4768,0.083593,5125.0,,,32.0,32.0,0.0,,,1.2715,2168.0,2352.0,15.0,2646.0,2032.0,5.0,-478.0,320.0,10.0,0.0,1.0,0.0,0.0,2.0,0.0,3225.0,3720.0,24.0,4107.0,3410.0,13.0,-882.0,310.0,11.0,0.0,2.0,1.0,1.0,3.0,0.0,4196.0,5435.0,29.0,5320.0,4963.0,15.0,-1124.0,472.0,14.0,0.0,2.0,2.0,1.0,4.0,0.0,5157.0,7055.0,32.0,8499.0,9487.0,18.0,-3342.0,-2432.0,14.0,0.0,3.0,5.0,6.0,12.0,0.0
ESPORTSTMNT05_3222115,complete,,EM,2023,Spring,0,2023-04-05 15:02:44,1,13.06,100,Blue,team,,,Aegis,oe:team:e3a29387c70230d76837b86c2aefd14,,Elise,Zeri,Xayah,Darius,Sylas,Annie,Jarvan IV,Varus,Galio,Renekton,1510,1,29,8,62,29,8,5.0,0.0,0.0,0.0,1.0,,,,1.1523,1.4702,1.0,4.0,0.0,4.0,0.0,0.0,2.0,1.0,0.0,1.0,0.0,,0.0,0.0,0.0,1.0,1.0,,,1.0,1.0,0.0,1.0,10.0,1.0,1.0,1.0,7.0,2.0,2.0,0.0,74325.0,2953.3113,,2889.9735,3066.0,52.0,2.0662,17.0,0.6755,22.0,143.0,5.6821,55434,38654,1535.9205,,46975.0,0.241976,4.92,,639.0,136.0,,,30.7947,17624.0,17094.0,285.0,14772.0,16589.0,252.0,2852.0,505.0,33.0,6.0,7.0,4.0,4.0,5.0,6.0,27440.0,28543.0,467.0,22348.0,26817.0,420.0,5092.0,1726.0,47.0,9.0,12.0,5.0,5.0,7.0,9.0,38141.0,41904.0,658.0,30582.0,37702.0,582.0,7559.0,4202.0,76.0,13.0,18.0,6.0,6.0,9.0,13.0,55281.0,63577.0,775.0,38496.0,46002.0,688.0,16785.0,17575.0,87.0,29.0,62.0,8.0,8.0,14.0,29.0
ESPORTSTMNT05_3222115,complete,,EM,2023,Spring,0,2023-04-05 15:02:44,1,13.06,200,Red,team,,,GTZ Esports,oe:team:3659b5cb3434354530c31ce71461fc1,,Aphelios,Vi,Gragas,LeBlanc,Orianna,Rakan,Wukong,Kai'Sa,Akali,Gwen,1510,0,8,29,14,8,29,0.0,0.0,0.0,0.0,0.0,,,,0.3179,1.4702,0.0,0.0,4.0,0.0,4.0,0.0,0.0,0.0,0.0,0.0,0.0,,0.0,0.0,1.0,1.0,1.0,,,0.0,0.0,1.0,0.0,1.0,10.0,0.0,0.0,2.0,7.0,0.0,2.0,47316.0,1880.106,,3659.7219,2763.457,51.0,2.0265,19.0,0.755,16.0,135.0,5.3642,38600,21820,867.0199,,36835.0,-0.241976,-4.92,,577.0,111.0,,,27.3377,14772.0,16589.0,252.0,17624.0,17094.0,285.0,-2852.0,-505.0,-33.0,4.0,5.0,6.0,6.0,7.0,4.0,22348.0,26817.0,420.0,27440.0,28543.0,467.0,-5092.0,-1726.0,-47.0,5.0,7.0,9.0,9.0,12.0,5.0,30582.0,37702.0,582.0,38141.0,41904.0,658.0,-7559.0,-4202.0,-76.0,6.0,9.0,13.0,13.0,18.0,6.0,38496.0,46002.0,688.0,55281.0,63577.0,775.0,-16785.0,-17575.0,-87.0,8.0,14.0,29.0,29.0,62.0,8.0
ESPORTSTMNT05_3221118,complete,,EM,2023,Spring,0,2023-04-05 15:53:07,1,13.06,1,Blue,top,Nille,oe:player:2df5432fbfcc85dc85c33e269ebd063,Verdant,oe:team:b33646d7b7b14dd6da17a88f6ddb592,Gwen,Yone,Xayah,Vi,Malphite,Jayce,,,,,,2119,1,3,2,9,27,13,0.0,0.0,0.0,0.0,0.0,0.0,0.0,0.0,0.7645,1.1326,,,,,,,,,,,,,,,,,,,,,0.0,0.0,,,,,,,,1.0,0.0,17730.0,502.0293,0.152763,805.2855,652.3832,17.0,0.4814,8.0,0.2265,7.0,52.0,1.4724,14027,9429,266.9844,0.203844,12975.0,,,295.0,271.0,24.0,,,8.353,3423.0,4875.0,88.0,3254.0,4874.0,83.0,169.0,1.0,5.0,0.0,0.0,0.0,0.0,0.0,0.0,5378.0,7456.0,136.0,4832.0,7383.0,126.0,546.0,73.0,10.0,1.0,1.0,0.0,0.0,1.0,1.0,7273.0,10234.0,189.0,6436.0,9732.0,166.0,837.0,502.0,23.0,1.0,1.0,0.0,0.0,2.0,1.0,8975.0,12760.0,230.0,8049.0,12013.0,205.0,926.0,747.0,25.0,1.0,4.0,1.0,0.0,3.0,2.0
ESPORTSTMNT05_3221118,complete,,EM,2023,Spring,0,2023-04-05 15:53:07,1,13.06,2,Blue,jng,Taxer,oe:player:7b2619f2b79533d29571437f043a2cd,Verdant,oe:team:b33646d7b7b14dd6da17a88f6ddb592,Wukong,Yone,Xayah,Vi,Malphite,Jayce,,,,,,2119,1,5,4,13,27,13,1.0,0.0,0.0,0.0,0.0,0.0,0.0,0.0,0.7645,1.1326,,,,,,,,,,,,,,,,,,,,,2.0,0.0,,,,,,,,0.0,0.0,18091.0,512.2511,0.155874,1229.4762,1196.8853,13.0,0.3681,18.0,0.5097,12.0,57.0,1.614,13192,8594,243.3412,0.185792,11450.0,,,184.0,40.0,144.0,,,5.21,3371.0,3049.0,62.0,3085.0,3121.0,63.0,286.0,-72.0,-1.0,1.0,0.0,1.0,0.0,2.0,2.0,5324.0,5344.0,92.0,4564.0,5359.0,97.0,760.0,-15.0,-5.0,1.0,5.0,2.0,0.0,4.0,3.0,6899.0,7304.0,118.0,5981.0,7248.0,124.0,918.0,56.0,-6.0,1.0,6.0,3.0,0.0,5.0,3.0,8721.0,9033.0,142.0,7109.0,8762.0,139.0,1612.0,271.0,3.0,3.0,7.0,3.0,0.0,5.0,4.0
ESPORTSTMNT05_3221118,complete,,EM,2023,Spring,0,2023-04-05 15:53:07,1,13.06,3,Blue,mid,Erolle,oe:player:33f41da3cc793a226c6d42474e3cd95,Verdant,oe:team:b33646d7b7b14dd6da17a88f6ddb592,Azir,Yone,Xayah,Vi,Malphite,Jayce,,,,,,2119,1,7,2,14,27,13,1.0,1.0,1.0,1.0,0.0,0.0,0.0,0.0,0.7645,1.1326,,,,,,,,,,,,,,,,,,,,,0.0,0.0,,,,,,,,0.0,0.0,30527.0,864.3794,0.263023,492.6852,448.2303,10.0,0.2832,8.0,0.2265,3.0,37.0,1.0477,15925,11327,320.7268,0.244878,15275.0,,,286.0,270.0,16.0,,,8.0982,3395.0,4414.0,80.0,3364.0,4711.0,84.0,31.0,-297.0,-4.0,0.0,3.0,0.0,0.0,3.0,0.0,5406.0,7024.0,122.0,5192.0,7763.0,137.0,214.0,-739.0,-15.0,1.0,6.0,1.0,0.0,5.0,1.0,7408.0,9944.0,180.0,7054.0,10622.0,191.0,354.0,-678.0,-11.0,1.0,7.0,1.0,0.0,5.0,1.0,9245.0,12880.0,234.0,9470.0,13295.0,239.0,-225.0,-415.0,-5.0,1.0,8.0,1.0,1.0,5.0,1.0
ESPORTSTMNT05_3221118,complete,,EM,2023,Spring,0,2023-04-05 15:53:07,1,13.06,4,Blue,bot,kehvo,oe:player:06f016d5551322d49fad225b21de646,Verdant,oe:team:b33646d7b7b14dd6da17a88f6ddb592,Sivir,Yone,Xayah,Vi,Malphite,Jayce,,,,,,2119,1,11,2,13,27,13,3.0,1.0,0.0,0.0,1.0,0.0,1.0,0.0,0.7645,1.1326,,,,,,,,,,,,,,,,,,,,,0.0,0.0,,,,,,,,0.0,0.0,42181.0,1194.3653,0.363435,414.8749,401.0571,16.0,0.453,10.0,0.2832,5.0,48.0,1.3591,16906,12308,348.504,0.266087,13625.0,,,316.0,273.0,43.0,,,8.9476,4160.0,3378.0,64.0,4348.0,3500.0,95.0,-188.0,-122.0,-31.0,3.0,2.0,1.0,3.0,0.0,2.0,7028.0,6197.0,123.0,7182.0,5831.0,144.0,-154.0,366.0,-21.0,6.0,4.0,1.0,5.0,0.0,3.0,9117.0,8557.0,175.0,9073.0,8154.0,190.0,44.0,403.0,-15.0,7.0,4.0,1.0,6.0,0.0,3.0,11508.0,11387.0,235.0,11505.0,10996.0,267.0,3.0,391.0,-32.0,8.0,6.0,1.0,6.0,1.0,3.0
ESPORTSTMNT05_3221118,complete,,EM,2023,Spring,0,2023-04-05 15:53:07,1,13.06,5,Blue,sup,Klaj,oe:player:60c7d1c521aba6d16e6c3a38aa3a863,Verdant,oe:team:b33646d7b7b14dd6da17a88f6ddb592,Nautilus,Yone,Xayah,Vi,Malphite,Jayce,,,,,,2119,1,1,3,19,27,13,0.0,0.0,0.0,0.0,1.0,1.0,0.0,0.0,0.7645,1.1326,,,,,,,,,,,,,,,,,,,,,0.0,0.0,,,,,,,,0.0,0.0,7533.0,213.2987,0.064905,405.4176,838.924,47.0,1.3308,15.0,0.4247,17.0,105.0,2.9731,9196,4598,130.1935,0.0993994,8075.0,,,41.0,41.0,0.0,,,1.1609,2654.0,2180.0,17.0,2347.0,2284.0,16.0,307.0,-104.0,1.0,1.0,2.0,1.0,0.0,3.0,1.0,3892.0,3780.0,24.0,3520.0,3289.0,23.0,372.0,491.0,1.0,1.0,6.0,1.0,0.0,5.0,2.0,4910.0,4618.0,29.0,4408.0,3895.0,27.0,502.0,723.0,2.0,1.0,7.0,1.0,0.0,5.0,3.0,6012.0,6293.0,35.0,5331.0,5307.0,30.0,681.0,986.0,5.0,1.0,10.0,1.0,0.0,6.0,4.0
ESPORTSTMNT05_3221118,complete,,EM,2023,Spring,0,2023-04-05 15:53:07,1,13.06,6,Red,top,Robocop,oe:player:bf0fcdb863d11c4f6e7802f434de734,Entropiq,oe:team:06554c70cfe8a6be14b004b3c18abe6,Sion,Cassiopeia,Gnar,Gragas,Jax,Kennen,,,,,,2119,0,0,5,8,13,27,0.0,0.0,0.0,0.0,0.0,0.0,0.0,0.0,0.3681,1.1326,,,,,,,,,,,,,,,,,,,,,0.0,0.0,,,,,,,,0.0,1.0,10039.0,284.2567,0.12106,1196.7721,2158.6126,19.0,0.538,8.0,0.2265,7.0,68.0,1.9254,10118,5520,156.3001,0.156159,10450.0,,,227.0,227.0,0.0,,,6.4276,3254.0,4874.0,83.0,3423.0,4875.0,88.0,-169.0,-1.0,-5.0,0.0,0.0,0.0,0.0,0.0,0.0,4832.0,7383.0,126.0,5378.0,7456.0,136.0,-546.0,-73.0,-10.0,0.0,1.0,1.0,1.0,1.0,0.0,6436.0,9732.0,166.0,7273.0,10234.0,189.0,-837.0,-502.0,-23.0,0.0,2.0,1.0,1.0,1.0,0.0,8049.0,12013.0,205.0,8975.0,12760.0,230.0,-926.0,-747.0,-25.0,0.0,3.0,2.0,1.0,4.0,1.0
ESPORTSTMNT05_3221118,complete,,EM,2023,Spring,0,2023-04-05 15:53:07,1,13.06,7,Red,jng,Zicssi,oe:player:060e16e1c91434827c294bac52e8b47,Entropiq,oe:team:06554c70cfe8a6be14b004b3c18abe6,Maokai,Cassiopeia,Gnar,Gragas,Jax,Kennen,,,,,,2119,0,2,6,7,13,27,0.0,0.0,0.0,0.0,0.0,0.0,0.0,0.0,0.3681,1.1326,,,,,,,,,,,,,,,,,,,,,0.0,2.0,,,,,,,,0.0,0.0,13108.0,371.1562,0.158069,1117.1496,1248.1642,9.0,0.2548,9.0,0.2548,9.0,46.0,1.3025,9975,5377,152.2511,0.152114,9675.0,,,163.0,20.0,143.0,,,4.6154,3085.0,3121.0,63.0,3371.0,3049.0,62.0,-286.0,72.0,1.0,0.0,2.0,2.0,1.0,0.0,1.0,4564.0,5359.0,97.0,5324.0,5344.0,92.0,-760.0,15.0,5.0,0.0,4.0,3.0,1.0,5.0,2.0,5981.0,7248.0,124.0,6899.0,7304.0,118.0,-918.0,-56.0,6.0,0.0,5.0,3.0,1.0,6.0,3.0,7109.0,8762.0,139.0,8721.0,9033.0,142.0,-1612.0,-271.0,-3.0,0.0,5.0,4.0,3.0,7.0,3.0
ESPORTSTMNT05_3221118,complete,,EM,2023,Spring,0,2023-04-05 15:53:07,1,13.06,8,Red,mid,Jackies,oe:player:204746c853a12888ad72d8035cdf8c7,Entropiq,oe:team:06554c70cfe8a6be14b004b3c18abe6,Orianna,Cassiopeia,Gnar,Gragas,Jax,Kennen,,,,,,2119,0,3,3,9,13,27,0.0,0.0,0.0,0.0,0.0,0.0,0.0,0.0,0.3681,1.1326,,,,,,,,,,,,,,,,,,,,,0.0,0.0,,,,,,,,0.0,0.0,30247.0,856.4512,0.364747,511.1185,407.1449,16.0,0.453,2.0,0.0566,4.0,57.0,1.614,15244,10646,301.4441,0.301182,15050.0,,,312.0,295.0,17.0,,,8.8344,3364.0,4711.0,84.0,3395.0,4414.0,80.0,-31.0,297.0,4.0,0.0,3.0,0.0,0.0,3.0,0.0,5192.0,7763.0,137.0,5406.0,7024.0,122.0,-214.0,739.0,15.0,0.0,5.0,1.0,1.0,6.0,1.0,7054.0,10622.0,191.0,7408.0,9944.0,180.0,-354.0,678.0,11.0,0.0,5.0,1.0,1.0,7.0,1.0,9470.0,13295.0,239.0,9245.0,12880.0,234.0,225.0,415.0,5.0,1.0,5.0,1.0,1.0,8.0,1.0
ESPORTSTMNT05_3221118,complete,,EM,2023,Spring,0,2023-04-05 15:53:07,1,13.06,9,Red,bot,Khantos,oe:player:58cff57941b3605087bb9208b3d76d0,Entropiq,oe:team:06554c70cfe8a6be14b004b3c18abe6,Zeri,Cassiopeia,Gnar,Gragas,Jax,Kennen,,,,,,2119,0,8,6,4,13,27,1.0,0.0,0.0,0.0,0.0,0.0,0.0,1.0,0.3681,1.1326,,,,,,,,,,,,,,,,,,,,,0.0,0.0,,,,,,,,0.0,0.0,25752.0,729.1741,0.310542,699.4148,826.2671,11.0,0.3115,20.0,0.5663,2.0,56.0,1.5857,15526,10928,309.429,0.30916,15200.0,,,338.0,300.0,38.0,,,9.5706,4348.0,3500.0,95.0,4160.0,3378.0,64.0,188.0,122.0,31.0,3.0,0.0,2.0,3.0,2.0,1.0,7182.0,5831.0,144.0,7028.0,6197.0,123.0,154.0,-366.0,21.0,5.0,0.0,3.0,6.0,4.0,1.0,9073.0,8154.0,190.0,9117.0,8557.0,175.0,-44.0,-403.0,15.0,6.0,0.0,3.0,7.0,4.0,1.0,11505.0,10996.0,267.0,11508.0,11387.0,235.0,-3.0,-391.0,32.0,6.0,1.0,3.0,8.0,6.0,1.0
ESPORTSTMNT05_3221118,complete,,EM,2023,Spring,0,2023-04-05 15:53:07,1,13.06,10,Red,sup,denyk,oe:player:9adc23fff49c05d7b22cfd79ca1841d,Entropiq,oe:team:06554c70cfe8a6be14b004b3c18abe6,Rakan,Cassiopeia,Gnar,Gragas,Jax,Kennen,,,,,,2119,0,0,7,12,13,27,0.0,0.0,0.0,0.0,0.0,0.0,0.0,0.0,0.3681,1.1326,,,,,,,,,,,,,,,,,,,,,0.0,0.0,,,,,,,,0.0,0.0,3780.0,107.0316,0.0455828,525.5592,445.0873,58.0,1.6423,17.0,0.4814,21.0,101.0,2.8598,7475,2877,81.463,0.0813847,7275.0,,,38.0,38.0,0.0,,,1.076,2347.0,2284.0,16.0,2654.0,2180.0,17.0,-307.0,104.0,-1.0,0.0,3.0,1.0,1.0,2.0,1.0,3520.0,3289.0,23.0,3892.0,3780.0,24.0,-372.0,-491.0,-1.0,0.0,5.0,2.0,1.0,6.0,1.0,4408.0,3895.0,27.0,4910.0,4618.0,29.0,-502.0,-723.0,-2.0,0.0,5.0,3.0,1.0,7.0,1.0,5331.0,5307.0,30.0,6012.0,6293.0,35.0,-681.0,-986.0,-5.0,0.0,6.0,4.0,1.0,10.0,1.0
ESPORTSTMNT05_3221118,complete,,EM,2023,Spring,0,2023-04-05 15:53:07,1,13.06,100,Blue,team,,,Verdant,oe:team:b33646d7b7b14dd6da17a88f6ddb592,,Yone,Xayah,Vi,Malphite,Jayce,Wukong,Nautilus,Sivir,Gwen,Azir,2119,1,27,13,68,27,13,5.0,2.0,1.0,1.0,1.0,,,,0.7645,1.1326,0.0,4.0,1.0,4.0,1.0,1.0,0.0,0.0,3.0,0.0,0.0,,0.0,0.0,1.0,2.0,0.0,,,1.0,2.0,0.0,1.0,8.0,2.0,1.0,1.0,3.0,2.0,1.0,0.0,116062.0,3286.3237,,3347.7395,3537.4799,103.0,2.9165,59.0,1.6706,44.0,299.0,8.4663,69246,46254,1309.6933,,61400.0,0.0629987,1.8,,895.0,227.0,,,31.7697,17003.0,17896.0,311.0,16398.0,18490.0,341.0,605.0,-594.0,-30.0,5.0,7.0,3.0,3.0,8.0,5.0,27028.0,29801.0,497.0,25290.0,29625.0,527.0,1738.0,176.0,-30.0,10.0,22.0,5.0,5.0,15.0,10.0,35607.0,40657.0,691.0,32952.0,39651.0,698.0,2655.0,1006.0,-7.0,11.0,25.0,6.0,6.0,17.0,11.0,44461.0,52353.0,876.0,41464.0,50373.0,880.0,2997.0,1980.0,-4.0,14.0,35.0,7.0,7.0,20.0,14.0
ESPORTSTMNT05_3221118,complete,,EM,2023,Spring,0,2023-04-05 15:53:07,1,13.06,200,Red,team,,,Entropiq,oe:team:06554c70cfe8a6be14b004b3c18abe6,,Cassiopeia,Gnar,Gragas,Jax,Kennen,Zeri,Maokai,Rakan,Sion,Orianna,2119,0,13,27,40,13,27,1.0,0.0,0.0,0.0,0.0,,,,0.3681,1.1326,1.0,1.0,4.0,1.0,4.0,0.0,0.0,0.0,0.0,1.0,0.0,,0.0,0.0,0.0,0.0,2.0,,,0.0,0.0,2.0,0.0,2.0,8.0,0.0,0.0,2.0,3.0,0.0,1.0,82926.0,2348.0698,,4050.0142,5085.2761,113.0,3.1996,56.0,1.5857,43.0,328.0,9.2874,58338,35346,1000.8306,,57650.0,-0.0629987,-1.8,,880.0,198.0,,,30.5238,16398.0,18490.0,341.0,17003.0,17896.0,311.0,-605.0,594.0,30.0,3.0,8.0,5.0,5.0,7.0,3.0,25290.0,29625.0,527.0,27028.0,29801.0,497.0,-1738.0,-176.0,30.0,5.0,15.0,10.0,10.0,22.0,5.0,32952.0,39651.0,698.0,35607.0,40657.0,691.0,-2655.0,-1006.0,7.0,6.0,17.0,11.0,11.0,25.0,6.0,41464.0,50373.0,880.0,44461.0,52353.0,876.0,-2997.0,-1980.0,4.0,7.0,20.0,14.0,14.0,35.0,7.0
ESPORTSTMNT05_3222119,complete,,EM,2023,Spring,0,2023-04-05 15:54:25,1,13.06,1,Blue,top,Satorius,oe:player:422d7cc4063f8801a9427860bfd855b,Geekay Esports,oe:team:1ff3f5c94edd806e1fed4105fc48995,Ornn,Wukong,Rakan,Vi,Darius,Renata Glasc,,,,,,1817,1,2,1,17,34,10,0.0,0.0,0.0,0.0,0.0,0.0,0.0,0.0,1.1227,1.4529,,,,,,,,,,,,,,,,,,,,,0.0,0.0,,,,,,,,0.0,0.0,14901.0,492.0528,0.1563,858.393,936.885,12.0,0.3963,2.0,0.066,3.0,29.0,0.9576,10935,6953,229.5982,0.149748,10525.0,,,178.0,178.0,0.0,,,5.8778,3125.0,3976.0,71.0,3237.0,4743.0,87.0,-112.0,-767.0,-16.0,0.0,2.0,0.0,0.0,0.0,1.0,5265.0,5823.0,93.0,5385.0,7169.0,131.0,-120.0,-1346.0,-38.0,1.0,3.0,0.0,1.0,0.0,1.0,7004.0,8392.0,128.0,7120.0,9687.0,181.0,-116.0,-1295.0,-53.0,1.0,6.0,0.0,1.0,0.0,2.0,8912.0,12070.0,153.0,9049.0,11037.0,211.0,-137.0,1033.0,-58.0,1.0,13.0,0.0,2.0,0.0,4.0
ESPORTSTMNT05_3222119,complete,,EM,2023,Spring,0,2023-04-05 15:54:25,1,13.06,2,Blue,jng,Viking,oe:player:f48a8f161502989fca609408a80bd75,Geekay Esports,oe:team:1ff3f5c94edd806e1fed4105fc48995,Sejuani,Wukong,Rakan,Vi,Darius,Renata Glasc,,,,,,1817,1,4,1,20,34,10,0.0,0.0,0.0,0.0,1.0,1.0,0.0,0.0,1.1227,1.4529,,,,,,,,,,,,,,,,,,,,,0.0,0.0,,,,,,,,0.0,0.0,15120.0,499.2845,0.158597,989.0919,1492.4051,6.0,0.1981,3.0,0.0991,7.0,29.0,0.9576,12762,8780,289.9285,0.189097,12050.0,,,158.0,23.0,135.0,,,5.2174,4095.0,3154.0,55.0,3152.0,3277.0,61.0,943.0,-123.0,-6.0,2.0,3.0,0.0,0.0,1.0,1.0,6200.0,5770.0,99.0,4579.0,5105.0,85.0,1621.0,665.0,14.0,2.0,5.0,0.0,0.0,2.0,2.0,8455.0,8287.0,121.0,5932.0,7205.0,115.0,2523.0,1082.0,6.0,3.0,7.0,0.0,0.0,2.0,3.0,10596.0,10728.0,131.0,6931.0,8024.0,121.0,3665.0,2704.0,10.0,4.0,13.0,1.0,0.0,4.0,5.0
ESPORTSTMNT05_3222119,complete,,EM,2023,Spring,0,2023-04-05 15:54:25,1,13.06,3,Blue,mid,Giyuu,oe:player:e6f5a7e37185c25a363d031ef5eafa9,Geekay Esports,oe:team:1ff3f5c94edd806e1fed4105fc48995,Irelia,Wukong,Rakan,Vi,Darius,Renata Glasc,,,,,,1817,1,13,3,3,34,10,1.0,0.0,0.0,0.0,0.0,0.0,0.0,0.0,1.1227,1.4529,,,,,,,,,,,,,,,,,,,,,1.0,0.0,,,,,,,,1.0,0.0,25942.0,856.6428,0.272111,842.3115,710.82,15.0,0.4953,2.0,0.066,5.0,33.0,1.0897,15566,11584,382.5206,0.24949,14415.0,,,278.0,263.0,15.0,,,9.18,3688.0,4976.0,94.0,3257.0,4154.0,74.0,431.0,822.0,20.0,1.0,0.0,0.0,1.0,0.0,1.0,5737.0,7732.0,144.0,5104.0,7254.0,136.0,633.0,478.0,8.0,2.0,0.0,1.0,1.0,0.0,2.0,8962.0,10315.0,195.0,7265.0,9993.0,193.0,1697.0,322.0,2.0,5.0,0.0,2.0,2.0,0.0,3.0,12206.0,13519.0,228.0,9199.0,11536.0,223.0,3007.0,1983.0,5.0,10.0,1.0,2.0,3.0,0.0,5.0
ESPORTSTMNT05_3222119,complete,,EM,2023,Spring,0,2023-04-05 15:54:25,1,13.06,4,Blue,bot,Rin,oe:player:ee4894bcff1cfaa4ffbf71b7b8d8921,Geekay Esports,oe:team:1ff3f5c94edd806e1fed4105fc48995,Varus,Wukong,Rakan,Vi,Darius,Renata Glasc,,,,,,1817,1,10,2,8,34,10,0.0,0.0,0.0,0.0,0.0,0.0,0.0,0.0,1.1227,1.4529,,,,,,,,,,,,,,,,,,,,,0.0,0.0,,,,,,,,1.0,0.0,28098.0,927.8371,0.294726,498.1288,253.1425,15.0,0.4953,6.0,0.1981,6.0,48.0,1.585,16405,12423,410.2256,0.26756,14775.0,,,248.0,234.0,14.0,,,8.1893,4393.0,3705.0,79.0,2587.0,2747.0,54.0,1806.0,958.0,25.0,3.0,0.0,0.0,0.0,0.0,2.0,7651.0,5838.0,133.0,3955.0,4516.0,87.0,3696.0,1322.0,46.0,3.0,1.0,0.0,0.0,0.0,3.0,9819.0,8233.0,184.0,5588.0,7111.0,129.0,4231.0,1122.0,55.0,3.0,2.0,0.0,0.0,1.0,3.0,12242.0,10877.0,213.0,6918.0,8865.0,154.0,5324.0,2012.0,59.0,5.0,5.0,1.0,0.0,2.0,4.0
ESPORTSTMNT05_3222119,complete,,EM,2023,Spring,0,2023-04-05 15:54:25,1,13.06,5,Blue,sup,Dekap,oe:player:be85b3d65508c757ac9af1d54310520,Geekay Esports,oe:team:1ff3f5c94edd806e1fed4105fc48995,Pyke,Wukong,Rakan,Vi,Darius,Renata Glasc,,,,,,1817,1,5,3,12,34,10,0.0,0.0,0.0,0.0,0.0,0.0,0.0,0.0,1.1227,1.4529,,,,,,,,,,,,,,,,,,,,,0.0,0.0,,,,,,,,0.0,0.0,11275.0,372.317,0.118266,510.0495,329.7523,66.0,2.1794,26.0,0.8586,10.0,136.0,4.4909,10673,6691,220.9466,0.144105,10000.0,,,50.0,50.0,0.0,,,1.6511,2935.0,2765.0,14.0,2114.0,1882.0,17.0,821.0,883.0,-3.0,2.0,3.0,1.0,0.0,1.0,3.0,4565.0,4259.0,27.0,3041.0,2513.0,24.0,1524.0,1746.0,3.0,3.0,3.0,1.0,0.0,1.0,3.0,6688.0,6123.0,37.0,4119.0,4868.0,32.0,2569.0,1255.0,5.0,3.0,6.0,1.0,0.0,2.0,4.0,8725.0,9326.0,46.0,5126.0,6259.0,41.0,3599.0,3067.0,5.0,4.0,10.0,1.0,0.0,2.0,6.0
ESPORTSTMNT05_3222119,complete,,EM,2023,Spring,0,2023-04-05 15:54:25,1,13.06,6,Red,top,Zhergoth,oe:player:368db8366e1e5de655938dd9f8296dc,Team 7AM,oe:team:fc3d0bdc84e08efc1b6623448e64c15,Gwen,Annie,Xayah,Elise,Malphite,Braum,,,,,,1817,0,6,6,0,10,34,0.0,0.0,0.0,0.0,0.0,0.0,0.0,0.0,0.3302,1.4529,,,,,,,,,,,,,,,,,,,,,0.0,0.0,,,,,,,,0.0,0.0,31709.0,1047.0776,0.409048,1014.0231,796.4777,8.0,0.2642,9.0,0.2972,1.0,26.0,0.8586,13145,9163,302.5757,0.333267,12225.0,,,250.0,246.0,4.0,,,8.2554,3237.0,4743.0,87.0,3125.0,3976.0,71.0,112.0,767.0,16.0,0.0,0.0,1.0,0.0,2.0,0.0,5385.0,7169.0,131.0,5265.0,5823.0,93.0,120.0,1346.0,38.0,1.0,0.0,1.0,1.0,3.0,0.0,7120.0,9687.0,181.0,7004.0,8392.0,128.0,116.0,1295.0,53.0,1.0,0.0,2.0,1.0,6.0,0.0,9049.0,11037.0,211.0,8912.0,12070.0,153.0,137.0,-1033.0,58.0,2.0,0.0,4.0,1.0,13.0,0.0
ESPORTSTMNT05_3222119,complete,,EM,2023,Spring,0,2023-04-05 15:54:25,1,13.06,7,Red,jng,Noodle,oe:player:15101ae59f2cc7c8836b7e67352b598,Team 7AM,oe:team:fc3d0bdc84e08efc1b6623448e64c15,Maokai,Annie,Xayah,Elise,Malphite,Braum,,,,,,1817,0,0,7,7,10,34,0.0,0.0,0.0,0.0,0.0,0.0,0.0,0.0,0.3302,1.4529,,,,,,,,,,,,,,,,,,,,,0.0,0.0,,,,,,,,0.0,0.0,13906.0,459.1965,0.179388,1196.7969,1344.667,7.0,0.2312,8.0,0.2642,5.0,29.0,0.9576,7821,3839,126.7694,0.139622,7125.0,,,123.0,15.0,108.0,,,4.0616,3152.0,3277.0,61.0,4095.0,3154.0,55.0,-943.0,123.0,6.0,0.0,1.0,1.0,2.0,3.0,0.0,4579.0,5105.0,85.0,6200.0,5770.0,99.0,-1621.0,-665.0,-14.0,0.0,2.0,2.0,2.0,5.0,0.0,5932.0,7205.0,115.0,8455.0,8287.0,121.0,-2523.0,-1082.0,-6.0,0.0,2.0,3.0,3.0,7.0,0.0,6931.0,8024.0,121.0,10596.0,10728.0,131.0,-3665.0,-2704.0,-10.0,0.0,4.0,5.0,4.0,13.0,1.0
ESPORTSTMNT05_3222119,complete,,EM,2023,Spring,0,2023-04-05 15:54:25,1,13.06,8,Red,mid,Sahira,oe:player:2eec415168a9f5810a8674fd4213fa9,Team 7AM,oe:team:fc3d0bdc84e08efc1b6623448e64c15,Jayce,Annie,Xayah,Elise,Malphite,Braum,,,,,,1817,0,4,7,1,10,34,0.0,0.0,0.0,0.0,0.0,0.0,0.0,0.0,0.3302,1.4529,,,,,,,,,,,,,,,,,,,,,0.0,1.0,,,,,,,,0.0,1.0,21735.0,717.7215,0.280383,702.5316,545.7127,12.0,0.3963,8.0,0.2642,2.0,26.0,0.8586,11373,7391,244.0616,0.268816,11350.0,,,256.0,252.0,4.0,,,8.4535,3257.0,4154.0,74.0,3688.0,4976.0,94.0,-431.0,-822.0,-20.0,1.0,0.0,1.0,1.0,0.0,0.0,5104.0,7254.0,136.0,5737.0,7732.0,144.0,-633.0,-478.0,-8.0,1.0,0.0,2.0,2.0,0.0,1.0,7265.0,9993.0,193.0,8962.0,10315.0,195.0,-1697.0,-322.0,-2.0,2.0,0.0,3.0,5.0,0.0,2.0,9199.0,11536.0,223.0,12206.0,13519.0,228.0,-3007.0,-1983.0,-5.0,3.0,0.0,5.0,10.0,1.0,2.0
ESPORTSTMNT05_3222119,complete,,EM,2023,Spring,0,2023-04-05 15:54:25,1,13.06,9,Red,bot,Mindrago,oe:player:4202e9d85e69908cd25c9ea58de244d,Team 7AM,oe:team:fc3d0bdc84e08efc1b6623448e64c15,Aphelios,Annie,Xayah,Elise,Malphite,Braum,,,,,,1817,0,0,6,4,10,34,0.0,0.0,0.0,0.0,0.0,0.0,0.0,0.0,0.3302,1.4529,,,,,,,,,,,,,,,,,,,,,0.0,0.0,,,,,,,,0.0,1.0,7346.0,242.5757,0.0947639,523.3902,311.1282,12.0,0.3963,4.0,0.1321,3.0,33.0,1.0897,8960,4978,164.3808,0.18105,7925.0,,,202.0,198.0,4.0,,,6.6703,2587.0,2747.0,54.0,4393.0,3705.0,79.0,-1806.0,-958.0,-25.0,0.0,0.0,2.0,3.0,0.0,0.0,3955.0,4516.0,87.0,7651.0,5838.0,133.0,-3696.0,-1322.0,-46.0,0.0,0.0,3.0,3.0,1.0,0.0,5588.0,7111.0,129.0,9819.0,8233.0,184.0,-4231.0,-1122.0,-55.0,0.0,1.0,3.0,3.0,2.0,0.0,6918.0,8865.0,154.0,12242.0,10877.0,213.0,-5324.0,-2012.0,-59.0,0.0,2.0,4.0,5.0,5.0,1.0
ESPORTSTMNT05_3222119,complete,,EM,2023,Spring,0,2023-04-05 15:54:25,1,13.06,10,Red,sup,Quicktimer,oe:player:a01962da0921577bca0e84951082b3f,Team 7AM,oe:team:fc3d0bdc84e08efc1b6623448e64c15,Thresh,Annie,Xayah,Elise,Malphite,Braum,,,,,,1817,0,0,8,4,10,34,0.0,0.0,0.0,0.0,0.0,0.0,0.0,1.0,0.3302,1.4529,,,,,,,,,,,,,,,,,,,,,0.0,0.0,,,,,,,,0.0,0.0,2823.0,93.2196,0.0364169,530.2917,353.3957,41.0,1.3539,15.0,0.4953,11.0,75.0,2.4766,6106,2124,70.1376,0.0772442,5975.0,,,46.0,46.0,0.0,,,1.519,2114.0,1882.0,17.0,2935.0,2765.0,14.0,-821.0,-883.0,3.0,0.0,1.0,3.0,2.0,3.0,1.0,3041.0,2513.0,24.0,4565.0,4259.0,27.0,-1524.0,-1746.0,-3.0,0.0,1.0,3.0,3.0,3.0,1.0,4119.0,4868.0,32.0,6688.0,6123.0,37.0,-2569.0,-1255.0,-5.0,0.0,2.0,4.0,3.0,6.0,1.0,5126.0,6259.0,41.0,8725.0,9326.0,46.0,-3599.0,-3067.0,-5.0,0.0,2.0,6.0,4.0,10.0,1.0
ESPORTSTMNT05_3222119,complete,,EM,2023,Spring,0,2023-04-05 15:54:25,1,13.06,100,Blue,team,,,Geekay Esports,oe:team:1ff3f5c94edd806e1fed4105fc48995,,Wukong,Rakan,Vi,Darius,Renata Glasc,Varus,Sejuani,Irelia,Pyke,Ornn,1817,1,34,10,60,34,10,1.0,0.0,0.0,0.0,1.0,,,,1.1227,1.4529,1.0,4.0,0.0,4.0,0.0,2.0,0.0,1.0,0.0,1.0,0.0,,0.0,0.0,0.0,1.0,1.0,,,1.0,1.0,0.0,1.0,10.0,0.0,1.0,1.0,12.0,2.0,2.0,0.0,95336.0,3148.1343,,3697.9747,3723.005,114.0,3.7644,39.0,1.2878,31.0,275.0,9.0809,66341,46430,1533.1866,,61765.0,0.322757,6.33,,748.0,164.0,,,30.1156,18236.0,18576.0,313.0,14347.0,16803.0,293.0,3889.0,1773.0,20.0,8.0,8.0,1.0,1.0,2.0,8.0,29418.0,29422.0,496.0,22064.0,26557.0,463.0,7354.0,2865.0,33.0,11.0,12.0,2.0,2.0,3.0,11.0,40928.0,41350.0,665.0,30024.0,38864.0,650.0,10904.0,2486.0,15.0,15.0,21.0,3.0,3.0,5.0,15.0,52681.0,56520.0,771.0,37223.0,45721.0,750.0,15458.0,10799.0,21.0,24.0,42.0,5.0,5.0,8.0,24.0
ESPORTSTMNT05_3222119,complete,,EM,2023,Spring,0,2023-04-05 15:54:25,1,13.06,200,Red,team,,,Team 7AM,oe:team:fc3d0bdc84e08efc1b6623448e64c15,,Annie,Xayah,Elise,Malphite,Braum,Jayce,Maokai,Aphelios,Thresh,Gwen,1817,0,10,34,16,10,34,0.0,0.0,0.0,0.0,0.0,,,,0.3302,1.4529,0.0,0.0,4.0,0.0,4.0,0.0,0.0,0.0,0.0,0.0,0.0,,0.0,0.0,1.0,1.0,1.0,,,0.0,0.0,1.0,0.0,0.0,10.0,0.0,0.0,2.0,12.0,0.0,2.0,77519.0,2559.7909,,3967.0336,3351.3814,80.0,2.6417,44.0,1.4529,22.0,189.0,6.2411,47405,27494,907.8921,,44600.0,-0.322757,-6.33,,757.0,120.0,,,28.9598,14347.0,16803.0,293.0,18236.0,18576.0,313.0,-3889.0,-1773.0,-20.0,1.0,2.0,8.0,8.0,8.0,1.0,22064.0,26557.0,463.0,29418.0,29422.0,496.0,-7354.0,-2865.0,-33.0,2.0,3.0,11.0,11.0,12.0,2.0,30024.0,38864.0,650.0,40928.0,41350.0,665.0,-10904.0,-2486.0,-15.0,3.0,5.0,15.0,15.0,21.0,3.0,37223.0,45721.0,750.0,52681.0,56520.0,771.0,-15458.0,-10799.0,-21.0,5.0,8.0,24.0,24.0,42.0,5.0
ESPORTSTMNT05_3222120,complete,,EM,2023,Spring,0,2023-04-05 15:58:28,1,13.06,1,Blue,top,Caucha,oe:player:190d3ffa9c4734a633e2103dbbdb815,White Dragons,oe:team:6468029fb605bd6fdf1cf866e890739,Gwen,Zilean,Pyke,Gragas,Sylas,Olaf,,,,,,1490,0,0,3,2,2,17,0.0,0.0,0.0,0.0,0.0,0.0,0.0,0.0,0.0805,0.7651,,,,,,,,,,,,,,,,,,,,,0.0,0.0,,,,,,,,0.0,1.0,9552.0,384.6443,0.300794,593.2752,453.6242,9.0,0.3624,2.0,0.0805,1.0,17.0,0.6846,8827,5512,221.9597,0.243186,8360.0,,,197.0,193.0,4.0,,,7.9329,3032.0,4556.0,77.0,3031.0,4411.0,73.0,1.0,145.0,4.0,0.0,0.0,0.0,0.0,0.0,0.0,4681.0,7350.0,123.0,4597.0,6914.0,115.0,84.0,436.0,8.0,0.0,1.0,0.0,0.0,0.0,1.0,6476.0,10410.0,169.0,7096.0,9383.0,155.0,-620.0,1027.0,14.0,0.0,2.0,1.0,1.0,2.0,2.0,8827.0,12027.0,197.0,9562.0,12700.0,200.0,-735.0,-673.0,-3.0,0.0,2.0,3.0,1.0,3.0,2.0
ESPORTSTMNT05_3222120,complete,,EM,2023,Spring,0,2023-04-05 15:58:28,1,13.06,2,Blue,jng,D4SH,oe:player:b665b9fa5f821ff73a873d0cecb0682,White Dragons,oe:team:6468029fb605bd6fdf1cf866e890739,Wukong,Zilean,Pyke,Gragas,Sylas,Olaf,,,,,,1490,0,2,3,0,2,17,0.0,0.0,0.0,0.0,0.0,0.0,0.0,0.0,0.0805,0.7651,,,,,,,,,,,,,,,,,,,,,0.0,0.0,,,,,,,,0.0,1.0,5110.0,205.7718,0.160914,856.3087,869.4765,5.0,0.2013,6.0,0.2416,3.0,23.0,0.9262,7716,4401,177.2215,0.194167,7075.0,,,142.0,16.0,126.0,,,5.7181,2943.0,3208.0,60.0,3547.0,3346.0,54.0,-604.0,-138.0,6.0,0.0,0.0,1.0,0.0,4.0,0.0,4615.0,5389.0,93.0,5314.0,5471.0,85.0,-699.0,-82.0,8.0,1.0,0.0,1.0,0.0,5.0,0.0,6065.0,7248.0,115.0,7743.0,8438.0,121.0,-1678.0,-1190.0,-6.0,2.0,0.0,3.0,1.0,10.0,0.0,7716.0,9332.0,142.0,10352.0,11749.0,144.0,-2636.0,-2417.0,-2.0,2.0,0.0,3.0,1.0,16.0,0.0
ESPORTSTMNT05_3222120,complete,,EM,2023,Spring,0,2023-04-05 15:58:28,1,13.06,3,Blue,mid,NOMA,oe:player:a0768d89dec26206b95179ad9a1c08d,White Dragons,oe:team:6468029fb605bd6fdf1cf866e890739,Ahri,Zilean,Pyke,Gragas,Sylas,Olaf,,,,,,1490,0,0,2,0,2,17,0.0,0.0,0.0,0.0,0.0,0.0,0.0,1.0,0.0805,0.7651,,,,,,,,,,,,,,,,,,,,,0.0,1.0,,,,,,,,0.0,0.0,9248.0,372.4027,0.291221,360.3221,163.2081,10.0,0.4027,3.0,0.1208,6.0,23.0,0.9262,8761,5446,219.302,0.240274,8650.0,,,230.0,230.0,0.0,,,9.2617,3194.0,4887.0,83.0,4220.0,4781.0,94.0,-1026.0,106.0,-11.0,0.0,0.0,1.0,3.0,0.0,0.0,5025.0,7932.0,142.0,6246.0,8196.0,161.0,-1221.0,-264.0,-19.0,0.0,0.0,1.0,3.0,0.0,0.0,6864.0,10585.0,190.0,8993.0,11554.0,218.0,-2129.0,-969.0,-28.0,0.0,0.0,1.0,4.0,1.0,0.0,8761.0,12970.0,230.0,12079.0,15397.0,257.0,-3318.0,-2427.0,-27.0,0.0,0.0,2.0,6.0,4.0,0.0
ESPORTSTMNT05_3222120,complete,,EM,2023,Spring,0,2023-04-05 15:58:28,1,13.06,4,Blue,bot,Worst,oe:player:4f4e71938a105fe72bd18788fe53d40,White Dragons,oe:team:6468029fb605bd6fdf1cf866e890739,Xayah,Zilean,Pyke,Gragas,Sylas,Olaf,,,,,,1490,0,0,2,0,2,17,0.0,0.0,0.0,0.0,0.0,0.0,0.0,0.0,0.0805,0.7651,,,,,,,,,,,,,,,,,,,,,0.0,0.0,,,,,,,,0.0,1.0,6765.0,272.4161,0.213031,382.1879,222.3624,9.0,0.3624,9.0,0.3624,3.0,26.0,1.047,8644,5329,214.5906,0.235111,8425.0,,,236.0,232.0,4.0,,,9.5034,3064.0,3681.0,79.0,3452.0,3744.0,92.0,-388.0,-63.0,-13.0,0.0,0.0,0.0,0.0,1.0,0.0,4829.0,6012.0,133.0,6668.0,6060.0,150.0,-1839.0,-48.0,-17.0,0.0,0.0,0.0,1.0,1.0,0.0,6882.0,8820.0,198.0,9802.0,9301.0,212.0,-2920.0,-481.0,-14.0,0.0,0.0,1.0,3.0,5.0,0.0,8644.0,10629.0,236.0,13477.0,12847.0,260.0,-4833.0,-2218.0,-24.0,0.0,0.0,2.0,7.0,6.0,0.0
ESPORTSTMNT05_3222120,complete,,EM,2023,Spring,0,2023-04-05 15:58:28,1,13.06,5,Blue,sup,Calmsky,oe:player:f32776bb3b0bfb1cd3261868df4dfce,White Dragons,oe:team:6468029fb605bd6fdf1cf866e890739,Rell,Zilean,Pyke,Gragas,Sylas,Olaf,,,,,,1490,0,0,7,2,2,17,0.0,0.0,0.0,0.0,0.0,0.0,0.0,0.0,0.0805,0.7651,,,,,,,,,,,,,,,,,,,,,0.0,0.0,,,,,,,,0.0,0.0,1081.0,43.5302,0.0340408,517.8926,417.9463,32.0,1.2886,9.0,0.3624,14.0,64.0,2.5772,5293,1978,79.651,0.0872623,4900.0,,,33.0,29.0,4.0,,,1.3289,1923.0,1688.0,10.0,2555.0,2597.0,14.0,-632.0,-909.0,-4.0,0.0,0.0,2.0,1.0,2.0,0.0,2972.0,3109.0,18.0,4385.0,4006.0,29.0,-1413.0,-897.0,-11.0,0.0,1.0,3.0,1.0,3.0,0.0,4127.0,4761.0,25.0,6293.0,5759.0,35.0,-2166.0,-998.0,-10.0,0.0,2.0,5.0,2.0,8.0,0.0,5293.0,6587.0,33.0,8153.0,8787.0,39.0,-2860.0,-2200.0,-6.0,0.0,2.0,7.0,2.0,14.0,0.0
ESPORTSTMNT05_3222120,complete,,EM,2023,Spring,0,2023-04-05 15:58:28,1,13.06,6,Red,top,Eyliph,oe:player:4b20700639bada36a5a58cc4a8e7135,Anorthosis Famagusta Esports,oe:team:5f1bc4a914b49c7b7ff4c2f1b8d8df9,Jax,Lee Sin,Varus,Lux,LeBlanc,Zoe,,,,,,1490,1,1,2,3,17,2,0.0,0.0,0.0,0.0,0.0,0.0,0.0,0.0,0.6846,0.7651,,,,,,,,,,,,,,,,,,,,,0.0,0.0,,,,,,,,1.0,0.0,7014.0,282.443,0.15058,448.2685,300.8456,10.0,0.4027,5.0,0.2013,2.0,29.0,1.1678,9562,6247,251.557,0.168618,8300.0,,,200.0,192.0,8.0,,,8.0537,3031.0,4411.0,73.0,3032.0,4556.0,77.0,-1.0,-145.0,-4.0,0.0,0.0,0.0,0.0,0.0,0.0,4597.0,6914.0,115.0,4681.0,7350.0,123.0,-84.0,-436.0,-8.0,0.0,0.0,1.0,0.0,1.0,0.0,7096.0,9383.0,155.0,6476.0,10410.0,169.0,620.0,-1027.0,-14.0,1.0,2.0,2.0,0.0,2.0,1.0,9562.0,12700.0,200.0,8827.0,12027.0,197.0,735.0,673.0,3.0,1.0,3.0,2.0,0.0,2.0,3.0
ESPORTSTMNT05_3222120,complete,,EM,2023,Spring,0,2023-04-05 15:58:28,1,13.06,7,Red,jng,SPOOKY,oe:player:11389d6d8a29729807c3cf528a98050,Anorthosis Famagusta Esports,oe:team:5f1bc4a914b49c7b7ff4c2f1b8d8df9,Sejuani,Lee Sin,Varus,Lux,LeBlanc,Zoe,,,,,,1490,1,1,0,16,17,2,0.0,0.0,0.0,0.0,1.0,0.0,1.0,0.0,0.6846,0.7651,,,,,,,,,,,,,,,,,,,,,0.0,0.0,,,,,,,,1.0,0.0,7933.0,319.4497,0.170309,933.7852,894.9262,5.0,0.2013,5.0,0.2013,4.0,28.0,1.1275,10352,7037,283.3691,0.189943,9150.0,,,144.0,23.0,121.0,,,5.7987,3547.0,3346.0,54.0,2943.0,3208.0,60.0,604.0,138.0,-6.0,0.0,4.0,0.0,0.0,0.0,1.0,5314.0,5471.0,85.0,4615.0,5389.0,93.0,699.0,82.0,-8.0,0.0,5.0,0.0,1.0,0.0,1.0,7743.0,8438.0,121.0,6065.0,7248.0,115.0,1678.0,1190.0,6.0,1.0,10.0,0.0,2.0,0.0,3.0,10352.0,11749.0,144.0,7716.0,9332.0,142.0,2636.0,2417.0,2.0,1.0,16.0,0.0,2.0,0.0,3.0
ESPORTSTMNT05_3222120,complete,,EM,2023,Spring,0,2023-04-05 15:58:28,1,13.06,8,Red,mid,HAWHAW,oe:player:ae06413dcf80aa496ab8448d8ea586f,Anorthosis Famagusta Esports,oe:team:5f1bc4a914b49c7b7ff4c2f1b8d8df9,Cho'Gath,Lee Sin,Varus,Lux,LeBlanc,Zoe,,,,,,1490,1,6,0,4,17,2,1.0,0.0,0.0,0.0,1.0,1.0,0.0,0.0,0.6846,0.7651,,,,,,,,,,,,,,,,,,,,,1.0,0.0,,,,,,,,0.0,0.0,11244.0,452.7785,0.241391,599.1141,481.6107,10.0,0.4027,1.0,0.0403,3.0,21.0,0.8456,12079,8764,352.9128,0.236559,10925.0,,,257.0,237.0,20.0,,,10.349,4220.0,4781.0,94.0,3194.0,4887.0,83.0,1026.0,-106.0,11.0,3.0,0.0,0.0,0.0,0.0,1.0,6246.0,8196.0,161.0,5025.0,7932.0,142.0,1221.0,264.0,19.0,3.0,0.0,0.0,0.0,0.0,1.0,8993.0,11554.0,218.0,6864.0,10585.0,190.0,2129.0,969.0,28.0,4.0,1.0,0.0,0.0,0.0,1.0,12079.0,15397.0,257.0,8761.0,12970.0,230.0,3318.0,2427.0,27.0,6.0,4.0,0.0,0.0,0.0,2.0
ESPORTSTMNT05_3222120,complete,,EM,2023,Spring,0,2023-04-05 15:58:28,1,13.06,9,Red,bot,GOLDENTO4ST,oe:player:5c58c2e986e8aec0ee6f2465823349a,Anorthosis Famagusta Esports,oe:team:5f1bc4a914b49c7b7ff4c2f1b8d8df9,Jinx,Lee Sin,Varus,Lux,LeBlanc,Zoe,,,,,,1490,1,7,0,6,17,2,0.0,0.0,0.0,0.0,0.0,0.0,0.0,0.0,0.6846,0.7651,,,,,,,,,,,,,,,,,,,,,0.0,0.0,,,,,,,,1.0,0.0,16067.0,646.9933,0.344933,295.5705,176.7785,10.0,0.4027,4.0,0.1611,5.0,24.0,0.9664,13477,10162,409.2081,0.274295,12105.0,,,260.0,235.0,25.0,,,10.4698,3452.0,3744.0,92.0,3064.0,3681.0,79.0,388.0,63.0,13.0,0.0,1.0,0.0,0.0,0.0,0.0,6668.0,6060.0,150.0,4829.0,6012.0,133.0,1839.0,48.0,17.0,1.0,1.0,0.0,0.0,0.0,0.0,9802.0,9301.0,212.0,6882.0,8820.0,198.0,2920.0,481.0,14.0,3.0,5.0,0.0,0.0,0.0,1.0,13477.0,12847.0,260.0,8644.0,10629.0,236.0,4833.0,2218.0,24.0,7.0,6.0,0.0,0.0,0.0,2.0
ESPORTSTMNT05_3222120,complete,,EM,2023,Spring,0,2023-04-05 15:58:28,1,13.06,10,Red,sup,iLEVI,oe:player:b226880189cb11f7da7a0c86544b556,Anorthosis Famagusta Esports,oe:team:5f1bc4a914b49c7b7ff4c2f1b8d8df9,Rakan,Lee Sin,Varus,Lux,LeBlanc,Zoe,,,,,,1490,1,2,0,14,17,2,0.0,0.0,0.0,0.0,0.0,0.0,0.0,0.0,0.6846,0.7651,,,,,,,,,,,,,,,,,,,,,0.0,0.0,,,,,,,,0.0,0.0,4322.0,174.0403,0.0927866,305.5168,344.4161,36.0,1.4497,15.0,0.604,10.0,82.0,3.302,8153,4838,194.8188,0.130585,7175.0,,,39.0,39.0,0.0,,,1.5705,2555.0,2597.0,14.0,1923.0,1688.0,10.0,632.0,909.0,4.0,1.0,2.0,0.0,0.0,0.0,2.0,4385.0,4006.0,29.0,2972.0,3109.0,18.0,1413.0,897.0,11.0,1.0,3.0,0.0,0.0,1.0,3.0,6293.0,5759.0,35.0,4127.0,4761.0,25.0,2166.0,998.0,10.0,2.0,8.0,0.0,0.0,2.0,5.0,8153.0,8787.0,39.0,5293.0,6587.0,33.0,2860.0,2200.0,6.0,2.0,14.0,0.0,0.0,2.0,7.0
ESPORTSTMNT05_3222120,complete,,EM,2023,Spring,0,2023-04-05 15:58:28,1,13.06,100,Blue,team,,,White Dragons,oe:team:6468029fb605bd6fdf1cf866e890739,,Zilean,Pyke,Gragas,Sylas,Olaf,Xayah,Wukong,Rell,Gwen,Ahri,1490,0,2,17,4,2,17,0.0,0.0,0.0,0.0,0.0,,,,0.0805,0.7651,0.0,0.0,4.0,0.0,4.0,0.0,0.0,0.0,0.0,0.0,0.0,,0.0,0.0,0.0,0.0,2.0,,,0.0,0.0,1.0,0.0,2.0,11.0,0.0,0.0,2.0,6.0,0.0,3.0,31756.0,1278.7651,,2709.9866,2126.6174,65.0,2.6174,29.0,1.1678,27.0,153.0,6.1611,39241,22665,912.6846,,37410.0,-0.240875,-4.74,,700.0,138.0,,,33.745,14156.0,18020.0,309.0,16805.0,18879.0,327.0,-2649.0,-859.0,-18.0,0.0,0.0,4.0,4.0,7.0,0.0,22122.0,29792.0,509.0,27210.0,30647.0,540.0,-5088.0,-855.0,-31.0,1.0,2.0,5.0,5.0,9.0,1.0,30414.0,41824.0,697.0,39927.0,44435.0,741.0,-9513.0,-2611.0,-44.0,2.0,4.0,11.0,11.0,26.0,2.0,39241.0,51545.0,838.0,53623.0,61480.0,900.0,-14382.0,-9935.0,-62.0,2.0,4.0,17.0,17.0,43.0,2.0
ESPORTSTMNT05_3222120,complete,,EM,2023,Spring,0,2023-04-05 15:58:28,1,13.06,200,Red,team,,,Anorthosis Famagusta Esports,oe:team:5f1bc4a914b49c7b7ff4c2f1b8d8df9,,Lee Sin,Varus,Lux,LeBlanc,Zoe,Jinx,Rakan,Sejuani,Cho'Gath,Jax,1490,1,17,2,43,17,2,1.0,0.0,0.0,0.0,1.0,,,,0.6846,0.7651,1.0,4.0,0.0,4.0,0.0,0.0,0.0,1.0,0.0,1.0,2.0,,0.0,0.0,1.0,2.0,0.0,,,1.0,1.0,0.0,1.0,11.0,2.0,1.0,1.0,6.0,2.0,3.0,0.0,46580.0,1875.7047,,2582.255,2198.5772,71.0,2.8591,30.0,1.2081,24.0,184.0,7.4094,53623,37047,1491.8255,,47655.0,0.240875,4.74,,726.0,174.0,,,36.2416,16805.0,18879.0,327.0,14156.0,18020.0,309.0,2649.0,859.0,18.0,4.0,7.0,0.0,0.0,0.0,4.0,27210.0,30647.0,540.0,22122.0,29792.0,509.0,5088.0,855.0,31.0,5.0,9.0,1.0,1.0,2.0,5.0,39927.0,44435.0,741.0,30414.0,41824.0,697.0,9513.0,2611.0,44.0,11.0,26.0,2.0,2.0,4.0,11.0,53623.0,61480.0,900.0,39241.0,51545.0,838.0,14382.0,9935.0,62.0,17.0,43.0,2.0,2.0,4.0,17.0
ESPORTSTMNT05_3220119,complete,,EM,2023,Spring,0,2023-04-05 16:01:45,1,13.06,1,Blue,top,Kektz,oe:player:f5ea6213c328518f2840a59bf48acec,Diamant Esports,oe:team:830f05a5024d0794bd8d5b598b2432b,Olaf,Rakan,Rell,Gragas,Nautilus,Malphite,,,,,,2063,0,0,4,1,5,20,0.0,0.0,0.0,0.0,0.0,0.0,0.0,0.0,0.1454,0.7271,,,,,,,,,,,,,,,,,,,,,0.0,0.0,,,,,,,,0.0,0.0,16480.0,479.302,0.216791,700.6302,905.9331,5.0,0.1454,6.0,0.1745,0.0,25.0,0.7271,11285,6801,197.7993,0.199718,11300.0,,,273.0,252.0,21.0,,,7.9399,3174.0,4928.0,82.0,3247.0,5112.0,86.0,-73.0,-184.0,-4.0,0.0,0.0,0.0,0.0,0.0,0.0,4733.0,7231.0,118.0,5272.0,7778.0,127.0,-539.0,-547.0,-9.0,0.0,1.0,1.0,0.0,3.0,1.0,6962.0,10408.0,183.0,7366.0,11139.0,178.0,-404.0,-731.0,5.0,0.0,1.0,1.0,0.0,4.0,1.0,8558.0,12482.0,222.0,9501.0,14539.0,224.0,-943.0,-2057.0,-2.0,0.0,1.0,1.0,0.0,4.0,1.0
ESPORTSTMNT05_3220119,complete,,EM,2023,Spring,0,2023-04-05 16:01:45,1,13.06,2,Blue,jng,Mafro,oe:player:cd521f662fbbec89f03a900e7d9bb63,Diamant Esports,oe:team:830f05a5024d0794bd8d5b598b2432b,Wukong,Rakan,Rell,Gragas,Nautilus,Malphite,,,,,,2063,0,1,6,3,5,20,0.0,0.0,0.0,0.0,0.0,0.0,0.0,0.0,0.1454,0.7271,,,,,,,,,,,,,,,,,,,,,1.0,0.0,,,,,,,,0.0,0.0,13586.0,395.1333,0.178721,889.9952,902.065,8.0,0.2327,12.0,0.349,7.0,48.0,1.396,10454,5970,173.6306,0.175315,9575.0,,,150.0,21.0,129.0,,,4.3626,3583.0,3435.0,63.0,3096.0,3087.0,63.0,487.0,348.0,0.0,0.0,3.0,0.0,0.0,1.0,1.0,5103.0,4825.0,72.0,4990.0,5349.0,92.0,113.0,-524.0,-20.0,1.0,3.0,1.0,1.0,4.0,1.0,7219.0,7502.0,109.0,6625.0,8027.0,126.0,594.0,-525.0,-17.0,1.0,3.0,2.0,2.0,4.0,1.0,8221.0,8680.0,125.0,8400.0,10312.0,151.0,-179.0,-1632.0,-26.0,1.0,3.0,3.0,2.0,4.0,1.0
ESPORTSTMNT05_3220119,complete,,EM,2023,Spring,0,2023-04-05 16:01:45,1,13.06,3,Blue,mid,Diva,oe:player:72de20c106a52f0aaf21bd650af81bd,Diamant Esports,oe:team:830f05a5024d0794bd8d5b598b2432b,Ahri,Rakan,Rell,Gragas,Nautilus,Malphite,,,,,,2063,0,3,3,0,5,20,1.0,1.0,0.0,0.0,0.0,0.0,0.0,0.0,0.1454,0.7271,,,,,,,,,,,,,,,,,,,,,0.0,1.0,,,,,,,,0.0,0.0,16462.0,478.7785,0.216554,478.255,377.5085,20.0,0.5817,9.0,0.2618,7.0,57.0,1.6578,12381,7897,229.6752,0.231904,12575.0,,,278.0,270.0,8.0,,,8.0853,3920.0,4923.0,82.0,3160.0,4797.0,88.0,760.0,126.0,-6.0,3.0,0.0,0.0,0.0,0.0,1.0,5821.0,7460.0,131.0,5979.0,8430.0,149.0,-158.0,-970.0,-18.0,3.0,0.0,1.0,2.0,1.0,1.0,7613.0,9534.0,170.0,8017.0,11404.0,212.0,-404.0,-1870.0,-42.0,3.0,0.0,1.0,2.0,2.0,1.0,9330.0,11815.0,216.0,10410.0,14528.0,257.0,-1080.0,-2713.0,-41.0,3.0,0.0,1.0,2.0,3.0,1.0
ESPORTSTMNT05_3220119,complete,,EM,2023,Spring,0,2023-04-05 16:01:45,1,13.06,4,Blue,bot,Shy Carry,oe:player:af020342617bd4e5c5da5a4c31ff591,Diamant Esports,oe:team:830f05a5024d0794bd8d5b598b2432b,Aphelios,Rakan,Rell,Gragas,Nautilus,Malphite,,,,,,2063,0,1,1,2,5,20,0.0,0.0,0.0,0.0,0.0,0.0,0.0,0.0,0.1454,0.7271,,,,,,,,,,,,,,,,,,,,,0.0,0.0,,,,,,,,0.0,1.0,26613.0,774.0087,0.350088,216.1803,690.0145,8.0,0.2327,15.0,0.4363,0.0,43.0,1.2506,15268,10784,313.6403,0.316685,14200.0,,,366.0,344.0,22.0,,,10.6447,3367.0,3087.0,82.0,3475.0,2956.0,78.0,-108.0,131.0,4.0,0.0,2.0,0.0,1.0,0.0,1.0,5306.0,5678.0,141.0,5177.0,5752.0,134.0,129.0,-74.0,7.0,0.0,2.0,0.0,1.0,0.0,1.0,8006.0,8295.0,207.0,7223.0,8475.0,198.0,783.0,-180.0,9.0,0.0,2.0,0.0,1.0,0.0,1.0,9989.0,10448.0,262.0,9592.0,11499.0,246.0,397.0,-1051.0,16.0,0.0,2.0,0.0,2.0,0.0,1.0
ESPORTSTMNT05_3220119,complete,,EM,2023,Spring,0,2023-04-05 16:01:45,1,13.06,5,Blue,sup,Wojtus,oe:player:a93e0326b85f0312cf1b451e175a7a0,Diamant Esports,oe:team:830f05a5024d0794bd8d5b598b2432b,Lulu,Rakan,Rell,Gragas,Nautilus,Malphite,,,,,,2063,0,0,6,2,5,20,0.0,0.0,0.0,0.0,0.0,0.0,0.0,1.0,0.1454,0.7271,,,,,,,,,,,,,,,,,,,,,0.0,0.0,,,,,,,,0.0,0.0,2877.0,83.6743,0.0378463,421.3088,284.8182,37.0,1.0761,8.0,0.2327,6.0,70.0,2.0359,7085,2601,75.6471,0.0763788,7600.0,,,12.0,12.0,0.0,,,0.349,1873.0,2606.0,1.0,2339.0,2419.0,2.0,-466.0,187.0,-1.0,0.0,1.0,1.0,0.0,1.0,0.0,2749.0,3641.0,4.0,3655.0,3515.0,3.0,-906.0,126.0,1.0,0.0,1.0,2.0,1.0,4.0,0.0,4059.0,5304.0,9.0,4768.0,4962.0,7.0,-709.0,342.0,2.0,0.0,1.0,2.0,1.0,5.0,0.0,4942.0,7294.0,11.0,6071.0,6423.0,8.0,-1129.0,871.0,3.0,0.0,1.0,2.0,1.0,6.0,0.0
ESPORTSTMNT05_3220119,complete,,EM,2023,Spring,0,2023-04-05 16:01:45,1,13.06,6,Red,top,bobista,oe:player:8486d94ef23b38c67c76b647613d881,eSuba,oe:team:3faefd9245a4ef6ba347fbcf2a51515,Sion,Annie,Vi,Varus,Cho'Gath,Thresh,,,,,,2063,1,0,2,12,20,6,0.0,0.0,0.0,0.0,0.0,0.0,0.0,0.0,0.5817,0.7271,,,,,,,,,,,,,,,,,,,,,0.0,0.0,,,,,,,,0.0,0.0,13050.0,379.5444,0.175552,872.0213,1325.5841,8.0,0.2327,2.0,0.0582,6.0,22.0,0.6398,13824,9340,271.6432,0.216459,13700.0,,,299.0,295.0,4.0,,,8.6961,3247.0,5112.0,86.0,3174.0,4928.0,82.0,73.0,184.0,4.0,0.0,0.0,0.0,0.0,0.0,0.0,5272.0,7778.0,127.0,4733.0,7231.0,118.0,539.0,547.0,9.0,0.0,3.0,1.0,0.0,1.0,1.0,7366.0,11139.0,178.0,6962.0,10408.0,183.0,404.0,731.0,-5.0,0.0,4.0,1.0,0.0,1.0,1.0,9501.0,14539.0,224.0,8558.0,12482.0,222.0,943.0,2057.0,2.0,0.0,4.0,1.0,0.0,1.0,1.0
ESPORTSTMNT05_3220119,complete,,EM,2023,Spring,0,2023-04-05 16:01:45,1,13.06,7,Red,jng,TynX,oe:player:36607221f848a15f6a1f11961027d7c,eSuba,oe:team:3faefd9245a4ef6ba347fbcf2a51515,Maokai,Annie,Vi,Varus,Cho'Gath,Thresh,,,,,,2063,1,6,1,12,20,6,0.0,0.0,0.0,0.0,1.0,0.0,1.0,0.0,0.5817,0.7271,,,,,,,,,,,,,,,,,,,,,0.0,1.0,,,,,,,,0.0,0.0,15206.0,442.2492,0.204555,1400.6495,1532.5739,11.0,0.3199,15.0,0.4363,10.0,58.0,1.6869,12466,7982,232.1474,0.184987,11450.0,,,189.0,26.0,163.0,,,5.4968,3096.0,3087.0,63.0,3583.0,3435.0,63.0,-487.0,-348.0,0.0,0.0,1.0,1.0,0.0,3.0,0.0,4990.0,5349.0,92.0,5103.0,4825.0,72.0,-113.0,524.0,20.0,1.0,4.0,1.0,1.0,3.0,1.0,6625.0,8027.0,126.0,7219.0,7502.0,109.0,-594.0,525.0,17.0,2.0,4.0,1.0,1.0,3.0,2.0,8400.0,10312.0,151.0,8221.0,8680.0,125.0,179.0,1632.0,26.0,2.0,4.0,1.0,1.0,3.0,3.0
ESPORTSTMNT05_3220119,complete,,EM,2023,Spring,0,2023-04-05 16:01:45,1,13.06,8,Red,mid,Warszi,oe:player:5a23766ce46653d2b63ac4a40cd61c1,eSuba,oe:team:3faefd9245a4ef6ba347fbcf2a51515,Taliyah,Annie,Vi,Varus,Cho'Gath,Thresh,,,,,,2063,1,3,1,9,20,6,0.0,0.0,0.0,0.0,0.0,0.0,0.0,0.0,0.5817,0.7271,,,,,,,,,,,,,,,,,,,,,1.0,0.0,,,,,,,,0.0,0.0,17225.0,500.9695,0.231715,406.5923,259.4571,21.0,0.6108,5.0,0.1454,11.0,39.0,1.1343,15306,10822,314.7455,0.250806,15075.0,,,343.0,308.0,35.0,,,9.9758,3160.0,4797.0,88.0,3920.0,4923.0,82.0,-760.0,-126.0,6.0,0.0,0.0,1.0,3.0,0.0,0.0,5979.0,8430.0,149.0,5821.0,7460.0,131.0,158.0,970.0,18.0,2.0,1.0,1.0,3.0,0.0,1.0,8017.0,11404.0,212.0,7613.0,9534.0,170.0,404.0,1870.0,42.0,2.0,2.0,1.0,3.0,0.0,1.0,10410.0,14528.0,257.0,9330.0,11815.0,216.0,1080.0,2713.0,41.0,2.0,3.0,1.0,3.0,0.0,1.0
ESPORTSTMNT05_3220119,complete,,EM,2023,Spring,0,2023-04-05 16:01:45,1,13.06,9,Red,bot,DANY,oe:player:f72af12f47362bdec4b0ca91070cf43,eSuba,oe:team:3faefd9245a4ef6ba347fbcf2a51515,Xayah,Annie,Vi,Varus,Cho'Gath,Thresh,,,,,,2063,1,10,2,4,20,6,2.0,1.0,1.0,0.0,1.0,1.0,0.0,0.0,0.5817,0.7271,,,,,,,,,,,,,,,,,,,,,0.0,0.0,,,,,,,,1.0,0.0,25446.0,740.0679,0.342306,580.3684,411.0131,12.0,0.349,8.0,0.2327,5.0,34.0,0.9889,15692,11208,325.9719,0.259752,13425.0,,,326.0,299.0,27.0,,,9.4813,3475.0,2956.0,78.0,3367.0,3087.0,82.0,108.0,-131.0,-4.0,1.0,0.0,1.0,0.0,2.0,0.0,5177.0,5752.0,134.0,5306.0,5678.0,141.0,-129.0,74.0,-7.0,1.0,0.0,1.0,0.0,2.0,0.0,7223.0,8475.0,198.0,8006.0,8295.0,207.0,-783.0,180.0,-9.0,1.0,0.0,1.0,0.0,2.0,0.0,9592.0,11499.0,246.0,9989.0,10448.0,262.0,-397.0,1051.0,-16.0,2.0,0.0,1.0,0.0,2.0,0.0
ESPORTSTMNT05_3220119,complete,,EM,2023,Spring,0,2023-04-05 16:01:45,1,13.06,10,Red,sup,FGG,oe:player:dcd93cc48ba71890cc0580de524f536,eSuba,oe:team:3faefd9245a4ef6ba347fbcf2a51515,Soraka,Annie,Vi,Varus,Cho'Gath,Thresh,,,,,,2063,1,1,0,17,20,6,0.0,0.0,0.0,0.0,1.0,0.0,1.0,0.0,0.5817,0.7271,,,,,,,,,,,,,,,,,,,,,0.0,0.0,,,,,,,,0.0,0.0,3410.0,99.176,0.0458722,146.2627,62.443,43.0,1.2506,5.0,0.1454,9.0,80.0,2.3267,8281,3797,110.4314,0.0879958,7725.0,,,9.0,9.0,0.0,,,0.2618,2339.0,2419.0,2.0,1873.0,2606.0,1.0,466.0,-187.0,1.0,0.0,1.0,0.0,0.0,1.0,1.0,3655.0,3515.0,3.0,2749.0,3641.0,4.0,906.0,-126.0,-1.0,1.0,4.0,0.0,0.0,1.0,2.0,4768.0,4962.0,7.0,4059.0,5304.0,9.0,709.0,-342.0,-2.0,1.0,5.0,0.0,0.0,1.0,2.0,6071.0,6423.0,8.0,4942.0,7294.0,11.0,1129.0,-871.0,-3.0,1.0,6.0,0.0,0.0,1.0,2.0
ESPORTSTMNT05_3220119,complete,,EM,2023,Spring,0,2023-04-05 16:01:45,1,13.06,100,Blue,team,,,Diamant Esports,oe:team:830f05a5024d0794bd8d5b598b2432b,,Rakan,Rell,Gragas,Nautilus,Malphite,Wukong,Aphelios,Ahri,Olaf,Lulu,2063,0,5,20,8,5,20,1.0,1.0,0.0,0.0,0.0,,,,0.1454,0.7271,0.0,1.0,4.0,1.0,4.0,0.0,1.0,0.0,0.0,0.0,0.0,,0.0,0.0,1.0,2.0,0.0,,,0.0,1.0,1.0,1.0,2.0,10.0,1.0,0.0,4.0,3.0,0.0,1.0,76018.0,2210.8968,,2706.3694,3160.3393,78.0,2.2685,50.0,1.4542,20.0,243.0,7.0674,56473,34052,990.3635,,55250.0,-0.105038,-0.86,,899.0,180.0,,,31.3815,15917.0,18979.0,310.0,15317.0,18371.0,317.0,600.0,608.0,-7.0,3.0,6.0,1.0,1.0,2.0,3.0,23712.0,28835.0,466.0,25073.0,30824.0,505.0,-1361.0,-1989.0,-39.0,4.0,7.0,5.0,5.0,12.0,4.0,33859.0,41043.0,678.0,33999.0,44007.0,721.0,-140.0,-2964.0,-43.0,4.0,7.0,6.0,6.0,15.0,4.0,41040.0,50719.0,836.0,43974.0,57301.0,886.0,-2934.0,-6582.0,-50.0,4.0,7.0,7.0,7.0,17.0,4.0
ESPORTSTMNT05_3220119,complete,,EM,2023,Spring,0,2023-04-05 16:01:45,1,13.06,200,Red,team,,,eSuba,oe:team:3faefd9245a4ef6ba347fbcf2a51515,,Annie,Vi,Varus,Cho'Gath,Thresh,Xayah,Maokai,Taliyah,Sion,Soraka,2063,1,20,6,54,20,6,2.0,1.0,1.0,0.0,1.0,,,,0.5817,0.7271,1.0,4.0,1.0,4.0,1.0,0.0,0.0,3.0,0.0,0.0,1.0,,0.0,0.0,0.0,0.0,2.0,,,1.0,1.0,1.0,0.0,10.0,2.0,0.0,1.0,3.0,4.0,1.0,0.0,74337.0,2162.0068,,3405.8943,3591.0713,95.0,2.763,35.0,1.0179,41.0,233.0,6.7765,65569,43148,1254.9103,,61375.0,0.105038,0.86,,937.0,229.0,,,33.9118,15317.0,18371.0,317.0,15917.0,18979.0,310.0,-600.0,-608.0,7.0,1.0,2.0,3.0,3.0,6.0,1.0,25073.0,30824.0,505.0,23712.0,28835.0,466.0,1361.0,1989.0,39.0,5.0,12.0,4.0,4.0,7.0,5.0,33999.0,44007.0,721.0,33859.0,41043.0,678.0,140.0,2964.0,43.0,6.0,15.0,4.0,4.0,7.0,6.0,43974.0,57301.0,886.0,41040.0,50719.0,836.0,2934.0,6582.0,50.0,7.0,17.0,4.0,4.0,7.0,7.0
ESPORTSTMNT05_3221120,complete,,EM,2023,Spring,0,2023-04-05 16:46:42,1,13.06,1,Blue,top,Eyliph,oe:player:4b20700639bada36a5a58cc4a8e7135,Anorthosis Famagusta Esports,oe:team:5f1bc4a914b49c7b7ff4c2f1b8d8df9,Gragas,Kalista,Vi,Thresh,Jax,Yone,,,,,,1712,0,0,5,1,6,21,0.0,0.0,0.0,0.0,0.0,0.0,0.0,0.0,0.2103,0.9463,,,,,,,,,,,,,,,,,,,,,0.0,0.0,,,,,,,,0.0,0.0,10885.0,381.4836,0.253747,726.9743,552.1262,12.0,0.4206,4.0,0.1402,4.0,25.0,0.8762,8762,4994,175.0234,0.183839,8600.0,,,197.0,189.0,8.0,,,6.9042,2999.0,4642.0,69.0,3707.0,4994.0,90.0,-708.0,-352.0,-21.0,0.0,0.0,0.0,0.0,0.0,0.0,4472.0,7214.0,109.0,5900.0,7956.0,138.0,-1428.0,-742.0,-29.0,0.0,1.0,0.0,0.0,0.0,0.0,6085.0,9316.0,146.0,7968.0,10395.0,163.0,-1883.0,-1079.0,-17.0,0.0,1.0,2.0,2.0,3.0,0.0,7613.0,11215.0,183.0,9625.0,12507.0,188.0,-2012.0,-1292.0,-5.0,0.0,1.0,3.0,3.0,3.0,0.0
ESPORTSTMNT05_3221120,complete,,EM,2023,Spring,0,2023-04-05 16:46:42,1,13.06,2,Blue,jng,SPOOKY,oe:player:11389d6d8a29729807c3cf528a98050,Anorthosis Famagusta Esports,oe:team:5f1bc4a914b49c7b7ff4c2f1b8d8df9,Xin Zhao,Kalista,Vi,Thresh,Jax,Yone,,,,,,1712,0,0,5,3,6,21,0.0,0.0,0.0,0.0,0.0,0.0,0.0,0.0,0.2103,0.9463,,,,,,,,,,,,,,,,,,,,,0.0,1.0,,,,,,,,0.0,0.0,6749.0,236.5304,0.15733,1001.4252,551.0047,5.0,0.1752,13.0,0.4556,6.0,38.0,1.3318,8981,5213,182.6986,0.191901,8750.0,,,168.0,24.0,144.0,,,5.8879,3351.0,3740.0,69.0,3309.0,2937.0,49.0,42.0,803.0,20.0,0.0,0.0,0.0,2.0,0.0,0.0,5390.0,5708.0,104.0,4845.0,4923.0,78.0,545.0,785.0,26.0,0.0,3.0,0.0,2.0,1.0,1.0,6636.0,6762.0,124.0,6443.0,7646.0,110.0,193.0,-884.0,14.0,0.0,3.0,3.0,2.0,3.0,2.0,7938.0,8858.0,149.0,7614.0,9264.0,129.0,324.0,-406.0,20.0,0.0,3.0,3.0,2.0,3.0,2.0
ESPORTSTMNT05_3221120,complete,,EM,2023,Spring,0,2023-04-05 16:46:42,1,13.06,3,Blue,mid,HAWHAW,oe:player:ae06413dcf80aa496ab8448d8ea586f,Anorthosis Famagusta Esports,oe:team:5f1bc4a914b49c7b7ff4c2f1b8d8df9,Cassiopeia,Kalista,Vi,Thresh,Jax,Yone,,,,,,1712,0,3,6,1,6,21,0.0,0.0,0.0,0.0,1.0,1.0,0.0,0.0,0.2103,0.9463,,,,,,,,,,,,,,,,,,,,,0.0,0.0,,,,,,,,0.0,0.0,11440.0,400.9346,0.266685,516.729,267.8621,11.0,0.3855,5.0,0.1752,4.0,29.0,1.0164,11087,7319,256.507,0.269429,10650.0,,,262.0,242.0,20.0,,,9.1822,3612.0,4427.0,87.0,3126.0,4491.0,72.0,486.0,-64.0,15.0,1.0,0.0,2.0,0.0,2.0,1.0,5641.0,7009.0,137.0,5249.0,7543.0,127.0,392.0,-534.0,10.0,2.0,1.0,2.0,1.0,2.0,1.0,7416.0,9422.0,186.0,7364.0,10357.0,165.0,52.0,-935.0,21.0,2.0,1.0,4.0,2.0,8.0,1.0,9415.0,12491.0,244.0,9050.0,12625.0,213.0,365.0,-134.0,31.0,2.0,1.0,4.0,2.0,8.0,1.0
ESPORTSTMNT05_3221120,complete,,EM,2023,Spring,0,2023-04-05 16:46:42,1,13.06,4,Blue,bot,GOLDENTO4ST,oe:player:5c58c2e986e8aec0ee6f2465823349a,Anorthosis Famagusta Esports,oe:team:5f1bc4a914b49c7b7ff4c2f1b8d8df9,Jinx,Kalista,Vi,Thresh,Jax,Yone,,,,,,1712,0,2,1,3,6,21,0.0,0.0,0.0,0.0,0.0,0.0,0.0,0.0,0.2103,0.9463,,,,,,,,,,,,,,,,,,,,,0.0,0.0,,,,,,,,0.0,1.0,10760.0,377.1028,0.250833,318.6799,179.5794,13.0,0.4556,4.0,0.1402,5.0,24.0,0.8411,10713,6945,243.3995,0.255661,10075.0,,,244.0,231.0,13.0,,,8.5514,2913.0,2488.0,68.0,3405.0,3462.0,85.0,-492.0,-974.0,-17.0,0.0,0.0,0.0,0.0,0.0,0.0,5236.0,4764.0,113.0,5802.0,5037.0,127.0,-566.0,-273.0,-14.0,1.0,2.0,0.0,0.0,1.0,1.0,7315.0,7264.0,158.0,9098.0,8516.0,194.0,-1783.0,-1252.0,-36.0,2.0,2.0,0.0,4.0,3.0,1.0,9398.0,9490.0,220.0,11397.0,11363.0,259.0,-1999.0,-1873.0,-39.0,2.0,2.0,0.0,4.0,4.0,1.0
ESPORTSTMNT05_3221120,complete,,EM,2023,Spring,0,2023-04-05 16:46:42,1,13.06,5,Blue,sup,iLEVI,oe:player:b226880189cb11f7da7a0c86544b556,Anorthosis Famagusta Esports,oe:team:5f1bc4a914b49c7b7ff4c2f1b8d8df9,Amumu,Kalista,Vi,Thresh,Jax,Yone,,,,,,1712,0,1,4,2,6,21,0.0,0.0,0.0,0.0,0.0,0.0,0.0,0.0,0.2103,0.9463,,,,,,,,,,,,,,,,,,,,,0.0,0.0,,,,,,,,0.0,0.0,3063.0,107.3481,0.0714036,417.2313,307.1145,42.0,1.472,4.0,0.1402,12.0,74.0,2.5935,6462,2694,94.4159,0.0991702,5850.0,,,33.0,33.0,0.0,,,1.1565,2249.0,2669.0,20.0,2111.0,2160.0,15.0,138.0,509.0,5.0,0.0,0.0,0.0,0.0,1.0,0.0,3685.0,3726.0,25.0,3174.0,3761.0,22.0,511.0,-35.0,3.0,1.0,1.0,1.0,0.0,2.0,1.0,4969.0,4959.0,33.0,4459.0,5420.0,32.0,510.0,-461.0,1.0,1.0,2.0,1.0,0.0,5.0,1.0,5771.0,6211.0,33.0,5474.0,6303.0,37.0,297.0,-92.0,-4.0,1.0,2.0,1.0,0.0,6.0,1.0
ESPORTSTMNT05_3221120,complete,,EM,2023,Spring,0,2023-04-05 16:46:42,1,13.06,6,Red,top,Juzu,oe:player:a61da83af5e3738845fa6dd56e1d41a,Papara SuperMassive,oe:team:5203ff881d5c82c5f720eb3a2f3b44c,K'Sante,Pyke,Rell,Zilean,Malphite,Olaf,,,,,,1712,1,3,0,11,21,6,1.0,0.0,0.0,0.0,0.0,0.0,0.0,0.0,0.736,0.9463,,,,,,,,,,,,,,,,,,,,,0.0,0.0,,,,,,,,0.0,0.0,14525.0,509.0537,0.23769,634.2056,1016.25,10.0,0.3505,6.0,0.2103,3.0,28.0,0.9813,11322,7554,264.743,0.208111,9825.0,,,195.0,195.0,0.0,,,6.8341,3707.0,4994.0,90.0,2999.0,4642.0,69.0,708.0,352.0,21.0,0.0,0.0,0.0,0.0,0.0,0.0,5900.0,7956.0,138.0,4472.0,7214.0,109.0,1428.0,742.0,29.0,0.0,0.0,0.0,0.0,1.0,0.0,7968.0,10395.0,163.0,6085.0,9316.0,146.0,1883.0,1079.0,17.0,2.0,3.0,0.0,0.0,1.0,2.0,9625.0,12507.0,188.0,7613.0,11215.0,183.0,2012.0,1292.0,5.0,3.0,3.0,0.0,0.0,1.0,3.0
ESPORTSTMNT05_3221120,complete,,EM,2023,Spring,0,2023-04-05 16:46:42,1,13.06,7,Red,jng,Haru,oe:player:2736a0eb19c2525920f8ff4af5086c0,Papara SuperMassive,oe:team:5203ff881d5c82c5f720eb3a2f3b44c,Sejuani,Pyke,Rell,Zilean,Malphite,Olaf,,,,,,1712,1,2,3,10,21,6,0.0,0.0,0.0,0.0,0.0,0.0,0.0,0.0,0.736,0.9463,,,,,,,,,,,,,,,,,,,,,1.0,0.0,,,,,,,,0.0,0.0,7990.0,280.0234,0.13075,877.2547,822.021,10.0,0.3505,13.0,0.4556,8.0,58.0,2.0327,9333,5565,195.035,0.153314,9150.0,,,142.0,26.0,116.0,,,4.9766,3309.0,2937.0,49.0,3351.0,3740.0,69.0,-42.0,-803.0,-20.0,2.0,0.0,0.0,0.0,0.0,0.0,4845.0,4923.0,78.0,5390.0,5708.0,104.0,-545.0,-785.0,-26.0,2.0,1.0,1.0,0.0,3.0,0.0,6443.0,7646.0,110.0,6636.0,6762.0,124.0,-193.0,884.0,-14.0,2.0,3.0,2.0,0.0,3.0,3.0,7614.0,9264.0,129.0,7938.0,8858.0,149.0,-324.0,406.0,-20.0,2.0,3.0,2.0,0.0,3.0,3.0
ESPORTSTMNT05_3221120,complete,,EM,2023,Spring,0,2023-04-05 16:46:42,1,13.06,8,Red,mid,Serin,oe:player:e3b8d5a9290fe0c7458dc01db4dc9dc,Papara SuperMassive,oe:team:5203ff881d5c82c5f720eb3a2f3b44c,Aurelion Sol,Pyke,Rell,Zilean,Malphite,Olaf,,,,,,1712,1,6,1,9,21,6,1.0,1.0,0.0,0.0,0.0,0.0,0.0,1.0,0.736,0.9463,,,,,,,,,,,,,,,,,,,,,0.0,0.0,,,,,,,,0.0,0.0,14355.0,503.0958,0.234908,297.6869,143.0257,9.0,0.3154,0.0,0.0,2.0,17.0,0.5958,12008,8240,288.785,0.22701,11100.0,,,235.0,207.0,28.0,,,8.236,3126.0,4491.0,72.0,3612.0,4427.0,87.0,-486.0,64.0,-15.0,0.0,2.0,1.0,1.0,0.0,2.0,5249.0,7543.0,127.0,5641.0,7009.0,137.0,-392.0,534.0,-10.0,1.0,2.0,1.0,2.0,1.0,2.0,7364.0,10357.0,165.0,7416.0,9422.0,186.0,-52.0,935.0,-21.0,2.0,8.0,1.0,2.0,1.0,4.0,9050.0,12625.0,213.0,9415.0,12491.0,244.0,-365.0,134.0,-31.0,2.0,8.0,1.0,2.0,1.0,4.0
ESPORTSTMNT05_3221120,complete,,EM,2023,Spring,0,2023-04-05 16:46:42,1,13.06,9,Red,bot,HolyPhoenix,oe:player:d129eb71d537fdbb2cd4c52703f51f4,Papara SuperMassive,oe:team:5203ff881d5c82c5f720eb3a2f3b44c,Zeri,Pyke,Rell,Zilean,Malphite,Olaf,,,,,,1712,1,10,1,6,21,6,2.0,1.0,1.0,0.0,0.0,0.0,0.0,0.0,0.736,0.9463,,,,,,,,,,,,,,,,,,,,,0.0,0.0,,,,,,,,1.0,0.0,19915.0,697.9556,0.325893,359.7897,491.6706,7.0,0.2453,7.0,0.2453,0.0,26.0,0.9112,15212,11444,401.0748,0.31528,12450.0,,,289.0,252.0,37.0,,,10.1285,3405.0,3462.0,85.0,2913.0,2488.0,68.0,492.0,974.0,17.0,0.0,0.0,0.0,0.0,0.0,0.0,5802.0,5037.0,127.0,5236.0,4764.0,113.0,566.0,273.0,14.0,0.0,1.0,1.0,1.0,2.0,0.0,9098.0,8516.0,194.0,7315.0,7264.0,158.0,1783.0,1252.0,36.0,4.0,3.0,1.0,2.0,2.0,0.0,11397.0,11363.0,259.0,9398.0,9490.0,220.0,1999.0,1873.0,39.0,4.0,4.0,1.0,2.0,2.0,0.0
ESPORTSTMNT05_3221120,complete,,EM,2023,Spring,0,2023-04-05 16:46:42,1,13.06,10,Red,sup,Farfetch,oe:player:496ca7c65dbd4beffa678e62d9d4e8d,Papara SuperMassive,oe:team:5203ff881d5c82c5f720eb3a2f3b44c,Rakan,Pyke,Rell,Zilean,Malphite,Olaf,,,,,,1712,1,0,1,16,21,6,0.0,0.0,0.0,0.0,0.0,0.0,0.0,0.0,0.736,0.9463,,,,,,,,,,,,,,,,,,,,,0.0,0.0,,,,,,,,0.0,0.0,4324.0,151.5421,0.0707588,360.3505,383.5864,45.0,1.5771,13.0,0.4556,13.0,86.0,3.014,7263,3495,122.4883,0.0962852,5800.0,,,39.0,39.0,0.0,,,1.3668,2111.0,2160.0,15.0,2249.0,2669.0,20.0,-138.0,-509.0,-5.0,0.0,1.0,0.0,0.0,0.0,0.0,3174.0,3761.0,22.0,3685.0,3726.0,25.0,-511.0,35.0,-3.0,0.0,2.0,1.0,1.0,1.0,1.0,4459.0,5420.0,32.0,4969.0,4959.0,33.0,-510.0,461.0,-1.0,0.0,5.0,1.0,1.0,2.0,1.0,5474.0,6303.0,37.0,5771.0,6211.0,33.0,-297.0,92.0,4.0,0.0,6.0,1.0,1.0,2.0,1.0
ESPORTSTMNT05_3221120,complete,,EM,2023,Spring,0,2023-04-05 16:46:42,1,13.06,100,Blue,team,,,Anorthosis Famagusta Esports,oe:team:5f1bc4a914b49c7b7ff4c2f1b8d8df9,,Kalista,Vi,Thresh,Jax,Yone,Gragas,Jinx,Amumu,Xin Zhao,Cassiopeia,1712,0,6,21,10,6,21,0.0,0.0,0.0,0.0,1.0,,,,0.2103,0.9463,0.0,0.0,4.0,0.0,4.0,0.0,0.0,0.0,0.0,0.0,0.0,,0.0,0.0,1.0,2.0,0.0,,,0.0,0.0,1.0,0.0,3.0,8.0,1.0,0.0,4.0,8.0,0.0,1.0,42897.0,1503.3995,,2981.0397,1857.6869,83.0,2.9089,30.0,1.0514,31.0,190.0,6.6589,46005,27165,952.0444,,43925.0,-0.095393,-1.34,,719.0,185.0,,,31.6822,15124.0,17966.0,313.0,15658.0,18044.0,311.0,-534.0,-78.0,2.0,1.0,0.0,2.0,2.0,3.0,1.0,24424.0,28421.0,488.0,24970.0,29220.0,492.0,-546.0,-799.0,-4.0,4.0,8.0,3.0,3.0,6.0,4.0,32421.0,37723.0,647.0,35332.0,42334.0,664.0,-2911.0,-4611.0,-17.0,5.0,9.0,10.0,10.0,22.0,5.0,40135.0,48265.0,829.0,43160.0,52062.0,826.0,-3025.0,-3797.0,3.0,5.0,9.0,11.0,11.0,24.0,5.0
ESPORTSTMNT05_3221120,complete,,EM,2023,Spring,0,2023-04-05 16:46:42,1,13.06,200,Red,team,,,Papara SuperMassive,oe:team:5203ff881d5c82c5f720eb3a2f3b44c,,Pyke,Rell,Zilean,Malphite,Olaf,Rakan,Sejuani,Zeri,K'Sante,Aurelion Sol,1712,1,21,6,52,21,6,4.0,2.0,1.0,0.0,0.0,,,,0.736,0.9463,1.0,4.0,0.0,4.0,0.0,2.0,0.0,1.0,0.0,0.0,1.0,,0.0,0.0,0.0,0.0,2.0,,,1.0,1.0,0.0,1.0,8.0,3.0,0.0,1.0,8.0,4.0,1.0,0.0,61109.0,2141.6706,,2529.2874,2856.5537,81.0,2.8388,39.0,1.3668,26.0,215.0,7.535,55138,36298,1272.1262,,48325.0,0.095393,1.34,,719.0,181.0,,,31.5421,15658.0,18044.0,311.0,15124.0,17966.0,313.0,534.0,78.0,-2.0,2.0,3.0,1.0,1.0,0.0,2.0,24970.0,29220.0,492.0,24424.0,28421.0,488.0,546.0,799.0,4.0,3.0,6.0,4.0,4.0,8.0,3.0,35332.0,42334.0,664.0,32421.0,37723.0,647.0,2911.0,4611.0,17.0,10.0,22.0,5.0,5.0,9.0,10.0,43160.0,52062.0,826.0,40135.0,48265.0,829.0,3025.0,3797.0,-3.0,11.0,24.0,5.0,5.0,9.0,11.0
ESPORTSTMNT05_3220121,complete,,EM,2023,Spring,0,2023-04-05 16:47:10,1,13.06,1,Blue,top,Robocop,oe:player:bf0fcdb863d11c4f6e7802f434de734,Entropiq,oe:team:06554c70cfe8a6be14b004b3c18abe6,K'Sante,Rumble,Jayce,Cho'Gath,Taliyah,Tristana,,,,,,1363,0,0,4,1,8,21,0.0,0.0,0.0,0.0,0.0,0.0,0.0,0.0,0.3522,1.2766,,,,,,,,,,,,,,,,,,,,,0.0,0.0,,,,,,,,0.0,1.0,2984.0,131.3573,0.09179,690.8144,677.3881,11.0,0.4842,2.0,0.088,4.0,26.0,1.1445,8083,5027,221.2913,0.217629,8200.0,,,197.0,193.0,4.0,,,8.672,3172.0,4567.0,81.0,4559.0,4666.0,87.0,-1387.0,-99.0,-6.0,0.0,0.0,1.0,4.0,0.0,0.0,5697.0,7678.0,142.0,6251.0,6908.0,127.0,-554.0,770.0,15.0,0.0,0.0,1.0,4.0,1.0,1.0,7234.0,9665.0,178.0,8847.0,9954.0,171.0,-1613.0,-289.0,7.0,0.0,0.0,3.0,5.0,3.0,1.0,,,,,,,,,,,,,,,
ESPORTSTMNT05_3220121,complete,,EM,2023,Spring,0,2023-04-05 16:47:10,1,13.06,2,Blue,jng,Zicssi,oe:player:060e16e1c91434827c294bac52e8b47,Entropiq,oe:team:06554c70cfe8a6be14b004b3c18abe6,Volibear,Rumble,Jayce,Cho'Gath,Taliyah,Tristana,,,,,,1363,0,1,7,4,8,21,0.0,0.0,0.0,0.0,0.0,0.0,0.0,1.0,0.3522,1.2766,,,,,,,,,,,,,,,,,,,,,0.0,1.0,,,,,,,,0.0,0.0,7030.0,309.4644,0.216248,1008.5987,1072.9567,2.0,0.088,3.0,0.1321,3.0,22.0,0.9685,6766,3710,163.3162,0.160612,6275.0,,,110.0,7.0,103.0,,,4.8423,2899.0,2903.0,44.0,4423.0,3858.0,73.0,-1524.0,-955.0,-29.0,0.0,3.0,3.0,2.0,3.0,1.0,4606.0,5267.0,80.0,6525.0,6119.0,110.0,-1919.0,-852.0,-30.0,0.0,4.0,4.0,2.0,5.0,1.0,5972.0,7387.0,107.0,9965.0,9121.0,139.0,-3993.0,-1734.0,-32.0,0.0,4.0,5.0,5.0,8.0,1.0,,,,,,,,,,,,,,,
ESPORTSTMNT05_3220121,complete,,EM,2023,Spring,0,2023-04-05 16:47:10,1,13.06,3,Blue,mid,Jackies,oe:player:204746c853a12888ad72d8035cdf8c7,Entropiq,oe:team:06554c70cfe8a6be14b004b3c18abe6,LeBlanc,Rumble,Jayce,Cho'Gath,Taliyah,Tristana,,,,,,1363,0,6,3,1,8,21,0.0,0.0,0.0,0.0,0.0,0.0,0.0,0.0,0.3522,1.2766,,,,,,,,,,,,,,,,,,,,,0.0,0.0,,,,,,,,0.0,0.0,12914.0,568.4813,0.397244,605.3705,277.6816,5.0,0.2201,5.0,0.2201,4.0,23.0,1.0125,9720,6664,293.3529,0.2885,9700.0,,,202.0,202.0,0.0,,,8.8921,4334.0,5075.0,92.0,3080.0,4419.0,72.0,1254.0,656.0,20.0,3.0,0.0,0.0,0.0,2.0,1.0,6834.0,8366.0,146.0,5309.0,6953.0,114.0,1525.0,1413.0,32.0,5.0,0.0,0.0,2.0,2.0,1.0,8996.0,10562.0,188.0,8056.0,10166.0,164.0,940.0,396.0,24.0,6.0,0.0,2.0,3.0,6.0,1.0,,,,,,,,,,,,,,,
ESPORTSTMNT05_3220121,complete,,EM,2023,Spring,0,2023-04-05 16:47:10,1,13.06,4,Blue,bot,Khantos,oe:player:58cff57941b3605087bb9208b3d76d0,Entropiq,oe:team:06554c70cfe8a6be14b004b3c18abe6,Kalista,Rumble,Jayce,Cho'Gath,Taliyah,Tristana,,,,,,1363,0,1,4,2,8,21,0.0,0.0,0.0,0.0,0.0,0.0,0.0,0.0,0.3522,1.2766,,,,,,,,,,,,,,,,,,,,,0.0,0.0,,,,,,,,0.0,0.0,6274.0,276.1849,0.192993,525.1651,288.6867,9.0,0.3962,4.0,0.1761,3.0,20.0,0.8804,8860,5804,255.4952,0.251268,8525.0,,,211.0,203.0,8.0,,,9.2883,3455.0,3530.0,87.0,3351.0,2924.0,75.0,104.0,606.0,12.0,0.0,1.0,1.0,0.0,4.0,0.0,5958.0,5408.0,130.0,6037.0,5084.0,132.0,-79.0,324.0,-2.0,1.0,2.0,2.0,0.0,4.0,1.0,7947.0,8071.0,187.0,8503.0,7677.0,170.0,-556.0,394.0,17.0,1.0,2.0,3.0,2.0,6.0,2.0,,,,,,,,,,,,,,,
ESPORTSTMNT05_3220121,complete,,EM,2023,Spring,0,2023-04-05 16:47:10,1,13.06,5,Blue,sup,denyk,oe:player:9adc23fff49c05d7b22cfd79ca1841d,Entropiq,oe:team:06554c70cfe8a6be14b004b3c18abe6,Nautilus,Rumble,Jayce,Cho'Gath,Taliyah,Tristana,,,,,,1363,0,0,3,6,8,21,0.0,0.0,0.0,0.0,0.0,0.0,0.0,0.0,0.3522,1.2766,,,,,,,,,,,,,,,,,,,,,0.0,0.0,,,,,,,,0.0,0.0,3307.0,145.5759,0.101726,394.9083,452.2671,29.0,1.2766,6.0,0.2641,12.0,52.0,2.2891,4950,1894,83.3749,0.0819918,4500.0,,,28.0,28.0,0.0,,,1.2326,2197.0,2342.0,14.0,2148.0,2247.0,12.0,49.0,95.0,2.0,0.0,2.0,1.0,0.0,1.0,1.0,3333.0,3933.0,18.0,3505.0,3919.0,25.0,-172.0,14.0,-7.0,0.0,4.0,1.0,0.0,2.0,2.0,4475.0,5070.0,25.0,4954.0,6157.0,26.0,-479.0,-1087.0,-1.0,0.0,5.0,2.0,0.0,8.0,2.0,,,,,,,,,,,,,,,
ESPORTSTMNT05_3220121,complete,,EM,2023,Spring,0,2023-04-05 16:47:10,1,13.06,6,Red,top,Maged,oe:player:fc933812510df6cb519bd1bb5677631,RA'AD,oe:team:6a4c502c27267c22c54b431be11b43f,Pantheon,Gragas,Sion,Vi,Ahri,Sylas,,,,,,1363,1,8,1,4,21,8,3.0,0.0,0.0,0.0,0.0,0.0,0.0,0.0,0.9244,1.2766,,,,,,,,,,,,,,,,,,,,,0.0,0.0,,,,,,,,1.0,0.0,13322.0,586.4417,0.237059,509.978,362.069,9.0,0.3962,3.0,0.1321,4.0,24.0,1.0565,11057,8001,352.2084,0.232595,9400.0,,,183.0,175.0,8.0,,,8.0558,4559.0,4666.0,87.0,3172.0,4567.0,81.0,1387.0,99.0,6.0,4.0,0.0,0.0,0.0,0.0,1.0,6251.0,6908.0,127.0,5697.0,7678.0,142.0,554.0,-770.0,-15.0,4.0,1.0,1.0,0.0,0.0,1.0,8847.0,9954.0,171.0,7234.0,9665.0,178.0,1613.0,289.0,-7.0,5.0,3.0,1.0,0.0,0.0,3.0,,,,,,,,,,,,,,,
ESPORTSTMNT05_3220121,complete,,EM,2023,Spring,0,2023-04-05 16:47:10,1,13.06,7,Red,jng,Skude,oe:player:00558cb3daa73e60ba4af7e7060e6e2,RA'AD,oe:team:6a4c502c27267c22c54b431be11b43f,Udyr,Gragas,Sion,Vi,Ahri,Sylas,,,,,,1363,1,5,1,12,21,8,1.0,0.0,0.0,0.0,1.0,1.0,0.0,0.0,0.9244,1.2766,,,,,,,,,,,,,,,,,,,,,1.0,0.0,,,,,,,,0.0,0.0,14141.0,622.4945,0.251633,1081.7168,1686.2509,8.0,0.3522,7.0,0.3081,3.0,35.0,1.5407,11573,8517,374.923,0.247595,10325.0,,,155.0,21.0,134.0,,,6.8232,4423.0,3858.0,73.0,2899.0,2903.0,44.0,1524.0,955.0,29.0,2.0,3.0,1.0,0.0,3.0,3.0,6525.0,6119.0,110.0,4606.0,5267.0,80.0,1919.0,852.0,30.0,2.0,5.0,1.0,0.0,4.0,4.0,9965.0,9121.0,139.0,5972.0,7387.0,107.0,3993.0,1734.0,32.0,5.0,8.0,1.0,0.0,4.0,5.0,,,,,,,,,,,,,,,
ESPORTSTMNT05_3220121,complete,,EM,2023,Spring,0,2023-04-05 16:47:10,1,13.06,8,Red,mid,Hunt,oe:player:f683aadb1720a4a1766fcfc3b6d3ef5,RA'AD,oe:team:6a4c502c27267c22c54b431be11b43f,Syndra,Gragas,Sion,Vi,Ahri,Sylas,,,,,,1363,1,5,1,7,21,8,1.0,0.0,0.0,0.0,0.0,0.0,0.0,0.0,0.9244,1.2766,,,,,,,,,,,,,,,,,,,,,0.0,0.0,,,,,,,,0.0,0.0,13378.0,588.9068,0.238055,263.0668,116.4343,9.0,0.3962,3.0,0.1321,3.0,20.0,0.8804,10361,7305,321.5701,0.212361,8725.0,,,190.0,186.0,4.0,,,8.3639,3080.0,4419.0,72.0,4334.0,5075.0,92.0,-1254.0,-656.0,-20.0,0.0,2.0,1.0,3.0,0.0,0.0,5309.0,6953.0,114.0,6834.0,8366.0,146.0,-1525.0,-1413.0,-32.0,2.0,2.0,1.0,5.0,0.0,0.0,8056.0,10166.0,164.0,8996.0,10562.0,188.0,-940.0,-396.0,-24.0,3.0,6.0,1.0,6.0,0.0,2.0,,,,,,,,,,,,,,,
ESPORTSTMNT05_3220121,complete,,EM,2023,Spring,0,2023-04-05 16:47:10,1,13.06,9,Red,bot,san1,oe:player:f581f857e43aea4c5b241874f8a4394,RA'AD,oe:team:6a4c502c27267c22c54b431be11b43f,Varus,Gragas,Sion,Vi,Ahri,Sylas,,,,,,1363,1,3,2,9,21,8,0.0,0.0,0.0,0.0,1.0,0.0,1.0,0.0,0.9244,1.2766,,,,,,,,,,,,,,,,,,,,,0.0,0.0,,,,,,,,0.0,0.0,11795.0,519.2223,0.209887,311.0492,217.0653,11.0,0.4842,7.0,0.3081,4.0,29.0,1.2766,10374,7318,322.1423,0.212739,8850.0,,,192.0,192.0,0.0,,,8.4519,3351.0,2924.0,75.0,3455.0,3530.0,87.0,-104.0,-606.0,-12.0,0.0,4.0,0.0,0.0,1.0,1.0,6037.0,5084.0,132.0,5958.0,5408.0,130.0,79.0,-324.0,2.0,0.0,4.0,1.0,1.0,2.0,2.0,8503.0,7677.0,170.0,7947.0,8071.0,187.0,556.0,-394.0,-17.0,2.0,6.0,2.0,1.0,2.0,3.0,,,,,,,,,,,,,,,
ESPORTSTMNT05_3220121,complete,,EM,2023,Spring,0,2023-04-05 16:47:10,1,13.06,10,Red,sup,B Butcher,oe:player:f9c3db5fdf2c5fb45f552127922d105,RA'AD,oe:team:6a4c502c27267c22c54b431be11b43f,Alistar,Gragas,Sion,Vi,Ahri,Sylas,,,,,,1363,1,0,3,13,21,8,0.0,0.0,0.0,0.0,0.0,0.0,0.0,0.0,0.9244,1.2766,,,,,,,,,,,,,,,,,,,,,0.0,0.0,,,,,,,,0.0,0.0,3561.0,156.7572,0.0633664,415.9941,552.3698,18.0,0.7924,4.0,0.1761,7.0,43.0,1.8929,6314,3258,143.4189,0.0947102,5025.0,,,28.0,28.0,0.0,,,1.2326,2148.0,2247.0,12.0,2197.0,2342.0,14.0,-49.0,-95.0,-2.0,0.0,1.0,1.0,0.0,2.0,1.0,3505.0,3919.0,25.0,3333.0,3933.0,18.0,172.0,-14.0,7.0,0.0,2.0,2.0,0.0,4.0,1.0,4954.0,6157.0,26.0,4475.0,5070.0,25.0,479.0,1087.0,1.0,0.0,8.0,2.0,0.0,5.0,2.0,,,,,,,,,,,,,,,
ESPORTSTMNT05_3220121,complete,,EM,2023,Spring,0,2023-04-05 16:47:10,1,13.06,100,Blue,team,,,Entropiq,oe:team:06554c70cfe8a6be14b004b3c18abe6,,Rumble,Jayce,Cho'Gath,Taliyah,Tristana,Volibear,Kalista,Nautilus,LeBlanc,K'Sante,1363,0,8,21,14,8,21,0.0,0.0,0.0,0.0,0.0,,,,0.3522,1.2766,0.0,0.0,3.0,0.0,3.0,0.0,0.0,0.0,0.0,0.0,0.0,,0.0,0.0,0.0,0.0,2.0,,,0.0,0.0,1.0,0.0,2.0,8.0,0.0,0.0,6.0,8.0,0.0,1.0,32509.0,1431.0638,,3224.8569,2768.9802,56.0,2.4652,20.0,0.8804,26.0,143.0,6.2949,38379,23098,1016.7865,,37200.0,-0.12889,-2.86,,633.0,115.0,,,32.9274,16057.0,18417.0,318.0,17561.0,18114.0,319.0,-1504.0,303.0,-1.0,3.0,6.0,6.0,6.0,10.0,3.0,26428.0,30652.0,516.0,27627.0,28983.0,508.0,-1199.0,1669.0,8.0,6.0,10.0,8.0,8.0,14.0,6.0,34624.0,40755.0,685.0,40325.0,43075.0,670.0,-5701.0,-2320.0,15.0,7.0,11.0,15.0,15.0,31.0,7.0,,,,,,,,,,,,,,,
ESPORTSTMNT05_3220121,complete,,EM,2023,Spring,0,2023-04-05 16:47:10,1,13.06,200,Red,team,,,RA'AD,oe:team:6a4c502c27267c22c54b431be11b43f,,Gragas,Sion,Vi,Ahri,Sylas,Udyr,Varus,Alistar,Syndra,Pantheon,1363,1,21,8,45,21,8,5.0,0.0,0.0,0.0,1.0,,,,0.9244,1.2766,1.0,3.0,0.0,3.0,0.0,0.0,1.0,0.0,1.0,1.0,0.0,,0.0,0.0,1.0,2.0,0.0,,,1.0,1.0,0.0,1.0,8.0,2.0,1.0,1.0,8.0,6.0,1.0,0.0,56197.0,2473.8225,,2581.8048,2934.1893,55.0,2.4211,24.0,1.0565,21.0,151.0,6.6471,49679,34398,1514.2186,,42325.0,0.12889,2.86,,602.0,146.0,,,32.9274,17561.0,18114.0,319.0,16057.0,18417.0,318.0,1504.0,-303.0,1.0,6.0,10.0,3.0,3.0,6.0,6.0,27627.0,28983.0,508.0,26428.0,30652.0,516.0,1199.0,-1669.0,-8.0,8.0,14.0,6.0,6.0,10.0,8.0,40325.0,43075.0,670.0,34624.0,40755.0,685.0,5701.0,2320.0,-15.0,15.0,31.0,7.0,7.0,11.0,15.0,,,,,,,,,,,,,,,
ESPORTSTMNT05_3221121,complete,,EM,2023,Spring,0,2023-04-05 16:47:13,1,13.06,1,Blue,top,Zhergoth,oe:player:368db8366e1e5de655938dd9f8296dc,Team 7AM,oe:team:fc3d0bdc84e08efc1b6623448e64c15,Darius,Gragas,Vi,Aphelios,Nautilus,Renata Glasc,,,,,,1754,0,6,6,1,11,27,0.0,0.0,0.0,0.0,0.0,0.0,0.0,1.0,0.3763,1.2999,,,,,,,,,,,,,,,,,,,,,0.0,0.0,,,,,,,,0.0,0.0,16161.0,552.8278,0.242578,1148.9282,1000.6727,9.0,0.3079,5.0,0.171,3.0,25.0,0.8552,12310,8456,289.2588,0.298974,12308.0,,,248.0,244.0,4.0,,,8.4835,4581.0,4744.0,78.0,3129.0,4360.0,62.0,1452.0,384.0,16.0,3.0,0.0,1.0,1.0,0.0,2.0,6615.0,7229.0,125.0,4581.0,6453.0,98.0,2034.0,776.0,27.0,4.0,0.0,2.0,1.0,0.0,2.0,9308.0,10298.0,182.0,6738.0,9144.0,147.0,2570.0,1154.0,35.0,5.0,0.0,2.0,2.0,0.0,2.0,11136.0,12599.0,226.0,8605.0,11697.0,175.0,2531.0,902.0,51.0,6.0,0.0,3.0,2.0,0.0,2.0
ESPORTSTMNT05_3221121,complete,,EM,2023,Spring,0,2023-04-05 16:47:13,1,13.06,2,Blue,jng,Noodle,oe:player:15101ae59f2cc7c8836b7e67352b598,Team 7AM,oe:team:fc3d0bdc84e08efc1b6623448e64c15,Sejuani,Gragas,Vi,Aphelios,Nautilus,Renata Glasc,,,,,,1754,0,1,6,8,11,27,0.0,0.0,0.0,0.0,0.0,0.0,0.0,0.0,0.3763,1.2999,,,,,,,,,,,,,,,,,,,,,0.0,2.0,,,,,,,,0.0,2.0,10317.0,352.919,0.154859,1097.2406,1242.2463,9.0,0.3079,9.0,0.3079,9.0,38.0,1.2999,8348,4494,153.7286,0.158896,7700.0,,,114.0,20.0,94.0,,,3.8997,3215.0,2882.0,42.0,4129.0,3194.0,58.0,-914.0,-312.0,-16.0,1.0,2.0,1.0,3.0,0.0,1.0,4905.0,5276.0,75.0,6959.0,5565.0,90.0,-2054.0,-289.0,-15.0,1.0,4.0,1.0,5.0,1.0,1.0,6398.0,7183.0,98.0,8648.0,7599.0,123.0,-2250.0,-416.0,-25.0,1.0,5.0,2.0,5.0,3.0,2.0,7540.0,8499.0,110.0,11459.0,11527.0,148.0,-3919.0,-3028.0,-38.0,1.0,7.0,3.0,6.0,8.0,2.0
ESPORTSTMNT05_3221121,complete,,EM,2023,Spring,0,2023-04-05 16:47:13,1,13.06,3,Blue,mid,Sahira,oe:player:2eec415168a9f5810a8674fd4213fa9,Team 7AM,oe:team:fc3d0bdc84e08efc1b6623448e64c15,Viktor,Gragas,Vi,Aphelios,Nautilus,Renata Glasc,,,,,,1754,0,1,6,3,11,27,0.0,0.0,0.0,0.0,0.0,0.0,0.0,0.0,0.3763,1.2999,,,,,,,,,,,,,,,,,,,,,0.0,0.0,,,,,,,,0.0,0.0,21450.0,733.7514,0.321966,632.1893,535.1083,12.0,0.4105,2.0,0.0684,4.0,18.0,0.6157,9555,5701,195.0171,0.20157,9100.0,,,226.0,222.0,4.0,,,7.7309,3103.0,4991.0,89.0,3138.0,4656.0,90.0,-35.0,335.0,-1.0,0.0,0.0,0.0,0.0,0.0,0.0,5018.0,7938.0,140.0,4814.0,7181.0,131.0,204.0,757.0,9.0,0.0,1.0,1.0,0.0,1.0,2.0,6672.0,10106.0,178.0,6732.0,9705.0,163.0,-60.0,401.0,15.0,0.0,2.0,2.0,0.0,3.0,2.0,7811.0,11716.0,200.0,10093.0,12443.0,178.0,-2282.0,-727.0,22.0,0.0,3.0,4.0,5.0,4.0,2.0
ESPORTSTMNT05_3221121,complete,,EM,2023,Spring,0,2023-04-05 16:47:13,1,13.06,4,Blue,bot,Mindrago,oe:player:4202e9d85e69908cd25c9ea58de244d,Team 7AM,oe:team:fc3d0bdc84e08efc1b6623448e64c15,Jinx,Gragas,Vi,Aphelios,Nautilus,Renata Glasc,,,,,,1754,0,1,6,3,11,27,0.0,0.0,0.0,0.0,0.0,0.0,0.0,0.0,0.3763,1.2999,,,,,,,,,,,,,,,,,,,,,0.0,0.0,,,,,,,,0.0,0.0,12348.0,422.3945,0.185344,487.5941,232.577,13.0,0.4447,5.0,0.171,4.0,36.0,1.2315,10123,6269,214.447,0.221652,9630.0,,,215.0,201.0,14.0,,,7.3546,2736.0,2574.0,57.0,4320.0,3369.0,90.0,-1584.0,-795.0,-33.0,0.0,1.0,2.0,1.0,3.0,1.0,4352.0,4677.0,102.0,7881.0,6320.0,147.0,-3529.0,-1643.0,-45.0,0.0,1.0,3.0,2.0,4.0,1.0,6258.0,7676.0,157.0,10687.0,8764.0,205.0,-4429.0,-1088.0,-48.0,0.0,1.0,3.0,3.0,5.0,1.0,7635.0,9419.0,189.0,12623.0,11470.0,239.0,-4988.0,-2051.0,-50.0,0.0,2.0,4.0,3.0,6.0,2.0
ESPORTSTMNT05_3221121,complete,,EM,2023,Spring,0,2023-04-05 16:47:13,1,13.06,5,Blue,sup,Quicktimer,oe:player:a01962da0921577bca0e84951082b3f,Team 7AM,oe:team:fc3d0bdc84e08efc1b6623448e64c15,Rakan,Gragas,Vi,Aphelios,Nautilus,Renata Glasc,,,,,,1754,0,2,3,3,11,27,0.0,0.0,0.0,0.0,0.0,0.0,0.0,0.0,0.3763,1.2999,,,,,,,,,,,,,,,,,,,,,0.0,0.0,,,,,,,,0.0,0.0,6346.0,217.081,0.0952538,449.9316,487.423,67.0,2.2919,14.0,0.4789,7.0,111.0,3.797,7217,3363,115.0399,0.118909,6275.0,,,22.0,22.0,0.0,,,0.7526,2396.0,2044.0,7.0,2636.0,2585.0,18.0,-240.0,-541.0,-11.0,0.0,1.0,1.0,0.0,4.0,0.0,3773.0,3331.0,11.0,3731.0,3648.0,26.0,42.0,-317.0,-15.0,1.0,1.0,1.0,0.0,6.0,0.0,4875.0,3792.0,18.0,5026.0,5017.0,30.0,-151.0,-1225.0,-12.0,1.0,1.0,1.0,0.0,8.0,0.0,6347.0,5054.0,19.0,6583.0,7174.0,35.0,-236.0,-2120.0,-16.0,2.0,2.0,2.0,0.0,10.0,1.0
ESPORTSTMNT05_3221121,complete,,EM,2023,Spring,0,2023-04-05 16:47:13,1,13.06,6,Red,top,Lot,oe:player:eeec6c7a9d2b475c23650b202208b89,Aegis,oe:team:e3a29387c70230d76837b86c2aefd14,Sion,Zeri,Thresh,Annie,Gwen,Viego,,,,,,1754,1,3,2,10,27,11,0.0,0.0,0.0,0.0,1.0,1.0,0.0,0.0,0.9236,1.2999,,,,,,,,,,,,,,,,,,,,,0.0,0.0,,,,,,,,0.0,0.0,11860.0,405.7013,0.137418,693.0787,1491.106,9.0,0.3079,5.0,0.171,5.0,33.0,1.1288,10730,6876,235.2109,0.161892,9255.0,,,189.0,181.0,8.0,,,6.4652,3129.0,4360.0,62.0,4581.0,4744.0,78.0,-1452.0,-384.0,-16.0,1.0,0.0,2.0,3.0,0.0,1.0,4581.0,6453.0,98.0,6615.0,7229.0,125.0,-2034.0,-776.0,-27.0,1.0,0.0,2.0,4.0,0.0,2.0,6738.0,9144.0,147.0,9308.0,10298.0,182.0,-2570.0,-1154.0,-35.0,2.0,0.0,2.0,5.0,0.0,2.0,8605.0,11697.0,175.0,11136.0,12599.0,226.0,-2531.0,-902.0,-51.0,2.0,0.0,2.0,6.0,0.0,3.0
ESPORTSTMNT05_3221121,complete,,EM,2023,Spring,0,2023-04-05 16:47:13,1,13.06,7,Red,jng,SkewMond,oe:player:ab15060e5225b51592cd04b3aed1e09,Aegis,oe:team:e3a29387c70230d76837b86c2aefd14,Wukong,Zeri,Thresh,Annie,Gwen,Viego,,,,,,1754,1,8,2,16,27,11,1.0,1.0,0.0,0.0,0.0,0.0,0.0,0.0,0.9236,1.2999,,,,,,,,,,,,,,,,,,,,,2.0,0.0,,,,,,,,2.0,0.0,27193.0,930.2052,0.315077,1001.5621,1059.0308,10.0,0.3421,14.0,0.4789,9.0,51.0,1.7446,13923,10069,344.4356,0.237067,11975.0,,,161.0,15.0,146.0,,,5.5074,4129.0,3194.0,58.0,3215.0,2882.0,42.0,914.0,312.0,16.0,3.0,0.0,1.0,1.0,2.0,1.0,6959.0,5565.0,90.0,4905.0,5276.0,75.0,2054.0,289.0,15.0,5.0,1.0,1.0,1.0,4.0,1.0,8648.0,7599.0,123.0,6398.0,7183.0,98.0,2250.0,416.0,25.0,5.0,3.0,2.0,1.0,5.0,2.0,11459.0,11527.0,148.0,7540.0,8499.0,110.0,3919.0,3028.0,38.0,6.0,8.0,2.0,1.0,7.0,3.0
ESPORTSTMNT05_3221121,complete,,EM,2023,Spring,0,2023-04-05 16:47:13,1,13.06,8,Red,mid,Eika,oe:player:adfab52b74587bc5acc4201c140451a,Aegis,oe:team:e3a29387c70230d76837b86c2aefd14,Orianna,Zeri,Thresh,Annie,Gwen,Viego,,,,,,1754,1,8,3,12,27,11,1.0,0.0,0.0,0.0,0.0,0.0,0.0,0.0,0.9236,1.2999,,,,,,,,,,,,,,,,,,,,,0.0,0.0,,,,,,,,0.0,0.0,18396.0,629.2816,0.213149,471.1403,435.6328,14.0,0.4789,5.0,0.171,4.0,43.0,1.4709,12730,8876,303.626,0.20898,11250.0,,,193.0,185.0,8.0,,,6.6021,3138.0,4656.0,90.0,3103.0,4991.0,89.0,35.0,-335.0,1.0,0.0,0.0,0.0,0.0,0.0,0.0,4814.0,7181.0,131.0,5018.0,7938.0,140.0,-204.0,-757.0,-9.0,0.0,1.0,2.0,0.0,1.0,1.0,6732.0,9705.0,163.0,6672.0,10106.0,178.0,60.0,-401.0,-15.0,0.0,3.0,2.0,0.0,2.0,2.0,10093.0,12443.0,178.0,7811.0,11716.0,200.0,2282.0,727.0,-22.0,5.0,4.0,2.0,0.0,3.0,4.0
ESPORTSTMNT05_3221121,complete,,EM,2023,Spring,0,2023-04-05 16:47:13,1,13.06,9,Red,bot,Shiganari,oe:player:90704735ca9fc01f2244f23f6e5d635,Aegis,oe:team:e3a29387c70230d76837b86c2aefd14,Xayah,Zeri,Thresh,Annie,Gwen,Viego,,,,,,1754,1,8,2,12,27,11,2.0,0.0,0.0,0.0,0.0,0.0,0.0,0.0,0.9236,1.2999,,,,,,,,,,,,,,,,,,,,,0.0,0.0,,,,,,,,0.0,0.0,24239.0,829.1562,0.28085,488.894,290.6613,15.0,0.5131,14.0,0.4789,6.0,56.0,1.9156,16383,12529,428.5861,0.294985,13400.0,,,275.0,259.0,16.0,,,9.4071,4320.0,3369.0,90.0,2736.0,2574.0,57.0,1584.0,795.0,33.0,1.0,3.0,1.0,0.0,1.0,2.0,7881.0,6320.0,147.0,4352.0,4677.0,102.0,3529.0,1643.0,45.0,2.0,4.0,1.0,0.0,1.0,3.0,10687.0,8764.0,205.0,6258.0,7676.0,157.0,4429.0,1088.0,48.0,3.0,5.0,1.0,0.0,1.0,3.0,12623.0,11470.0,239.0,7635.0,9419.0,189.0,4988.0,2051.0,50.0,3.0,6.0,2.0,0.0,2.0,4.0
ESPORTSTMNT05_3221121,complete,,EM,2023,Spring,0,2023-04-05 16:47:13,1,13.06,10,Red,sup,Hantera,oe:player:de1fb222dafded7d06b10df578fdd0e,Aegis,oe:team:e3a29387c70230d76837b86c2aefd14,Rell,Zeri,Thresh,Annie,Gwen,Viego,,,,,,1754,1,0,2,16,27,11,0.0,0.0,0.0,0.0,0.0,0.0,0.0,0.0,0.9236,1.2999,,,,,,,,,,,,,,,,,,,,,0.0,0.0,,,,,,,,0.0,0.0,4618.0,157.9704,0.0535073,371.6306,604.7891,34.0,1.1631,17.0,0.5815,12.0,76.0,2.5998,7977,4123,141.0376,0.0970763,8075.0,,,39.0,39.0,0.0,,,1.3341,2636.0,2585.0,18.0,2396.0,2044.0,7.0,240.0,541.0,11.0,0.0,4.0,0.0,0.0,1.0,1.0,3731.0,3648.0,26.0,3773.0,3331.0,11.0,-42.0,317.0,15.0,0.0,6.0,0.0,1.0,1.0,1.0,5026.0,5017.0,30.0,4875.0,3792.0,18.0,151.0,1225.0,12.0,0.0,8.0,0.0,1.0,1.0,1.0,6583.0,7174.0,35.0,6347.0,5054.0,19.0,236.0,2120.0,16.0,0.0,10.0,1.0,2.0,2.0,2.0
ESPORTSTMNT05_3221121,complete,,EM,2023,Spring,0,2023-04-05 16:47:13,1,13.06,100,Blue,team,,,Team 7AM,oe:team:fc3d0bdc84e08efc1b6623448e64c15,,Gragas,Vi,Aphelios,Nautilus,Renata Glasc,Rakan,Sejuani,Jinx,Viktor,Darius,1754,0,11,27,18,11,27,0.0,0.0,0.0,0.0,0.0,,,,0.3763,1.2999,0.0,0.0,4.0,0.0,4.0,0.0,0.0,0.0,0.0,0.0,0.0,,0.0,0.0,0.0,0.0,2.0,,,0.0,0.0,2.0,0.0,2.0,10.0,0.0,0.0,4.0,10.0,0.0,2.0,66622.0,2278.9738,,3815.8837,3498.0274,110.0,3.7628,35.0,1.1973,27.0,228.0,7.7993,47553,28284,967.5257,,45013.0,-0.180705,-3.17,,709.0,116.0,,,28.2212,16031.0,17235.0,273.0,17352.0,18164.0,318.0,-1321.0,-929.0,-45.0,4.0,4.0,5.0,5.0,7.0,4.0,24663.0,28451.0,453.0,27966.0,29167.0,492.0,-3303.0,-716.0,-39.0,6.0,7.0,8.0,8.0,12.0,6.0,33511.0,39055.0,633.0,37831.0,40229.0,668.0,-4320.0,-1174.0,-35.0,7.0,9.0,10.0,10.0,19.0,7.0,40469.0,47287.0,744.0,49363.0,54311.0,775.0,-8894.0,-7024.0,-31.0,9.0,14.0,16.0,16.0,28.0,9.0
ESPORTSTMNT05_3221121,complete,,EM,2023,Spring,0,2023-04-05 16:47:13,1,13.06,200,Red,team,,,Aegis,oe:team:e3a29387c70230d76837b86c2aefd14,,Zeri,Thresh,Annie,Gwen,Viego,Xayah,Wukong,Sion,Rell,Orianna,1754,1,27,11,66,27,11,4.0,1.0,0.0,0.0,1.0,,,,0.9236,1.2999,1.0,4.0,0.0,4.0,0.0,1.0,2.0,1.0,0.0,0.0,0.0,,0.0,0.0,1.0,2.0,0.0,,,1.0,2.0,0.0,1.0,10.0,2.0,1.0,1.0,10.0,4.0,2.0,0.0,86306.0,2952.3147,,3026.3056,3881.2201,82.0,2.805,55.0,1.8814,36.0,259.0,8.8597,61743,42474,1452.9304,,53955.0,0.180705,3.17,,679.0,178.0,,,29.3158,17352.0,18164.0,318.0,16031.0,17235.0,273.0,1321.0,929.0,45.0,5.0,7.0,4.0,4.0,4.0,5.0,27966.0,29167.0,492.0,24663.0,28451.0,453.0,3303.0,716.0,39.0,8.0,12.0,6.0,6.0,7.0,8.0,37831.0,40229.0,668.0,33511.0,39055.0,633.0,4320.0,1174.0,35.0,10.0,19.0,7.0,7.0,9.0,10.0,49363.0,54311.0,775.0,40469.0,47287.0,744.0,8894.0,7024.0,31.0,16.0,28.0,9.0,9.0,14.0,16.0
ESPORTSTMNT05_3220122,complete,,EM,2023,Spring,0,2023-04-05 17:02:21,1,13.06,1,Blue,top,StenBosse,oe:player:b366e140eae91b8d8f8c03294238f32,aNc Outplayed,oe:team:cd6b4265231d4ba346274357681c335,Rumble,Kennen,Jinx,Gragas,Gangplank,Gnar,,,,,,1386,1,8,1,5,25,6,2.0,0.0,0.0,0.0,0.0,0.0,0.0,0.0,1.0823,1.342,,,,,,,,,,,,,,,,,,,,,0.0,0.0,,,,,,,,0.0,0.0,19065.0,825.3247,0.320846,401.645,415.671,10.0,0.4329,1.0,0.0433,4.0,18.0,0.7792,12466,9363,405.3247,0.253479,10950.0,,,184.0,176.0,8.0,,,7.9654,3668.0,4695.0,83.0,3070.0,4527.0,69.0,598.0,168.0,14.0,1.0,0.0,1.0,0.0,1.0,0.0,6865.0,7396.0,131.0,4824.0,6964.0,112.0,2041.0,432.0,19.0,2.0,1.0,1.0,1.0,2.0,0.0,9115.0,10532.0,165.0,6179.0,9336.0,152.0,2936.0,1196.0,13.0,4.0,2.0,1.0,1.0,2.0,1.0,,,,,,,,,,,,,,,
ESPORTSTMNT05_3220122,complete,,EM,2023,Spring,0,2023-04-05 17:02:21,1,13.06,2,Blue,jng,Stefan,oe:player:752b048c76633399b04f6e87a8b211c,aNc Outplayed,oe:team:cd6b4265231d4ba346274357681c335,Vi,Kennen,Jinx,Gragas,Gangplank,Gnar,,,,,,1386,1,2,3,12,25,6,0.0,0.0,0.0,0.0,0.0,0.0,0.0,0.0,1.0823,1.342,,,,,,,,,,,,,,,,,,,,,1.0,0.0,,,,,,,,0.0,0.0,6845.0,296.3203,0.115195,952.4242,1053.8528,7.0,0.303,5.0,0.2165,8.0,29.0,1.2554,8008,4905,212.3377,0.13279,7800.0,,,109.0,11.0,98.0,,,4.7186,2951.0,3236.0,57.0,3364.0,3081.0,62.0,-413.0,155.0,-5.0,0.0,2.0,0.0,1.0,0.0,1.0,4519.0,4853.0,79.0,4471.0,4394.0,82.0,48.0,459.0,-3.0,0.0,6.0,1.0,1.0,0.0,3.0,6457.0,6828.0,101.0,5778.0,6738.0,107.0,679.0,90.0,-6.0,1.0,8.0,2.0,1.0,0.0,4.0,,,,,,,,,,,,,,,
ESPORTSTMNT05_3220122,complete,,EM,2023,Spring,0,2023-04-05 17:02:21,1,13.06,3,Blue,mid,Dehaste,oe:player:5f4898a107d2948045588584562be3f,aNc Outplayed,oe:team:cd6b4265231d4ba346274357681c335,Cassiopeia,Kennen,Jinx,Gragas,Gangplank,Gnar,,,,,,1386,1,3,0,7,25,6,1.0,0.0,0.0,0.0,0.0,0.0,0.0,0.0,1.0823,1.342,,,,,,,,,,,,,,,,,,,,,0.0,0.0,,,,,,,,1.0,0.0,9712.0,420.4329,0.163444,452.0346,211.2121,10.0,0.4329,0.0,0.0,4.0,18.0,0.7792,10474,7371,319.0909,0.199551,10460.0,,,210.0,186.0,24.0,,,9.0909,3828.0,4918.0,94.0,2989.0,4704.0,80.0,839.0,214.0,14.0,0.0,1.0,0.0,0.0,0.0,0.0,6509.0,7263.0,132.0,4325.0,6660.0,112.0,2184.0,603.0,20.0,3.0,2.0,0.0,0.0,1.0,1.0,8768.0,9782.0,183.0,6046.0,8951.0,151.0,2722.0,831.0,32.0,3.0,3.0,0.0,1.0,1.0,2.0,,,,,,,,,,,,,,,
ESPORTSTMNT05_3220122,complete,,EM,2023,Spring,0,2023-04-05 17:02:21,1,13.06,4,Blue,bot,Ellam,oe:player:6a9dedd375fda0d451a45fa9809875e,aNc Outplayed,oe:team:cd6b4265231d4ba346274357681c335,Draven,Kennen,Jinx,Gragas,Gangplank,Gnar,,,,,,1386,1,12,0,6,25,6,0.0,0.0,0.0,0.0,1.0,1.0,0.0,0.0,1.0823,1.342,,,,,,,,,,,,,,,,,,,,,0.0,0.0,,,,,,,,0.0,0.0,19648.0,850.5628,0.330658,324.2424,678.5714,8.0,0.3463,2.0,0.0866,2.0,14.0,0.6061,14292,11189,484.3723,0.302914,12235.0,,,194.0,182.0,12.0,,,8.3983,5716.0,3068.0,76.0,2725.0,2678.0,58.0,2991.0,390.0,18.0,6.0,0.0,0.0,0.0,0.0,3.0,7881.0,5408.0,125.0,4489.0,4635.0,94.0,3392.0,773.0,31.0,6.0,2.0,0.0,1.0,1.0,4.0,11130.0,7506.0,176.0,6074.0,6517.0,139.0,5056.0,989.0,37.0,8.0,2.0,0.0,1.0,1.0,4.0,,,,,,,,,,,,,,,
ESPORTSTMNT05_3220122,complete,,EM,2023,Spring,0,2023-04-05 17:02:21,1,13.06,5,Blue,sup,Venzer,oe:player:dd4e48d56d876e846579c9e5c64d965,aNc Outplayed,oe:team:cd6b4265231d4ba346274357681c335,Rakan,Kennen,Jinx,Gragas,Gangplank,Gnar,,,,,,1386,1,0,2,20,25,6,0.0,0.0,0.0,0.0,1.0,0.0,1.0,0.0,1.0823,1.342,,,,,,,,,,,,,,,,,,,,,0.0,0.0,,,,,,,,1.0,0.0,4151.0,179.697,0.0698575,439.4372,442.1212,44.0,1.9048,9.0,0.3896,10.0,82.0,3.5498,7213,4110,177.9221,0.111267,7075.0,,,34.0,34.0,0.0,,,1.4719,2698.0,2328.0,15.0,2044.0,1468.0,3.0,654.0,860.0,12.0,0.0,6.0,0.0,0.0,0.0,3.0,4047.0,3238.0,22.0,3283.0,2202.0,6.0,764.0,1036.0,16.0,0.0,8.0,1.0,0.0,2.0,3.0,5681.0,4485.0,32.0,4252.0,4197.0,11.0,1429.0,288.0,21.0,0.0,11.0,1.0,0.0,2.0,5.0,,,,,,,,,,,,,,,
ESPORTSTMNT05_3220122,complete,,EM,2023,Spring,0,2023-04-05 17:02:21,1,13.06,6,Red,top,Kektz,oe:player:f5ea6213c328518f2840a59bf48acec,Diamant Esports,oe:team:830f05a5024d0794bd8d5b598b2432b,Malphite,Wukong,Syndra,Xayah,Rell,Cho'Gath,,,,,,1386,0,1,4,3,6,25,0.0,0.0,0.0,0.0,0.0,0.0,0.0,0.0,0.2597,1.342,,,,,,,,,,,,,,,,,,,,,0.0,0.0,,,,,,,,0.0,0.0,5223.0,226.1039,0.180633,725.8874,1058.0952,6.0,0.2597,5.0,0.2165,1.0,21.0,0.9091,6713,3610,156.2771,0.209567,6625.0,,,154.0,154.0,0.0,,,6.6667,3070.0,4527.0,69.0,3668.0,4695.0,83.0,-598.0,-168.0,-14.0,0.0,1.0,0.0,1.0,0.0,1.0,4824.0,6964.0,112.0,6865.0,7396.0,131.0,-2041.0,-432.0,-19.0,1.0,2.0,0.0,2.0,1.0,1.0,6179.0,9336.0,152.0,9115.0,10532.0,165.0,-2936.0,-1196.0,-13.0,1.0,2.0,1.0,4.0,2.0,1.0,,,,,,,,,,,,,,,
ESPORTSTMNT05_3220122,complete,,EM,2023,Spring,0,2023-04-05 17:02:21,1,13.06,7,Red,jng,Mafro,oe:player:cd521f662fbbec89f03a900e7d9bb63,Diamant Esports,oe:team:830f05a5024d0794bd8d5b598b2432b,Viego,Wukong,Syndra,Xayah,Rell,Cho'Gath,,,,,,1386,0,2,7,0,6,25,0.0,0.0,0.0,0.0,0.0,0.0,0.0,0.0,0.2597,1.342,,,,,,,,,,,,,,,,,,,,,0.0,1.0,,,,,,,,0.0,0.0,4433.0,191.9048,0.153311,1021.7749,511.2554,5.0,0.2165,6.0,0.2597,4.0,27.0,1.1688,6508,3405,147.4026,0.197666,6400.0,,,107.0,8.0,99.0,,,4.632,3364.0,3081.0,62.0,2951.0,3236.0,57.0,413.0,-155.0,5.0,1.0,0.0,1.0,0.0,2.0,0.0,4471.0,4394.0,82.0,4519.0,4853.0,79.0,-48.0,-459.0,3.0,1.0,0.0,3.0,0.0,6.0,1.0,5778.0,6738.0,107.0,6457.0,6828.0,101.0,-679.0,-90.0,6.0,1.0,0.0,4.0,1.0,8.0,2.0,,,,,,,,,,,,,,,
ESPORTSTMNT05_3220122,complete,,EM,2023,Spring,0,2023-04-05 17:02:21,1,13.06,8,Red,mid,Diva,oe:player:72de20c106a52f0aaf21bd650af81bd,Diamant Esports,oe:team:830f05a5024d0794bd8d5b598b2432b,Zoe,Wukong,Syndra,Xayah,Rell,Cho'Gath,,,,,,1386,0,1,3,2,6,25,0.0,0.0,0.0,0.0,0.0,0.0,0.0,0.0,0.2597,1.342,,,,,,,,,,,,,,,,,,,,,0.0,0.0,,,,,,,,0.0,1.0,9843.0,426.1039,0.340412,582.684,263.1169,8.0,0.3463,8.0,0.3463,0.0,22.0,0.9524,7102,3999,173.1169,0.232149,6885.0,,,178.0,177.0,1.0,,,7.7056,2989.0,4704.0,80.0,3828.0,4918.0,94.0,-839.0,-214.0,-14.0,0.0,0.0,0.0,0.0,1.0,0.0,4325.0,6660.0,112.0,6509.0,7263.0,132.0,-2184.0,-603.0,-20.0,0.0,1.0,1.0,3.0,2.0,0.0,6046.0,8951.0,151.0,8768.0,9782.0,183.0,-2722.0,-831.0,-32.0,1.0,1.0,2.0,3.0,3.0,0.0,,,,,,,,,,,,,,,
ESPORTSTMNT05_3220122,complete,,EM,2023,Spring,0,2023-04-05 17:02:21,1,13.06,9,Red,bot,Shy Carry,oe:player:af020342617bd4e5c5da5a4c31ff591,Diamant Esports,oe:team:830f05a5024d0794bd8d5b598b2432b,Aphelios,Wukong,Syndra,Xayah,Rell,Cho'Gath,,,,,,1386,0,2,4,1,6,25,0.0,0.0,0.0,0.0,0.0,0.0,0.0,1.0,0.2597,1.342,,,,,,,,,,,,,,,,,,,,,0.0,0.0,,,,,,,,0.0,0.0,6088.0,263.5498,0.210548,352.6407,153.4632,7.0,0.303,6.0,0.2597,0.0,26.0,1.1255,7660,4557,197.2727,0.264543,6875.0,,,169.0,169.0,0.0,,,7.316,2725.0,2678.0,58.0,5716.0,3068.0,76.0,-2991.0,-390.0,-18.0,0.0,0.0,3.0,6.0,0.0,0.0,4489.0,4635.0,94.0,7881.0,5408.0,125.0,-3392.0,-773.0,-31.0,1.0,1.0,4.0,6.0,2.0,0.0,6074.0,6517.0,139.0,11130.0,7506.0,176.0,-5056.0,-989.0,-37.0,1.0,1.0,4.0,8.0,2.0,0.0,,,,,,,,,,,,,,,
ESPORTSTMNT05_3220122,complete,,EM,2023,Spring,0,2023-04-05 17:02:21,1,13.06,10,Red,sup,Wojtus,oe:player:a93e0326b85f0312cf1b451e175a7a0,Diamant Esports,oe:team:830f05a5024d0794bd8d5b598b2432b,Annie,Wukong,Syndra,Xayah,Rell,Cho'Gath,,,,,,1386,0,0,7,3,6,25,0.0,0.0,0.0,0.0,0.0,0.0,0.0,0.0,0.2597,1.342,,,,,,,,,,,,,,,,,,,,,0.0,0.0,,,,,,,,0.0,1.0,3328.0,144.0693,0.115096,554.4156,239.697,25.0,1.0823,8.0,0.3463,6.0,52.0,2.2511,4758,1655,71.645,0.0960745,4400.0,,,12.0,12.0,0.0,,,0.5195,2044.0,1468.0,3.0,2698.0,2328.0,15.0,-654.0,-860.0,-12.0,0.0,0.0,3.0,0.0,6.0,0.0,3283.0,2202.0,6.0,4047.0,3238.0,22.0,-764.0,-1036.0,-16.0,0.0,2.0,3.0,0.0,8.0,1.0,4252.0,4197.0,11.0,5681.0,4485.0,32.0,-1429.0,-288.0,-21.0,0.0,2.0,5.0,0.0,11.0,1.0,,,,,,,,,,,,,,,
ESPORTSTMNT05_3220122,complete,,EM,2023,Spring,0,2023-04-05 17:02:21,1,13.06,100,Blue,team,,,aNc Outplayed,oe:team:cd6b4265231d4ba346274357681c335,,Kennen,Jinx,Gragas,Gangplank,Gnar,Vi,Draven,Cassiopeia,Rumble,Rakan,1386,1,25,6,50,25,6,3.0,0.0,0.0,0.0,1.0,,,,1.0823,1.342,1.0,2.0,1.0,2.0,1.0,1.0,1.0,0.0,0.0,0.0,0.0,,0.0,0.0,1.0,2.0,0.0,,,1.0,1.0,0.0,1.0,10.0,0.0,1.0,1.0,11.0,0.0,2.0,0.0,59421.0,2572.3377,,2569.7835,2801.4286,79.0,3.4199,17.0,0.7359,28.0,161.0,6.9697,52453,36938,1599.0476,,48520.0,0.434979,7.4,,589.0,142.0,,,31.645,18861.0,18245.0,325.0,14192.0,16458.0,272.0,4669.0,1787.0,53.0,7.0,9.0,1.0,1.0,1.0,7.0,29821.0,28158.0,489.0,21392.0,24855.0,406.0,8429.0,3303.0,83.0,11.0,19.0,3.0,3.0,6.0,11.0,41151.0,39133.0,657.0,28329.0,35739.0,560.0,12822.0,3394.0,97.0,16.0,26.0,4.0,4.0,6.0,16.0,,,,,,,,,,,,,,,
ESPORTSTMNT05_3220122,complete,,EM,2023,Spring,0,2023-04-05 17:02:21,1,13.06,200,Red,team,,,Diamant Esports,oe:team:830f05a5024d0794bd8d5b598b2432b,,Wukong,Syndra,Xayah,Rell,Cho'Gath,Annie,Aphelios,Viego,Malphite,Zoe,1386,0,6,25,9,6,25,0.0,0.0,0.0,0.0,0.0,,,,0.2597,1.342,0.0,1.0,2.0,1.0,2.0,0.0,0.0,0.0,0.0,1.0,0.0,,0.0,0.0,0.0,0.0,2.0,,,0.0,0.0,1.0,0.0,0.0,10.0,0.0,0.0,0.0,11.0,0.0,2.0,28915.0,1251.7316,,3237.4026,2225.6277,51.0,2.2078,33.0,1.4286,11.0,148.0,6.4069,32741,17226,745.7143,,31185.0,-0.434979,-7.4,,520.0,100.0,,,26.8398,14192.0,16458.0,272.0,18861.0,18245.0,325.0,-4669.0,-1787.0,-53.0,1.0,1.0,7.0,7.0,9.0,1.0,21392.0,24855.0,406.0,29821.0,28158.0,489.0,-8429.0,-3303.0,-83.0,3.0,6.0,11.0,11.0,19.0,3.0,28329.0,35739.0,560.0,41151.0,39133.0,657.0,-12822.0,-3394.0,-97.0,4.0,6.0,16.0,16.0,26.0,4.0,,,,,,,,,,,,,,,
ESPORTSTMNT05_3221123,complete,,EM,2023,Spring,0,2023-04-05 17:36:30,1,13.06,1,Blue,top,Sl4shD,oe:player:61eec59806c0beb33d2ffa40fcda3f5,GTZ Esports,oe:team:3659b5cb3434354530c31ce71461fc1,Renekton,Varus,Jayce,Gragas,Syndra,Illaoi,,,,,,1719,0,3,4,3,10,21,0.0,0.0,0.0,0.0,0.0,0.0,0.0,0.0,0.349,1.082,,,,,,,,,,,,,,,,,,,,,0.0,0.0,,,,,,,,0.0,0.0,15551.0,542.7923,0.250064,1047.8185,894.5899,12.0,0.4188,3.0,0.1047,3.0,32.0,1.1169,8759,4977,173.7173,0.196805,8805.0,,,179.0,179.0,0.0,,,6.2478,3006.0,4025.0,65.0,2632.0,3570.0,58.0,374.0,455.0,7.0,1.0,0.0,0.0,0.0,0.0,1.0,4976.0,6545.0,115.0,4309.0,5849.0,97.0,667.0,696.0,18.0,2.0,0.0,0.0,0.0,0.0,2.0,6946.0,8927.0,155.0,6054.0,7967.0,113.0,892.0,960.0,42.0,3.0,1.0,1.0,2.0,2.0,2.0,8283.0,10741.0,178.0,7761.0,10079.0,129.0,522.0,662.0,49.0,3.0,3.0,3.0,3.0,6.0,3.0
ESPORTSTMNT05_3221123,complete,,EM,2023,Spring,0,2023-04-05 17:36:30,1,13.06,2,Blue,jng,Time,oe:player:550fa477eff3885416f22c0b3f2fc88,GTZ Esports,oe:team:3659b5cb3434354530c31ce71461fc1,Lee Sin,Varus,Jayce,Gragas,Syndra,Illaoi,,,,,,1719,0,3,5,4,10,21,0.0,0.0,0.0,0.0,0.0,0.0,0.0,0.0,0.349,1.082,,,,,,,,,,,,,,,,,,,,,0.0,1.0,,,,,,,,0.0,1.0,9130.0,318.6736,0.146813,843.0017,802.6178,20.0,0.6981,8.0,0.2792,10.0,46.0,1.6056,8996,5214,181.9895,0.206177,8450.0,,,114.0,16.0,98.0,,,3.9791,2713.0,2767.0,52.0,2850.0,2460.0,44.0,-137.0,307.0,8.0,0.0,0.0,1.0,1.0,0.0,0.0,4754.0,4601.0,78.0,4446.0,4186.0,74.0,308.0,415.0,4.0,0.0,2.0,2.0,1.0,1.0,0.0,6296.0,6121.0,90.0,5972.0,6269.0,98.0,324.0,-148.0,-8.0,1.0,3.0,3.0,1.0,5.0,0.0,8151.0,7403.0,101.0,8421.0,9063.0,108.0,-270.0,-1660.0,-7.0,3.0,4.0,4.0,3.0,12.0,0.0
ESPORTSTMNT05_3221123,complete,,EM,2023,Spring,0,2023-04-05 17:36:30,1,13.06,3,Blue,mid,Heroic,oe:player:c71b4244f70372f8be07a3e83c58490,GTZ Esports,oe:team:3659b5cb3434354530c31ce71461fc1,Cassiopeia,Varus,Jayce,Gragas,Syndra,Illaoi,,,,,,1719,0,2,5,6,10,21,0.0,0.0,0.0,0.0,0.0,0.0,0.0,0.0,0.349,1.082,,,,,,,,,,,,,,,,,,,,,0.0,0.0,,,,,,,,0.0,0.0,19817.0,691.6928,0.318663,564.1536,362.5131,6.0,0.2094,5.0,0.1745,3.0,27.0,0.9424,9807,6025,210.2967,0.238249,9675.0,,,195.0,182.0,13.0,,,6.8063,2902.0,3440.0,56.0,3239.0,4213.0,86.0,-337.0,-773.0,-30.0,1.0,1.0,1.0,0.0,1.0,1.0,5699.0,5884.0,108.0,4876.0,5962.0,125.0,823.0,-78.0,-17.0,2.0,2.0,1.0,1.0,1.0,2.0,7536.0,7867.0,148.0,6970.0,8380.0,164.0,566.0,-513.0,-16.0,2.0,4.0,2.0,2.0,4.0,3.0,8855.0,9367.0,174.0,9077.0,10202.0,195.0,-222.0,-835.0,-21.0,2.0,6.0,4.0,4.0,5.0,4.0
ESPORTSTMNT05_3221123,complete,,EM,2023,Spring,0,2023-04-05 17:36:30,1,13.06,4,Blue,bot,Notiko,oe:player:e134b2791879ae44a24cf5fc966a4b7,GTZ Esports,oe:team:3659b5cb3434354530c31ce71461fc1,Kai'Sa,Varus,Jayce,Gragas,Syndra,Illaoi,,,,,,1719,0,2,3,2,10,21,0.0,0.0,0.0,0.0,1.0,1.0,0.0,0.0,0.349,1.082,,,,,,,,,,,,,,,,,,,,,0.0,0.0,,,,,,,,0.0,1.0,13417.0,468.3072,0.215749,487.2949,326.4572,10.0,0.349,10.0,0.349,1.0,37.0,1.2914,10400,6618,230.9948,0.261699,10375.0,,,225.0,192.0,33.0,,,7.8534,3429.0,3059.0,71.0,3298.0,3295.0,65.0,131.0,-236.0,6.0,1.0,1.0,0.0,1.0,1.0,0.0,5469.0,5464.0,119.0,6598.0,5758.0,124.0,-1129.0,-294.0,-5.0,1.0,1.0,1.0,2.0,1.0,0.0,7237.0,7381.0,168.0,8807.0,7663.0,170.0,-1570.0,-282.0,-2.0,1.0,1.0,1.0,3.0,3.0,1.0,9277.0,8851.0,197.0,12198.0,10203.0,217.0,-2921.0,-1352.0,-20.0,2.0,2.0,3.0,7.0,7.0,2.0
ESPORTSTMNT05_3221123,complete,,EM,2023,Spring,0,2023-04-05 17:36:30,1,13.06,5,Blue,sup,Nsurr,oe:player:6b35468bd45059f6a8450083fc379a9,GTZ Esports,oe:team:3659b5cb3434354530c31ce71461fc1,Rakan,Varus,Jayce,Gragas,Syndra,Illaoi,,,,,,1719,0,0,4,7,10,21,0.0,0.0,0.0,0.0,1.0,0.0,1.0,0.0,0.349,1.082,,,,,,,,,,,,,,,,,,,,,0.0,0.0,,,,,,,,0.0,0.0,4273.0,149.1449,0.068711,533.5777,563.0017,27.0,0.9424,9.0,0.3141,8.0,63.0,2.199,6237,2455,85.6894,0.0970705,6150.0,,,33.0,33.0,0.0,,,1.1518,2203.0,2096.0,10.0,1945.0,2380.0,10.0,258.0,-284.0,0.0,0.0,2.0,0.0,0.0,1.0,1.0,3285.0,3412.0,18.0,3432.0,3436.0,15.0,-147.0,-24.0,3.0,0.0,2.0,0.0,0.0,2.0,1.0,4585.0,4905.0,27.0,4477.0,4994.0,22.0,108.0,-89.0,5.0,0.0,4.0,1.0,0.0,4.0,1.0,5684.0,6281.0,32.0,6183.0,7777.0,31.0,-499.0,-1496.0,1.0,0.0,7.0,3.0,0.0,13.0,1.0
ESPORTSTMNT05_3221123,complete,,EM,2023,Spring,0,2023-04-05 17:36:30,1,13.06,6,Red,top,Satorius,oe:player:422d7cc4063f8801a9427860bfd855b,Geekay Esports,oe:team:1ff3f5c94edd806e1fed4105fc48995,Malphite,Annie,Elise,Wukong,LeBlanc,Swain,,,,,,1719,1,3,3,10,21,10,1.0,0.0,0.0,0.0,0.0,0.0,0.0,0.0,0.733,1.082,,,,,,,,,,,,,,,,,,,,,0.0,0.0,,,,,,,,0.0,0.0,12199.0,425.7941,0.151283,593.6475,1150.8551,15.0,0.5236,4.0,0.1396,5.0,36.0,1.2565,9309,5527,192.9145,0.15761,7575.0,,,134.0,130.0,4.0,,,4.6771,2632.0,3570.0,58.0,3006.0,4025.0,65.0,-374.0,-455.0,-7.0,0.0,0.0,1.0,1.0,0.0,0.0,4309.0,5849.0,97.0,4976.0,6545.0,115.0,-667.0,-696.0,-18.0,0.0,0.0,2.0,2.0,0.0,0.0,6054.0,7967.0,113.0,6946.0,8927.0,155.0,-892.0,-960.0,-42.0,2.0,2.0,2.0,3.0,1.0,1.0,7761.0,10079.0,129.0,8283.0,10741.0,178.0,-522.0,-662.0,-49.0,3.0,6.0,3.0,3.0,3.0,3.0
ESPORTSTMNT05_3221123,complete,,EM,2023,Spring,0,2023-04-05 17:36:30,1,13.06,7,Red,jng,Viking,oe:player:f48a8f161502989fca609408a80bd75,Geekay Esports,oe:team:1ff3f5c94edd806e1fed4105fc48995,Sejuani,Annie,Elise,Wukong,LeBlanc,Swain,,,,,,1719,1,3,0,15,21,10,0.0,0.0,0.0,0.0,0.0,0.0,0.0,0.0,0.733,1.082,,,,,,,,,,,,,,,,,,,,,1.0,0.0,,,,,,,,1.0,0.0,11803.0,411.9721,0.146372,832.9494,1126.6667,7.0,0.2443,5.0,0.1745,5.0,27.0,0.9424,10052,6270,218.8482,0.178799,8275.0,,,117.0,12.0,105.0,,,4.0838,2850.0,2460.0,44.0,2713.0,2767.0,52.0,137.0,-307.0,-8.0,1.0,0.0,0.0,0.0,0.0,1.0,4446.0,4186.0,74.0,4754.0,4601.0,78.0,-308.0,-415.0,-4.0,1.0,1.0,0.0,0.0,2.0,2.0,5972.0,6269.0,98.0,6296.0,6121.0,90.0,-324.0,148.0,8.0,1.0,5.0,0.0,1.0,3.0,3.0,8421.0,9063.0,108.0,8151.0,7403.0,101.0,270.0,1660.0,7.0,3.0,12.0,0.0,3.0,4.0,4.0
ESPORTSTMNT05_3221123,complete,,EM,2023,Spring,0,2023-04-05 17:36:30,1,13.06,8,Red,mid,Giyuu,oe:player:e6f5a7e37185c25a363d031ef5eafa9,Geekay Esports,oe:team:1ff3f5c94edd806e1fed4105fc48995,Irelia,Annie,Elise,Wukong,LeBlanc,Swain,,,,,,1719,1,4,4,8,21,10,0.0,0.0,0.0,0.0,0.0,0.0,0.0,0.0,0.733,1.082,,,,,,,,,,,,,,,,,,,,,0.0,0.0,,,,,,,,0.0,0.0,16785.0,585.8639,0.208155,575.2531,551.6928,17.0,0.5934,3.0,0.1047,7.0,45.0,1.5707,11319,7537,263.0716,0.214932,9125.0,,,229.0,217.0,12.0,,,7.993,3239.0,4213.0,86.0,2902.0,3440.0,56.0,337.0,773.0,30.0,0.0,1.0,1.0,1.0,1.0,1.0,4876.0,5962.0,125.0,5699.0,5884.0,108.0,-823.0,78.0,17.0,1.0,1.0,2.0,2.0,2.0,1.0,6970.0,8380.0,164.0,7536.0,7867.0,148.0,-566.0,513.0,16.0,2.0,4.0,3.0,2.0,4.0,2.0,9077.0,10202.0,195.0,8855.0,9367.0,174.0,222.0,835.0,21.0,4.0,5.0,4.0,2.0,6.0,4.0
ESPORTSTMNT05_3221123,complete,,EM,2023,Spring,0,2023-04-05 17:36:30,1,13.06,9,Red,bot,Rin,oe:player:ee4894bcff1cfaa4ffbf71b7b8d8921,Geekay Esports,oe:team:1ff3f5c94edd806e1fed4105fc48995,Xayah,Annie,Elise,Wukong,LeBlanc,Swain,,,,,,1719,1,11,2,7,21,10,1.0,1.0,0.0,0.0,0.0,0.0,0.0,0.0,0.733,1.082,,,,,,,,,,,,,,,,,,,,,0.0,0.0,,,,,,,,1.0,0.0,33641.0,1174.2059,0.417191,450.2967,424.3281,15.0,0.5236,15.0,0.5236,5.0,55.0,1.9197,15606,11824,412.7051,0.33719,12275.0,,,250.0,236.0,14.0,,,8.726,3298.0,3295.0,65.0,3429.0,3059.0,71.0,-131.0,236.0,-6.0,1.0,1.0,0.0,1.0,1.0,0.0,6598.0,5758.0,124.0,5469.0,5464.0,119.0,1129.0,294.0,5.0,2.0,1.0,0.0,1.0,1.0,1.0,8807.0,7663.0,170.0,7237.0,7381.0,168.0,1570.0,282.0,2.0,3.0,3.0,1.0,1.0,1.0,1.0,12198.0,10203.0,217.0,9277.0,8851.0,197.0,2921.0,1352.0,20.0,7.0,7.0,2.0,2.0,2.0,3.0
ESPORTSTMNT05_3221123,complete,,EM,2023,Spring,0,2023-04-05 17:36:30,1,13.06,10,Red,sup,Dekap,oe:player:be85b3d65508c757ac9af1d54310520,Geekay Esports,oe:team:1ff3f5c94edd806e1fed4105fc48995,Rell,Annie,Elise,Wukong,LeBlanc,Swain,,,,,,1719,1,0,1,16,21,10,0.0,0.0,0.0,0.0,0.0,0.0,0.0,1.0,0.733,1.082,,,,,,,,,,,,,,,,,,,,,0.0,0.0,,,,,,,,0.0,0.0,6209.0,216.719,0.0769994,442.5829,674.1012,36.0,1.2565,6.0,0.2094,10.0,66.0,2.3037,7691,3909,136.4398,0.111468,6050.0,,,32.0,32.0,0.0,,,1.1169,1945.0,2380.0,10.0,2203.0,2096.0,10.0,-258.0,284.0,0.0,0.0,1.0,1.0,0.0,2.0,0.0,3432.0,3436.0,15.0,3285.0,3412.0,18.0,147.0,24.0,-3.0,0.0,2.0,1.0,0.0,2.0,0.0,4477.0,4994.0,22.0,4585.0,4905.0,27.0,-108.0,89.0,-5.0,0.0,4.0,1.0,0.0,4.0,1.0,6183.0,7777.0,31.0,5684.0,6281.0,32.0,499.0,1496.0,-1.0,0.0,13.0,1.0,0.0,7.0,3.0
ESPORTSTMNT05_3221123,complete,,EM,2023,Spring,0,2023-04-05 17:36:30,1,13.06,100,Blue,team,,,GTZ Esports,oe:team:3659b5cb3434354530c31ce71461fc1,,Varus,Jayce,Gragas,Syndra,Illaoi,Rakan,Lee Sin,Kai'Sa,Renekton,Cassiopeia,1719,0,10,21,22,10,21,0.0,0.0,0.0,0.0,1.0,,,,0.349,1.082,0.0,0.0,4.0,0.0,4.0,0.0,0.0,0.0,0.0,0.0,0.0,,0.0,0.0,1.0,1.0,1.0,,,0.0,0.0,1.0,0.0,2.0,9.0,0.0,0.0,8.0,8.0,0.0,2.0,62188.0,2170.6108,,3475.8464,2949.1798,75.0,2.6178,35.0,1.2216,25.0,205.0,7.1553,44199,25287,882.6178,,43455.0,0.00357328,-0.49,,602.0,144.0,,,26.0384,14253.0,15387.0,254.0,13964.0,15918.0,263.0,289.0,-531.0,-9.0,3.0,4.0,2.0,2.0,3.0,3.0,24183.0,25906.0,438.0,23661.0,25191.0,435.0,522.0,715.0,3.0,5.0,7.0,4.0,4.0,5.0,5.0,32600.0,35201.0,588.0,32280.0,35273.0,567.0,320.0,-72.0,21.0,7.0,13.0,8.0,8.0,18.0,7.0,40250.0,42643.0,682.0,43640.0,47324.0,680.0,-3390.0,-4681.0,2.0,10.0,22.0,17.0,17.0,43.0,10.0
ESPORTSTMNT05_3221123,complete,,EM,2023,Spring,0,2023-04-05 17:36:30,1,13.06,200,Red,team,,,Geekay Esports,oe:team:1ff3f5c94edd806e1fed4105fc48995,,Annie,Elise,Wukong,LeBlanc,Swain,Xayah,Sejuani,Rell,Irelia,Malphite,1719,1,21,10,56,21,10,2.0,1.0,0.0,0.0,0.0,,,,0.733,1.082,1.0,4.0,0.0,4.0,0.0,1.0,2.0,0.0,0.0,0.0,1.0,,0.0,0.0,0.0,1.0,1.0,,,1.0,1.0,0.0,1.0,9.0,2.0,1.0,1.0,8.0,8.0,2.0,0.0,80637.0,2814.555,,2894.7295,3927.644,90.0,3.1414,33.0,1.1518,32.0,229.0,7.993,53977,35065,1223.9092,,43300.0,-0.00357328,0.49,,627.0,135.0,,,26.5969,13964.0,15918.0,263.0,14253.0,15387.0,254.0,-289.0,531.0,9.0,2.0,3.0,3.0,3.0,4.0,2.0,23661.0,25191.0,435.0,24183.0,25906.0,438.0,-522.0,-715.0,-3.0,4.0,5.0,5.0,5.0,7.0,4.0,32280.0,35273.0,567.0,32600.0,35201.0,588.0,-320.0,72.0,-21.0,8.0,18.0,7.0,7.0,13.0,8.0,43640.0,47324.0,680.0,40250.0,42643.0,682.0,3390.0,4681.0,-2.0,17.0,43.0,10.0,10.0,22.0,17.0
ESPORTSTMNT05_3221122,complete,,EM,2023,Spring,0,2023-04-05 17:36:45,1,13.06,1,Blue,top,Robba,oe:player:0a08034cdc4feac55c0bdfbc0f300db,KRC Genk Esports,oe:team:01a959b2a20ca77057e580ec051aa3e,Cho'Gath,Caitlyn,Lee Sin,Varus,Olaf,Malphite,,,,,,1837,1,2,2,8,16,7,0.0,0.0,0.0,0.0,0.0,0.0,0.0,0.0,0.5226,0.7512,,,,,,,,,,,,,,,,,,,,,1.0,0.0,,,,,,,,1.0,0.0,15518.0,506.8481,0.241841,710.7893,948.6663,16.0,0.5226,7.0,0.2286,7.0,40.0,1.3065,11869,7846,256.2657,0.199056,10825.0,,,234.0,222.0,12.0,,,7.6429,3338.0,5067.0,92.0,3594.0,4974.0,94.0,-256.0,93.0,-2.0,0.0,0.0,0.0,0.0,0.0,0.0,6016.0,8791.0,150.0,5646.0,7465.0,143.0,370.0,1326.0,7.0,1.0,0.0,0.0,0.0,0.0,1.0,7646.0,10710.0,180.0,7198.0,9669.0,178.0,448.0,1041.0,2.0,1.0,0.0,2.0,0.0,1.0,1.0,9006.0,14249.0,211.0,9488.0,12407.0,226.0,-482.0,1842.0,-15.0,1.0,0.0,2.0,0.0,1.0,1.0
ESPORTSTMNT05_3221122,complete,,EM,2023,Spring,0,2023-04-05 17:36:45,1,13.06,2,Blue,jng,Guertas,oe:player:66dfc0444c571e87d4442178fee3ab4,KRC Genk Esports,oe:team:01a959b2a20ca77057e580ec051aa3e,Viego,Caitlyn,Lee Sin,Varus,Olaf,Malphite,,,,,,1837,1,9,0,4,16,7,1.0,1.0,1.0,0.0,1.0,1.0,0.0,0.0,0.5226,0.7512,,,,,,,,,,,,,,,,,,,,,0.0,0.0,,,,,,,,0.0,0.0,18230.0,595.4273,0.284107,968.7207,758.7044,10.0,0.3266,10.0,0.3266,12.0,45.0,1.4698,15027,11004,359.4121,0.279177,13000.0,,,232.0,47.0,185.0,,,7.5776,3686.0,3735.0,73.0,2884.0,3141.0,56.0,802.0,594.0,17.0,1.0,0.0,0.0,0.0,1.0,0.0,6224.0,6286.0,122.0,4359.0,5329.0,85.0,1865.0,957.0,37.0,2.0,1.0,0.0,0.0,3.0,1.0,8355.0,8835.0,162.0,6149.0,7569.0,111.0,2206.0,1266.0,51.0,2.0,1.0,0.0,1.0,5.0,2.0,9746.0,10786.0,195.0,7378.0,9569.0,132.0,2368.0,1217.0,63.0,2.0,1.0,0.0,1.0,5.0,2.0
ESPORTSTMNT05_3221122,complete,,EM,2023,Spring,0,2023-04-05 17:36:45,1,13.06,3,Blue,mid,Mikkel,oe:player:b2c05a26758d82a8643a27eec405dcb,KRC Genk Esports,oe:team:01a959b2a20ca77057e580ec051aa3e,Gragas,Caitlyn,Lee Sin,Varus,Olaf,Malphite,,,,,,1837,1,1,0,8,16,7,0.0,0.0,0.0,0.0,0.0,0.0,0.0,0.0,0.5226,0.7512,,,,,,,,,,,,,,,,,,,,,0.0,0.0,,,,,,,,0.0,0.0,10911.0,356.3745,0.170043,635.2422,620.7077,5.0,0.1633,4.0,0.1306,3.0,19.0,0.6206,11543,7520,245.6179,0.190785,10975.0,,,255.0,251.0,4.0,,,8.3288,3237.0,4721.0,91.0,3137.0,4980.0,86.0,100.0,-259.0,5.0,0.0,0.0,0.0,0.0,1.0,0.0,5179.0,7620.0,147.0,5502.0,8015.0,139.0,-323.0,-395.0,8.0,0.0,0.0,0.0,2.0,1.0,0.0,7088.0,10323.0,190.0,8375.0,10749.0,184.0,-1287.0,-426.0,6.0,0.0,0.0,0.0,4.0,3.0,0.0,8604.0,14014.0,230.0,10334.0,13886.0,244.0,-1730.0,128.0,-14.0,0.0,0.0,0.0,4.0,3.0,0.0
ESPORTSTMNT05_3221122,complete,,EM,2023,Spring,0,2023-04-05 17:36:45,1,13.06,4,Blue,bot,Orion,oe:player:915901c2ffafe3ee9245c3ef30ec5b4,KRC Genk Esports,oe:team:01a959b2a20ca77057e580ec051aa3e,Aphelios,Caitlyn,Lee Sin,Varus,Olaf,Malphite,,,,,,1837,1,3,3,6,16,7,0.0,0.0,0.0,0.0,1.0,0.0,1.0,0.0,0.5226,0.7512,,,,,,,,,,,,,,,,,,,,,0.0,0.0,,,,,,,,1.0,0.0,14242.0,465.1715,0.221956,300.5553,415.5253,15.0,0.4899,5.0,0.1633,5.0,36.0,1.1758,13200,9177,299.7387,0.232825,11975.0,,,258.0,258.0,0.0,,,8.4268,3446.0,2870.0,80.0,3127.0,3405.0,76.0,319.0,-535.0,4.0,0.0,1.0,0.0,0.0,1.0,1.0,5577.0,4494.0,116.0,4692.0,6211.0,126.0,885.0,-1717.0,-10.0,0.0,3.0,2.0,0.0,2.0,1.0,7797.0,6906.0,165.0,7077.0,9352.0,183.0,720.0,-2446.0,-18.0,1.0,3.0,3.0,1.0,5.0,1.0,9408.0,8355.0,206.0,9016.0,11262.0,237.0,392.0,-2907.0,-31.0,1.0,3.0,3.0,1.0,5.0,1.0
ESPORTSTMNT05_3221122,complete,,EM,2023,Spring,0,2023-04-05 17:36:45,1,13.06,5,Blue,sup,KINGPIN,oe:player:4fca9f76fb87127e7bb220b11debdde,KRC Genk Esports,oe:team:01a959b2a20ca77057e580ec051aa3e,Renata Glasc,Caitlyn,Lee Sin,Varus,Olaf,Malphite,,,,,,1837,1,1,2,11,16,7,0.0,0.0,0.0,0.0,1.0,0.0,1.0,0.0,0.5226,0.7512,,,,,,,,,,,,,,,,,,,,,0.0,0.0,,,,,,,,0.0,0.0,5265.0,171.9652,0.0820528,233.5329,202.6021,51.0,1.6658,6.0,0.196,12.0,79.0,2.5803,7892,3869,126.3691,0.0981571,7300.0,,,32.0,32.0,0.0,,,1.0452,2272.0,2411.0,14.0,2417.0,2465.0,5.0,-145.0,-54.0,9.0,0.0,1.0,1.0,1.0,0.0,0.0,3824.0,3823.0,25.0,3584.0,3348.0,14.0,240.0,475.0,11.0,1.0,2.0,1.0,1.0,2.0,1.0,4977.0,5247.0,28.0,4788.0,5453.0,15.0,189.0,-206.0,13.0,1.0,3.0,2.0,1.0,6.0,1.0,5744.0,6466.0,30.0,5720.0,6349.0,19.0,24.0,117.0,11.0,1.0,3.0,2.0,1.0,6.0,1.0
ESPORTSTMNT05_3221122,complete,,EM,2023,Spring,0,2023-04-05 17:36:45,1,13.06,6,Red,top,Caucha,oe:player:190d3ffa9c4734a633e2103dbbdb815,White Dragons,oe:team:6468029fb605bd6fdf1cf866e890739,Kennen,Jarvan IV,Sejuani,Vi,Thresh,Lulu,,,,,,1837,0,0,3,1,7,16,0.0,0.0,0.0,0.0,0.0,0.0,0.0,0.0,0.2286,0.7512,,,,,,,,,,,,,,,,,,,,,0.0,1.0,,,,,,,,0.0,1.0,9296.0,303.6255,0.174944,467.6864,296.6685,10.0,0.3266,9.0,0.294,2.0,42.0,1.3718,10584,6561,214.295,0.225317,10450.0,,,238.0,238.0,0.0,,,7.7735,3594.0,4974.0,94.0,3338.0,5067.0,92.0,256.0,-93.0,2.0,0.0,0.0,0.0,0.0,0.0,0.0,5646.0,7465.0,143.0,6016.0,8791.0,150.0,-370.0,-1326.0,-7.0,0.0,0.0,1.0,1.0,0.0,0.0,7198.0,9669.0,178.0,7646.0,10710.0,180.0,-448.0,-1041.0,-2.0,0.0,1.0,1.0,1.0,0.0,2.0,9488.0,12407.0,226.0,9006.0,14249.0,211.0,482.0,-1842.0,15.0,0.0,1.0,1.0,1.0,0.0,2.0
ESPORTSTMNT05_3221122,complete,,EM,2023,Spring,0,2023-04-05 17:36:45,1,13.06,7,Red,jng,D4SH,oe:player:b665b9fa5f821ff73a873d0cecb0682,White Dragons,oe:team:6468029fb605bd6fdf1cf866e890739,Xin Zhao,Jarvan IV,Sejuani,Vi,Thresh,Lulu,,,,,,1837,0,1,5,5,7,16,0.0,0.0,0.0,0.0,0.0,0.0,0.0,0.0,0.2286,0.7512,,,,,,,,,,,,,,,,,,,,,0.0,0.0,,,,,,,,0.0,0.0,9201.0,300.5226,0.173156,891.3446,708.9929,7.0,0.2286,7.0,0.2286,6.0,40.0,1.3065,8736,4713,153.9358,0.161853,8150.0,,,159.0,13.0,146.0,,,5.1932,2884.0,3141.0,56.0,3686.0,3735.0,73.0,-802.0,-594.0,-17.0,0.0,1.0,0.0,1.0,0.0,0.0,4359.0,5329.0,85.0,6224.0,6286.0,122.0,-1865.0,-957.0,-37.0,0.0,3.0,1.0,2.0,1.0,0.0,6149.0,7569.0,111.0,8355.0,8835.0,162.0,-2206.0,-1266.0,-51.0,1.0,5.0,2.0,2.0,1.0,0.0,7378.0,9569.0,132.0,9746.0,10786.0,195.0,-2368.0,-1217.0,-63.0,1.0,5.0,2.0,2.0,1.0,0.0
ESPORTSTMNT05_3221122,complete,,EM,2023,Spring,0,2023-04-05 17:36:45,1,13.06,8,Red,mid,NOMA,oe:player:a0768d89dec26206b95179ad9a1c08d,White Dragons,oe:team:6468029fb605bd6fdf1cf866e890739,Swain,Jarvan IV,Sejuani,Vi,Thresh,Lulu,,,,,,1837,0,4,2,3,7,16,0.0,0.0,0.0,0.0,0.0,0.0,0.0,0.0,0.2286,0.7512,,,,,,,,,,,,,,,,,,,,,0.0,0.0,,,,,,,,0.0,0.0,18351.0,599.3794,0.345353,573.4785,497.8334,11.0,0.3593,3.0,0.098,2.0,34.0,1.1105,12223,8200,267.828,0.281604,12300.0,,,287.0,279.0,8.0,,,9.374,3137.0,4980.0,86.0,3237.0,4721.0,91.0,-100.0,259.0,-5.0,0.0,1.0,0.0,0.0,0.0,0.0,5502.0,8015.0,139.0,5179.0,7620.0,147.0,323.0,395.0,-8.0,2.0,1.0,0.0,0.0,0.0,0.0,8375.0,10749.0,184.0,7088.0,10323.0,190.0,1287.0,426.0,-6.0,4.0,3.0,0.0,0.0,0.0,0.0,10334.0,13886.0,244.0,8604.0,14014.0,230.0,1730.0,-128.0,14.0,4.0,3.0,0.0,0.0,0.0,0.0
ESPORTSTMNT05_3221122,complete,,EM,2023,Spring,0,2023-04-05 17:36:45,1,13.06,9,Red,bot,Worst,oe:player:4f4e71938a105fe72bd18788fe53d40,White Dragons,oe:team:6468029fb605bd6fdf1cf866e890739,Xayah,Jarvan IV,Sejuani,Vi,Thresh,Lulu,,,,,,1837,0,1,3,5,7,16,0.0,0.0,0.0,0.0,0.0,0.0,0.0,1.0,0.2286,0.7512,,,,,,,,,,,,,,,,,,,,,0.0,0.0,,,,,,,,0.0,1.0,11391.0,372.0523,0.21437,523.7017,285.2368,8.0,0.2613,10.0,0.3266,3.0,25.0,0.8165,11035,7012,229.0256,0.240806,10525.0,,,284.0,260.0,24.0,,,9.276,3127.0,3405.0,76.0,3446.0,2870.0,80.0,-319.0,535.0,-4.0,0.0,1.0,1.0,0.0,1.0,0.0,4692.0,6211.0,126.0,5577.0,4494.0,116.0,-885.0,1717.0,10.0,0.0,2.0,1.0,0.0,3.0,2.0,7077.0,9352.0,183.0,7797.0,6906.0,165.0,-720.0,2446.0,18.0,1.0,5.0,1.0,1.0,3.0,3.0,9016.0,11262.0,237.0,9408.0,8355.0,206.0,-392.0,2907.0,31.0,1.0,5.0,1.0,1.0,3.0,3.0
ESPORTSTMNT05_3221122,complete,,EM,2023,Spring,0,2023-04-05 17:36:45,1,13.06,10,Red,sup,Calmsky,oe:player:f32776bb3b0bfb1cd3261868df4dfce,White Dragons,oe:team:6468029fb605bd6fdf1cf866e890739,Rakan,Jarvan IV,Sejuani,Vi,Thresh,Lulu,,,,,,1837,0,1,3,6,7,16,0.0,0.0,0.0,0.0,0.0,0.0,0.0,0.0,0.2286,0.7512,,,,,,,,,,,,,,,,,,,,,0.0,0.0,,,,,,,,0.0,0.0,4898.0,159.9782,0.0921768,330.343,387.926,38.0,1.2412,19.0,0.6206,14.0,93.0,3.0376,6656,2633,85.9989,0.0904206,6000.0,,,23.0,23.0,0.0,,,0.7512,2417.0,2465.0,5.0,2272.0,2411.0,14.0,145.0,54.0,-9.0,1.0,0.0,0.0,0.0,1.0,1.0,3584.0,3348.0,14.0,3824.0,3823.0,25.0,-240.0,-475.0,-11.0,1.0,2.0,1.0,1.0,2.0,1.0,4788.0,5453.0,15.0,4977.0,5247.0,28.0,-189.0,206.0,-13.0,1.0,6.0,1.0,1.0,3.0,2.0,5720.0,6349.0,19.0,5744.0,6466.0,30.0,-24.0,-117.0,-11.0,1.0,6.0,1.0,1.0,3.0,2.0
ESPORTSTMNT05_3221122,complete,,EM,2023,Spring,0,2023-04-05 17:36:45,1,13.06,100,Blue,team,,,KRC Genk Esports,oe:team:01a959b2a20ca77057e580ec051aa3e,,Caitlyn,Lee Sin,Varus,Olaf,Malphite,Gragas,Aphelios,Viego,Cho'Gath,Renata Glasc,1837,1,16,7,37,16,7,1.0,1.0,1.0,0.0,1.0,,,,0.5226,0.7512,1.0,2.0,2.0,2.0,2.0,0.0,1.0,0.0,0.0,0.0,1.0,,0.0,0.0,1.0,2.0,0.0,,,1.0,1.0,0.0,0.0,11.0,2.0,1.0,1.0,8.0,1.0,2.0,0.0,64166.0,2095.7866,,2848.8405,2946.2058,97.0,3.1682,32.0,1.0452,39.0,219.0,7.153,59531,39416,1287.4034,,54075.0,0.131034,1.8,,810.0,201.0,,,33.0212,15979.0,18804.0,350.0,15159.0,18965.0,317.0,820.0,-161.0,33.0,1.0,2.0,1.0,1.0,3.0,1.0,26820.0,31014.0,560.0,23783.0,30368.0,507.0,3037.0,646.0,53.0,4.0,6.0,3.0,3.0,8.0,4.0,35863.0,42021.0,725.0,33587.0,42792.0,671.0,2276.0,-771.0,54.0,5.0,7.0,7.0,7.0,20.0,5.0,42508.0,53870.0,872.0,41936.0,53473.0,858.0,572.0,397.0,14.0,5.0,7.0,7.0,7.0,20.0,5.0
ESPORTSTMNT05_3221122,complete,,EM,2023,Spring,0,2023-04-05 17:36:45,1,13.06,200,Red,team,,,White Dragons,oe:team:6468029fb605bd6fdf1cf866e890739,,Jarvan IV,Sejuani,Vi,Thresh,Lulu,Xayah,Rakan,Xin Zhao,Kennen,Swain,1837,0,7,16,20,7,16,0.0,0.0,0.0,0.0,0.0,,,,0.2286,0.7512,0.0,2.0,2.0,2.0,2.0,0.0,0.0,1.0,0.0,0.0,1.0,,0.0,0.0,0.0,0.0,2.0,,,0.0,0.0,1.0,1.0,2.0,11.0,0.0,0.0,1.0,8.0,0.0,2.0,53137.0,1735.558,,2786.5542,2176.6576,74.0,2.417,48.0,1.5678,27.0,234.0,7.6429,49234,29119,951.0833,,47425.0,-0.131034,-1.8,,813.0,178.0,,,32.368,15159.0,18965.0,317.0,15979.0,18804.0,350.0,-820.0,161.0,-33.0,1.0,3.0,1.0,1.0,2.0,1.0,23783.0,30368.0,507.0,26820.0,31014.0,560.0,-3037.0,-646.0,-53.0,3.0,8.0,4.0,4.0,6.0,3.0,33587.0,42792.0,671.0,35863.0,42021.0,725.0,-2276.0,771.0,-54.0,7.0,20.0,5.0,5.0,7.0,7.0,41936.0,53473.0,858.0,42508.0,53870.0,872.0,-572.0,-397.0,-14.0,7.0,20.0,5.0,5.0,7.0,7.0
ESPORTSTMNT05_3222123,complete,,EM,2023,Spring,0,2023-04-05 17:38:18,1,13.06,1,Blue,top,Lunddorf,oe:player:6cb2f925e1216835980ce1a01bb62f6,Partizan Esports,oe:team:e42ade212c09777da0f54bffe481f6d,Kennen,Azir,Cassiopeia,Viktor,Orianna,Ahri,,,,,,1974,1,3,3,6,19,8,0.0,0.0,0.0,0.0,0.0,0.0,0.0,0.0,0.5775,0.8207,,,,,,,,,,,,,,,,,,,,,0.0,0.0,,,,,,,,0.0,0.0,19739.0,599.9696,0.278006,586.6261,399.5745,9.0,0.2736,8.0,0.2432,4.0,34.0,1.0334,12967,8664,263.3435,0.197389,11050.0,,,239.0,231.0,8.0,,,7.2644,3374.0,4767.0,79.0,2692.0,3983.0,58.0,682.0,784.0,21.0,0.0,1.0,0.0,0.0,0.0,1.0,5817.0,7647.0,130.0,4031.0,6104.0,97.0,1786.0,1543.0,33.0,0.0,1.0,0.0,0.0,0.0,1.0,7531.0,9890.0,162.0,6283.0,9210.0,151.0,1248.0,680.0,11.0,0.0,2.0,0.0,0.0,0.0,1.0,9325.0,13113.0,199.0,7752.0,11597.0,187.0,1573.0,1516.0,12.0,0.0,4.0,1.0,0.0,0.0,1.0
ESPORTSTMNT05_3222123,complete,,EM,2023,Spring,0,2023-04-05 17:38:18,1,13.06,2,Blue,jng,Sn1lle,oe:player:947d42fad1e2f3afeb911e5ae3888ce,Partizan Esports,oe:team:e42ade212c09777da0f54bffe481f6d,Viego,Azir,Cassiopeia,Viktor,Orianna,Ahri,,,,,,1974,1,9,0,2,19,8,1.0,0.0,0.0,0.0,1.0,1.0,0.0,0.0,0.5775,0.8207,,,,,,,,,,,,,,,,,,,,,1.0,0.0,,,,,,,,0.0,0.0,18675.0,567.6292,0.263021,1041.155,1339.7568,11.0,0.3343,30.0,0.9119,18.0,80.0,2.4316,14475,10172,309.1793,0.231744,12600.0,,,231.0,53.0,178.0,,,7.0213,3975.0,3588.0,74.0,3205.0,3246.0,63.0,770.0,342.0,11.0,2.0,0.0,0.0,0.0,1.0,0.0,6282.0,5735.0,106.0,4434.0,5128.0,89.0,1848.0,607.0,17.0,5.0,0.0,0.0,0.0,1.0,2.0,8518.0,8381.0,148.0,6189.0,7105.0,116.0,2329.0,1276.0,32.0,5.0,0.0,0.0,0.0,2.0,2.0,10783.0,11596.0,188.0,7677.0,9075.0,132.0,3106.0,2521.0,56.0,6.0,2.0,0.0,1.0,2.0,4.0
ESPORTSTMNT05_3222123,complete,,EM,2023,Spring,0,2023-04-05 17:38:18,1,13.06,3,Blue,mid,Rylle,oe:player:aa11f28607376fa521dd2625569a656,Partizan Esports,oe:team:e42ade212c09777da0f54bffe481f6d,Annie,Azir,Cassiopeia,Viktor,Orianna,Ahri,,,,,,1974,1,3,3,5,19,8,0.0,0.0,0.0,0.0,1.0,0.0,1.0,0.0,0.5775,0.8207,,,,,,,,,,,,,,,,,,,,,0.0,0.0,,,,,,,,0.0,0.0,13140.0,399.3921,0.185065,466.8085,436.0486,8.0,0.2432,17.0,0.5167,5.0,50.0,1.5198,13421,9118,277.1429,0.207732,12325.0,,,267.0,263.0,4.0,,,8.1155,3420.0,4701.0,85.0,3625.0,4678.0,90.0,-205.0,23.0,-5.0,0.0,2.0,1.0,1.0,0.0,2.0,5339.0,7785.0,135.0,5315.0,7226.0,132.0,24.0,559.0,3.0,0.0,2.0,1.0,1.0,1.0,2.0,7869.0,10315.0,188.0,7641.0,10355.0,185.0,228.0,-40.0,3.0,0.0,2.0,1.0,2.0,1.0,2.0,10220.0,14769.0,226.0,9703.0,12770.0,227.0,517.0,1999.0,-1.0,2.0,2.0,1.0,2.0,2.0,2.0
ESPORTSTMNT05_3222123,complete,,EM,2023,Spring,0,2023-04-05 17:38:18,1,13.06,4,Blue,bot,Jopa,oe:player:e214e8e906f16ec13e9a88de30dc181,Partizan Esports,oe:team:e42ade212c09777da0f54bffe481f6d,Xayah,Azir,Cassiopeia,Viktor,Orianna,Ahri,,,,,,1974,1,4,1,6,19,8,1.0,0.0,0.0,0.0,0.0,0.0,0.0,0.0,0.5775,0.8207,,,,,,,,,,,,,,,,,,,,,1.0,0.0,,,,,,,,1.0,0.0,16543.0,502.8267,0.232993,387.4164,352.0365,14.0,0.4255,12.0,0.3647,3.0,52.0,1.5805,16184,11881,361.1246,0.270677,13225.0,,,340.0,320.0,20.0,,,10.3343,3789.0,3801.0,87.0,3844.0,3731.0,100.0,-55.0,70.0,-13.0,1.0,0.0,0.0,0.0,0.0,0.0,5753.0,6100.0,138.0,5984.0,5903.0,156.0,-231.0,197.0,-18.0,1.0,2.0,1.0,1.0,0.0,0.0,8382.0,9066.0,195.0,7887.0,8013.0,208.0,495.0,1053.0,-13.0,2.0,2.0,1.0,1.0,1.0,1.0,10427.0,11974.0,241.0,9771.0,10369.0,263.0,656.0,1605.0,-22.0,2.0,4.0,1.0,1.0,2.0,1.0
ESPORTSTMNT05_3222123,complete,,EM,2023,Spring,0,2023-04-05 17:38:18,1,13.06,5,Blue,sup,Cl0x,oe:player:85b3b3e91202ccada9f1f5a24dc1bfb,Partizan Esports,oe:team:e42ade212c09777da0f54bffe481f6d,Renata Glasc,Azir,Cassiopeia,Viktor,Orianna,Ahri,,,,,,1974,1,0,1,13,19,8,0.0,0.0,0.0,0.0,0.0,0.0,0.0,0.0,0.5775,0.8207,,,,,,,,,,,,,,,,,,,,,0.0,0.0,,,,,,,,0.0,0.0,2905.0,88.2979,0.0409143,382.766,348.693,56.0,1.7021,11.0,0.3343,8.0,99.0,3.0091,8361,4058,123.3435,0.0924575,7000.0,,,41.0,37.0,4.0,,,1.2462,1996.0,1801.0,13.0,2192.0,2258.0,15.0,-196.0,-457.0,-2.0,0.0,0.0,0.0,0.0,1.0,0.0,3413.0,3378.0,26.0,3499.0,3860.0,28.0,-86.0,-482.0,-2.0,0.0,3.0,0.0,0.0,2.0,1.0,4433.0,3895.0,33.0,4467.0,5049.0,33.0,-34.0,-1154.0,0.0,0.0,3.0,1.0,0.0,3.0,1.0,5730.0,6578.0,37.0,5493.0,6023.0,42.0,237.0,555.0,-5.0,0.0,6.0,1.0,0.0,4.0,2.0
ESPORTSTMNT05_3222123,complete,,EM,2023,Spring,0,2023-04-05 17:38:18,1,13.06,6,Red,top,Nille,oe:player:2df5432fbfcc85dc85c33e269ebd063,Verdant,oe:team:b33646d7b7b14dd6da17a88f6ddb592,Gnar,Gragas,Lillia,Vi,Malphite,Lissandra,,,,,,1974,0,1,3,1,8,19,0.0,0.0,0.0,0.0,0.0,0.0,0.0,0.0,0.2432,0.8207,,,,,,,,,,,,,,,,,,,,,0.0,0.0,,,,,,,,0.0,0.0,7059.0,214.5593,0.113296,611.307,684.4377,17.0,0.5167,6.0,0.1824,6.0,46.0,1.3982,10362,6059,184.1641,0.185826,10333.0,,,230.0,226.0,4.0,,,6.9909,2692.0,3983.0,58.0,3374.0,4767.0,79.0,-682.0,-784.0,-21.0,0.0,0.0,1.0,0.0,1.0,0.0,4031.0,6104.0,97.0,5817.0,7647.0,130.0,-1786.0,-1543.0,-33.0,0.0,0.0,1.0,0.0,1.0,0.0,6283.0,9210.0,151.0,7531.0,9890.0,162.0,-1248.0,-680.0,-11.0,0.0,0.0,1.0,0.0,2.0,0.0,7752.0,11597.0,187.0,9325.0,13113.0,199.0,-1573.0,-1516.0,-12.0,0.0,0.0,1.0,0.0,4.0,1.0
ESPORTSTMNT05_3222123,complete,,EM,2023,Spring,0,2023-04-05 17:38:18,1,13.06,7,Red,jng,Taxer,oe:player:7b2619f2b79533d29571437f043a2cd,Verdant,oe:team:b33646d7b7b14dd6da17a88f6ddb592,Wukong,Gragas,Lillia,Vi,Malphite,Lissandra,,,,,,1974,0,3,7,3,8,19,0.0,0.0,0.0,0.0,0.0,0.0,0.0,0.0,0.2432,0.8207,,,,,,,,,,,,,,,,,,,,,0.0,1.0,,,,,,,,0.0,0.0,11712.0,355.9878,0.187975,1101.9757,842.0973,7.0,0.2128,8.0,0.2432,8.0,33.0,1.003,9925,5622,170.8815,0.172424,9805.0,,,150.0,26.0,124.0,,,4.5593,3205.0,3246.0,63.0,3975.0,3588.0,74.0,-770.0,-342.0,-11.0,0.0,1.0,0.0,2.0,0.0,0.0,4434.0,5128.0,89.0,6282.0,5735.0,106.0,-1848.0,-607.0,-17.0,0.0,1.0,2.0,5.0,0.0,0.0,6189.0,7105.0,116.0,8518.0,8381.0,148.0,-2329.0,-1276.0,-32.0,0.0,2.0,2.0,5.0,0.0,0.0,7677.0,9075.0,132.0,10783.0,11596.0,188.0,-3106.0,-2521.0,-56.0,1.0,2.0,4.0,6.0,2.0,0.0
ESPORTSTMNT05_3222123,complete,,EM,2023,Spring,0,2023-04-05 17:38:18,1,13.06,8,Red,mid,Erolle,oe:player:33f41da3cc793a226c6d42474e3cd95,Verdant,oe:team:b33646d7b7b14dd6da17a88f6ddb592,Karthus,Gragas,Lillia,Vi,Malphite,Lissandra,,,,,,1974,0,3,4,4,8,19,0.0,0.0,0.0,0.0,0.0,0.0,0.0,1.0,0.2432,0.8207,,,,,,,,,,,,,,,,,,,,,0.0,0.0,,,,,,,,0.0,0.0,27265.0,828.7234,0.437598,433.7994,245.1976,9.0,0.2736,2.0,0.0608,1.0,19.0,0.5775,13546,9243,280.9422,0.28347,13625.0,,,286.0,248.0,38.0,,,8.693,3625.0,4678.0,90.0,3420.0,4701.0,85.0,205.0,-23.0,5.0,1.0,0.0,2.0,0.0,2.0,1.0,5315.0,7226.0,132.0,5339.0,7785.0,135.0,-24.0,-559.0,-3.0,1.0,1.0,2.0,0.0,2.0,1.0,7641.0,10355.0,185.0,7869.0,10315.0,188.0,-228.0,40.0,-3.0,2.0,1.0,2.0,0.0,2.0,1.0,9703.0,12770.0,227.0,10220.0,14769.0,226.0,-517.0,-1999.0,1.0,2.0,2.0,2.0,2.0,2.0,1.0
ESPORTSTMNT05_3222123,complete,,EM,2023,Spring,0,2023-04-05 17:38:18,1,13.06,9,Red,bot,kehvo,oe:player:06f016d5551322d49fad225b21de646,Verdant,oe:team:b33646d7b7b14dd6da17a88f6ddb592,Jinx,Gragas,Lillia,Vi,Malphite,Lissandra,,,,,,1974,0,1,2,3,8,19,0.0,0.0,0.0,0.0,0.0,0.0,0.0,0.0,0.2432,0.8207,,,,,,,,,,,,,,,,,,,,,0.0,1.0,,,,,,,,0.0,1.0,13989.0,425.1976,0.224521,381.1246,241.2766,14.0,0.4255,8.0,0.2432,3.0,34.0,1.0334,13279,8976,272.8267,0.275282,13275.0,,,351.0,322.0,29.0,,,10.6687,3844.0,3731.0,100.0,3789.0,3801.0,87.0,55.0,-70.0,13.0,0.0,0.0,0.0,1.0,0.0,0.0,5984.0,5903.0,156.0,5753.0,6100.0,138.0,231.0,-197.0,18.0,1.0,0.0,0.0,1.0,2.0,1.0,7887.0,8013.0,208.0,8382.0,9066.0,195.0,-495.0,-1053.0,13.0,1.0,1.0,1.0,2.0,2.0,1.0,9771.0,10369.0,263.0,10427.0,11974.0,241.0,-656.0,-1605.0,22.0,1.0,2.0,1.0,2.0,4.0,1.0
ESPORTSTMNT05_3222123,complete,,EM,2023,Spring,0,2023-04-05 17:38:18,1,13.06,10,Red,sup,Klaj,oe:player:60c7d1c521aba6d16e6c3a38aa3a863,Verdant,oe:team:b33646d7b7b14dd6da17a88f6ddb592,Rakan,Gragas,Lillia,Vi,Malphite,Lissandra,,,,,,1974,0,0,3,6,8,19,0.0,0.0,0.0,0.0,0.0,0.0,0.0,0.0,0.2432,0.8207,,,,,,,,,,,,,,,,,,,,,0.0,0.0,,,,,,,,0.0,0.0,2281.0,69.3313,0.0366096,404.7416,514.4681,83.0,2.5228,24.0,0.7295,14.0,123.0,3.7386,7009,2706,82.2492,0.0829988,6200.0,,,49.0,49.0,0.0,,,1.4894,2192.0,2258.0,15.0,1996.0,1801.0,13.0,196.0,457.0,2.0,0.0,1.0,0.0,0.0,0.0,0.0,3499.0,3860.0,28.0,3413.0,3378.0,26.0,86.0,482.0,2.0,0.0,2.0,1.0,0.0,3.0,0.0,4467.0,5049.0,33.0,4433.0,3895.0,33.0,34.0,1154.0,0.0,0.0,3.0,1.0,0.0,3.0,1.0,5493.0,6023.0,42.0,5730.0,6578.0,37.0,-237.0,-555.0,5.0,0.0,4.0,2.0,0.0,6.0,1.0
ESPORTSTMNT05_3222123,complete,,EM,2023,Spring,0,2023-04-05 17:38:18,1,13.06,100,Blue,team,,,Partizan Esports,oe:team:e42ade212c09777da0f54bffe481f6d,,Azir,Cassiopeia,Viktor,Orianna,Ahri,Xayah,Viego,Annie,Kennen,Renata Glasc,1974,1,19,8,32,19,8,2.0,0.0,0.0,0.0,1.0,,,,0.5775,0.8207,0.0,3.0,2.0,3.0,2.0,0.0,0.0,0.0,1.0,2.0,0.0,,0.0,0.0,0.0,1.0,1.0,,,1.0,2.0,0.0,1.0,10.0,2.0,1.0,1.0,6.0,2.0,1.0,0.0,71002.0,2158.1155,,2864.772,2876.1094,98.0,2.9787,78.0,2.3708,38.0,315.0,9.5745,65408,43895,1334.1945,,56200.0,0.0541311,2.54,,904.0,214.0,,,33.9818,16554.0,18658.0,338.0,15558.0,17896.0,326.0,996.0,762.0,12.0,3.0,3.0,1.0,1.0,2.0,3.0,26604.0,30645.0,535.0,23263.0,28221.0,502.0,3341.0,2424.0,33.0,6.0,8.0,2.0,2.0,4.0,6.0,36733.0,41547.0,726.0,32467.0,39732.0,693.0,4266.0,1815.0,33.0,7.0,9.0,3.0,3.0,7.0,7.0,46485.0,58030.0,891.0,40396.0,49834.0,851.0,6089.0,8196.0,40.0,10.0,18.0,4.0,4.0,10.0,10.0
ESPORTSTMNT05_3222123,complete,,EM,2023,Spring,0,2023-04-05 17:38:18,1,13.06,200,Red,team,,,Verdant,oe:team:b33646d7b7b14dd6da17a88f6ddb592,,Gragas,Lillia,Vi,Malphite,Lissandra,Rakan,Wukong,Gnar,Jinx,Karthus,1974,0,8,19,17,8,19,0.0,0.0,0.0,0.0,0.0,,,,0.2432,0.8207,1.0,2.0,3.0,2.0,3.0,0.0,0.0,0.0,0.0,1.0,1.0,,0.0,0.0,1.0,1.0,1.0,,,0.0,0.0,2.0,0.0,2.0,10.0,0.0,0.0,2.0,6.0,0.0,1.0,62306.0,1893.7994,,2932.9483,2527.4772,130.0,3.9514,48.0,1.459,32.0,255.0,7.7508,54121,32608,991.1246,,53238.0,-0.0541311,-2.54,,871.0,195.0,,,32.4012,15558.0,17896.0,326.0,16554.0,18658.0,338.0,-996.0,-762.0,-12.0,1.0,2.0,3.0,3.0,3.0,1.0,23263.0,28221.0,502.0,26604.0,30645.0,535.0,-3341.0,-2424.0,-33.0,2.0,4.0,6.0,6.0,8.0,2.0,32467.0,39732.0,693.0,36733.0,41547.0,726.0,-4266.0,-1815.0,-33.0,3.0,7.0,7.0,7.0,9.0,3.0,40396.0,49834.0,851.0,46485.0,58030.0,891.0,-6089.0,-8196.0,-40.0,4.0,10.0,10.0,10.0,18.0,4.0
ESPORTSTMNT05_3220124,complete,,EM,2023,Spring,0,2023-04-05 17:47:15,1,13.06,1,Blue,top,bobista,oe:player:8486d94ef23b38c67c76b647613d881,eSuba,oe:team:3faefd9245a4ef6ba347fbcf2a51515,Sion,Annie,Xayah,K'Sante,Malphite,Gnar,,,,,,2116,1,3,3,8,18,17,1.0,0.0,0.0,0.0,0.0,0.0,0.0,0.0,0.5104,0.9924,,,,,,,,,,,,,,,,,,,,,0.0,0.0,,,,,,,,0.0,0.0,28738.0,814.8771,0.256977,1142.8922,2803.1285,17.0,0.482,4.0,0.1134,5.0,30.0,0.8507,15089,10497,297.6465,0.235777,14125.0,,,272.0,268.0,4.0,,,7.7127,3508.0,4873.0,90.0,4075.0,5138.0,91.0,-567.0,-265.0,-1.0,0.0,0.0,0.0,1.0,0.0,0.0,5670.0,7709.0,146.0,6387.0,8025.0,143.0,-717.0,-316.0,3.0,0.0,0.0,0.0,3.0,0.0,0.0,8063.0,10526.0,200.0,8903.0,11143.0,185.0,-840.0,-617.0,15.0,0.0,0.0,1.0,4.0,1.0,0.0,9973.0,13508.0,225.0,11018.0,12814.0,207.0,-1045.0,694.0,18.0,0.0,3.0,2.0,6.0,2.0,1.0
ESPORTSTMNT05_3220124,complete,,EM,2023,Spring,0,2023-04-05 17:47:15,1,13.06,2,Blue,jng,TynX,oe:player:36607221f848a15f6a1f11961027d7c,eSuba,oe:team:3faefd9245a4ef6ba347fbcf2a51515,Wukong,Annie,Xayah,K'Sante,Malphite,Gnar,,,,,,2116,1,4,4,6,18,17,1.0,0.0,0.0,0.0,0.0,0.0,0.0,1.0,0.5104,0.9924,,,,,,,,,,,,,,,,,,,,,2.0,0.0,,,,,,,,1.0,0.0,17812.0,505.0662,0.159276,1095.7656,1056.6352,12.0,0.3403,15.0,0.4253,8.0,56.0,1.5879,13677,9085,257.6087,0.204061,12250.0,,,224.0,29.0,195.0,,,6.3516,3301.0,3639.0,70.0,3824.0,4234.0,81.0,-523.0,-595.0,-11.0,0.0,1.0,1.0,0.0,1.0,0.0,4591.0,5051.0,93.0,5268.0,5924.0,104.0,-677.0,-873.0,-11.0,0.0,2.0,1.0,0.0,2.0,1.0,6221.0,7554.0,132.0,7282.0,8279.0,136.0,-1061.0,-725.0,-4.0,0.0,2.0,1.0,1.0,2.0,1.0,8295.0,10329.0,159.0,8968.0,11291.0,163.0,-673.0,-962.0,-4.0,1.0,3.0,3.0,1.0,6.0,2.0
ESPORTSTMNT05_3220124,complete,,EM,2023,Spring,0,2023-04-05 17:47:15,1,13.06,3,Blue,mid,Warszi,oe:player:5a23766ce46653d2b63ac4a40cd61c1,eSuba,oe:team:3faefd9245a4ef6ba347fbcf2a51515,Ahri,Annie,Xayah,K'Sante,Malphite,Gnar,,,,,,2116,1,2,2,12,18,17,0.0,0.0,0.0,0.0,0.0,0.0,0.0,0.0,0.5104,0.9924,,,,,,,,,,,,,,,,,,,,,0.0,0.0,,,,,,,,0.0,0.0,25908.0,734.6314,0.231671,459.4707,338.2514,11.0,0.3119,8.0,0.2268,9.0,35.0,0.9924,14879,10287,291.6919,0.23106,14675.0,,,313.0,301.0,12.0,,,8.8752,3203.0,4883.0,90.0,3228.0,4616.0,91.0,-25.0,267.0,-1.0,0.0,0.0,0.0,0.0,0.0,0.0,4922.0,7774.0,144.0,5133.0,7568.0,150.0,-211.0,206.0,-6.0,0.0,1.0,1.0,0.0,2.0,0.0,6788.0,10096.0,191.0,6986.0,9840.0,199.0,-198.0,256.0,-8.0,0.0,1.0,1.0,0.0,2.0,0.0,9674.0,14123.0,239.0,9480.0,12457.0,231.0,194.0,1666.0,8.0,1.0,1.0,2.0,4.0,3.0,1.0
ESPORTSTMNT05_3220124,complete,,EM,2023,Spring,0,2023-04-05 17:47:15,1,13.06,4,Blue,bot,DANY,oe:player:f72af12f47362bdec4b0ca91070cf43,eSuba,oe:team:3faefd9245a4ef6ba347fbcf2a51515,Aphelios,Annie,Xayah,K'Sante,Malphite,Gnar,,,,,,2116,1,5,4,4,18,17,1.0,0.0,0.0,0.0,0.0,0.0,0.0,0.0,0.5104,0.9924,,,,,,,,,,,,,,,,,,,,,0.0,0.0,,,,,,,,0.0,0.0,31153.0,883.3554,0.278572,308.535,307.3724,16.0,0.4537,10.0,0.2836,6.0,45.0,1.276,14267,9675,274.3384,0.217314,12600.0,,,287.0,271.0,16.0,,,8.138,3148.0,2992.0,81.0,3305.0,3107.0,93.0,-157.0,-115.0,-12.0,0.0,0.0,0.0,0.0,0.0,0.0,5485.0,5180.0,134.0,5467.0,5417.0,147.0,18.0,-237.0,-13.0,1.0,0.0,0.0,0.0,0.0,0.0,7278.0,8001.0,185.0,7658.0,7852.0,198.0,-380.0,149.0,-13.0,1.0,0.0,1.0,0.0,0.0,0.0,8832.0,10036.0,210.0,9442.0,10406.0,239.0,-610.0,-370.0,-29.0,1.0,0.0,3.0,0.0,1.0,1.0
ESPORTSTMNT05_3220124,complete,,EM,2023,Spring,0,2023-04-05 17:47:15,1,13.06,5,Blue,sup,FGG,oe:player:dcd93cc48ba71890cc0580de524f536,eSuba,oe:team:3faefd9245a4ef6ba347fbcf2a51515,Rell,Annie,Xayah,K'Sante,Malphite,Gnar,,,,,,2116,1,4,4,6,18,17,0.0,0.0,0.0,0.0,0.0,0.0,0.0,0.0,0.5104,0.9924,,,,,,,,,,,,,,,,,,,,,0.0,0.0,,,,,,,,0.0,0.0,8220.0,233.0813,0.0735038,546.1531,689.8866,52.0,1.4745,18.0,0.5104,12.0,119.0,3.3743,9569,4977,141.1248,0.111788,8450.0,,,40.0,40.0,0.0,,,1.1342,2326.0,2707.0,14.0,2067.0,2568.0,15.0,259.0,139.0,-1.0,1.0,0.0,0.0,0.0,0.0,1.0,3430.0,4041.0,22.0,3050.0,3735.0,19.0,380.0,306.0,3.0,1.0,1.0,1.0,0.0,2.0,1.0,4493.0,4628.0,29.0,4326.0,5179.0,28.0,167.0,-551.0,1.0,1.0,1.0,1.0,0.0,3.0,1.0,6689.0,6931.0,33.0,5496.0,7410.0,30.0,1193.0,-479.0,3.0,3.0,1.0,1.0,0.0,8.0,1.0
ESPORTSTMNT05_3220124,complete,,EM,2023,Spring,0,2023-04-05 17:47:15,1,13.06,6,Red,top,HeSSZero,oe:player:a2694196d288cd26055602729d0bb5c,WLGaming Esports,oe:team:b19ab22267512e77945cd498106dcf1,Cho'Gath,Taliyah,Maokai,Gragas,Lissandra,Zoe,,,,,,2116,0,9,3,2,17,18,0.0,0.0,0.0,0.0,1.0,1.0,0.0,0.0,0.482,0.9924,,,,,,,,,,,,,,,,,,,,,0.0,0.0,,,,,,,,0.0,0.0,31874.0,903.7996,0.333703,1496.2287,1608.7146,17.0,0.482,4.0,0.1134,9.0,40.0,1.1342,14749,10157,288.0057,0.267587,15825.0,,,261.0,251.0,10.0,,,7.4008,4075.0,5138.0,91.0,3508.0,4873.0,90.0,567.0,265.0,1.0,1.0,0.0,0.0,0.0,0.0,0.0,6387.0,8025.0,143.0,5670.0,7709.0,146.0,717.0,316.0,-3.0,3.0,0.0,0.0,0.0,0.0,0.0,8903.0,11143.0,185.0,8063.0,10526.0,200.0,840.0,617.0,-15.0,4.0,1.0,0.0,0.0,0.0,1.0,11018.0,12814.0,207.0,9973.0,13508.0,225.0,1045.0,-694.0,-18.0,6.0,2.0,1.0,0.0,3.0,2.0
ESPORTSTMNT05_3220124,complete,,EM,2023,Spring,0,2023-04-05 17:47:15,1,13.06,7,Red,jng,Bruness,oe:player:7471c21aed615dae3e49140eca8ce89,WLGaming Esports,oe:team:b19ab22267512e77945cd498106dcf1,Lee Sin,Taliyah,Maokai,Gragas,Lissandra,Zoe,,,,,,2116,0,1,5,12,17,18,0.0,0.0,0.0,0.0,1.0,0.0,1.0,0.0,0.482,0.9924,,,,,,,,,,,,,,,,,,,,,0.0,2.0,,,,,,,,0.0,1.0,14299.0,405.4537,0.149703,1084.2533,1132.5142,25.0,0.7089,4.0,0.1134,14.0,52.0,1.4745,11655,7063,200.2741,0.186074,10650.0,,,200.0,16.0,184.0,,,5.6711,3824.0,4234.0,81.0,3301.0,3639.0,70.0,523.0,595.0,11.0,0.0,1.0,0.0,0.0,1.0,1.0,5268.0,5924.0,104.0,4591.0,5051.0,93.0,677.0,873.0,11.0,0.0,2.0,1.0,0.0,2.0,1.0,7282.0,8279.0,136.0,6221.0,7554.0,132.0,1061.0,725.0,4.0,1.0,2.0,1.0,0.0,2.0,1.0,8968.0,11291.0,163.0,8295.0,10329.0,159.0,673.0,962.0,4.0,1.0,6.0,2.0,1.0,3.0,3.0
ESPORTSTMNT05_3220124,complete,,EM,2023,Spring,0,2023-04-05 17:47:15,1,13.06,8,Red,mid,Vladi,oe:player:367fecc4cb53a8234abbd9f283b7997,WLGaming Esports,oe:team:b19ab22267512e77945cd498106dcf1,Syndra,Taliyah,Maokai,Gragas,Lissandra,Zoe,,,,,,2116,0,5,4,6,17,18,0.0,0.0,0.0,0.0,0.0,0.0,0.0,0.0,0.482,0.9924,,,,,,,,,,,,,,,,,,,,,0.0,0.0,,,,,,,,0.0,0.0,19510.0,553.2136,0.204259,420.5955,227.0983,17.0,0.482,5.0,0.1418,4.0,43.0,1.2193,13007,8415,238.6106,0.221693,13100.0,,,298.0,295.0,3.0,,,8.4499,3228.0,4616.0,91.0,3203.0,4883.0,90.0,25.0,-267.0,1.0,0.0,0.0,0.0,0.0,0.0,0.0,5133.0,7568.0,150.0,4922.0,7774.0,144.0,211.0,-206.0,6.0,0.0,2.0,0.0,0.0,1.0,1.0,6986.0,9840.0,199.0,6788.0,10096.0,191.0,198.0,-256.0,8.0,0.0,2.0,0.0,0.0,1.0,1.0,9480.0,12457.0,231.0,9674.0,14123.0,239.0,-194.0,-1666.0,-8.0,4.0,3.0,1.0,1.0,1.0,2.0
ESPORTSTMNT05_3220124,complete,,EM,2023,Spring,0,2023-04-05 17:47:15,1,13.06,9,Red,bot,Jeyrus,oe:player:c5050bf5abf900c6beaed313da57213,WLGaming Esports,oe:team:b19ab22267512e77945cd498106dcf1,Jinx,Taliyah,Maokai,Gragas,Lissandra,Zoe,,,,,,2116,0,2,3,3,17,18,1.0,0.0,0.0,0.0,0.0,0.0,0.0,0.0,0.482,0.9924,,,,,,,,,,,,,,,,,,,,,0.0,0.0,,,,,,,,0.0,0.0,23461.0,665.2457,0.245624,359.0926,204.896,12.0,0.3403,15.0,0.4253,4.0,54.0,1.5312,13998,9406,266.7108,0.247802,13650.0,,,332.0,307.0,25.0,,,9.414,3305.0,3107.0,93.0,3148.0,2992.0,81.0,157.0,115.0,12.0,0.0,0.0,0.0,0.0,0.0,0.0,5467.0,5417.0,147.0,5485.0,5180.0,134.0,-18.0,237.0,13.0,0.0,0.0,0.0,1.0,0.0,0.0,7658.0,7852.0,198.0,7278.0,8001.0,185.0,380.0,-149.0,13.0,0.0,0.0,0.0,1.0,0.0,1.0,9442.0,10406.0,239.0,8832.0,10036.0,210.0,610.0,370.0,29.0,0.0,1.0,1.0,1.0,0.0,3.0
ESPORTSTMNT05_3220124,complete,,EM,2023,Spring,0,2023-04-05 17:47:15,1,13.06,10,Red,sup,Bananitoo,oe:player:148e116847c069d852ad0696d4180fe,WLGaming Esports,oe:team:b19ab22267512e77945cd498106dcf1,Rakan,Taliyah,Maokai,Gragas,Lissandra,Zoe,,,,,,2116,0,0,3,13,17,18,0.0,0.0,0.0,0.0,0.0,0.0,0.0,0.0,0.482,0.9924,,,,,,,,,,,,,,,,,,,,,0.0,0.0,,,,,,,,0.0,0.0,6372.0,180.6805,0.0667113,602.7788,586.7864,67.0,1.8998,14.0,0.397,9.0,132.0,3.7429,7509,2917,82.7127,0.0768442,7275.0,,,39.0,39.0,0.0,,,1.1059,2067.0,2568.0,15.0,2326.0,2707.0,14.0,-259.0,-139.0,1.0,0.0,0.0,1.0,1.0,0.0,0.0,3050.0,3735.0,19.0,3430.0,4041.0,22.0,-380.0,-306.0,-3.0,0.0,2.0,1.0,1.0,1.0,1.0,4326.0,5179.0,28.0,4493.0,4628.0,29.0,-167.0,551.0,-1.0,0.0,3.0,1.0,1.0,1.0,1.0,5496.0,7410.0,30.0,6689.0,6931.0,33.0,-1193.0,479.0,-3.0,0.0,8.0,1.0,3.0,1.0,1.0
ESPORTSTMNT05_3220124,complete,,EM,2023,Spring,0,2023-04-05 17:47:15,1,13.06,100,Blue,team,,,eSuba,oe:team:3faefd9245a4ef6ba347fbcf2a51515,,Annie,Xayah,K'Sante,Malphite,Gnar,Wukong,Rell,Aphelios,Ahri,Sion,2116,1,18,17,36,18,17,3.0,0.0,0.0,0.0,0.0,,,,0.5104,0.9924,1.0,3.0,3.0,3.0,3.0,0.0,1.0,0.0,2.0,0.0,0.0,,0.0,0.0,0.0,0.0,2.0,,,1.0,2.0,0.0,0.0,9.0,3.0,0.0,0.0,4.0,6.0,1.0,0.0,111831.0,3171.0113,,3552.8166,5195.2741,108.0,3.0624,55.0,1.5595,40.0,285.0,8.0813,67481,44520,1262.3819,,62100.0,0.0261011,-0.44,,909.0,227.0,,,32.2117,15486.0,19094.0,345.0,16499.0,19663.0,371.0,-1013.0,-569.0,-26.0,1.0,1.0,1.0,1.0,1.0,1.0,24098.0,29755.0,539.0,25305.0,30669.0,563.0,-1207.0,-914.0,-24.0,2.0,4.0,3.0,3.0,6.0,2.0,32843.0,40805.0,737.0,35155.0,42293.0,746.0,-2312.0,-1488.0,-9.0,2.0,4.0,5.0,5.0,8.0,2.0,43463.0,54927.0,866.0,44404.0,54378.0,870.0,-941.0,549.0,-4.0,6.0,8.0,11.0,11.0,20.0,6.0
ESPORTSTMNT05_3220124,complete,,EM,2023,Spring,0,2023-04-05 17:47:15,1,13.06,200,Red,team,,,WLGaming Esports,oe:team:b19ab22267512e77945cd498106dcf1,,Taliyah,Maokai,Gragas,Lissandra,Zoe,Rakan,Jinx,Lee Sin,Syndra,Cho'Gath,2116,0,17,18,36,17,18,1.0,0.0,0.0,0.0,1.0,,,,0.482,0.9924,0.0,3.0,3.0,3.0,3.0,0.0,0.0,1.0,2.0,0.0,0.0,,0.0,0.0,1.0,2.0,0.0,,,0.0,0.0,2.0,1.0,3.0,9.0,1.0,1.0,6.0,4.0,0.0,1.0,95516.0,2708.3932,,3962.949,3760.0095,138.0,3.913,42.0,1.1909,40.0,321.0,9.1021,60918,37957,1076.2854,,60500.0,-0.0261011,0.44,,908.0,222.0,,,32.0416,16499.0,19663.0,371.0,15486.0,19094.0,345.0,1013.0,569.0,26.0,1.0,1.0,1.0,1.0,1.0,1.0,25305.0,30669.0,563.0,24098.0,29755.0,539.0,1207.0,914.0,24.0,3.0,6.0,2.0,2.0,4.0,3.0,35155.0,42293.0,746.0,32843.0,40805.0,737.0,2312.0,1488.0,9.0,5.0,8.0,2.0,2.0,4.0,5.0,44404.0,54378.0,870.0,43463.0,54927.0,866.0,941.0,-549.0,4.0,11.0,20.0,6.0,6.0,8.0,11.0
ESPORTSTMNT05_3222124,complete,,EM,2023,Spring,0,2023-04-05 18:31:22,1,13.06,1,Blue,top,Eyliph,oe:player:4b20700639bada36a5a58cc4a8e7135,Anorthosis Famagusta Esports,oe:team:5f1bc4a914b49c7b7ff4c2f1b8d8df9,Gragas,Aphelios,Viego,Sejuani,Jarvan IV,Xin Zhao,,,,,,1946,1,1,2,3,15,10,0.0,0.0,0.0,0.0,0.0,0.0,0.0,1.0,0.4625,0.7708,,,,,,,,,,,,,,,,,,,,,0.0,0.0,,,,,,,,0.0,0.0,17035.0,525.2312,0.216899,661.7883,593.4018,15.0,0.4625,7.0,0.2158,4.0,47.0,1.4491,13515,9270,285.8171,0.21164,11950.0,,,302.0,291.0,11.0,,,9.3114,3132.0,4437.0,80.0,3248.0,4427.0,76.0,-116.0,10.0,4.0,0.0,0.0,1.0,0.0,1.0,0.0,5238.0,7584.0,143.0,5334.0,7318.0,130.0,-96.0,266.0,13.0,0.0,0.0,1.0,1.0,1.0,0.0,7890.0,10796.0,197.0,6584.0,9302.0,156.0,1306.0,1494.0,41.0,1.0,2.0,1.0,1.0,2.0,1.0,9646.0,13499.0,246.0,8217.0,11753.0,189.0,1429.0,1746.0,57.0,1.0,2.0,1.0,1.0,3.0,1.0
ESPORTSTMNT05_3222124,complete,,EM,2023,Spring,0,2023-04-05 18:31:22,1,13.06,2,Blue,jng,SPOOKY,oe:player:11389d6d8a29729807c3cf528a98050,Anorthosis Famagusta Esports,oe:team:5f1bc4a914b49c7b7ff4c2f1b8d8df9,Kindred,Aphelios,Viego,Sejuani,Jarvan IV,Xin Zhao,,,,,,1946,1,5,5,8,15,10,1.0,0.0,0.0,0.0,0.0,0.0,0.0,0.0,0.4625,0.7708,,,,,,,,,,,,,,,,,,,,,1.0,0.0,,,,,,,,2.0,0.0,19882.0,613.0113,0.253148,689.1675,611.963,5.0,0.1542,14.0,0.4317,5.0,56.0,1.7266,14524,10279,316.927,0.234677,11400.0,,,235.0,30.0,205.0,,,7.2456,3236.0,3650.0,64.0,3494.0,3291.0,53.0,-258.0,359.0,11.0,0.0,0.0,1.0,2.0,0.0,0.0,5140.0,5364.0,95.0,4801.0,5416.0,77.0,339.0,-52.0,18.0,1.0,0.0,2.0,2.0,1.0,1.0,7460.0,7600.0,126.0,6683.0,7892.0,105.0,777.0,-292.0,21.0,2.0,3.0,4.0,3.0,2.0,2.0,9079.0,10022.0,168.0,8104.0,9435.0,122.0,975.0,587.0,46.0,2.0,3.0,4.0,4.0,2.0,2.0
ESPORTSTMNT05_3222124,complete,,EM,2023,Spring,0,2023-04-05 18:31:22,1,13.06,3,Blue,mid,HAWHAW,oe:player:ae06413dcf80aa496ab8448d8ea586f,Anorthosis Famagusta Esports,oe:team:5f1bc4a914b49c7b7ff4c2f1b8d8df9,Karma,Aphelios,Viego,Sejuani,Jarvan IV,Xin Zhao,,,,,,1946,1,2,1,10,15,10,0.0,0.0,0.0,0.0,0.0,0.0,0.0,0.0,0.4625,0.7708,,,,,,,,,,,,,,,,,,,,,0.0,0.0,,,,,,,,0.0,0.0,13218.0,407.5437,0.168299,271.5725,411.6136,15.0,0.4625,4.0,0.1233,5.0,32.0,0.9866,12186,7941,244.8407,0.181296,10975.0,,,213.0,208.0,5.0,,,6.5673,2863.0,4337.0,71.0,3256.0,4844.0,89.0,-393.0,-507.0,-18.0,0.0,0.0,0.0,0.0,0.0,0.0,5124.0,7464.0,130.0,5190.0,7796.0,151.0,-66.0,-332.0,-21.0,0.0,0.0,0.0,0.0,1.0,0.0,7491.0,10457.0,177.0,7404.0,10713.0,207.0,87.0,-256.0,-30.0,1.0,2.0,0.0,1.0,2.0,1.0,8506.0,11568.0,195.0,9071.0,14944.0,257.0,-565.0,-3376.0,-62.0,1.0,2.0,1.0,1.0,2.0,1.0
ESPORTSTMNT05_3222124,complete,,EM,2023,Spring,0,2023-04-05 18:31:22,1,13.06,4,Blue,bot,GOLDENTO4ST,oe:player:5c58c2e986e8aec0ee6f2465823349a,Anorthosis Famagusta Esports,oe:team:5f1bc4a914b49c7b7ff4c2f1b8d8df9,Jinx,Aphelios,Viego,Sejuani,Jarvan IV,Xin Zhao,,,,,,1946,1,7,0,6,15,10,3.0,0.0,0.0,0.0,0.0,0.0,0.0,0.0,0.4625,0.7708,,,,,,,,,,,,,,,,,,,,,1.0,0.0,,,,,,,,1.0,0.0,23488.0,724.1932,0.299062,283.0421,190.1439,13.0,0.4008,18.0,0.555,3.0,52.0,1.6033,16650,12405,382.4769,0.283217,13455.0,,,334.0,307.0,27.0,,,10.298,3294.0,3318.0,88.0,3414.0,3776.0,93.0,-120.0,-458.0,-5.0,0.0,0.0,0.0,0.0,0.0,0.0,5667.0,5113.0,142.0,5502.0,6123.0,151.0,165.0,-1010.0,-9.0,0.0,0.0,0.0,0.0,0.0,0.0,8819.0,8023.0,200.0,7183.0,8043.0,192.0,1636.0,-20.0,8.0,2.0,3.0,0.0,0.0,0.0,1.0,10841.0,10626.0,258.0,9214.0,10600.0,252.0,1627.0,26.0,6.0,2.0,3.0,0.0,0.0,0.0,1.0
ESPORTSTMNT05_3222124,complete,,EM,2023,Spring,0,2023-04-05 18:31:22,1,13.06,5,Blue,sup,iLEVI,oe:player:b226880189cb11f7da7a0c86544b556,Anorthosis Famagusta Esports,oe:team:5f1bc4a914b49c7b7ff4c2f1b8d8df9,Amumu,Aphelios,Viego,Sejuani,Jarvan IV,Xin Zhao,,,,,,1946,1,0,2,10,15,10,0.0,0.0,0.0,0.0,0.0,0.0,0.0,0.0,0.4625,0.7708,,,,,,,,,,,,,,,,,,,,,0.0,0.0,,,,,,,,0.0,0.0,4916.0,151.5725,0.0625931,453.7307,373.0113,35.0,1.0791,9.0,0.2775,12.0,73.0,2.2508,8151,3906,120.4317,0.0891705,7350.0,,,32.0,32.0,0.0,,,0.9866,2155.0,2504.0,16.0,2062.0,1789.0,16.0,93.0,715.0,0.0,0.0,0.0,0.0,0.0,0.0,0.0,3447.0,4050.0,26.0,3003.0,3044.0,21.0,444.0,1006.0,5.0,0.0,1.0,0.0,0.0,0.0,0.0,4604.0,6504.0,29.0,4114.0,4646.0,26.0,490.0,1858.0,3.0,0.0,4.0,0.0,0.0,2.0,1.0,5446.0,7295.0,31.0,4946.0,5513.0,28.0,500.0,1782.0,3.0,0.0,4.0,0.0,0.0,2.0,1.0
ESPORTSTMNT05_3222124,complete,,EM,2023,Spring,0,2023-04-05 18:31:22,1,13.06,6,Red,top,Robba,oe:player:0a08034cdc4feac55c0bdfbc0f300db,KRC Genk Esports,oe:team:01a959b2a20ca77057e580ec051aa3e,Malphite,Rell,Pyke,Vi,Cassiopeia,Olaf,,,,,,1946,0,1,2,4,10,15,0.0,0.0,0.0,0.0,1.0,0.0,1.0,0.0,0.3083,0.7708,,,,,,,,,,,,,,,,,,,,,0.0,0.0,,,,,,,,0.0,0.0,12973.0,399.9897,0.288655,760.1439,1399.0853,10.0,0.3083,8.0,0.2467,3.0,41.0,1.2641,9831,5586,172.2302,0.176743,9930.0,,,213.0,213.0,0.0,,,6.5673,3248.0,4427.0,76.0,3132.0,4437.0,80.0,116.0,-10.0,-4.0,0.0,1.0,0.0,0.0,0.0,1.0,5334.0,7318.0,130.0,5238.0,7584.0,143.0,96.0,-266.0,-13.0,1.0,1.0,0.0,0.0,0.0,1.0,6584.0,9302.0,156.0,7890.0,10796.0,197.0,-1306.0,-1494.0,-41.0,1.0,2.0,1.0,1.0,2.0,1.0,8217.0,11753.0,189.0,9646.0,13499.0,246.0,-1429.0,-1746.0,-57.0,1.0,3.0,1.0,1.0,2.0,1.0
ESPORTSTMNT05_3222124,complete,,EM,2023,Spring,0,2023-04-05 18:31:22,1,13.06,7,Red,jng,Guertas,oe:player:66dfc0444c571e87d4442178fee3ab4,KRC Genk Esports,oe:team:01a959b2a20ca77057e580ec051aa3e,Trundle,Rell,Pyke,Vi,Cassiopeia,Olaf,,,,,,1946,0,5,5,3,10,15,0.0,0.0,0.0,0.0,1.0,1.0,0.0,0.0,0.3083,0.7708,,,,,,,,,,,,,,,,,,,,,0.0,1.0,,,,,,,,0.0,2.0,7079.0,218.2631,0.157511,1066.1254,856.4029,9.0,0.2775,7.0,0.2158,9.0,30.0,0.925,9660,5415,166.9579,0.171332,9175.0,,,126.0,10.0,116.0,,,3.8849,3494.0,3291.0,53.0,3236.0,3650.0,64.0,258.0,-359.0,-11.0,2.0,0.0,0.0,0.0,0.0,1.0,4801.0,5416.0,77.0,5140.0,5364.0,95.0,-339.0,52.0,-18.0,2.0,1.0,1.0,1.0,0.0,2.0,6683.0,7892.0,105.0,7460.0,7600.0,126.0,-777.0,292.0,-21.0,3.0,2.0,2.0,2.0,3.0,4.0,8104.0,9435.0,122.0,9079.0,10022.0,168.0,-975.0,-587.0,-46.0,4.0,2.0,2.0,2.0,3.0,4.0
ESPORTSTMNT05_3222124,complete,,EM,2023,Spring,0,2023-04-05 18:31:22,1,13.06,8,Red,mid,Mikkel,oe:player:b2c05a26758d82a8643a27eec405dcb,KRC Genk Esports,oe:team:01a959b2a20ca77057e580ec051aa3e,Sylas,Rell,Pyke,Vi,Cassiopeia,Olaf,,,,,,1946,0,3,2,3,10,15,0.0,0.0,0.0,0.0,0.0,0.0,0.0,0.0,0.3083,0.7708,,,,,,,,,,,,,,,,,,,,,0.0,0.0,,,,,,,,0.0,0.0,9845.0,303.5457,0.219055,775.8068,550.6989,9.0,0.2775,1.0,0.0308,5.0,23.0,0.7091,13158,8913,274.8099,0.282018,12675.0,,,331.0,313.0,18.0,,,10.2055,3256.0,4844.0,89.0,2863.0,4337.0,71.0,393.0,507.0,18.0,0.0,0.0,0.0,0.0,0.0,0.0,5190.0,7796.0,151.0,5124.0,7464.0,130.0,66.0,332.0,21.0,0.0,1.0,0.0,0.0,0.0,0.0,7404.0,10713.0,207.0,7491.0,10457.0,177.0,-87.0,256.0,30.0,1.0,2.0,1.0,1.0,2.0,0.0,9071.0,14944.0,257.0,8506.0,11568.0,195.0,565.0,3376.0,62.0,1.0,2.0,1.0,1.0,2.0,1.0
ESPORTSTMNT05_3222124,complete,,EM,2023,Spring,0,2023-04-05 18:31:22,1,13.06,9,Red,bot,Orion,oe:player:915901c2ffafe3ee9245c3ef30ec5b4,KRC Genk Esports,oe:team:01a959b2a20ca77057e580ec051aa3e,Xayah,Rell,Pyke,Vi,Cassiopeia,Olaf,,,,,,1946,0,1,2,1,10,15,0.0,0.0,0.0,0.0,0.0,0.0,0.0,0.0,0.3083,0.7708,,,,,,,,,,,,,,,,,,,,,0.0,1.0,,,,,,,,0.0,1.0,11564.0,356.5468,0.257304,335.0874,197.9445,16.0,0.4933,11.0,0.3392,7.0,44.0,1.3566,13795,9550,294.4502,0.302174,13125.0,,,358.0,342.0,16.0,,,11.038,3414.0,3776.0,93.0,3294.0,3318.0,88.0,120.0,458.0,5.0,0.0,0.0,0.0,0.0,0.0,0.0,5502.0,6123.0,151.0,5667.0,5113.0,142.0,-165.0,1010.0,9.0,0.0,0.0,0.0,0.0,0.0,0.0,7183.0,8043.0,192.0,8819.0,8023.0,200.0,-1636.0,20.0,-8.0,0.0,0.0,1.0,2.0,3.0,0.0,9214.0,10600.0,252.0,10841.0,10626.0,258.0,-1627.0,-26.0,-6.0,0.0,0.0,1.0,2.0,3.0,0.0
ESPORTSTMNT05_3222124,complete,,EM,2023,Spring,0,2023-04-05 18:31:22,1,13.06,10,Red,sup,KINGPIN,oe:player:4fca9f76fb87127e7bb220b11debdde,KRC Genk Esports,oe:team:01a959b2a20ca77057e580ec051aa3e,Rakan,Rell,Pyke,Vi,Cassiopeia,Olaf,,,,,,1946,0,0,4,5,10,15,0.0,0.0,0.0,0.0,0.0,0.0,0.0,0.0,0.3083,0.7708,,,,,,,,,,,,,,,,,,,,,0.0,0.0,,,,,,,,0.0,0.0,3482.0,107.3587,0.0774759,316.1871,362.7133,46.0,1.4183,8.0,0.2467,11.0,78.0,2.4049,6386,2141,66.0123,0.0677332,5900.0,,,31.0,31.0,0.0,,,0.9558,2062.0,1789.0,16.0,2155.0,2504.0,16.0,-93.0,-715.0,0.0,0.0,0.0,0.0,0.0,0.0,0.0,3003.0,3044.0,21.0,3447.0,4050.0,26.0,-444.0,-1006.0,-5.0,0.0,0.0,0.0,0.0,1.0,0.0,4114.0,4646.0,26.0,4604.0,6504.0,29.0,-490.0,-1858.0,-3.0,0.0,2.0,1.0,0.0,4.0,0.0,4946.0,5513.0,28.0,5446.0,7295.0,31.0,-500.0,-1782.0,-3.0,0.0,2.0,1.0,0.0,4.0,0.0
ESPORTSTMNT05_3222124,complete,,EM,2023,Spring,0,2023-04-05 18:31:22,1,13.06,100,Blue,team,,,Anorthosis Famagusta Esports,oe:team:5f1bc4a914b49c7b7ff4c2f1b8d8df9,,Aphelios,Viego,Sejuani,Jarvan IV,Xin Zhao,Gragas,Jinx,Amumu,Kindred,Karma,1946,1,15,10,37,15,10,4.0,0.0,0.0,0.0,0.0,,,,0.4625,0.7708,1.0,3.0,1.0,3.0,1.0,0.0,0.0,2.0,0.0,0.0,1.0,,0.0,0.0,1.0,1.0,1.0,,,1.0,2.0,0.0,1.0,11.0,1.0,1.0,1.0,5.0,2.0,3.0,0.0,78539.0,2421.5519,,2359.3011,2180.1336,83.0,2.5591,52.0,1.6033,29.0,260.0,8.0164,65026,43799,1350.4317,,55130.0,0.0816538,1.54,,868.0,248.0,,,34.409,14680.0,18246.0,319.0,15474.0,18127.0,327.0,-794.0,119.0,-8.0,0.0,0.0,2.0,2.0,1.0,0.0,24616.0,29575.0,536.0,23830.0,29697.0,530.0,786.0,-122.0,6.0,1.0,1.0,3.0,3.0,3.0,1.0,36264.0,43380.0,729.0,31968.0,40596.0,686.0,4296.0,2784.0,43.0,6.0,14.0,5.0,5.0,8.0,6.0,43518.0,53010.0,898.0,39552.0,52245.0,848.0,3966.0,765.0,50.0,6.0,14.0,6.0,6.0,9.0,6.0
ESPORTSTMNT05_3222124,complete,,EM,2023,Spring,0,2023-04-05 18:31:22,1,13.06,200,Red,team,,,KRC Genk Esports,oe:team:01a959b2a20ca77057e580ec051aa3e,,Rell,Pyke,Vi,Cassiopeia,Olaf,Xayah,Rakan,Sylas,Trundle,Malphite,1946,0,10,15,16,10,15,0.0,0.0,0.0,0.0,1.0,,,,0.3083,0.7708,0.0,1.0,3.0,1.0,3.0,1.0,0.0,0.0,0.0,0.0,0.0,,0.0,0.0,0.0,1.0,1.0,,,0.0,0.0,2.0,0.0,1.0,11.0,0.0,0.0,2.0,5.0,0.0,3.0,44943.0,1385.704,,3253.3505,3366.8448,90.0,2.7749,35.0,1.0791,35.0,216.0,6.6598,52830,31603,974.3988,,50805.0,-0.0816538,-1.54,,909.0,150.0,,,32.6516,15474.0,18127.0,327.0,14680.0,18246.0,319.0,794.0,-119.0,8.0,2.0,1.0,0.0,0.0,0.0,2.0,23830.0,29697.0,530.0,24616.0,29575.0,536.0,-786.0,122.0,-6.0,3.0,3.0,1.0,1.0,1.0,3.0,31968.0,40596.0,686.0,36264.0,43380.0,729.0,-4296.0,-2784.0,-43.0,5.0,8.0,6.0,6.0,14.0,5.0,39552.0,52245.0,848.0,43518.0,53010.0,898.0,-3966.0,-765.0,-50.0,6.0,9.0,6.0,6.0,14.0,6.0
ESPORTSTMNT05_3221125,complete,,EM,2023,Spring,0,2023-04-05 18:35:17,1,13.06,1,Blue,top,Sl4shD,oe:player:61eec59806c0beb33d2ffa40fcda3f5,GTZ Esports,oe:team:3659b5cb3434354530c31ce71461fc1,Renekton,Wukong,Vi,Aphelios,Ahri,Sion,,,,,,1960,0,4,4,4,15,29,1.0,0.0,0.0,0.0,0.0,0.0,0.0,0.0,0.4592,1.3469,,,,,,,,,,,,,,,,,,,,,0.0,0.0,,,,,,,,0.0,0.0,14765.0,451.9898,0.158664,1369.6531,1277.6633,12.0,0.3673,5.0,0.1531,3.0,34.0,1.0408,12718,8444,258.4898,0.256252,12375.0,,,237.0,233.0,4.0,,,7.2551,3549.0,5116.0,88.0,2960.0,4344.0,70.0,589.0,772.0,18.0,0.0,1.0,0.0,0.0,0.0,1.0,5019.0,7465.0,127.0,4739.0,7263.0,118.0,280.0,202.0,9.0,0.0,1.0,1.0,0.0,1.0,1.0,8331.0,10919.0,167.0,6318.0,8729.0,142.0,2013.0,2190.0,25.0,3.0,2.0,2.0,1.0,1.0,3.0,9991.0,13075.0,199.0,8547.0,10895.0,172.0,1444.0,2180.0,27.0,3.0,3.0,2.0,3.0,3.0,4.0
ESPORTSTMNT05_3221125,complete,,EM,2023,Spring,0,2023-04-05 18:35:17,1,13.06,2,Blue,jng,Time,oe:player:550fa477eff3885416f22c0b3f2fc88,GTZ Esports,oe:team:3659b5cb3434354530c31ce71461fc1,Elise,Wukong,Vi,Aphelios,Ahri,Sion,,,,,,1960,0,4,6,7,15,29,0.0,0.0,0.0,0.0,0.0,0.0,0.0,0.0,0.4592,1.3469,,,,,,,,,,,,,,,,,,,,,0.0,0.0,,,,,,,,0.0,0.0,20149.0,616.8061,0.216521,948.5204,532.0102,11.0,0.3367,9.0,0.2755,10.0,41.0,1.2551,10853,6579,201.398,0.199654,10525.0,,,134.0,27.0,107.0,,,4.102,3365.0,2841.0,43.0,3455.0,3374.0,68.0,-90.0,-533.0,-25.0,2.0,0.0,1.0,1.0,0.0,1.0,5294.0,4803.0,69.0,5308.0,5344.0,90.0,-14.0,-541.0,-21.0,2.0,2.0,2.0,2.0,2.0,2.0,7473.0,6921.0,92.0,7154.0,8141.0,122.0,319.0,-1220.0,-30.0,3.0,4.0,3.0,3.0,4.0,3.0,8987.0,8547.0,105.0,8786.0,9792.0,144.0,201.0,-1245.0,-39.0,4.0,5.0,4.0,4.0,5.0,5.0
ESPORTSTMNT05_3221125,complete,,EM,2023,Spring,0,2023-04-05 18:35:17,1,13.06,3,Blue,mid,Heroic,oe:player:c71b4244f70372f8be07a3e83c58490,GTZ Esports,oe:team:3659b5cb3434354530c31ce71461fc1,Taliyah,Wukong,Vi,Aphelios,Ahri,Sion,,,,,,1960,0,3,6,5,15,29,0.0,0.0,0.0,0.0,0.0,0.0,0.0,0.0,0.4592,1.3469,,,,,,,,,,,,,,,,,,,,,0.0,0.0,,,,,,,,0.0,1.0,21304.0,652.1633,0.228932,651.8265,454.8061,11.0,0.3367,4.0,0.1224,1.0,24.0,0.7347,11318,7044,215.6327,0.213765,10675.0,,,221.0,209.0,12.0,,,6.7653,3474.0,5546.0,86.0,3073.0,4717.0,84.0,401.0,829.0,2.0,1.0,1.0,0.0,0.0,0.0,1.0,5255.0,7954.0,134.0,5395.0,7643.0,138.0,-140.0,311.0,-4.0,1.0,1.0,1.0,2.0,1.0,1.0,7477.0,10512.0,177.0,7440.0,10215.0,181.0,37.0,297.0,-4.0,1.0,3.0,2.0,3.0,2.0,2.0,9040.0,12093.0,200.0,9305.0,12693.0,214.0,-265.0,-600.0,-14.0,2.0,4.0,3.0,4.0,3.0,2.0
ESPORTSTMNT05_3221125,complete,,EM,2023,Spring,0,2023-04-05 18:35:17,1,13.06,4,Blue,bot,Notiko,oe:player:e134b2791879ae44a24cf5fc966a4b7,GTZ Esports,oe:team:3659b5cb3434354530c31ce71461fc1,Ezreal,Wukong,Vi,Aphelios,Ahri,Sion,,,,,,1960,0,4,5,3,15,29,0.0,0.0,0.0,0.0,0.0,0.0,0.0,0.0,0.4592,1.3469,,,,,,,,,,,,,,,,,,,,,0.0,0.0,,,,,,,,0.0,0.0,31532.0,965.2653,0.338842,549.1531,355.5918,12.0,0.3673,14.0,0.4286,3.0,52.0,1.5918,12217,7943,243.1531,0.241048,12008.0,,,241.0,228.0,13.0,,,7.3776,3069.0,3019.0,79.0,3595.0,2884.0,73.0,-526.0,135.0,6.0,0.0,0.0,0.0,1.0,1.0,0.0,5207.0,4823.0,114.0,5575.0,5323.0,115.0,-368.0,-500.0,-1.0,2.0,0.0,1.0,2.0,3.0,1.0,6758.0,6386.0,145.0,8464.0,8592.0,156.0,-1706.0,-2206.0,-11.0,2.0,0.0,3.0,3.0,6.0,1.0,8984.0,8733.0,188.0,10797.0,10726.0,191.0,-1813.0,-1993.0,-3.0,3.0,1.0,4.0,3.0,9.0,1.0
ESPORTSTMNT05_3221125,complete,,EM,2023,Spring,0,2023-04-05 18:35:17,1,13.06,5,Blue,sup,Nsurr,oe:player:6b35468bd45059f6a8450083fc379a9,GTZ Esports,oe:team:3659b5cb3434354530c31ce71461fc1,Rakan,Wukong,Vi,Aphelios,Ahri,Sion,,,,,,1960,0,0,8,9,15,29,0.0,0.0,0.0,0.0,0.0,0.0,0.0,1.0,0.4592,1.3469,,,,,,,,,,,,,,,,,,,,,0.0,0.0,,,,,,,,0.0,0.0,5308.0,162.4898,0.0570397,713.7245,679.5,42.0,1.2857,17.0,0.5204,12.0,108.0,3.3061,7216,2942,90.0612,0.0892814,6600.0,,,42.0,42.0,0.0,,,1.2857,2078.0,2253.0,18.0,2332.0,2342.0,14.0,-254.0,-89.0,4.0,0.0,0.0,1.0,0.0,2.0,0.0,3233.0,3393.0,24.0,3875.0,4009.0,23.0,-642.0,-616.0,1.0,0.0,2.0,2.0,1.0,4.0,0.0,4667.0,4664.0,30.0,5414.0,5812.0,32.0,-747.0,-1148.0,-2.0,0.0,5.0,2.0,2.0,6.0,0.0,5767.0,5920.0,40.0,6817.0,7019.0,35.0,-1050.0,-1099.0,5.0,0.0,6.0,4.0,3.0,8.0,0.0
ESPORTSTMNT05_3221125,complete,,EM,2023,Spring,0,2023-04-05 18:35:17,1,13.06,6,Red,top,Zhergoth,oe:player:368db8366e1e5de655938dd9f8296dc,Team 7AM,oe:team:fc3d0bdc84e08efc1b6623448e64c15,Kennen,Thresh,Annie,Lee Sin,Cassiopeia,Swain,,,,,,1960,1,5,5,6,29,15,2.0,0.0,0.0,0.0,0.0,0.0,0.0,0.0,0.8878,1.3469,,,,,,,,,,,,,,,,,,,,,0.0,0.0,,,,,,,,0.0,0.0,25165.0,770.3571,0.224957,630.9796,298.4082,15.0,0.4592,10.0,0.3061,4.0,47.0,1.4388,11512,7238,221.5714,0.178026,11350.0,,,209.0,209.0,0.0,,,6.398,2960.0,4344.0,70.0,3549.0,5116.0,88.0,-589.0,-772.0,-18.0,0.0,0.0,1.0,0.0,1.0,0.0,4739.0,7263.0,118.0,5019.0,7465.0,127.0,-280.0,-202.0,-9.0,0.0,1.0,1.0,0.0,1.0,1.0,6318.0,8729.0,142.0,8331.0,10919.0,167.0,-2013.0,-2190.0,-25.0,1.0,1.0,3.0,3.0,2.0,2.0,8547.0,10895.0,172.0,9991.0,13075.0,199.0,-1444.0,-2180.0,-27.0,3.0,3.0,4.0,3.0,3.0,2.0
ESPORTSTMNT05_3221125,complete,,EM,2023,Spring,0,2023-04-05 18:35:17,1,13.06,7,Red,jng,Noodle,oe:player:15101ae59f2cc7c8836b7e67352b598,Team 7AM,oe:team:fc3d0bdc84e08efc1b6623448e64c15,Viego,Thresh,Annie,Lee Sin,Cassiopeia,Swain,,,,,,1960,1,6,5,12,29,15,0.0,0.0,0.0,0.0,1.0,1.0,0.0,0.0,0.8878,1.3469,,,,,,,,,,,,,,,,,,,,,0.0,0.0,,,,,,,,0.0,0.0,23136.0,708.2449,0.206819,1181.1122,948.2143,6.0,0.1837,7.0,0.2143,7.0,38.0,1.1633,12053,7779,238.1327,0.191332,9100.0,,,168.0,15.0,153.0,,,5.1429,3455.0,3374.0,68.0,3365.0,2841.0,43.0,90.0,533.0,25.0,1.0,0.0,1.0,2.0,0.0,1.0,5308.0,5344.0,90.0,5294.0,4803.0,69.0,14.0,541.0,21.0,2.0,2.0,2.0,2.0,2.0,2.0,7154.0,8141.0,122.0,7473.0,6921.0,92.0,-319.0,1220.0,30.0,3.0,4.0,3.0,3.0,4.0,3.0,8786.0,9792.0,144.0,8987.0,8547.0,105.0,-201.0,1245.0,39.0,4.0,5.0,5.0,4.0,5.0,4.0
ESPORTSTMNT05_3221125,complete,,EM,2023,Spring,0,2023-04-05 18:35:17,1,13.06,8,Red,mid,Sahira,oe:player:2eec415168a9f5810a8674fd4213fa9,Team 7AM,oe:team:fc3d0bdc84e08efc1b6623448e64c15,Ryze,Thresh,Annie,Lee Sin,Cassiopeia,Swain,,,,,,1960,1,7,2,12,29,15,1.0,0.0,0.0,0.0,0.0,0.0,0.0,0.0,0.8878,1.3469,,,,,,,,,,,,,,,,,,,,,0.0,0.0,,,,,,,,1.0,0.0,28465.0,871.3776,0.254456,805.102,721.8367,14.0,0.4286,8.0,0.2449,5.0,48.0,1.4694,13113,8839,270.5816,0.217404,11975.0,,,251.0,236.0,15.0,,,7.6837,3073.0,4717.0,84.0,3474.0,5546.0,86.0,-401.0,-829.0,-2.0,0.0,0.0,1.0,1.0,1.0,0.0,5395.0,7643.0,138.0,5255.0,7954.0,134.0,140.0,-311.0,4.0,2.0,1.0,1.0,1.0,1.0,1.0,7440.0,10215.0,181.0,7477.0,10512.0,177.0,-37.0,-297.0,4.0,3.0,2.0,2.0,1.0,3.0,2.0,9305.0,12693.0,214.0,9040.0,12093.0,200.0,265.0,600.0,14.0,4.0,3.0,2.0,2.0,4.0,3.0
ESPORTSTMNT05_3221125,complete,,EM,2023,Spring,0,2023-04-05 18:35:17,1,13.06,9,Red,bot,Mindrago,oe:player:4202e9d85e69908cd25c9ea58de244d,Team 7AM,oe:team:fc3d0bdc84e08efc1b6623448e64c15,Xayah,Thresh,Annie,Lee Sin,Cassiopeia,Swain,,,,,,1960,1,7,2,13,29,15,1.0,0.0,0.0,0.0,1.0,0.0,1.0,0.0,0.8878,1.3469,,,,,,,,,,,,,,,,,,,,,0.0,0.0,,,,,,,,0.0,0.0,27315.0,836.1735,0.244176,575.2653,342.7347,17.0,0.5204,9.0,0.2755,7.0,43.0,1.3163,15987,11713,358.5612,0.288093,13625.0,,,269.0,253.0,16.0,,,8.2347,3595.0,2884.0,73.0,3069.0,3019.0,79.0,526.0,-135.0,-6.0,1.0,1.0,0.0,0.0,0.0,0.0,5575.0,5323.0,115.0,5207.0,4823.0,114.0,368.0,500.0,1.0,2.0,3.0,1.0,2.0,0.0,1.0,8464.0,8592.0,156.0,6758.0,6386.0,145.0,1706.0,2206.0,11.0,3.0,6.0,1.0,2.0,0.0,3.0,10797.0,10726.0,191.0,8984.0,8733.0,188.0,1813.0,1993.0,3.0,3.0,9.0,1.0,3.0,1.0,4.0
ESPORTSTMNT05_3221125,complete,,EM,2023,Spring,0,2023-04-05 18:35:17,1,13.06,10,Red,sup,Quicktimer,oe:player:a01962da0921577bca0e84951082b3f,Team 7AM,oe:team:fc3d0bdc84e08efc1b6623448e64c15,Nautilus,Thresh,Annie,Lee Sin,Cassiopeia,Swain,,,,,,1960,1,4,1,18,29,15,0.0,0.0,0.0,0.0,1.0,0.0,1.0,0.0,0.8878,1.3469,,,,,,,,,,,,,,,,,,,,,0.0,0.0,,,,,,,,0.0,0.0,7785.0,238.3163,0.0695922,524.7245,840.2143,58.0,1.7755,11.0,0.3367,15.0,102.0,3.1224,9362,5088,155.7551,0.125144,6925.0,,,40.0,40.0,0.0,,,1.2245,2332.0,2342.0,14.0,2078.0,2253.0,18.0,254.0,89.0,-4.0,0.0,2.0,0.0,0.0,0.0,1.0,3875.0,4009.0,23.0,3233.0,3393.0,24.0,642.0,616.0,-1.0,1.0,4.0,0.0,0.0,2.0,2.0,5414.0,5812.0,32.0,4667.0,4664.0,30.0,747.0,1148.0,2.0,2.0,6.0,0.0,0.0,5.0,2.0,6817.0,7019.0,35.0,5767.0,5920.0,40.0,1050.0,1099.0,-5.0,3.0,8.0,0.0,0.0,6.0,4.0
ESPORTSTMNT05_3221125,complete,,EM,2023,Spring,0,2023-04-05 18:35:17,1,13.06,100,Blue,team,,,GTZ Esports,oe:team:3659b5cb3434354530c31ce71461fc1,,Wukong,Vi,Aphelios,Ahri,Sion,Elise,Rakan,Ezreal,Taliyah,Renekton,1960,0,15,29,28,15,29,1.0,0.0,0.0,0.0,0.0,,,,0.4592,1.3469,0.0,1.0,4.0,1.0,4.0,0.0,1.0,0.0,0.0,0.0,0.0,,0.0,0.0,1.0,2.0,0.0,,,0.0,0.0,0.0,1.0,4.0,9.0,1.0,1.0,5.0,1.0,0.0,1.0,93058.0,2848.7143,,4232.8776,3299.5714,88.0,2.6939,49.0,1.5,29.0,259.0,7.9286,54322,32952,1008.7347,,52183.0,-0.015063,-0.66,,739.0,136.0,,,26.7857,15535.0,18775.0,314.0,15415.0,17661.0,309.0,120.0,1114.0,5.0,3.0,2.0,2.0,2.0,3.0,3.0,24008.0,28438.0,468.0,24892.0,29582.0,484.0,-884.0,-1144.0,-16.0,5.0,6.0,7.0,7.0,11.0,5.0,34706.0,39402.0,611.0,34790.0,41489.0,633.0,-84.0,-2087.0,-22.0,9.0,14.0,12.0,12.0,19.0,9.0,42769.0,48368.0,732.0,44252.0,51125.0,756.0,-1483.0,-2757.0,-24.0,12.0,19.0,17.0,17.0,28.0,12.0
ESPORTSTMNT05_3221125,complete,,EM,2023,Spring,0,2023-04-05 18:35:17,1,13.06,200,Red,team,,,Team 7AM,oe:team:fc3d0bdc84e08efc1b6623448e64c15,,Thresh,Annie,Lee Sin,Cassiopeia,Swain,Viego,Xayah,Nautilus,Ryze,Kennen,1960,1,29,15,61,29,15,4.0,0.0,0.0,0.0,1.0,,,,0.8878,1.3469,1.0,4.0,1.0,4.0,1.0,1.0,0.0,0.0,3.0,0.0,0.0,,0.0,0.0,0.0,0.0,2.0,,,0.0,0.0,0.0,0.0,9.0,4.0,0.0,0.0,1.0,5.0,1.0,0.0,111866.0,3424.4694,,3717.1837,3151.4082,110.0,3.3673,45.0,1.3776,38.0,278.0,8.5102,62027,40657,1244.602,,52975.0,0.015063,0.66,,753.0,184.0,,,28.6837,15415.0,17661.0,309.0,15535.0,18775.0,314.0,-120.0,-1114.0,-5.0,2.0,3.0,3.0,3.0,2.0,2.0,24892.0,29582.0,484.0,24008.0,28438.0,468.0,884.0,1144.0,16.0,7.0,11.0,5.0,5.0,6.0,7.0,34790.0,41489.0,633.0,34706.0,39402.0,611.0,84.0,2087.0,22.0,12.0,19.0,9.0,9.0,14.0,12.0,44252.0,51125.0,756.0,42769.0,48368.0,732.0,1483.0,2757.0,24.0,17.0,28.0,12.0,12.0,19.0,17.0
ESPORTSTMNT05_3220127,complete,,EM,2023,Spring,0,2023-04-05 18:37:10,1,13.06,1,Blue,top,Robocop,oe:player:bf0fcdb863d11c4f6e7802f434de734,Entropiq,oe:team:06554c70cfe8a6be14b004b3c18abe6,Jax,Rakan,Varus,Wukong,Tristana,Yone,,,,,,2250,0,3,5,4,24,24,0.0,0.0,0.0,0.0,0.0,0.0,0.0,0.0,0.64,1.28,,,,,,,,,,,,,,,,,,,,,0.0,0.0,,,,,,,,0.0,0.0,14176.0,378.0267,0.14606,781.36,670.08,22.0,0.5867,3.0,0.08,6.0,50.0,1.3333,14707,9841,262.4267,0.208182,14450.0,,,270.0,266.0,4.0,,,7.2,3484.0,4756.0,81.0,3331.0,4721.0,78.0,153.0,35.0,3.0,1.0,0.0,0.0,0.0,0.0,1.0,6199.0,7628.0,136.0,4745.0,6997.0,115.0,1454.0,631.0,21.0,1.0,0.0,0.0,0.0,1.0,1.0,8596.0,9883.0,164.0,6224.0,9069.0,141.0,2372.0,814.0,23.0,2.0,0.0,1.0,0.0,3.0,2.0,11132.0,13559.0,209.0,7206.0,10155.0,158.0,3926.0,3404.0,51.0,2.0,3.0,2.0,0.0,3.0,4.0
ESPORTSTMNT05_3220127,complete,,EM,2023,Spring,0,2023-04-05 18:37:10,1,13.06,2,Blue,jng,Zicssi,oe:player:060e16e1c91434827c294bac52e8b47,Entropiq,oe:team:06554c70cfe8a6be14b004b3c18abe6,Vi,Rakan,Varus,Wukong,Tristana,Yone,,,,,,2250,0,1,5,11,24,24,0.0,0.0,0.0,0.0,0.0,0.0,0.0,0.0,0.64,1.28,,,,,,,,,,,,,,,,,,,,,1.0,2.0,,,,,,,,0.0,0.0,12165.0,324.4,0.12534,805.7867,1374.8267,13.0,0.3467,17.0,0.4533,11.0,70.0,1.8667,11970,7104,189.44,0.150285,11275.0,,,185.0,32.0,153.0,,,4.9333,3116.0,3200.0,63.0,3594.0,3288.0,59.0,-478.0,-88.0,4.0,0.0,1.0,1.0,1.0,1.0,1.0,4495.0,5424.0,91.0,5940.0,5625.0,95.0,-1445.0,-201.0,-4.0,0.0,2.0,1.0,2.0,3.0,1.0,6637.0,8075.0,121.0,8460.0,8756.0,141.0,-1823.0,-681.0,-20.0,0.0,5.0,2.0,4.0,4.0,2.0,8700.0,11048.0,144.0,9847.0,10784.0,173.0,-1147.0,264.0,-29.0,0.0,8.0,2.0,4.0,5.0,3.0
ESPORTSTMNT05_3220127,complete,,EM,2023,Spring,0,2023-04-05 18:37:10,1,13.06,3,Blue,mid,Jackies,oe:player:204746c853a12888ad72d8035cdf8c7,Entropiq,oe:team:06554c70cfe8a6be14b004b3c18abe6,Sylas,Rakan,Varus,Wukong,Tristana,Yone,,,,,,2250,0,12,6,7,24,24,3.0,0.0,0.0,0.0,1.0,1.0,0.0,0.0,0.64,1.28,,,,,,,,,,,,,,,,,,,,,0.0,0.0,,,,,,,,0.0,0.0,31177.0,831.3867,0.321227,913.4667,642.16,15.0,0.4,5.0,0.1333,2.0,40.0,1.0667,16959,12093,322.48,0.25582,17050.0,,,300.0,276.0,24.0,,,8.0,3446.0,4387.0,60.0,2994.0,4771.0,80.0,452.0,-384.0,-20.0,2.0,0.0,1.0,0.0,0.0,1.0,5019.0,6160.0,94.0,4554.0,7097.0,119.0,465.0,-937.0,-25.0,2.0,1.0,2.0,0.0,1.0,2.0,7061.0,8716.0,133.0,7530.0,10798.0,175.0,-469.0,-2082.0,-42.0,3.0,2.0,3.0,2.0,3.0,2.0,10397.0,13032.0,177.0,8962.0,13007.0,207.0,1435.0,25.0,-30.0,6.0,5.0,3.0,2.0,4.0,3.0
ESPORTSTMNT05_3220127,complete,,EM,2023,Spring,0,2023-04-05 18:37:10,1,13.06,4,Blue,bot,Khantos,oe:player:58cff57941b3605087bb9208b3d76d0,Entropiq,oe:team:06554c70cfe8a6be14b004b3c18abe6,Jinx,Rakan,Varus,Wukong,Tristana,Yone,,,,,,2250,0,7,6,11,24,24,1.0,0.0,0.0,0.0,0.0,0.0,0.0,0.0,0.64,1.28,,,,,,,,,,,,,,,,,,,,,0.0,0.0,,,,,,,,1.0,2.0,33775.0,900.6667,0.347995,478.08,246.5333,13.0,0.3467,13.0,0.3467,4.0,45.0,1.2,18173,13307,354.8533,0.281501,19820.0,,,360.0,323.0,37.0,,,9.6,3829.0,3461.0,89.0,3800.0,3247.0,75.0,29.0,214.0,14.0,1.0,1.0,1.0,2.0,0.0,1.0,5831.0,5326.0,136.0,5824.0,5776.0,127.0,7.0,-450.0,9.0,1.0,2.0,3.0,3.0,1.0,1.0,8839.0,7539.0,185.0,8222.0,8450.0,174.0,617.0,-911.0,11.0,3.0,3.0,3.0,3.0,4.0,2.0,12445.0,11509.0,248.0,9928.0,10383.0,219.0,2517.0,1126.0,29.0,6.0,5.0,3.0,3.0,5.0,3.0
ESPORTSTMNT05_3220127,complete,,EM,2023,Spring,0,2023-04-05 18:37:10,1,13.06,5,Blue,sup,denyk,oe:player:9adc23fff49c05d7b22cfd79ca1841d,Entropiq,oe:team:06554c70cfe8a6be14b004b3c18abe6,Thresh,Rakan,Varus,Wukong,Tristana,Yone,,,,,,2250,0,1,2,15,24,24,0.0,0.0,0.0,0.0,0.0,0.0,0.0,0.0,0.64,1.28,,,,,,,,,,,,,,,,,,,,,0.0,0.0,,,,,,,,0.0,0.0,5763.0,153.68,0.0593781,273.7333,226.5333,64.0,1.7067,12.0,0.32,19.0,111.0,2.96,9792,4926,131.36,0.104212,8525.0,,,43.0,43.0,0.0,,,1.1467,2476.0,2496.0,17.0,2375.0,2216.0,13.0,101.0,280.0,4.0,0.0,2.0,0.0,0.0,3.0,0.0,3772.0,3912.0,25.0,3797.0,3733.0,23.0,-25.0,179.0,2.0,1.0,2.0,0.0,1.0,5.0,0.0,5223.0,5315.0,31.0,4946.0,5157.0,29.0,277.0,158.0,2.0,1.0,4.0,1.0,1.0,8.0,1.0,6634.0,8099.0,33.0,6136.0,6674.0,33.0,498.0,1425.0,0.0,1.0,7.0,1.0,2.0,8.0,2.0
ESPORTSTMNT05_3220127,complete,,EM,2023,Spring,0,2023-04-05 18:37:10,1,13.06,6,Red,top,Lunddorf,oe:player:6cb2f925e1216835980ce1a01bb62f6,Partizan Esports,oe:team:e42ade212c09777da0f54bffe481f6d,K'Sante,Sejuani,Gragas,Xayah,LeBlanc,Ahri,,,,,,2250,1,0,8,10,24,24,0.0,0.0,0.0,0.0,0.0,0.0,0.0,0.0,0.64,1.28,,,,,,,,,,,,,,,,,,,,,0.0,0.0,,,,,,,,0.0,0.0,8682.0,231.52,0.0931555,878.8267,1312.24,14.0,0.3733,5.0,0.1333,5.0,39.0,1.04,11162,6296,167.8933,0.126175,11025.0,,,189.0,189.0,0.0,,,5.04,3331.0,4721.0,78.0,3484.0,4756.0,81.0,-153.0,-35.0,-3.0,0.0,0.0,1.0,1.0,0.0,0.0,4745.0,6997.0,115.0,6199.0,7628.0,136.0,-1454.0,-631.0,-21.0,0.0,1.0,1.0,1.0,0.0,0.0,6224.0,9069.0,141.0,8596.0,9883.0,164.0,-2372.0,-814.0,-23.0,0.0,3.0,2.0,2.0,0.0,1.0,7206.0,10155.0,158.0,11132.0,13559.0,209.0,-3926.0,-3404.0,-51.0,0.0,3.0,4.0,2.0,3.0,2.0
ESPORTSTMNT05_3220127,complete,,EM,2023,Spring,0,2023-04-05 18:37:10,1,13.06,7,Red,jng,Sn1lle,oe:player:947d42fad1e2f3afeb911e5ae3888ce,Partizan Esports,oe:team:e42ade212c09777da0f54bffe481f6d,Lillia,Sejuani,Gragas,Xayah,LeBlanc,Ahri,,,,,,2250,1,5,4,10,24,24,0.0,0.0,0.0,0.0,0.0,0.0,0.0,0.0,0.64,1.28,,,,,,,,,,,,,,,,,,,,,2.0,1.0,,,,,,,,0.0,0.0,23265.0,620.4,0.249627,1032.5067,799.28,7.0,0.1867,13.0,0.3467,6.0,59.0,1.5733,15744,10878,290.08,0.217995,13400.0,,,278.0,61.0,217.0,,,7.4133,3594.0,3288.0,59.0,3116.0,3200.0,63.0,478.0,88.0,-4.0,1.0,1.0,1.0,0.0,1.0,1.0,5940.0,5625.0,95.0,4495.0,5424.0,91.0,1445.0,201.0,4.0,2.0,3.0,1.0,0.0,2.0,1.0,8460.0,8756.0,141.0,6637.0,8075.0,121.0,1823.0,681.0,20.0,4.0,4.0,2.0,0.0,5.0,2.0,9847.0,10784.0,173.0,8700.0,11048.0,144.0,1147.0,-264.0,29.0,4.0,5.0,3.0,0.0,8.0,2.0
ESPORTSTMNT05_3220127,complete,,EM,2023,Spring,0,2023-04-05 18:37:10,1,13.06,8,Red,mid,Rylle,oe:player:aa11f28607376fa521dd2625569a656,Partizan Esports,oe:team:e42ade212c09777da0f54bffe481f6d,Pantheon,Sejuani,Gragas,Xayah,LeBlanc,Ahri,,,,,,2250,1,5,4,10,24,24,1.0,0.0,0.0,0.0,0.0,0.0,0.0,1.0,0.64,1.28,,,,,,,,,,,,,,,,,,,,,0.0,0.0,,,,,,,,0.0,0.0,22878.0,610.08,0.245475,534.9067,533.92,7.0,0.1867,6.0,0.16,5.0,37.0,0.9867,15990,11124,296.64,0.222925,17995.0,,,305.0,305.0,0.0,,,8.1333,2994.0,4771.0,80.0,3446.0,4387.0,60.0,-452.0,384.0,20.0,0.0,0.0,1.0,2.0,0.0,1.0,4554.0,7097.0,119.0,5019.0,6160.0,94.0,-465.0,937.0,25.0,0.0,1.0,2.0,2.0,1.0,2.0,7530.0,10798.0,175.0,7061.0,8716.0,133.0,469.0,2082.0,42.0,2.0,3.0,2.0,3.0,2.0,3.0,8962.0,13007.0,207.0,10397.0,13032.0,177.0,-1435.0,-25.0,30.0,2.0,4.0,3.0,6.0,5.0,3.0
ESPORTSTMNT05_3220127,complete,,EM,2023,Spring,0,2023-04-05 18:37:10,1,13.06,9,Red,bot,Jopa,oe:player:e214e8e906f16ec13e9a88de30dc181,Partizan Esports,oe:team:e42ade212c09777da0f54bffe481f6d,Zeri,Sejuani,Gragas,Xayah,LeBlanc,Ahri,,,,,,2250,1,12,3,9,24,24,3.0,1.0,0.0,0.0,0.0,0.0,0.0,0.0,0.64,1.28,,,,,,,,,,,,,,,,,,,,,0.0,0.0,,,,,,,,2.0,1.0,29553.0,788.08,0.317096,481.8933,696.7467,11.0,0.2933,15.0,0.4,3.0,44.0,1.1733,21588,16722,445.92,0.335105,18075.0,,,374.0,360.0,14.0,,,9.9733,3800.0,3247.0,75.0,3829.0,3461.0,89.0,-29.0,-214.0,-14.0,2.0,0.0,1.0,1.0,1.0,1.0,5824.0,5776.0,127.0,5831.0,5326.0,136.0,-7.0,450.0,-9.0,3.0,1.0,1.0,1.0,2.0,3.0,8222.0,8450.0,174.0,8839.0,7539.0,185.0,-617.0,911.0,-11.0,3.0,4.0,2.0,3.0,3.0,3.0,9928.0,10383.0,219.0,12445.0,11509.0,248.0,-2517.0,-1126.0,-29.0,3.0,5.0,3.0,6.0,5.0,3.0
ESPORTSTMNT05_3220127,complete,,EM,2023,Spring,0,2023-04-05 18:37:10,1,13.06,10,Red,sup,Cl0x,oe:player:85b3b3e91202ccada9f1f5a24dc1bfb,Partizan Esports,oe:team:e42ade212c09777da0f54bffe481f6d,Blitzcrank,Sejuani,Gragas,Xayah,LeBlanc,Ahri,,,,,,2250,1,2,5,14,24,24,0.0,0.0,0.0,0.0,0.0,0.0,0.0,0.0,0.64,1.28,,,,,,,,,,,,,,,,,,,,,0.0,0.0,,,,,,,,0.0,0.0,8821.0,235.2267,0.0946469,518.0,524.1867,55.0,1.4667,8.0,0.2133,16.0,87.0,2.32,9746,4880,130.1333,0.0977997,9500.0,,,39.0,37.0,2.0,,,1.04,2375.0,2216.0,13.0,2476.0,2496.0,17.0,-101.0,-280.0,-4.0,0.0,3.0,0.0,0.0,2.0,0.0,3797.0,3733.0,23.0,3772.0,3912.0,25.0,25.0,-179.0,-2.0,1.0,5.0,0.0,1.0,2.0,0.0,4946.0,5157.0,29.0,5223.0,5315.0,31.0,-277.0,-158.0,-2.0,1.0,8.0,1.0,1.0,4.0,1.0,6136.0,6674.0,33.0,6634.0,8099.0,33.0,-498.0,-1425.0,0.0,2.0,8.0,2.0,1.0,7.0,1.0
ESPORTSTMNT05_3220127,complete,,EM,2023,Spring,0,2023-04-05 18:37:10,1,13.06,100,Blue,team,,,Entropiq,oe:team:06554c70cfe8a6be14b004b3c18abe6,,Rakan,Varus,Wukong,Tristana,Yone,Vi,Jinx,Thresh,Jax,Sylas,2250,0,24,24,48,24,24,4.0,0.0,0.0,0.0,1.0,,,,0.64,1.28,1.0,3.0,3.0,3.0,3.0,0.0,0.0,2.0,0.0,1.0,0.0,,0.0,0.0,0.0,1.0,1.0,,,1.0,1.0,2.0,1.0,8.0,8.0,0.0,1.0,8.0,5.0,1.0,2.0,97056.0,2588.16,,3252.4267,3160.1333,127.0,3.3867,50.0,1.3333,42.0,316.0,8.4267,71601,47273,1260.6133,,71120.0,0.0159444,1.29,,940.0,218.0,,,30.88,16351.0,18300.0,310.0,16094.0,18243.0,305.0,257.0,57.0,5.0,4.0,4.0,3.0,3.0,4.0,4.0,25316.0,28450.0,482.0,24860.0,29228.0,479.0,456.0,-778.0,3.0,5.0,7.0,6.0,6.0,11.0,5.0,36356.0,39528.0,634.0,35382.0,42230.0,660.0,974.0,-2702.0,-26.0,9.0,14.0,10.0,10.0,22.0,9.0,49308.0,57247.0,811.0,42079.0,51003.0,790.0,7229.0,6244.0,21.0,15.0,28.0,11.0,11.0,25.0,15.0
ESPORTSTMNT05_3220127,complete,,EM,2023,Spring,0,2023-04-05 18:37:10,1,13.06,200,Red,team,,,Partizan Esports,oe:team:e42ade212c09777da0f54bffe481f6d,,Sejuani,Gragas,Xayah,LeBlanc,Ahri,Lillia,Zeri,Blitzcrank,K'Sante,Pantheon,2250,1,24,24,53,24,24,4.0,1.0,0.0,0.0,0.0,,,,0.64,1.28,0.0,3.0,3.0,3.0,3.0,0.0,1.0,2.0,0.0,0.0,0.0,,0.0,0.0,1.0,1.0,1.0,,,0.0,2.0,1.0,0.0,8.0,8.0,1.0,0.0,5.0,8.0,2.0,1.0,93199.0,2485.3067,,3446.1333,3866.3733,94.0,2.5067,47.0,1.2533,35.0,266.0,7.0933,74230,49902,1330.72,,69995.0,-0.0159444,-1.29,,952.0,233.0,,,31.6,16094.0,18243.0,305.0,16351.0,18300.0,310.0,-257.0,-57.0,-5.0,3.0,4.0,4.0,4.0,4.0,3.0,24860.0,29228.0,479.0,25316.0,28450.0,482.0,-456.0,778.0,-3.0,6.0,11.0,5.0,5.0,7.0,6.0,35382.0,42230.0,660.0,36356.0,39528.0,634.0,-974.0,2702.0,26.0,10.0,22.0,9.0,9.0,14.0,10.0,42079.0,51003.0,790.0,49308.0,57247.0,811.0,-7229.0,-6244.0,-21.0,11.0,25.0,15.0,15.0,28.0,11.0
ESPORTSTMNT05_3221126,complete,,EM,2023,Spring,0,2023-04-05 18:46:55,1,13.06,1,Blue,top,HeSSZero,oe:player:a2694196d288cd26055602729d0bb5c,WLGaming Esports,oe:team:b19ab22267512e77945cd498106dcf1,Jax,Vi,Aphelios,Xayah,Gangplank,Kennen,,,,,,1410,1,4,1,5,28,7,0.0,0.0,0.0,0.0,0.0,0.0,0.0,0.0,1.1915,1.4894,,,,,,,,,,,,,,,,,,,,,0.0,0.0,,,,,,,,0.0,0.0,18095.0,770.0,0.233066,691.1064,556.2128,11.0,0.4681,1.0,0.0426,4.0,20.0,0.8511,11540,8388,356.9362,0.241111,11030.0,,,191.0,187.0,4.0,,,8.1277,3966.0,4468.0,75.0,2424.0,3434.0,47.0,1542.0,1034.0,28.0,2.0,0.0,1.0,0.0,0.0,2.0,6573.0,7130.0,120.0,3962.0,5363.0,73.0,2611.0,1767.0,47.0,2.0,2.0,1.0,1.0,0.0,3.0,8989.0,9843.0,159.0,6014.0,8087.0,107.0,2975.0,1756.0,52.0,3.0,3.0,1.0,2.0,0.0,4.0,,,,,,,,,,,,,,,
ESPORTSTMNT05_3221126,complete,,EM,2023,Spring,0,2023-04-05 18:46:55,1,13.06,2,Blue,jng,Bruness,oe:player:7471c21aed615dae3e49140eca8ce89,WLGaming Esports,oe:team:b19ab22267512e77945cd498106dcf1,Wukong,Vi,Aphelios,Xayah,Gangplank,Kennen,,,,,,1410,1,14,0,11,28,7,3.0,2.0,1.0,0.0,1.0,1.0,0.0,0.0,1.1915,1.4894,,,,,,,,,,,,,,,,,,,,,0.0,0.0,,,,,,,,0.0,0.0,21637.0,920.7234,0.278687,1085.0638,996.8936,6.0,0.2553,3.0,0.1277,5.0,27.0,1.1489,13167,10015,426.1702,0.287878,11425.0,,,152.0,19.0,133.0,,,6.4681,3557.0,3144.0,59.0,3194.0,2863.0,49.0,363.0,281.0,10.0,1.0,2.0,0.0,1.0,1.0,1.0,6473.0,5961.0,98.0,5181.0,4240.0,72.0,1292.0,1721.0,26.0,4.0,5.0,0.0,1.0,2.0,2.0,9481.0,9373.0,139.0,6407.0,6039.0,93.0,3074.0,3334.0,46.0,7.0,9.0,0.0,1.0,2.0,3.0,,,,,,,,,,,,,,,
ESPORTSTMNT05_3221126,complete,,EM,2023,Spring,0,2023-04-05 18:46:55,1,13.06,3,Blue,mid,Vladi,oe:player:367fecc4cb53a8234abbd9f283b7997,WLGaming Esports,oe:team:b19ab22267512e77945cd498106dcf1,Gragas,Vi,Aphelios,Xayah,Gangplank,Kennen,,,,,,1410,1,4,1,15,28,7,0.0,0.0,0.0,0.0,1.0,0.0,1.0,0.0,1.1915,1.4894,,,,,,,,,,,,,,,,,,,,,0.0,0.0,,,,,,,,0.0,0.0,19484.0,829.1064,0.250956,758.7234,572.9787,14.0,0.5957,0.0,0.0,6.0,16.0,0.6809,9415,6263,266.5106,0.180028,8750.0,,,151.0,151.0,0.0,,,6.4255,2940.0,3712.0,58.0,2889.0,3755.0,59.0,51.0,-43.0,-1.0,1.0,2.0,0.0,0.0,1.0,2.0,5359.0,6310.0,99.0,5002.0,6247.0,101.0,357.0,63.0,-2.0,3.0,4.0,0.0,1.0,2.0,4.0,7610.0,9236.0,137.0,6282.0,7957.0,133.0,1328.0,1279.0,4.0,4.0,8.0,1.0,1.0,2.0,6.0,,,,,,,,,,,,,,,
ESPORTSTMNT05_3221126,complete,,EM,2023,Spring,0,2023-04-05 18:46:55,1,13.06,4,Blue,bot,Jeyrus,oe:player:c5050bf5abf900c6beaed313da57213,WLGaming Esports,oe:team:b19ab22267512e77945cd498106dcf1,Varus,Vi,Aphelios,Xayah,Gangplank,Kennen,,,,,,1410,1,5,2,6,28,7,1.0,0.0,0.0,0.0,0.0,0.0,0.0,0.0,1.1915,1.4894,,,,,,,,,,,,,,,,,,,,,0.0,0.0,,,,,,,,0.0,0.0,12870.0,547.6596,0.165767,335.3191,251.7447,11.0,0.4681,3.0,0.1277,5.0,27.0,1.1489,9741,6589,280.383,0.189399,8975.0,,,186.0,186.0,0.0,,,7.9149,3202.0,3287.0,77.0,2958.0,3353.0,78.0,244.0,-66.0,-1.0,1.0,0.0,0.0,0.0,0.0,0.0,5181.0,5384.0,123.0,5017.0,5841.0,133.0,164.0,-457.0,-10.0,1.0,0.0,1.0,0.0,0.0,0.0,7709.0,8220.0,163.0,6531.0,7643.0,175.0,1178.0,577.0,-12.0,3.0,3.0,1.0,0.0,0.0,2.0,,,,,,,,,,,,,,,
ESPORTSTMNT05_3221126,complete,,EM,2023,Spring,0,2023-04-05 18:46:55,1,13.06,5,Blue,sup,Bananitoo,oe:player:148e116847c069d852ad0696d4180fe,WLGaming Esports,oe:team:b19ab22267512e77945cd498106dcf1,Nautilus,Vi,Aphelios,Xayah,Gangplank,Kennen,,,,,,1410,1,1,3,16,28,7,0.0,0.0,0.0,0.0,1.0,0.0,1.0,0.0,1.1915,1.4894,,,,,,,,,,,,,,,,,,,,,0.0,0.0,,,,,,,,1.0,0.0,5553.0,236.2979,0.0715233,469.5745,623.1489,23.0,0.9787,4.0,0.1702,6.0,41.0,1.7447,6686,3534,150.383,0.101584,5800.0,,,30.0,30.0,0.0,,,1.2766,2168.0,2332.0,14.0,2307.0,2411.0,17.0,-139.0,-79.0,-3.0,0.0,2.0,1.0,1.0,0.0,0.0,4155.0,3613.0,25.0,3410.0,3404.0,27.0,745.0,209.0,-2.0,1.0,6.0,2.0,1.0,1.0,2.0,5537.0,5410.0,29.0,4831.0,5166.0,40.0,706.0,244.0,-11.0,1.0,11.0,2.0,1.0,2.0,3.0,,,,,,,,,,,,,,,
ESPORTSTMNT05_3221126,complete,,EM,2023,Spring,0,2023-04-05 18:46:55,1,13.06,6,Red,top,Kektz,oe:player:f5ea6213c328518f2840a59bf48acec,Diamant Esports,oe:team:830f05a5024d0794bd8d5b598b2432b,K'Sante,Heimerdinger,Annie,Jinx,Viktor,Gnar,,,,,,1410,0,2,6,1,7,28,0.0,0.0,0.0,0.0,0.0,0.0,0.0,0.0,0.2979,1.4894,,,,,,,,,,,,,,,,,,,,,0.0,0.0,,,,,,,,0.0,0.0,11834.0,503.5745,0.24119,818.2128,814.4255,8.0,0.3404,2.0,0.0851,0.0,15.0,0.6383,7077,3925,167.0213,0.200726,6450.0,,,131.0,131.0,0.0,,,5.5745,2424.0,3434.0,47.0,3966.0,4468.0,75.0,-1542.0,-1034.0,-28.0,0.0,0.0,2.0,2.0,0.0,1.0,3962.0,5363.0,73.0,6573.0,7130.0,120.0,-2611.0,-1767.0,-47.0,1.0,0.0,3.0,2.0,2.0,1.0,6014.0,8087.0,107.0,8989.0,9843.0,159.0,-2975.0,-1756.0,-52.0,2.0,0.0,4.0,3.0,3.0,1.0,,,,,,,,,,,,,,,
ESPORTSTMNT05_3221126,complete,,EM,2023,Spring,0,2023-04-05 18:46:55,1,13.06,7,Red,jng,Mafro,oe:player:cd521f662fbbec89f03a900e7d9bb63,Diamant Esports,oe:team:830f05a5024d0794bd8d5b598b2432b,Lee Sin,Heimerdinger,Annie,Jinx,Viktor,Gnar,,,,,,1410,0,1,5,3,7,28,0.0,0.0,0.0,0.0,0.0,0.0,0.0,0.0,0.2979,1.4894,,,,,,,,,,,,,,,,,,,,,0.0,0.0,,,,,,,,0.0,0.0,7538.0,320.766,0.153633,938.2553,596.8085,7.0,0.2979,4.0,0.1702,1.0,17.0,0.7234,7225,4073,173.3191,0.208295,6425.0,,,106.0,24.0,82.0,,,4.5106,3194.0,2863.0,49.0,3557.0,3144.0,59.0,-363.0,-281.0,-10.0,1.0,1.0,1.0,1.0,2.0,0.0,5181.0,4240.0,72.0,6473.0,5961.0,98.0,-1292.0,-1721.0,-26.0,1.0,2.0,2.0,4.0,5.0,0.0,6407.0,6039.0,93.0,9481.0,9373.0,139.0,-3074.0,-3334.0,-46.0,1.0,2.0,3.0,7.0,9.0,0.0,,,,,,,,,,,,,,,
ESPORTSTMNT05_3221126,complete,,EM,2023,Spring,0,2023-04-05 18:46:55,1,13.06,8,Red,mid,Diva,oe:player:72de20c106a52f0aaf21bd650af81bd,Diamant Esports,oe:team:830f05a5024d0794bd8d5b598b2432b,Sylas,Heimerdinger,Annie,Jinx,Viktor,Gnar,,,,,,1410,0,1,8,3,7,28,0.0,0.0,0.0,0.0,0.0,0.0,0.0,1.0,0.2979,1.4894,,,,,,,,,,,,,,,,,,,,,0.0,0.0,,,,,,,,0.0,0.0,18116.0,770.8936,0.369224,1314.7234,729.234,9.0,0.383,2.0,0.0851,3.0,24.0,1.0213,7139,3987,169.6596,0.203897,6735.0,,,151.0,151.0,0.0,,,6.4255,2889.0,3755.0,59.0,2940.0,3712.0,58.0,-51.0,43.0,1.0,0.0,1.0,2.0,1.0,2.0,0.0,5002.0,6247.0,101.0,5359.0,6310.0,99.0,-357.0,-63.0,2.0,1.0,2.0,4.0,3.0,4.0,0.0,6282.0,7957.0,133.0,7610.0,9236.0,137.0,-1328.0,-1279.0,-4.0,1.0,2.0,6.0,4.0,8.0,1.0,,,,,,,,,,,,,,,
ESPORTSTMNT05_3221126,complete,,EM,2023,Spring,0,2023-04-05 18:46:55,1,13.06,9,Red,bot,Shy Carry,oe:player:af020342617bd4e5c5da5a4c31ff591,Diamant Esports,oe:team:830f05a5024d0794bd8d5b598b2432b,Sivir,Heimerdinger,Annie,Jinx,Viktor,Gnar,,,,,,1410,0,1,4,1,7,28,0.0,0.0,0.0,0.0,0.0,0.0,0.0,0.0,0.2979,1.4894,,,,,,,,,,,,,,,,,,,,,0.0,0.0,,,,,,,,0.0,0.0,8356.0,355.5745,0.170305,474.5106,287.0213,7.0,0.2979,2.0,0.0851,0.0,17.0,0.7234,8105,4953,210.766,0.253299,8250.0,,,202.0,191.0,11.0,,,8.5957,2958.0,3353.0,78.0,3202.0,3287.0,77.0,-244.0,66.0,1.0,0.0,0.0,0.0,1.0,0.0,0.0,5017.0,5841.0,133.0,5181.0,5384.0,123.0,-164.0,457.0,10.0,0.0,0.0,0.0,1.0,0.0,1.0,6531.0,7643.0,175.0,7709.0,8220.0,163.0,-1178.0,-577.0,12.0,0.0,0.0,2.0,3.0,3.0,1.0,,,,,,,,,,,,,,,
ESPORTSTMNT05_3221126,complete,,EM,2023,Spring,0,2023-04-05 18:46:55,1,13.06,10,Red,sup,Wojtus,oe:player:a93e0326b85f0312cf1b451e175a7a0,Diamant Esports,oe:team:830f05a5024d0794bd8d5b598b2432b,Rakan,Heimerdinger,Annie,Jinx,Viktor,Gnar,,,,,,1410,0,2,5,3,7,28,0.0,0.0,0.0,0.0,0.0,0.0,0.0,0.0,0.2979,1.4894,,,,,,,,,,,,,,,,,,,,,0.0,0.0,,,,,,,,0.0,1.0,3221.0,137.0638,0.0656476,503.1489,563.617,21.0,0.8936,14.0,0.5957,5.0,60.0,2.5532,5768,2616,111.3191,0.133783,5325.0,,,44.0,44.0,0.0,,,1.8723,2307.0,2411.0,17.0,2168.0,2332.0,14.0,139.0,79.0,3.0,1.0,0.0,0.0,0.0,2.0,1.0,3410.0,3404.0,27.0,4155.0,3613.0,25.0,-745.0,-209.0,2.0,1.0,1.0,2.0,1.0,6.0,2.0,4831.0,5166.0,40.0,5537.0,5410.0,29.0,-706.0,-244.0,11.0,1.0,2.0,3.0,1.0,11.0,2.0,,,,,,,,,,,,,,,
ESPORTSTMNT05_3221126,complete,,EM,2023,Spring,0,2023-04-05 18:46:55,1,13.06,100,Blue,team,,,WLGaming Esports,oe:team:b19ab22267512e77945cd498106dcf1,,Vi,Aphelios,Xayah,Gangplank,Kennen,Gragas,Varus,Nautilus,Jax,Wukong,1410,1,28,7,53,28,7,4.0,2.0,1.0,0.0,1.0,,,,1.1915,1.4894,1.0,2.0,0.0,2.0,0.0,0.0,0.0,0.0,0.0,1.0,1.0,,0.0,0.0,0.0,1.0,1.0,,,0.0,0.0,0.0,1.0,10.0,1.0,1.0,1.0,8.0,3.0,1.0,0.0,77639.0,3303.7872,,3339.7872,3000.9787,65.0,2.766,11.0,0.4681,26.0,131.0,5.5745,50549,34789,1480.383,,45980.0,0.323249,3.89,,573.0,137.0,,,30.2128,15833.0,16943.0,283.0,13772.0,15816.0,250.0,2061.0,1127.0,33.0,5.0,6.0,2.0,2.0,2.0,5.0,27741.0,28398.0,465.0,22572.0,25095.0,406.0,5169.0,3303.0,59.0,11.0,17.0,4.0,4.0,5.0,11.0,39326.0,42082.0,627.0,30065.0,34892.0,548.0,9261.0,7190.0,79.0,18.0,34.0,5.0,5.0,6.0,18.0,,,,,,,,,,,,,,,
ESPORTSTMNT05_3221126,complete,,EM,2023,Spring,0,2023-04-05 18:46:55,1,13.06,200,Red,team,,,Diamant Esports,oe:team:830f05a5024d0794bd8d5b598b2432b,,Heimerdinger,Annie,Jinx,Viktor,Gnar,Rakan,Lee Sin,Sivir,K'Sante,Sylas,1410,0,7,28,11,7,28,0.0,0.0,0.0,0.0,0.0,,,,0.2979,1.4894,0.0,0.0,2.0,0.0,2.0,0.0,0.0,0.0,0.0,0.0,0.0,,0.0,0.0,1.0,1.0,1.0,,,0.0,0.0,0.0,0.0,1.0,10.0,0.0,0.0,3.0,8.0,0.0,1.0,49065.0,2087.8723,,4048.8511,2991.1064,52.0,2.2128,24.0,1.0213,9.0,133.0,5.6596,35314,19554,832.0851,,33185.0,-0.323249,-3.89,,541.0,93.0,,,26.9787,13772.0,15816.0,250.0,15833.0,16943.0,283.0,-2061.0,-1127.0,-33.0,2.0,2.0,5.0,5.0,6.0,2.0,22572.0,25095.0,406.0,27741.0,28398.0,465.0,-5169.0,-3303.0,-59.0,4.0,5.0,11.0,11.0,17.0,4.0,30065.0,34892.0,548.0,39326.0,42082.0,627.0,-9261.0,-7190.0,-79.0,5.0,6.0,18.0,18.0,34.0,5.0,,,,,,,,,,,,,,,
ESPORTSTMNT05_3220129,complete,,EM,2023,Spring,0,2023-04-05 19:23:12,1,13.06,1,Blue,top,Juzu,oe:player:a61da83af5e3738845fa6dd56e1d41a,Papara SuperMassive,oe:team:5203ff881d5c82c5f720eb3a2f3b44c,K'Sante,Rakan,Aphelios,Vi,Orianna,Viktor,,,,,,1573,1,5,2,5,23,8,1.0,1.0,0.0,0.0,0.0,0.0,0.0,0.0,0.8773,1.1825,,,,,,,,,,,,,,,,,,,,,0.0,0.0,,,,,,,,0.0,0.0,15141.0,577.5334,0.198649,598.5124,692.2695,10.0,0.3814,6.0,0.2289,5.0,36.0,1.3732,12924,9439,360.0381,0.246202,11625.0,,,212.0,211.0,1.0,,,8.0865,3243.0,4565.0,73.0,2943.0,4599.0,69.0,300.0,-34.0,4.0,0.0,1.0,1.0,0.0,0.0,0.0,7098.0,7752.0,129.0,4671.0,7112.0,115.0,2427.0,640.0,14.0,2.0,1.0,1.0,0.0,1.0,1.0,8913.0,9353.0,153.0,7385.0,9329.0,146.0,1528.0,24.0,7.0,2.0,2.0,2.0,2.0,1.0,1.0,12475.0,13408.0,208.0,9128.0,11754.0,192.0,3347.0,1654.0,16.0,5.0,3.0,2.0,2.0,1.0,3.0
ESPORTSTMNT05_3220129,complete,,EM,2023,Spring,0,2023-04-05 19:23:12,1,13.06,2,Blue,jng,Haru,oe:player:2736a0eb19c2525920f8ff4af5086c0,Papara SuperMassive,oe:team:5203ff881d5c82c5f720eb3a2f3b44c,Sejuani,Rakan,Aphelios,Vi,Orianna,Viktor,,,,,,1573,1,4,0,11,23,8,0.0,0.0,0.0,0.0,1.0,0.0,1.0,0.0,0.8773,1.1825,,,,,,,,,,,,,,,,,,,,,1.0,0.0,,,,,,,,0.0,0.0,10071.0,384.1449,0.132131,1006.0013,1218.8048,5.0,0.1907,7.0,0.267,4.0,34.0,1.2969,11297,7812,297.9784,0.203766,9950.0,,,160.0,19.0,141.0,,,6.103,4079.0,3623.0,67.0,3077.0,3427.0,62.0,1002.0,196.0,5.0,2.0,2.0,0.0,0.0,1.0,3.0,6059.0,5554.0,94.0,4324.0,5008.0,84.0,1735.0,546.0,10.0,3.0,3.0,0.0,0.0,1.0,4.0,8163.0,8078.0,127.0,6781.0,8519.0,145.0,1382.0,-441.0,-18.0,3.0,5.0,0.0,0.0,3.0,4.0,10711.0,11598.0,160.0,8138.0,9834.0,165.0,2573.0,1764.0,-5.0,4.0,7.0,0.0,0.0,3.0,5.0
ESPORTSTMNT05_3220129,complete,,EM,2023,Spring,0,2023-04-05 19:23:12,1,13.06,3,Blue,mid,Serin,oe:player:e3b8d5a9290fe0c7458dc01db4dc9dc,Papara SuperMassive,oe:team:5203ff881d5c82c5f720eb3a2f3b44c,Aurelion Sol,Rakan,Aphelios,Vi,Orianna,Viktor,,,,,,1573,1,5,0,6,23,8,1.0,0.0,0.0,0.0,0.0,0.0,0.0,0.0,0.8773,1.1825,,,,,,,,,,,,,,,,,,,,,0.0,0.0,,,,,,,,0.0,0.0,24249.0,924.946,0.318145,363.1278,180.801,11.0,0.4196,0.0,0.0,3.0,24.0,0.9154,12184,8699,331.8118,0.226901,11175.0,,,254.0,238.0,16.0,,,9.6885,3242.0,4711.0,87.0,3525.0,4673.0,75.0,-283.0,38.0,12.0,0.0,0.0,0.0,2.0,0.0,0.0,5265.0,7231.0,144.0,5215.0,7542.0,117.0,50.0,-311.0,27.0,0.0,0.0,0.0,3.0,0.0,0.0,7374.0,9985.0,203.0,7050.0,10178.0,164.0,324.0,-193.0,39.0,0.0,0.0,0.0,3.0,1.0,0.0,11035.0,14584.0,243.0,8222.0,12841.0,184.0,2813.0,1743.0,59.0,4.0,4.0,0.0,3.0,1.0,2.0
ESPORTSTMNT05_3220129,complete,,EM,2023,Spring,0,2023-04-05 19:23:12,1,13.06,4,Blue,bot,HolyPhoenix,oe:player:d129eb71d537fdbb2cd4c52703f51f4,Papara SuperMassive,oe:team:5203ff881d5c82c5f720eb3a2f3b44c,Jinx,Rakan,Aphelios,Vi,Orianna,Viktor,,,,,,1573,1,8,4,4,23,8,2.0,1.0,0.0,0.0,0.0,0.0,0.0,0.0,0.8773,1.1825,,,,,,,,,,,,,,,,,,,,,0.0,0.0,,,,,,,,1.0,0.0,21016.0,801.6275,0.275728,391.2015,202.2759,10.0,0.3814,6.0,0.2289,2.0,20.0,0.7629,11692,8207,313.0451,0.214069,9050.0,,,207.0,198.0,9.0,,,7.8957,3403.0,2973.0,67.0,3482.0,3558.0,82.0,-79.0,-585.0,-15.0,2.0,0.0,2.0,1.0,1.0,0.0,4791.0,4311.0,95.0,5932.0,5805.0,132.0,-1141.0,-1494.0,-37.0,2.0,0.0,4.0,1.0,4.0,0.0,7270.0,6270.0,142.0,7772.0,7768.0,170.0,-502.0,-1498.0,-28.0,4.0,0.0,4.0,1.0,6.0,1.0,10088.0,10208.0,200.0,9212.0,9100.0,197.0,876.0,1108.0,3.0,4.0,4.0,4.0,1.0,6.0,2.0
ESPORTSTMNT05_3220129,complete,,EM,2023,Spring,0,2023-04-05 19:23:12,1,13.06,5,Blue,sup,Farfetch,oe:player:496ca7c65dbd4beffa678e62d9d4e8d,Papara SuperMassive,oe:team:5203ff881d5c82c5f720eb3a2f3b44c,Rakan,Rakan,Aphelios,Vi,Orianna,Viktor,,,,,,1573,1,1,2,16,23,8,0.0,0.0,0.0,0.0,1.0,1.0,0.0,0.0,0.8773,1.1825,,,,,,,,,,,,,,,,,,,,,0.0,0.0,,,,,,,,0.0,0.0,5743.0,219.0591,0.0753477,436.6688,553.8462,44.0,1.6783,7.0,0.267,9.0,81.0,3.0896,7666,4181,159.4787,0.109062,6625.0,,,36.0,36.0,0.0,,,1.3732,2743.0,2590.0,18.0,2535.0,2228.0,3.0,208.0,362.0,15.0,1.0,2.0,0.0,0.0,2.0,2.0,4081.0,4128.0,27.0,4450.0,3563.0,10.0,-369.0,565.0,17.0,1.0,4.0,1.0,2.0,2.0,3.0,5330.0,5575.0,35.0,5739.0,5353.0,23.0,-409.0,222.0,12.0,1.0,6.0,2.0,2.0,3.0,4.0,7138.0,8812.0,36.0,7103.0,6672.0,38.0,35.0,2140.0,-2.0,1.0,12.0,2.0,2.0,3.0,6.0
ESPORTSTMNT05_3220129,complete,,EM,2023,Spring,0,2023-04-05 19:23:12,1,13.06,6,Red,top,Caucha,oe:player:190d3ffa9c4734a633e2103dbbdb815,White Dragons,oe:team:6468029fb605bd6fdf1cf866e890739,Gnar,Sejuani,Elise,Annie,Illaoi,Akali,,,,,,1573,0,2,4,1,8,23,0.0,0.0,0.0,0.0,0.0,0.0,0.0,0.0,0.3051,1.1825,,,,,,,,,,,,,,,,,,,,,0.0,0.0,,,,,,,,0.0,0.0,6495.0,247.7432,0.132155,647.1456,408.2136,7.0,0.267,4.0,0.1526,2.0,23.0,0.8773,9277,5792,220.9282,0.229875,9208.0,,,192.0,180.0,12.0,,,7.3236,2943.0,4599.0,69.0,3243.0,4565.0,73.0,-300.0,34.0,-4.0,0.0,0.0,0.0,0.0,1.0,1.0,4671.0,7112.0,115.0,7098.0,7752.0,129.0,-2427.0,-640.0,-14.0,0.0,1.0,1.0,2.0,1.0,1.0,7385.0,9329.0,146.0,8913.0,9353.0,153.0,-1528.0,-24.0,-7.0,2.0,1.0,1.0,2.0,2.0,2.0,9128.0,11754.0,192.0,12475.0,13408.0,208.0,-3347.0,-1654.0,-16.0,2.0,1.0,3.0,5.0,3.0,2.0
ESPORTSTMNT05_3220129,complete,,EM,2023,Spring,0,2023-04-05 19:23:12,1,13.06,7,Red,jng,D4SH,oe:player:b665b9fa5f821ff73a873d0cecb0682,White Dragons,oe:team:6468029fb605bd6fdf1cf866e890739,Taliyah,Sejuani,Elise,Annie,Illaoi,Akali,,,,,,1573,0,0,6,3,8,23,0.0,0.0,0.0,0.0,0.0,0.0,0.0,1.0,0.3051,1.1825,,,,,,,,,,,,,,,,,,,,,0.0,1.0,,,,,,,,0.0,0.0,10209.0,389.4088,0.207724,685.9758,302.6319,4.0,0.1526,9.0,0.3433,3.0,36.0,1.3732,8313,4828,184.1577,0.191619,8075.0,,,165.0,28.0,137.0,,,6.2937,3077.0,3427.0,62.0,4079.0,3623.0,67.0,-1002.0,-196.0,-5.0,0.0,1.0,3.0,2.0,2.0,0.0,4324.0,5008.0,84.0,6059.0,5554.0,94.0,-1735.0,-546.0,-10.0,0.0,1.0,4.0,3.0,3.0,0.0,6781.0,8519.0,145.0,8163.0,8078.0,127.0,-1382.0,441.0,18.0,0.0,3.0,4.0,3.0,5.0,0.0,8138.0,9834.0,165.0,10711.0,11598.0,160.0,-2573.0,-1764.0,5.0,0.0,3.0,5.0,4.0,7.0,0.0
ESPORTSTMNT05_3220129,complete,,EM,2023,Spring,0,2023-04-05 19:23:12,1,13.06,8,Red,mid,NOMA,oe:player:a0768d89dec26206b95179ad9a1c08d,White Dragons,oe:team:6468029fb605bd6fdf1cf866e890739,Sylas,Sejuani,Elise,Annie,Illaoi,Akali,,,,,,1573,0,3,3,1,8,23,0.0,0.0,0.0,0.0,0.0,0.0,0.0,0.0,0.3051,1.1825,,,,,,,,,,,,,,,,,,,,,0.0,0.0,,,,,,,,0.0,0.0,10537.0,401.9199,0.214398,759.4024,521.157,12.0,0.4577,6.0,0.2289,3.0,38.0,1.4495,8371,4886,186.37,0.19392,8360.0,,,184.0,184.0,0.0,,,7.0184,3525.0,4673.0,75.0,3242.0,4711.0,87.0,283.0,-38.0,-12.0,2.0,0.0,0.0,0.0,0.0,0.0,5215.0,7542.0,117.0,5265.0,7231.0,144.0,-50.0,311.0,-27.0,3.0,0.0,0.0,0.0,0.0,0.0,7050.0,10178.0,164.0,7374.0,9985.0,203.0,-324.0,193.0,-39.0,3.0,1.0,0.0,0.0,0.0,0.0,8222.0,12841.0,184.0,11035.0,14584.0,243.0,-2813.0,-1743.0,-59.0,3.0,1.0,2.0,4.0,4.0,0.0
ESPORTSTMNT05_3220129,complete,,EM,2023,Spring,0,2023-04-05 19:23:12,1,13.06,9,Red,bot,Worst,oe:player:4f4e71938a105fe72bd18788fe53d40,White Dragons,oe:team:6468029fb605bd6fdf1cf866e890739,Sion,Sejuani,Elise,Annie,Illaoi,Akali,,,,,,1573,0,1,3,6,8,23,0.0,0.0,0.0,0.0,0.0,0.0,0.0,0.0,0.3051,1.1825,,,,,,,,,,,,,,,,,,,,,0.0,0.0,,,,,,,,0.0,1.0,7581.0,289.1672,0.154252,1000.0509,1667.3744,7.0,0.267,0.0,0.0,3.0,11.0,0.4196,9382,5897,224.9332,0.234042,9175.0,,,198.0,198.0,0.0,,,7.5524,3482.0,3558.0,82.0,3403.0,2973.0,67.0,79.0,585.0,15.0,1.0,1.0,0.0,2.0,0.0,2.0,5932.0,5805.0,132.0,4791.0,4311.0,95.0,1141.0,1494.0,37.0,1.0,4.0,0.0,2.0,0.0,4.0,7772.0,7768.0,170.0,7270.0,6270.0,142.0,502.0,1498.0,28.0,1.0,6.0,1.0,4.0,0.0,4.0,9212.0,9100.0,197.0,10088.0,10208.0,200.0,-876.0,-1108.0,-3.0,1.0,6.0,2.0,4.0,4.0,4.0
ESPORTSTMNT05_3220129,complete,,EM,2023,Spring,0,2023-04-05 19:23:12,1,13.06,10,Red,sup,Calmsky,oe:player:f32776bb3b0bfb1cd3261868df4dfce,White Dragons,oe:team:6468029fb605bd6fdf1cf866e890739,Senna,Sejuani,Elise,Annie,Illaoi,Akali,,,,,,1573,0,2,7,3,8,23,1.0,0.0,0.0,0.0,0.0,0.0,0.0,0.0,0.3051,1.1825,,,,,,,,,,,,,,,,,,,,,0.0,0.0,,,,,,,,0.0,0.0,14325.0,546.4081,0.291473,508.6459,230.1208,31.0,1.1825,12.0,0.4577,7.0,57.0,2.1742,7278,3793,144.679,0.150544,7075.0,,,38.0,28.0,10.0,,,1.4495,2535.0,2228.0,3.0,2743.0,2590.0,18.0,-208.0,-362.0,-15.0,0.0,2.0,2.0,1.0,2.0,0.0,4450.0,3563.0,10.0,4081.0,4128.0,27.0,369.0,-565.0,-17.0,2.0,2.0,3.0,1.0,4.0,1.0,5739.0,5353.0,23.0,5330.0,5575.0,35.0,409.0,-222.0,-12.0,2.0,3.0,4.0,1.0,6.0,2.0,7103.0,6672.0,38.0,7138.0,8812.0,36.0,-35.0,-2140.0,2.0,2.0,3.0,6.0,1.0,12.0,2.0
ESPORTSTMNT05_3220129,complete,,EM,2023,Spring,0,2023-04-05 19:23:12,1,13.06,100,Blue,team,,,Papara SuperMassive,oe:team:5203ff881d5c82c5f720eb3a2f3b44c,,Rakan,Aphelios,Vi,Orianna,Viktor,Varus,Thresh,Wukong,Sion,Taliyah,1573,1,23,8,42,23,8,4.0,2.0,0.0,0.0,1.0,,,,0.8773,1.1825,0.0,1.0,2.0,1.0,2.0,0.0,0.0,0.0,1.0,0.0,0.0,,0.0,0.0,1.0,2.0,0.0,,,1.0,1.0,0.0,1.0,9.0,3.0,1.0,1.0,7.0,5.0,1.0,0.0,76220.0,2907.3109,,2795.5118,2847.9975,80.0,3.0515,26.0,0.9917,23.0,195.0,7.438,55763,38340,1462.4285,,48425.0,0.144644,2.3,,702.0,167.0,,,33.1469,16710.0,18462.0,312.0,15562.0,18485.0,291.0,1148.0,-23.0,21.0,5.0,5.0,3.0,3.0,4.0,5.0,27294.0,28976.0,489.0,24592.0,29030.0,458.0,2702.0,-54.0,31.0,8.0,8.0,6.0,6.0,8.0,8.0,37050.0,39261.0,660.0,34727.0,41147.0,648.0,2323.0,-1886.0,12.0,10.0,13.0,8.0,8.0,14.0,10.0,51447.0,58610.0,847.0,41803.0,50201.0,776.0,9644.0,8409.0,71.0,18.0,30.0,8.0,8.0,14.0,18.0
ESPORTSTMNT05_3220129,complete,,EM,2023,Spring,0,2023-04-05 19:23:12,1,13.06,200,Red,team,,,White Dragons,oe:team:6468029fb605bd6fdf1cf866e890739,,Sejuani,Elise,Annie,Illaoi,Akali,Xayah,Jarvan IV,Leona,Gragas,Gwen,1573,0,8,23,14,8,23,1.0,0.0,0.0,0.0,0.0,,,,0.3051,1.1825,1.0,2.0,1.0,2.0,1.0,0.0,1.0,0.0,0.0,0.0,1.0,,0.0,0.0,0.0,0.0,2.0,,,0.0,0.0,1.0,0.0,3.0,9.0,0.0,0.0,5.0,7.0,0.0,1.0,49147.0,1874.6472,,3601.2206,3129.4978,61.0,2.3268,31.0,1.1825,18.0,165.0,6.2937,42621,25198,961.1443,,41893.0,-0.144644,-2.3,,618.0,159.0,,,29.6376,15562.0,18485.0,291.0,16710.0,18462.0,312.0,-1148.0,23.0,-21.0,3.0,4.0,5.0,5.0,5.0,3.0,24592.0,29030.0,458.0,27294.0,28976.0,489.0,-2702.0,54.0,-31.0,6.0,8.0,8.0,8.0,8.0,6.0,34727.0,41147.0,648.0,37050.0,39261.0,660.0,-2323.0,1886.0,-12.0,8.0,14.0,10.0,10.0,13.0,8.0,41803.0,50201.0,776.0,51447.0,58610.0,847.0,-9644.0,-8409.0,-71.0,8.0,14.0,18.0,18.0,30.0,8.0
ESPORTSTMNT05_3221127,complete,,EM,2023,Spring,0,2023-04-05 19:23:12,1,13.06,1,Blue,top,Juzu,oe:player:a61da83af5e3738845fa6dd56e1d41a,Papara SuperMassive,oe:team:5203ff881d5c82c5f720eb3a2f3b44c,K'Sante,Lux,Varus,Lee Sin,Seraphine,Wukong,,,,,,1573,1,5,2,5,23,8,1.0,1.0,0.0,0.0,0.0,0.0,0.0,0.0,0.8773,1.1825,,,,,,,,,,,,,,,,,,,,,0.0,0.0,,,,,,,,0.0,0.0,15141.0,577.5334,0.198649,598.5124,692.2695,10.0,0.3814,6.0,0.2289,5.0,36.0,1.3732,12924,9439,360.0381,0.246202,11625.0,,,212.0,211.0,1.0,,,8.0865,3243.0,4565.0,73.0,2943.0,4599.0,69.0,300.0,-34.0,4.0,0.0,1.0,1.0,0.0,0.0,0.0,7098.0,7752.0,129.0,4671.0,7112.0,115.0,2427.0,640.0,14.0,2.0,1.0,1.0,0.0,1.0,1.0,8913.0,9353.0,153.0,7385.0,9329.0,146.0,1528.0,24.0,7.0,2.0,2.0,2.0,2.0,1.0,1.0,12475.0,13408.0,208.0,9128.0,11754.0,192.0,3347.0,1654.0,16.0,5.0,3.0,2.0,2.0,1.0,3.0
ESPORTSTMNT05_3221127,complete,,EM,2023,Spring,0,2023-04-05 19:23:12,1,13.06,2,Blue,jng,Haru,oe:player:2736a0eb19c2525920f8ff4af5086c0,Papara SuperMassive,oe:team:5203ff881d5c82c5f720eb3a2f3b44c,Sejuani,Lux,Varus,Lee Sin,Seraphine,Wukong,,,,,,1573,1,4,0,11,23,8,0.0,0.0,0.0,0.0,1.0,0.0,1.0,0.0,0.8773,1.1825,,,,,,,,,,,,,,,,,,,,,1.0,0.0,,,,,,,,0.0,0.0,10071.0,384.1449,0.132131,1006.0013,1218.8048,5.0,0.1907,7.0,0.267,4.0,34.0,1.2969,11297,7812,297.9784,0.203766,9950.0,,,160.0,19.0,141.0,,,6.103,4079.0,3623.0,67.0,3077.0,3427.0,62.0,1002.0,196.0,5.0,2.0,2.0,0.0,0.0,1.0,3.0,6059.0,5554.0,94.0,4324.0,5008.0,84.0,1735.0,546.0,10.0,3.0,3.0,0.0,0.0,1.0,4.0,8163.0,8078.0,127.0,6781.0,8519.0,145.0,1382.0,-441.0,-18.0,3.0,5.0,0.0,0.0,3.0,4.0,10711.0,11598.0,160.0,8138.0,9834.0,165.0,2573.0,1764.0,-5.0,4.0,7.0,0.0,0.0,3.0,5.0
ESPORTSTMNT05_3221127,complete,,EM,2023,Spring,0,2023-04-05 19:23:12,1,13.06,3,Blue,mid,Serin,oe:player:e3b8d5a9290fe0c7458dc01db4dc9dc,Papara SuperMassive,oe:team:5203ff881d5c82c5f720eb3a2f3b44c,Aurelion Sol,Lux,Varus,Lee Sin,Seraphine,Wukong,,,,,,1573,1,5,0,6,23,8,1.0,0.0,0.0,0.0,0.0,0.0,0.0,0.0,0.8773,1.1825,,,,,,,,,,,,,,,,,,,,,0.0,0.0,,,,,,,,0.0,0.0,24249.0,924.946,0.318145,363.1278,180.801,11.0,0.4196,0.0,0.0,3.0,24.0,0.9154,12184,8699,331.8118,0.226901,11175.0,,,254.0,238.0,16.0,,,9.6885,3242.0,4711.0,87.0,3525.0,4673.0,75.0,-283.0,38.0,12.0,0.0,0.0,0.0,2.0,0.0,0.0,5265.0,7231.0,144.0,5215.0,7542.0,117.0,50.0,-311.0,27.0,0.0,0.0,0.0,3.0,0.0,0.0,7374.0,9985.0,203.0,7050.0,10178.0,164.0,324.0,-193.0,39.0,0.0,0.0,0.0,3.0,1.0,0.0,11035.0,14584.0,243.0,8222.0,12841.0,184.0,2813.0,1743.0,59.0,4.0,4.0,0.0,3.0,1.0,2.0
ESPORTSTMNT05_3221127,complete,,EM,2023,Spring,0,2023-04-05 19:23:12,1,13.06,4,Blue,bot,HolyPhoenix,oe:player:d129eb71d537fdbb2cd4c52703f51f4,Papara SuperMassive,oe:team:5203ff881d5c82c5f720eb3a2f3b44c,Jinx,Lux,Varus,Lee Sin,Seraphine,Wukong,,,,,,1573,1,8,4,4,23,8,2.0,1.0,0.0,0.0,0.0,0.0,0.0,0.0,0.8773,1.1825,,,,,,,,,,,,,,,,,,,,,0.0,0.0,,,,,,,,1.0,0.0,21016.0,801.6275,0.275728,391.2015,202.2759,10.0,0.3814,6.0,0.2289,2.0,20.0,0.7629,11692,8207,313.0451,0.214069,9050.0,,,207.0,198.0,9.0,,,7.8957,3403.0,2973.0,67.0,3482.0,3558.0,82.0,-79.0,-585.0,-15.0,2.0,0.0,2.0,1.0,1.0,0.0,4791.0,4311.0,95.0,5932.0,5805.0,132.0,-1141.0,-1494.0,-37.0,2.0,0.0,4.0,1.0,4.0,0.0,7270.0,6270.0,142.0,7772.0,7768.0,170.0,-502.0,-1498.0,-28.0,4.0,0.0,4.0,1.0,6.0,1.0,10088.0,10208.0,200.0,9212.0,9100.0,197.0,876.0,1108.0,3.0,4.0,4.0,4.0,1.0,6.0,2.0
ESPORTSTMNT05_3221127,complete,,EM,2023,Spring,0,2023-04-05 19:23:12,1,13.06,5,Blue,sup,Farfetch,oe:player:496ca7c65dbd4beffa678e62d9d4e8d,Papara SuperMassive,oe:team:5203ff881d5c82c5f720eb3a2f3b44c,Rakan,Lux,Varus,Lee Sin,Seraphine,Wukong,,,,,,1573,1,1,2,16,23,8,0.0,0.0,0.0,0.0,1.0,1.0,0.0,0.0,0.8773,1.1825,,,,,,,,,,,,,,,,,,,,,0.0,0.0,,,,,,,,0.0,0.0,5743.0,219.0591,0.0753477,436.6688,553.8462,44.0,1.6783,7.0,0.267,9.0,81.0,3.0896,7666,4181,159.4787,0.109062,6625.0,,,36.0,36.0,0.0,,,1.3732,2743.0,2590.0,18.0,2535.0,2228.0,3.0,208.0,362.0,15.0,1.0,2.0,0.0,0.0,2.0,2.0,4081.0,4128.0,27.0,4450.0,3563.0,10.0,-369.0,565.0,17.0,1.0,4.0,1.0,2.0,2.0,3.0,5330.0,5575.0,35.0,5739.0,5353.0,23.0,-409.0,222.0,12.0,1.0,6.0,2.0,2.0,3.0,4.0,7138.0,8812.0,36.0,7103.0,6672.0,38.0,35.0,2140.0,-2.0,1.0,12.0,2.0,2.0,3.0,6.0
ESPORTSTMNT05_3221127,complete,,EM,2023,Spring,0,2023-04-05 19:23:12,1,13.06,6,Red,top,Caucha,oe:player:190d3ffa9c4734a633e2103dbbdb815,White Dragons,oe:team:6468029fb605bd6fdf1cf866e890739,Gnar,Gragas,Zeri,Xayah,Cassiopeia,Orianna,,,,,,1573,0,2,4,1,8,23,0.0,0.0,0.0,0.0,0.0,0.0,0.0,0.0,0.3051,1.1825,,,,,,,,,,,,,,,,,,,,,0.0,0.0,,,,,,,,0.0,0.0,6495.0,247.7432,0.132155,647.1456,408.2136,7.0,0.267,4.0,0.1526,2.0,23.0,0.8773,9277,5792,220.9282,0.229875,9208.0,,,192.0,180.0,12.0,,,7.3236,2943.0,4599.0,69.0,3243.0,4565.0,73.0,-300.0,34.0,-4.0,0.0,0.0,0.0,0.0,1.0,1.0,4671.0,7112.0,115.0,7098.0,7752.0,129.0,-2427.0,-640.0,-14.0,0.0,1.0,1.0,2.0,1.0,1.0,7385.0,9329.0,146.0,8913.0,9353.0,153.0,-1528.0,-24.0,-7.0,2.0,1.0,1.0,2.0,2.0,2.0,9128.0,11754.0,192.0,12475.0,13408.0,208.0,-3347.0,-1654.0,-16.0,2.0,1.0,3.0,5.0,3.0,2.0
ESPORTSTMNT05_3221127,complete,,EM,2023,Spring,0,2023-04-05 19:23:12,1,13.06,7,Red,jng,D4SH,oe:player:b665b9fa5f821ff73a873d0cecb0682,White Dragons,oe:team:6468029fb605bd6fdf1cf866e890739,Taliyah,Gragas,Zeri,Xayah,Cassiopeia,Orianna,,,,,,1573,0,0,6,3,8,23,0.0,0.0,0.0,0.0,0.0,0.0,0.0,1.0,0.3051,1.1825,,,,,,,,,,,,,,,,,,,,,0.0,1.0,,,,,,,,0.0,0.0,10209.0,389.4088,0.207724,685.9758,302.6319,4.0,0.1526,9.0,0.3433,3.0,36.0,1.3732,8313,4828,184.1577,0.191619,8075.0,,,165.0,28.0,137.0,,,6.2937,3077.0,3427.0,62.0,4079.0,3623.0,67.0,-1002.0,-196.0,-5.0,0.0,1.0,3.0,2.0,2.0,0.0,4324.0,5008.0,84.0,6059.0,5554.0,94.0,-1735.0,-546.0,-10.0,0.0,1.0,4.0,3.0,3.0,0.0,6781.0,8519.0,145.0,8163.0,8078.0,127.0,-1382.0,441.0,18.0,0.0,3.0,4.0,3.0,5.0,0.0,8138.0,9834.0,165.0,10711.0,11598.0,160.0,-2573.0,-1764.0,5.0,0.0,3.0,5.0,4.0,7.0,0.0
ESPORTSTMNT05_3221127,complete,,EM,2023,Spring,0,2023-04-05 19:23:12,1,13.06,8,Red,mid,NOMA,oe:player:a0768d89dec26206b95179ad9a1c08d,White Dragons,oe:team:6468029fb605bd6fdf1cf866e890739,Sylas,Gragas,Zeri,Xayah,Cassiopeia,Orianna,,,,,,1573,0,3,3,1,8,23,0.0,0.0,0.0,0.0,0.0,0.0,0.0,0.0,0.3051,1.1825,,,,,,,,,,,,,,,,,,,,,0.0,0.0,,,,,,,,0.0,0.0,10537.0,401.9199,0.214398,759.4024,521.157,12.0,0.4577,6.0,0.2289,3.0,38.0,1.4495,8371,4886,186.37,0.19392,8360.0,,,184.0,184.0,0.0,,,7.0184,3525.0,4673.0,75.0,3242.0,4711.0,87.0,283.0,-38.0,-12.0,2.0,0.0,0.0,0.0,0.0,0.0,5215.0,7542.0,117.0,5265.0,7231.0,144.0,-50.0,311.0,-27.0,3.0,0.0,0.0,0.0,0.0,0.0,7050.0,10178.0,164.0,7374.0,9985.0,203.0,-324.0,193.0,-39.0,3.0,1.0,0.0,0.0,0.0,0.0,8222.0,12841.0,184.0,11035.0,14584.0,243.0,-2813.0,-1743.0,-59.0,3.0,1.0,2.0,4.0,4.0,0.0
ESPORTSTMNT05_3221127,complete,,EM,2023,Spring,0,2023-04-05 19:23:12,1,13.06,9,Red,bot,Worst,oe:player:4f4e71938a105fe72bd18788fe53d40,White Dragons,oe:team:6468029fb605bd6fdf1cf866e890739,Sion,Gragas,Zeri,Xayah,Cassiopeia,Orianna,,,,,,1573,0,1,3,6,8,23,0.0,0.0,0.0,0.0,0.0,0.0,0.0,0.0,0.3051,1.1825,,,,,,,,,,,,,,,,,,,,,0.0,0.0,,,,,,,,0.0,1.0,7581.0,289.1672,0.154252,1000.0509,1667.3744,7.0,0.267,0.0,0.0,3.0,11.0,0.4196,9382,5897,224.9332,0.234042,9175.0,,,198.0,198.0,0.0,,,7.5524,3482.0,3558.0,82.0,3403.0,2973.0,67.0,79.0,585.0,15.0,1.0,1.0,0.0,2.0,0.0,2.0,5932.0,5805.0,132.0,4791.0,4311.0,95.0,1141.0,1494.0,37.0,1.0,4.0,0.0,2.0,0.0,4.0,7772.0,7768.0,170.0,7270.0,6270.0,142.0,502.0,1498.0,28.0,1.0,6.0,1.0,4.0,0.0,4.0,9212.0,9100.0,197.0,10088.0,10208.0,200.0,-876.0,-1108.0,-3.0,1.0,6.0,2.0,4.0,4.0,4.0
ESPORTSTMNT05_3221127,complete,,EM,2023,Spring,0,2023-04-05 19:23:12,1,13.06,10,Red,sup,Calmsky,oe:player:f32776bb3b0bfb1cd3261868df4dfce,White Dragons,oe:team:6468029fb605bd6fdf1cf866e890739,Senna,Gragas,Zeri,Xayah,Cassiopeia,Orianna,,,,,,1573,0,2,7,3,8,23,1.0,0.0,0.0,0.0,0.0,0.0,0.0,0.0,0.3051,1.1825,,,,,,,,,,,,,,,,,,,,,0.0,0.0,,,,,,,,0.0,0.0,14325.0,546.4081,0.291473,508.6459,230.1208,31.0,1.1825,12.0,0.4577,7.0,57.0,2.1742,7278,3793,144.679,0.150544,7075.0,,,38.0,28.0,10.0,,,1.4495,2535.0,2228.0,3.0,2743.0,2590.0,18.0,-208.0,-362.0,-15.0,0.0,2.0,2.0,1.0,2.0,0.0,4450.0,3563.0,10.0,4081.0,4128.0,27.0,369.0,-565.0,-17.0,2.0,2.0,3.0,1.0,4.0,1.0,5739.0,5353.0,23.0,5330.0,5575.0,35.0,409.0,-222.0,-12.0,2.0,3.0,4.0,1.0,6.0,2.0,7103.0,6672.0,38.0,7138.0,8812.0,36.0,-35.0,-2140.0,2.0,2.0,3.0,6.0,1.0,12.0,2.0
ESPORTSTMNT05_3221127,complete,,EM,2023,Spring,0,2023-04-05 19:23:12,1,13.06,100,Blue,team,,,Papara SuperMassive,oe:team:5203ff881d5c82c5f720eb3a2f3b44c,,Lux,Varus,Lee Sin,Seraphine,Wukong,Rakan,Sejuani,Jinx,Aurelion Sol,K'Sante,1573,1,23,8,42,23,8,4.0,2.0,0.0,0.0,1.0,,,,0.8773,1.1825,0.0,1.0,2.0,1.0,2.0,0.0,0.0,0.0,1.0,0.0,0.0,,0.0,0.0,1.0,2.0,0.0,,,1.0,1.0,0.0,1.0,9.0,3.0,1.0,1.0,7.0,5.0,1.0,0.0,76220.0,2907.3109,,2795.5118,2847.9975,80.0,3.0515,26.0,0.9917,23.0,195.0,7.438,55763,38340,1462.4285,,48425.0,0.144644,2.3,,702.0,167.0,,,33.1469,16710.0,18462.0,312.0,15562.0,18485.0,291.0,1148.0,-23.0,21.0,5.0,5.0,3.0,3.0,4.0,5.0,27294.0,28976.0,489.0,24592.0,29030.0,458.0,2702.0,-54.0,31.0,8.0,8.0,6.0,6.0,8.0,8.0,37050.0,39261.0,660.0,34727.0,41147.0,648.0,2323.0,-1886.0,12.0,10.0,13.0,8.0,8.0,14.0,10.0,51447.0,58610.0,847.0,41803.0,50201.0,776.0,9644.0,8409.0,71.0,18.0,30.0,8.0,8.0,14.0,18.0
ESPORTSTMNT05_3221127,complete,,EM,2023,Spring,0,2023-04-05 19:23:12,1,13.06,200,Red,team,,,White Dragons,oe:team:6468029fb605bd6fdf1cf866e890739,,Gragas,Zeri,Xayah,Cassiopeia,Orianna,Sion,Senna,Taliyah,Gnar,Sylas,1573,0,8,23,14,8,23,1.0,0.0,0.0,0.0,0.0,,,,0.3051,1.1825,1.0,2.0,1.0,2.0,1.0,0.0,1.0,0.0,0.0,0.0,1.0,,0.0,0.0,0.0,0.0,2.0,,,0.0,0.0,1.0,0.0,3.0,9.0,0.0,0.0,5.0,7.0,0.0,1.0,49147.0,1874.6472,,3601.2206,3129.4978,61.0,2.3268,31.0,1.1825,18.0,165.0,6.2937,42621,25198,961.1443,,41893.0,-0.144644,-2.3,,618.0,159.0,,,29.6376,15562.0,18485.0,291.0,16710.0,18462.0,312.0,-1148.0,23.0,-21.0,3.0,4.0,5.0,5.0,5.0,3.0,24592.0,29030.0,458.0,27294.0,28976.0,489.0,-2702.0,54.0,-31.0,6.0,8.0,8.0,8.0,8.0,6.0,34727.0,41147.0,648.0,37050.0,39261.0,660.0,-2323.0,1886.0,-12.0,8.0,14.0,10.0,10.0,13.0,8.0,41803.0,50201.0,776.0,51447.0,58610.0,847.0,-9644.0,-8409.0,-71.0,8.0,14.0,18.0,18.0,30.0,8.0
ESPORTSTMNT05_3220130,complete,,EM,2023,Spring,0,2023-04-05 19:31:44,1,13.06,1,Blue,top,StenBosse,oe:player:b366e140eae91b8d8f8c03294238f32,aNc Outplayed,oe:team:cd6b4265231d4ba346274357681c335,K'Sante,Maokai,Taliyah,Gragas,Sion,Ahri,,,,,,1644,0,1,5,2,12,28,0.0,0.0,0.0,0.0,0.0,0.0,0.0,0.0,0.438,1.4599,,,,,,,,,,,,,,,,,,,,,0.0,0.0,,,,,,,,0.0,1.0,14805.0,540.3285,0.182505,878.9051,1124.0511,10.0,0.365,6.0,0.219,2.0,26.0,0.9489,8951,5322,194.2336,0.179632,8850.0,,,202.0,202.0,0.0,,,7.3723,3674.0,4990.0,82.0,2991.0,4312.0,74.0,683.0,678.0,8.0,0.0,1.0,0.0,0.0,0.0,1.0,5503.0,7974.0,135.0,4618.0,7319.0,123.0,885.0,655.0,12.0,0.0,1.0,0.0,0.0,0.0,1.0,7508.0,10805.0,185.0,7103.0,10321.0,179.0,405.0,484.0,6.0,1.0,1.0,0.0,1.0,0.0,1.0,8423.0,11497.0,190.0,9236.0,13815.0,212.0,-813.0,-2318.0,-22.0,1.0,2.0,3.0,1.0,5.0,1.0
ESPORTSTMNT05_3220130,complete,,EM,2023,Spring,0,2023-04-05 19:31:44,1,13.06,2,Blue,jng,Stefan,oe:player:752b048c76633399b04f6e87a8b211c,aNc Outplayed,oe:team:cd6b4265231d4ba346274357681c335,Wukong,Maokai,Taliyah,Gragas,Sion,Ahri,,,,,,1644,0,3,4,8,12,28,0.0,0.0,0.0,0.0,1.0,0.0,1.0,0.0,0.438,1.4599,,,,,,,,,,,,,,,,,,,,,0.0,1.0,,,,,,,,0.0,0.0,18670.0,681.3869,0.23015,1040.6934,911.4964,9.0,0.3285,8.0,0.292,4.0,41.0,1.4964,10533,6904,251.9708,0.233033,10050.0,,,169.0,41.0,128.0,,,6.1679,4623.0,3317.0,59.0,3605.0,2757.0,50.0,1018.0,560.0,9.0,3.0,1.0,1.0,3.0,0.0,2.0,6500.0,5486.0,92.0,5251.0,4980.0,78.0,1249.0,506.0,14.0,3.0,4.0,1.0,4.0,1.0,3.0,8296.0,7985.0,133.0,7661.0,8035.0,112.0,635.0,-50.0,21.0,3.0,5.0,2.0,6.0,3.0,4.0,10142.0,10548.0,168.0,9996.0,11318.0,134.0,146.0,-770.0,34.0,3.0,7.0,3.0,7.0,9.0,5.0
ESPORTSTMNT05_3220130,complete,,EM,2023,Spring,0,2023-04-05 19:31:44,1,13.06,3,Blue,mid,Dehaste,oe:player:5f4898a107d2948045588584562be3f,aNc Outplayed,oe:team:cd6b4265231d4ba346274357681c335,Sylas,Maokai,Taliyah,Gragas,Sion,Ahri,,,,,,1644,0,6,10,1,12,28,0.0,0.0,0.0,0.0,1.0,1.0,0.0,0.0,0.438,1.4599,,,,,,,,,,,,,,,,,,,,,0.0,0.0,,,,,,,,0.0,0.0,21581.0,787.6277,0.266035,1160.146,669.3066,6.0,0.219,3.0,0.1095,2.0,26.0,0.9489,11170,7541,275.219,0.254535,11715.0,,,181.0,181.0,0.0,,,6.6058,3777.0,4265.0,76.0,3396.0,4294.0,81.0,381.0,-29.0,-5.0,1.0,1.0,2.0,0.0,2.0,1.0,6115.0,6625.0,108.0,4928.0,6753.0,115.0,1187.0,-128.0,-7.0,3.0,1.0,4.0,0.0,4.0,2.0,7860.0,8635.0,146.0,7370.0,9565.0,162.0,490.0,-930.0,-16.0,3.0,1.0,6.0,0.0,8.0,2.0,10356.0,10680.0,176.0,10227.0,13012.0,198.0,129.0,-2332.0,-22.0,5.0,1.0,8.0,2.0,12.0,2.0
ESPORTSTMNT05_3220130,complete,,EM,2023,Spring,0,2023-04-05 19:31:44,1,13.06,4,Blue,bot,Ellam,oe:player:6a9dedd375fda0d451a45fa9809875e,aNc Outplayed,oe:team:cd6b4265231d4ba346274357681c335,Lucian,Maokai,Taliyah,Gragas,Sion,Ahri,,,,,,1644,0,1,7,3,12,28,0.0,0.0,0.0,0.0,0.0,0.0,0.0,0.0,0.438,1.4599,,,,,,,,,,,,,,,,,,,,,0.0,0.0,,,,,,,,0.0,0.0,18825.0,687.0438,0.232061,712.8467,388.3212,10.0,0.365,2.0,0.073,2.0,18.0,0.6569,9843,6214,226.7883,0.209742,9950.0,,,200.0,200.0,0.0,,,7.2993,3057.0,3245.0,71.0,3627.0,3208.0,63.0,-570.0,37.0,8.0,0.0,0.0,3.0,2.0,3.0,0.0,5244.0,5189.0,116.0,5610.0,5245.0,91.0,-366.0,-56.0,25.0,1.0,0.0,4.0,5.0,3.0,1.0,7090.0,6883.0,154.0,8118.0,7638.0,140.0,-1028.0,-755.0,14.0,1.0,0.0,5.0,6.0,3.0,1.0,8980.0,9062.0,187.0,12048.0,11355.0,173.0,-3068.0,-2293.0,14.0,1.0,3.0,6.0,10.0,6.0,2.0
ESPORTSTMNT05_3220130,complete,,EM,2023,Spring,0,2023-04-05 19:31:44,1,13.06,5,Blue,sup,Venzer,oe:player:dd4e48d56d876e846579c9e5c64d965,aNc Outplayed,oe:team:cd6b4265231d4ba346274357681c335,Nami,Maokai,Taliyah,Gragas,Sion,Ahri,,,,,,1644,0,1,2,5,12,28,0.0,0.0,0.0,0.0,0.0,0.0,0.0,0.0,0.438,1.4599,,,,,,,,,,,,,,,,,,,,,0.0,0.0,,,,,,,,0.0,0.0,7240.0,264.2336,0.0892494,358.2482,189.854,29.0,1.0584,7.0,0.2555,11.0,57.0,2.0803,7275,3646,133.0657,0.123059,6875.0,,,18.0,18.0,0.0,,,0.6569,2222.0,2060.0,8.0,2612.0,2400.0,15.0,-390.0,-340.0,-7.0,0.0,0.0,0.0,1.0,4.0,0.0,3513.0,3259.0,8.0,3633.0,3796.0,21.0,-120.0,-537.0,-13.0,0.0,2.0,1.0,1.0,6.0,0.0,4811.0,5506.0,15.0,4837.0,5793.0,27.0,-26.0,-287.0,-12.0,0.0,2.0,1.0,1.0,8.0,0.0,6827.0,8276.0,18.0,6382.0,8005.0,28.0,445.0,271.0,-10.0,1.0,4.0,1.0,1.0,11.0,1.0
ESPORTSTMNT05_3220130,complete,,EM,2023,Spring,0,2023-04-05 19:31:44,1,13.06,6,Red,top,bobista,oe:player:8486d94ef23b38c67c76b647613d881,eSuba,oe:team:3faefd9245a4ef6ba347fbcf2a51515,Jax,Karma,Draven,Syndra,Cho'Gath,Cassiopeia,,,,,,1644,1,3,1,6,28,12,0.0,0.0,0.0,0.0,0.0,0.0,0.0,0.0,1.0219,1.4599,,,,,,,,,,,,,,,,,,,,,0.0,0.0,,,,,,,,1.0,0.0,12693.0,463.2482,0.147114,738.2117,576.7518,10.0,0.365,2.0,0.073,1.0,21.0,0.7664,10621,6992,255.1825,0.186722,9675.0,,,222.0,210.0,12.0,,,8.1022,2991.0,4312.0,74.0,3674.0,4990.0,82.0,-683.0,-678.0,-8.0,0.0,0.0,1.0,0.0,1.0,0.0,4618.0,7319.0,123.0,5503.0,7974.0,135.0,-885.0,-655.0,-12.0,0.0,0.0,1.0,0.0,1.0,0.0,7103.0,10321.0,179.0,7508.0,10805.0,185.0,-405.0,-484.0,-6.0,1.0,0.0,1.0,1.0,1.0,0.0,9236.0,13815.0,212.0,8423.0,11497.0,190.0,813.0,2318.0,22.0,1.0,5.0,1.0,1.0,2.0,3.0
ESPORTSTMNT05_3220130,complete,,EM,2023,Spring,0,2023-04-05 19:31:44,1,13.06,7,Red,jng,TynX,oe:player:36607221f848a15f6a1f11961027d7c,eSuba,oe:team:3faefd9245a4ef6ba347fbcf2a51515,Vi,Karma,Draven,Syndra,Cho'Gath,Cassiopeia,,,,,,1644,1,7,5,14,28,12,0.0,0.0,0.0,0.0,0.0,0.0,0.0,0.0,1.0219,1.4599,,,,,,,,,,,,,,,,,,,,,1.0,0.0,,,,,,,,0.0,0.0,17301.0,631.4234,0.200522,1057.3723,1435.7664,8.0,0.292,10.0,0.365,7.0,42.0,1.5328,10966,7337,267.7737,0.195935,9800.0,,,136.0,20.0,116.0,,,4.9635,3605.0,2757.0,50.0,4623.0,3317.0,59.0,-1018.0,-560.0,-9.0,3.0,0.0,2.0,3.0,1.0,1.0,5251.0,4980.0,78.0,6500.0,5486.0,92.0,-1249.0,-506.0,-14.0,4.0,1.0,3.0,3.0,4.0,1.0,7661.0,8035.0,112.0,8296.0,7985.0,133.0,-635.0,50.0,-21.0,6.0,3.0,4.0,3.0,5.0,2.0,9996.0,11318.0,134.0,10142.0,10548.0,168.0,-146.0,770.0,-34.0,7.0,9.0,5.0,3.0,7.0,3.0
ESPORTSTMNT05_3220130,complete,,EM,2023,Spring,0,2023-04-05 19:31:44,1,13.06,8,Red,mid,Warszi,oe:player:5a23766ce46653d2b63ac4a40cd61c1,eSuba,oe:team:3faefd9245a4ef6ba347fbcf2a51515,Lissandra,Karma,Draven,Syndra,Cho'Gath,Cassiopeia,,,,,,1644,1,4,2,17,28,12,0.0,0.0,0.0,0.0,0.0,0.0,0.0,1.0,1.0219,1.4599,,,,,,,,,,,,,,,,,,,,,0.0,0.0,,,,,,,,0.0,0.0,20442.0,746.0584,0.236926,779.562,452.4453,7.0,0.2555,0.0,0.0,3.0,17.0,0.6204,12523,8894,324.5985,0.237517,10275.0,,,222.0,218.0,4.0,,,8.1022,3396.0,4294.0,81.0,3777.0,4265.0,76.0,-381.0,29.0,5.0,0.0,2.0,1.0,1.0,1.0,2.0,4928.0,6753.0,115.0,6115.0,6625.0,108.0,-1187.0,128.0,7.0,0.0,4.0,2.0,3.0,1.0,4.0,7370.0,9565.0,162.0,7860.0,8635.0,146.0,-490.0,930.0,16.0,0.0,8.0,2.0,3.0,1.0,6.0,10227.0,13012.0,198.0,10356.0,10680.0,176.0,-129.0,2332.0,22.0,2.0,12.0,2.0,5.0,1.0,8.0
ESPORTSTMNT05_3220130,complete,,EM,2023,Spring,0,2023-04-05 19:31:44,1,13.06,9,Red,bot,DANY,oe:player:f72af12f47362bdec4b0ca91070cf43,eSuba,oe:team:3faefd9245a4ef6ba347fbcf2a51515,Xayah,Karma,Draven,Syndra,Cho'Gath,Cassiopeia,,,,,,1644,1,13,3,7,28,12,2.0,1.0,0.0,0.0,0.0,0.0,0.0,0.0,1.0219,1.4599,,,,,,,,,,,,,,,,,,,,,0.0,0.0,,,,,,,,0.0,0.0,27435.0,1001.2774,0.317976,583.6861,327.9927,12.0,0.438,2.0,0.073,4.0,19.0,0.6934,14198,10569,385.7299,0.28225,13550.0,,,188.0,176.0,12.0,,,6.8613,3627.0,3208.0,63.0,3057.0,3245.0,71.0,570.0,-37.0,-8.0,2.0,3.0,0.0,0.0,0.0,3.0,5610.0,5245.0,91.0,5244.0,5189.0,116.0,366.0,56.0,-25.0,5.0,3.0,1.0,1.0,0.0,4.0,8118.0,7638.0,140.0,7090.0,6883.0,154.0,1028.0,755.0,-14.0,6.0,3.0,1.0,1.0,0.0,5.0,12048.0,11355.0,173.0,8980.0,9062.0,187.0,3068.0,2293.0,-14.0,10.0,6.0,2.0,1.0,3.0,6.0
ESPORTSTMNT05_3220130,complete,,EM,2023,Spring,0,2023-04-05 19:31:44,1,13.06,10,Red,sup,FGG,oe:player:dcd93cc48ba71890cc0580de524f536,eSuba,oe:team:3faefd9245a4ef6ba347fbcf2a51515,Nautilus,Karma,Draven,Syndra,Cho'Gath,Cassiopeia,,,,,,1644,1,1,1,16,28,12,0.0,0.0,0.0,0.0,0.0,0.0,0.0,0.0,1.0219,1.4599,,,,,,,,,,,,,,,,,,,,,0.0,0.0,,,,,,,,0.0,0.0,8409.0,306.8978,0.0974618,633.7226,664.3431,33.0,1.2044,5.0,0.1825,9.0,57.0,2.0803,7283,3654,133.3577,0.0975756,6385.0,,,31.0,31.0,0.0,,,1.1314,2612.0,2400.0,15.0,2222.0,2060.0,8.0,390.0,340.0,7.0,1.0,4.0,0.0,0.0,0.0,0.0,3633.0,3796.0,21.0,3513.0,3259.0,8.0,120.0,537.0,13.0,1.0,6.0,0.0,0.0,2.0,1.0,4837.0,5793.0,27.0,4811.0,5506.0,15.0,26.0,287.0,12.0,1.0,8.0,0.0,0.0,2.0,1.0,6382.0,8005.0,28.0,6827.0,8276.0,18.0,-445.0,-271.0,10.0,1.0,11.0,1.0,1.0,4.0,1.0
ESPORTSTMNT05_3220130,complete,,EM,2023,Spring,0,2023-04-05 19:31:44,1,13.06,100,Blue,team,,,aNc Outplayed,oe:team:cd6b4265231d4ba346274357681c335,,Maokai,Taliyah,Gragas,Sion,Ahri,Wukong,Lucian,Nami,Sylas,K'Sante,1644,0,12,28,19,12,28,0.0,0.0,0.0,0.0,1.0,,,,0.438,1.4599,0.0,0.0,3.0,0.0,3.0,0.0,0.0,0.0,0.0,0.0,0.0,,0.0,0.0,1.0,1.0,1.0,,,0.0,0.0,1.0,1.0,2.0,10.0,0.0,0.0,9.0,2.0,0.0,1.0,81121.0,2960.6204,,4150.8394,3283.0292,64.0,2.3358,26.0,0.9489,21.0,168.0,6.1314,47772,29625,1081.2044,,47440.0,-0.0462291,0.34,,642.0,128.0,,,28.1022,17353.0,17877.0,296.0,16231.0,16971.0,283.0,1122.0,906.0,13.0,4.0,3.0,6.0,6.0,9.0,4.0,26875.0,28533.0,459.0,24040.0,28093.0,428.0,2835.0,440.0,31.0,7.0,8.0,10.0,10.0,14.0,7.0,35565.0,39814.0,633.0,35089.0,41352.0,620.0,476.0,-1538.0,13.0,8.0,9.0,14.0,14.0,22.0,8.0,44728.0,50063.0,739.0,47889.0,57505.0,745.0,-3161.0,-7442.0,-6.0,11.0,17.0,21.0,21.0,43.0,11.0
ESPORTSTMNT05_3220130,complete,,EM,2023,Spring,0,2023-04-05 19:31:44,1,13.06,200,Red,team,,,eSuba,oe:team:3faefd9245a4ef6ba347fbcf2a51515,,Karma,Draven,Syndra,Cho'Gath,Cassiopeia,Xayah,Vi,Nautilus,Lissandra,Jax,1644,1,28,12,60,28,12,2.0,1.0,0.0,0.0,0.0,,,,1.0219,1.4599,1.0,3.0,0.0,3.0,0.0,0.0,0.0,1.0,1.0,1.0,0.0,,0.0,0.0,0.0,1.0,1.0,,,1.0,1.0,0.0,0.0,10.0,2.0,1.0,1.0,2.0,9.0,1.0,0.0,86280.0,3148.9051,,3792.5547,3457.2993,70.0,2.5547,19.0,0.6934,24.0,156.0,5.6934,55591,37444,1366.5693,,49685.0,0.0462291,-0.34,,655.0,144.0,,,29.1606,16231.0,16971.0,283.0,17353.0,17877.0,296.0,-1122.0,-906.0,-13.0,6.0,9.0,4.0,4.0,3.0,6.0,24040.0,28093.0,428.0,26875.0,28533.0,459.0,-2835.0,-440.0,-31.0,10.0,14.0,7.0,7.0,8.0,10.0,35089.0,41352.0,620.0,35565.0,39814.0,633.0,-476.0,1538.0,-13.0,14.0,22.0,8.0,8.0,9.0,14.0,47889.0,57505.0,745.0,44728.0,50063.0,739.0,3161.0,7442.0,6.0,21.0,43.0,11.0,11.0,17.0,21.0
ESPORTSTMNT05_3222127,complete,,EM,2023,Spring,0,2023-04-05 19:34:13,1,13.06,1,Blue,top,Maged,oe:player:fc933812510df6cb519bd1bb5677631,RA'AD,oe:team:6a4c502c27267c22c54b431be11b43f,Malphite,Cassiopeia,Jax,Vi,Nautilus,Annie,,,,,,1515,1,7,1,11,28,11,1.0,0.0,0.0,0.0,0.0,0.0,0.0,0.0,1.1089,1.5446,,,,,,,,,,,,,,,,,,,,,0.0,0.0,,,,,,,,0.0,0.0,14539.0,575.802,0.18315,784.3168,1864.6337,8.0,0.3168,3.0,0.1188,1.0,21.0,0.8317,12095,8729,345.703,0.226316,11375.0,,,198.0,196.0,2.0,,,7.8416,3602.0,4697.0,78.0,2956.0,4117.0,78.0,646.0,580.0,0.0,1.0,1.0,0.0,0.0,0.0,1.0,5831.0,7707.0,135.0,4902.0,7268.0,141.0,929.0,439.0,-6.0,2.0,3.0,0.0,0.0,0.0,1.0,8022.0,10195.0,172.0,9940.0,11080.0,196.0,-1918.0,-885.0,-24.0,3.0,3.0,1.0,5.0,0.0,1.0,11985.0,14220.0,198.0,11629.0,12975.0,221.0,356.0,1245.0,-23.0,7.0,10.0,1.0,5.0,1.0,4.0
ESPORTSTMNT05_3222127,complete,,EM,2023,Spring,0,2023-04-05 19:34:13,1,13.06,2,Blue,jng,Skude,oe:player:00558cb3daa73e60ba4af7e7060e6e2,RA'AD,oe:team:6a4c502c27267c22c54b431be11b43f,Sylas,Cassiopeia,Jax,Vi,Nautilus,Annie,,,,,,1515,1,10,2,7,28,11,1.0,0.0,0.0,0.0,0.0,0.0,0.0,0.0,1.1089,1.5446,,,,,,,,,,,,,,,,,,,,,1.0,0.0,,,,,,,,0.0,0.0,28270.0,1119.604,0.356122,1223.0891,1096.5149,4.0,0.1584,6.0,0.2376,4.0,27.0,1.0693,11951,8585,340.0,0.222583,10750.0,,,144.0,19.0,125.0,,,5.703,3583.0,3677.0,59.0,3558.0,3466.0,70.0,25.0,211.0,-11.0,1.0,1.0,0.0,1.0,0.0,1.0,6248.0,6187.0,84.0,4525.0,4614.0,87.0,1723.0,1573.0,-3.0,3.0,3.0,0.0,1.0,0.0,4.0,8502.0,8727.0,122.0,6713.0,7508.0,105.0,1789.0,1219.0,17.0,5.0,3.0,1.0,1.0,5.0,5.0,11694.0,12499.0,144.0,8494.0,9998.0,125.0,3200.0,2501.0,19.0,9.0,7.0,2.0,2.0,5.0,7.0
ESPORTSTMNT05_3222127,complete,,EM,2023,Spring,0,2023-04-05 19:34:13,1,13.06,3,Blue,mid,Hunt,oe:player:f683aadb1720a4a1766fcfc3b6d3ef5,RA'AD,oe:team:6a4c502c27267c22c54b431be11b43f,Yone,Cassiopeia,Jax,Vi,Nautilus,Annie,,,,,,1515,1,7,4,13,28,11,0.0,0.0,0.0,0.0,0.0,0.0,0.0,1.0,1.1089,1.5446,,,,,,,,,,,,,,,,,,,,,0.0,0.0,,,,,,,,1.0,0.0,19820.0,784.9505,0.249676,712.198,778.297,7.0,0.2772,0.0,0.0,2.0,21.0,0.8317,12918,9552,378.297,0.247655,10900.0,,,206.0,198.0,8.0,,,8.1584,3652.0,4604.0,83.0,2926.0,3999.0,68.0,726.0,605.0,15.0,1.0,2.0,1.0,0.0,1.0,1.0,6644.0,7458.0,137.0,4611.0,6458.0,116.0,2033.0,1000.0,21.0,3.0,3.0,1.0,0.0,1.0,2.0,8449.0,10194.0,178.0,6516.0,8738.0,158.0,1933.0,1456.0,20.0,3.0,5.0,2.0,0.0,2.0,3.0,12758.0,13262.0,206.0,9088.0,10839.0,182.0,3670.0,2423.0,24.0,7.0,12.0,4.0,1.0,3.0,5.0
ESPORTSTMNT05_3222127,complete,,EM,2023,Spring,0,2023-04-05 19:34:13,1,13.06,4,Blue,bot,san1,oe:player:f581f857e43aea4c5b241874f8a4394,RA'AD,oe:team:6a4c502c27267c22c54b431be11b43f,Varus,Cassiopeia,Jax,Vi,Nautilus,Annie,,,,,,1515,1,3,3,7,28,11,0.0,0.0,0.0,0.0,0.0,0.0,0.0,0.0,1.1089,1.5446,,,,,,,,,,,,,,,,,,,,,0.0,0.0,,,,,,,,2.0,0.0,10368.0,410.6139,0.130607,449.8218,359.3663,12.0,0.4752,3.0,0.1188,4.0,29.0,1.1485,10683,7317,289.7822,0.189707,9910.0,,,193.0,189.0,4.0,,,7.6436,3408.0,3294.0,89.0,3176.0,3440.0,85.0,232.0,-146.0,4.0,0.0,0.0,0.0,0.0,0.0,0.0,5481.0,5292.0,122.0,4950.0,5293.0,125.0,531.0,-1.0,-3.0,1.0,2.0,1.0,1.0,0.0,1.0,7551.0,7547.0,163.0,7503.0,7805.0,166.0,48.0,-258.0,-3.0,2.0,3.0,3.0,2.0,1.0,2.0,10581.0,11371.0,192.0,8763.0,9239.0,173.0,1818.0,2132.0,19.0,3.0,7.0,3.0,3.0,2.0,6.0
ESPORTSTMNT05_3222127,complete,,EM,2023,Spring,0,2023-04-05 19:34:13,1,13.06,5,Blue,sup,B Butcher,oe:player:f9c3db5fdf2c5fb45f552127922d105,RA'AD,oe:team:6a4c502c27267c22c54b431be11b43f,Rakan,Cassiopeia,Jax,Vi,Nautilus,Annie,,,,,,1515,1,1,1,20,28,11,0.0,0.0,0.0,0.0,0.0,0.0,0.0,0.0,1.1089,1.5446,,,,,,,,,,,,,,,,,,,,,0.0,0.0,,,,,,,,0.0,0.0,6386.0,252.9109,0.0804454,562.6931,796.8317,22.0,0.8713,14.0,0.5545,6.0,77.0,3.0495,7753,4387,173.7426,0.113739,6700.0,,,40.0,40.0,0.0,,,1.5842,2349.0,2412.0,14.0,1949.0,2099.0,12.0,400.0,313.0,2.0,0.0,3.0,0.0,0.0,0.0,0.0,3766.0,4114.0,25.0,2905.0,3275.0,18.0,861.0,839.0,7.0,0.0,8.0,0.0,0.0,0.0,1.0,5119.0,5302.0,37.0,4343.0,4950.0,23.0,776.0,352.0,14.0,0.0,9.0,1.0,0.0,4.0,2.0,7638.0,9443.0,40.0,5484.0,7358.0,30.0,2154.0,2085.0,10.0,1.0,19.0,1.0,0.0,4.0,5.0
ESPORTSTMNT05_3222127,complete,,EM,2023,Spring,0,2023-04-05 19:34:13,1,13.06,6,Red,top,Nille,oe:player:2df5432fbfcc85dc85c33e269ebd063,Verdant,oe:team:b33646d7b7b14dd6da17a88f6ddb592,Olaf,Rumble,Cho'Gath,Udyr,Karthus,Sejuani,,,,,,1515,0,5,4,1,11,28,0.0,0.0,0.0,0.0,0.0,0.0,0.0,0.0,0.4356,1.5446,,,,,,,,,,,,,,,,,,,,,0.0,0.0,,,,,,,,0.0,0.0,18686.0,740.0396,0.290711,828.9901,1160.4752,13.0,0.5149,4.0,0.1584,5.0,36.0,1.4257,11660,8294,328.4752,0.309401,11125.0,,,221.0,205.0,16.0,,,8.7525,2956.0,4117.0,78.0,3602.0,4697.0,78.0,-646.0,-580.0,0.0,0.0,0.0,1.0,1.0,1.0,0.0,4902.0,7268.0,141.0,5831.0,7707.0,135.0,-929.0,-439.0,6.0,0.0,0.0,1.0,2.0,3.0,0.0,9940.0,11080.0,196.0,8022.0,10195.0,172.0,1918.0,885.0,24.0,5.0,0.0,1.0,3.0,3.0,1.0,11629.0,12975.0,221.0,11985.0,14220.0,198.0,-356.0,-1245.0,23.0,5.0,1.0,4.0,7.0,10.0,1.0
ESPORTSTMNT05_3222127,complete,,EM,2023,Spring,0,2023-04-05 19:34:13,1,13.06,7,Red,jng,Taxer,oe:player:7b2619f2b79533d29571437f043a2cd,Verdant,oe:team:b33646d7b7b14dd6da17a88f6ddb592,Gragas,Rumble,Cho'Gath,Udyr,Karthus,Sejuani,,,,,,1515,0,2,7,5,11,28,0.0,0.0,0.0,0.0,1.0,1.0,0.0,0.0,0.4356,1.5446,,,,,,,,,,,,,,,,,,,,,0.0,1.0,,,,,,,,0.0,0.0,16380.0,648.7129,0.254835,1207.0495,699.6436,8.0,0.3168,1.0,0.0396,4.0,17.0,0.6733,8525,5159,204.3168,0.192449,8150.0,,,125.0,21.0,104.0,,,4.9505,3558.0,3466.0,70.0,3583.0,3677.0,59.0,-25.0,-211.0,11.0,1.0,0.0,1.0,1.0,1.0,0.0,4525.0,4614.0,87.0,6248.0,6187.0,84.0,-1723.0,-1573.0,3.0,1.0,0.0,4.0,3.0,3.0,0.0,6713.0,7508.0,105.0,8502.0,8727.0,122.0,-1789.0,-1219.0,-17.0,1.0,5.0,5.0,5.0,3.0,1.0,8494.0,9998.0,125.0,11694.0,12499.0,144.0,-3200.0,-2501.0,-19.0,2.0,5.0,7.0,9.0,7.0,2.0
ESPORTSTMNT05_3222127,complete,,EM,2023,Spring,0,2023-04-05 19:34:13,1,13.06,8,Red,mid,Erolle,oe:player:33f41da3cc793a226c6d42474e3cd95,Verdant,oe:team:b33646d7b7b14dd6da17a88f6ddb592,Irelia,Rumble,Cho'Gath,Udyr,Karthus,Sejuani,,,,,,1515,0,1,5,3,11,28,0.0,0.0,0.0,0.0,1.0,0.0,1.0,0.0,0.4356,1.5446,,,,,,,,,,,,,,,,,,,,,0.0,0.0,,,,,,,,0.0,1.0,9163.0,362.8911,0.142555,827.2475,651.5644,5.0,0.198,0.0,0.0,1.0,10.0,0.396,9140,5774,228.6733,0.215392,8675.0,,,183.0,179.0,4.0,,,7.2475,2926.0,3999.0,68.0,3652.0,4604.0,83.0,-726.0,-605.0,-15.0,0.0,1.0,1.0,1.0,2.0,1.0,4611.0,6458.0,116.0,6644.0,7458.0,137.0,-2033.0,-1000.0,-21.0,0.0,1.0,2.0,3.0,3.0,1.0,6516.0,8738.0,158.0,8449.0,10194.0,178.0,-1933.0,-1456.0,-20.0,0.0,2.0,3.0,3.0,5.0,2.0,9088.0,10839.0,182.0,12758.0,13262.0,206.0,-3670.0,-2423.0,-24.0,1.0,3.0,5.0,7.0,12.0,4.0
ESPORTSTMNT05_3222127,complete,,EM,2023,Spring,0,2023-04-05 19:34:13,1,13.06,9,Red,bot,kehvo,oe:player:06f016d5551322d49fad225b21de646,Verdant,oe:team:b33646d7b7b14dd6da17a88f6ddb592,Sivir,Rumble,Cho'Gath,Udyr,Karthus,Sejuani,,,,,,1515,0,3,6,2,11,28,0.0,0.0,0.0,0.0,0.0,0.0,0.0,0.0,0.4356,1.5446,,,,,,,,,,,,,,,,,,,,,0.0,0.0,,,,,,,,0.0,2.0,16250.0,643.5644,0.252812,635.0495,281.3861,9.0,0.3564,1.0,0.0396,1.0,12.0,0.4752,8793,5427,214.9307,0.202447,8525.0,,,173.0,169.0,4.0,,,6.8515,3176.0,3440.0,85.0,3408.0,3294.0,89.0,-232.0,146.0,-4.0,0.0,0.0,0.0,0.0,0.0,0.0,4950.0,5293.0,125.0,5481.0,5292.0,122.0,-531.0,1.0,3.0,1.0,0.0,1.0,1.0,2.0,1.0,7503.0,7805.0,166.0,7551.0,7547.0,163.0,-48.0,258.0,3.0,2.0,1.0,2.0,2.0,3.0,3.0,8763.0,9239.0,173.0,10581.0,11371.0,192.0,-1818.0,-2132.0,-19.0,3.0,2.0,6.0,3.0,7.0,3.0
ESPORTSTMNT05_3222127,complete,,EM,2023,Spring,0,2023-04-05 19:34:13,1,13.06,10,Red,sup,Klaj,oe:player:60c7d1c521aba6d16e6c3a38aa3a863,Verdant,oe:team:b33646d7b7b14dd6da17a88f6ddb592,Alistar,Rumble,Cho'Gath,Udyr,Karthus,Sejuani,,,,,,1515,0,0,6,4,11,28,0.0,0.0,0.0,0.0,0.0,0.0,0.0,0.0,0.4356,1.5446,,,,,,,,,,,,,,,,,,,,,0.0,0.0,,,,,,,,0.0,0.0,3798.0,150.4158,0.059088,703.1683,893.505,24.0,0.9505,7.0,0.2772,9.0,51.0,2.0198,5519,2153,85.2673,0.0803104,5375.0,,,30.0,30.0,0.0,,,1.1881,1949.0,2099.0,12.0,2349.0,2412.0,14.0,-400.0,-313.0,-2.0,0.0,0.0,0.0,0.0,3.0,0.0,2905.0,3275.0,18.0,3766.0,4114.0,25.0,-861.0,-839.0,-7.0,0.0,0.0,1.0,0.0,8.0,0.0,4343.0,4950.0,23.0,5119.0,5302.0,37.0,-776.0,-352.0,-14.0,0.0,4.0,2.0,0.0,9.0,1.0,5484.0,7358.0,30.0,7638.0,9443.0,40.0,-2154.0,-2085.0,-10.0,0.0,4.0,5.0,1.0,19.0,1.0
ESPORTSTMNT05_3222127,complete,,EM,2023,Spring,0,2023-04-05 19:34:13,1,13.06,100,Blue,team,,,RA'AD,oe:team:6a4c502c27267c22c54b431be11b43f,,Cassiopeia,Jax,Vi,Nautilus,Annie,Varus,Yone,Rakan,Sylas,Malphite,1515,1,28,11,58,28,11,2.0,0.0,0.0,0.0,0.0,,,,1.1089,1.5446,0.0,1.0,2.0,1.0,2.0,1.0,0.0,0.0,0.0,0.0,0.0,,0.0,0.0,1.0,1.0,1.0,,,1.0,1.0,0.0,1.0,11.0,2.0,1.0,1.0,6.0,1.0,3.0,0.0,79383.0,3143.8812,,3732.1188,4895.6436,53.0,2.099,26.0,1.0297,17.0,175.0,6.9307,55400,38569,1527.4851,,49635.0,0.170192,2.71,,642.0,139.0,,,30.9307,16594.0,18684.0,323.0,14565.0,17121.0,313.0,2029.0,1563.0,10.0,3.0,7.0,1.0,1.0,1.0,3.0,27970.0,30758.0,503.0,21893.0,26908.0,487.0,6077.0,3850.0,16.0,9.0,19.0,2.0,2.0,1.0,9.0,37643.0,41965.0,672.0,35015.0,40081.0,648.0,2628.0,1884.0,24.0,13.0,23.0,8.0,8.0,12.0,13.0,54656.0,60795.0,780.0,43458.0,50409.0,731.0,11198.0,10386.0,49.0,27.0,55.0,11.0,11.0,15.0,27.0
ESPORTSTMNT05_3222127,complete,,EM,2023,Spring,0,2023-04-05 19:34:13,1,13.06,200,Red,team,,,Verdant,oe:team:b33646d7b7b14dd6da17a88f6ddb592,,Rumble,Cho'Gath,Udyr,Karthus,Sejuani,Gragas,Sivir,Irelia,Alistar,Olaf,1515,0,11,28,15,11,28,0.0,0.0,0.0,0.0,1.0,,,,0.4356,1.5446,1.0,2.0,1.0,2.0,1.0,0.0,1.0,0.0,0.0,0.0,1.0,,0.0,0.0,0.0,1.0,1.0,,,0.0,0.0,1.0,0.0,2.0,11.0,0.0,0.0,1.0,6.0,0.0,3.0,64277.0,2545.6238,,4201.505,3686.5743,59.0,2.3366,13.0,0.5149,20.0,126.0,4.9901,43637,26806,1061.6238,,41850.0,-0.170192,-2.71,,604.0,128.0,,,28.9901,14565.0,17121.0,313.0,16594.0,18684.0,323.0,-2029.0,-1563.0,-10.0,1.0,1.0,3.0,3.0,7.0,1.0,21893.0,26908.0,487.0,27970.0,30758.0,503.0,-6077.0,-3850.0,-16.0,2.0,1.0,9.0,9.0,19.0,2.0,35015.0,40081.0,648.0,37643.0,41965.0,672.0,-2628.0,-1884.0,-24.0,8.0,12.0,13.0,13.0,23.0,8.0,43458.0,50409.0,731.0,54656.0,60795.0,780.0,-11198.0,-10386.0,-49.0,11.0,15.0,27.0,27.0,55.0,11.0
ESPORTSTMNT05_3221129,complete,,EM,2023,Spring,0,2023-04-05 20:21:17,1,13.06,1,Blue,top,Lot,oe:player:eeec6c7a9d2b475c23650b202208b89,Aegis,oe:team:e3a29387c70230d76837b86c2aefd14,Gnar,Sejuani,Elise,Varus,Malphite,Renata Glasc,,,,,,1750,0,1,5,2,8,17,0.0,0.0,0.0,0.0,1.0,0.0,1.0,0.0,0.2743,0.8571,,,,,,,,,,,,,,,,,,,,,0.0,0.0,,,,,,,,0.0,0.0,6374.0,218.5371,0.107433,718.9714,456.3771,8.0,0.2743,10.0,0.3429,2.0,41.0,1.4057,9265,5419,185.7943,0.200815,9383.0,,,209.0,201.0,8.0,,,7.1657,3622.0,4740.0,80.0,2884.0,3774.0,65.0,738.0,966.0,15.0,1.0,1.0,0.0,0.0,0.0,2.0,5722.0,7818.0,141.0,4309.0,6221.0,107.0,1413.0,1597.0,34.0,1.0,1.0,0.0,0.0,0.0,2.0,7068.0,9579.0,171.0,6682.0,9226.0,154.0,386.0,353.0,17.0,1.0,2.0,2.0,1.0,0.0,2.0,8163.0,10611.0,188.0,8597.0,11194.0,160.0,-434.0,-583.0,28.0,1.0,2.0,3.0,3.0,0.0,2.0
ESPORTSTMNT05_3221129,complete,,EM,2023,Spring,0,2023-04-05 20:21:17,1,13.06,2,Blue,jng,SkewMond,oe:player:ab15060e5225b51592cd04b3aed1e09,Aegis,oe:team:e3a29387c70230d76837b86c2aefd14,Gragas,Sejuani,Elise,Varus,Malphite,Renata Glasc,,,,,,1750,0,3,3,3,8,17,0.0,0.0,0.0,0.0,1.0,1.0,0.0,0.0,0.2743,0.8571,,,,,,,,,,,,,,,,,,,,,0.0,0.0,,,,,,,,0.0,0.0,15666.0,537.12,0.264049,868.8686,532.3886,4.0,0.1371,7.0,0.24,2.0,31.0,1.0629,9092,5246,179.8629,0.194405,8535.0,,,129.0,16.0,113.0,,,4.4229,3311.0,2751.0,49.0,3245.0,3136.0,59.0,66.0,-385.0,-10.0,1.0,1.0,0.0,1.0,0.0,0.0,4623.0,4650.0,76.0,5157.0,5130.0,94.0,-534.0,-480.0,-18.0,1.0,1.0,0.0,1.0,1.0,0.0,6204.0,6827.0,105.0,7125.0,7586.0,123.0,-921.0,-759.0,-18.0,1.0,2.0,1.0,2.0,3.0,0.0,7407.0,8503.0,123.0,9008.0,9835.0,134.0,-1601.0,-1332.0,-11.0,1.0,3.0,2.0,2.0,6.0,0.0
ESPORTSTMNT05_3221129,complete,,EM,2023,Spring,0,2023-04-05 20:21:17,1,13.06,3,Blue,mid,Eika,oe:player:adfab52b74587bc5acc4201c140451a,Aegis,oe:team:e3a29387c70230d76837b86c2aefd14,Viktor,Sejuani,Elise,Varus,Malphite,Renata Glasc,,,,,,1750,0,4,2,1,8,17,0.0,0.0,0.0,0.0,0.0,0.0,0.0,0.0,0.2743,0.8571,,,,,,,,,,,,,,,,,,,,,0.0,0.0,,,,,,,,0.0,2.0,23735.0,813.7714,0.400051,460.4229,451.7486,14.0,0.48,2.0,0.0686,5.0,27.0,0.9257,11745,7899,270.8229,0.292711,11475.0,,,266.0,258.0,8.0,,,9.12,3361.0,4573.0,85.0,3077.0,4058.0,71.0,284.0,515.0,14.0,1.0,0.0,0.0,0.0,2.0,1.0,5364.0,7547.0,144.0,5229.0,7040.0,133.0,135.0,507.0,11.0,1.0,0.0,0.0,0.0,2.0,1.0,7489.0,10547.0,193.0,7379.0,9712.0,179.0,110.0,835.0,14.0,2.0,0.0,0.0,1.0,4.0,2.0,10085.0,12727.0,231.0,11226.0,14013.0,231.0,-1141.0,-1286.0,0.0,4.0,0.0,1.0,4.0,4.0,2.0
ESPORTSTMNT05_3221129,complete,,EM,2023,Spring,0,2023-04-05 20:21:17,1,13.06,4,Blue,bot,Shiganari,oe:player:90704735ca9fc01f2244f23f6e5d635,Aegis,oe:team:e3a29387c70230d76837b86c2aefd14,Aphelios,Sejuani,Elise,Varus,Malphite,Renata Glasc,,,,,,1750,0,0,3,2,8,17,0.0,0.0,0.0,0.0,0.0,0.0,0.0,0.0,0.2743,0.8571,,,,,,,,,,,,,,,,,,,,,0.0,1.0,,,,,,,,0.0,1.0,11250.0,385.7143,0.189617,384.4114,496.6286,7.0,0.24,8.0,0.2743,2.0,39.0,1.3371,10058,6212,212.9829,0.2302,10000.0,,,261.0,253.0,8.0,,,8.9486,3217.0,3228.0,84.0,3233.0,3395.0,72.0,-16.0,-167.0,12.0,0.0,0.0,0.0,1.0,0.0,0.0,4758.0,5212.0,126.0,5383.0,5804.0,127.0,-625.0,-592.0,-1.0,0.0,0.0,1.0,2.0,0.0,0.0,6524.0,7524.0,174.0,7957.0,8277.0,183.0,-1433.0,-753.0,-9.0,0.0,0.0,1.0,2.0,2.0,0.0,8336.0,9878.0,223.0,10488.0,11468.0,235.0,-2152.0,-1590.0,-12.0,0.0,1.0,2.0,2.0,4.0,1.0
ESPORTSTMNT05_3221129,complete,,EM,2023,Spring,0,2023-04-05 20:21:17,1,13.06,5,Blue,sup,Hantera,oe:player:de1fb222dafded7d06b10df578fdd0e,Aegis,oe:team:e3a29387c70230d76837b86c2aefd14,Leona,Sejuani,Elise,Varus,Malphite,Renata Glasc,,,,,,1750,0,0,4,4,8,17,0.0,0.0,0.0,0.0,0.0,0.0,0.0,0.0,0.2743,0.8571,,,,,,,,,,,,,,,,,,,,,0.0,0.0,,,,,,,,0.0,0.0,2305.0,79.0286,0.0388505,466.1486,451.2,38.0,1.3029,9.0,0.3086,11.0,72.0,2.4686,6055,2209,75.7371,0.0818691,5725.0,,,33.0,33.0,0.0,,,1.1314,2268.0,2452.0,15.0,2172.0,2356.0,15.0,96.0,96.0,0.0,0.0,1.0,2.0,0.0,2.0,0.0,3284.0,3350.0,23.0,3257.0,3597.0,24.0,27.0,-247.0,-1.0,0.0,1.0,2.0,0.0,3.0,0.0,4393.0,4323.0,31.0,4695.0,5238.0,32.0,-302.0,-915.0,-1.0,0.0,1.0,2.0,0.0,5.0,0.0,5214.0,5505.0,32.0,6244.0,7322.0,34.0,-1030.0,-1817.0,-2.0,0.0,2.0,3.0,0.0,8.0,1.0
ESPORTSTMNT05_3221129,complete,,EM,2023,Spring,0,2023-04-05 20:21:17,1,13.06,6,Red,top,Satorius,oe:player:422d7cc4063f8801a9427860bfd855b,Geekay Esports,oe:team:1ff3f5c94edd806e1fed4105fc48995,Rumble,Annie,Rakan,Vi,Jarvan IV,Wukong,,,,,,1750,1,3,3,2,17,8,0.0,0.0,0.0,0.0,0.0,0.0,0.0,1.0,0.5829,0.8571,,,,,,,,,,,,,,,,,,,,,0.0,0.0,,,,,,,,0.0,0.0,15956.0,547.0629,0.232958,593.2114,463.4057,10.0,0.3429,0.0,0.0,2.0,21.0,0.72,9913,6067,208.0114,0.166788,9150.0,,,176.0,172.0,4.0,,,6.0343,2884.0,3774.0,65.0,3622.0,4740.0,80.0,-738.0,-966.0,-15.0,0.0,0.0,2.0,1.0,1.0,0.0,4309.0,6221.0,107.0,5722.0,7818.0,141.0,-1413.0,-1597.0,-34.0,0.0,0.0,2.0,1.0,1.0,0.0,6682.0,9226.0,154.0,7068.0,9579.0,171.0,-386.0,-353.0,-17.0,1.0,0.0,2.0,1.0,2.0,2.0,8597.0,11194.0,160.0,8163.0,10611.0,188.0,434.0,583.0,-28.0,3.0,0.0,2.0,1.0,2.0,3.0
ESPORTSTMNT05_3221129,complete,,EM,2023,Spring,0,2023-04-05 20:21:17,1,13.06,7,Red,jng,Viking,oe:player:f48a8f161502989fca609408a80bd75,Geekay Esports,oe:team:1ff3f5c94edd806e1fed4105fc48995,Maokai,Annie,Rakan,Vi,Jarvan IV,Wukong,,,,,,1750,1,2,0,11,17,8,0.0,0.0,0.0,0.0,0.0,0.0,0.0,0.0,0.5829,0.8571,,,,,,,,,,,,,,,,,,,,,0.0,0.0,,,,,,,,0.0,0.0,9179.0,314.7086,0.134014,888.24,1006.08,7.0,0.24,6.0,0.2057,3.0,40.0,1.3714,10461,6615,226.8,0.181852,9325.0,,,145.0,20.0,125.0,,,4.9714,3245.0,3136.0,59.0,3311.0,2751.0,49.0,-66.0,385.0,10.0,1.0,0.0,0.0,1.0,1.0,0.0,5157.0,5130.0,94.0,4623.0,4650.0,76.0,534.0,480.0,18.0,1.0,1.0,0.0,1.0,1.0,0.0,7125.0,7586.0,123.0,6204.0,6827.0,105.0,921.0,759.0,18.0,2.0,3.0,0.0,1.0,2.0,1.0,9008.0,9835.0,134.0,7407.0,8503.0,123.0,1601.0,1332.0,11.0,2.0,6.0,0.0,1.0,3.0,2.0
ESPORTSTMNT05_3221129,complete,,EM,2023,Spring,0,2023-04-05 20:21:17,1,13.06,8,Red,mid,Giyuu,oe:player:e6f5a7e37185c25a363d031ef5eafa9,Geekay Esports,oe:team:1ff3f5c94edd806e1fed4105fc48995,Jayce,Annie,Rakan,Vi,Jarvan IV,Wukong,,,,,,1750,1,8,2,6,17,8,2.0,1.0,1.0,0.0,0.0,0.0,0.0,0.0,0.5829,0.8571,,,,,,,,,,,,,,,,,,,,,0.0,0.0,,,,,,,,2.0,0.0,24400.0,836.5714,0.356241,527.04,453.36,15.0,0.5143,5.0,0.1714,5.0,39.0,1.3371,14459,10613,363.8743,0.291753,12475.0,,,265.0,241.0,24.0,,,9.0857,3077.0,4058.0,71.0,3361.0,4573.0,85.0,-284.0,-515.0,-14.0,0.0,2.0,1.0,1.0,0.0,0.0,5229.0,7040.0,133.0,5364.0,7547.0,144.0,-135.0,-507.0,-11.0,0.0,2.0,1.0,1.0,0.0,0.0,7379.0,9712.0,179.0,7489.0,10547.0,193.0,-110.0,-835.0,-14.0,1.0,4.0,2.0,2.0,0.0,0.0,11226.0,14013.0,231.0,10085.0,12727.0,231.0,1141.0,1286.0,0.0,4.0,4.0,2.0,4.0,0.0,1.0
ESPORTSTMNT05_3221129,complete,,EM,2023,Spring,0,2023-04-05 20:21:17,1,13.06,9,Red,bot,Rin,oe:player:ee4894bcff1cfaa4ffbf71b7b8d8921,Geekay Esports,oe:team:1ff3f5c94edd806e1fed4105fc48995,Xayah,Annie,Rakan,Vi,Jarvan IV,Wukong,,,,,,1750,1,4,2,8,17,8,0.0,0.0,0.0,0.0,0.0,0.0,0.0,0.0,0.5829,0.8571,,,,,,,,,,,,,,,,,,,,,1.0,0.0,,,,,,,,1.0,0.0,14448.0,495.36,0.210941,573.7371,215.3143,13.0,0.4457,9.0,0.3086,4.0,44.0,1.5086,13054,9208,315.7029,0.253131,12750.0,,,265.0,241.0,24.0,,,9.0857,3233.0,3395.0,72.0,3217.0,3228.0,84.0,16.0,167.0,-12.0,1.0,0.0,0.0,0.0,0.0,0.0,5383.0,5804.0,127.0,4758.0,5212.0,126.0,625.0,592.0,1.0,2.0,0.0,0.0,0.0,0.0,1.0,7957.0,8277.0,183.0,6524.0,7524.0,174.0,1433.0,753.0,9.0,2.0,2.0,0.0,0.0,0.0,1.0,10488.0,11468.0,235.0,8336.0,9878.0,223.0,2152.0,1590.0,12.0,2.0,4.0,1.0,0.0,1.0,2.0
ESPORTSTMNT05_3221129,complete,,EM,2023,Spring,0,2023-04-05 20:21:17,1,13.06,10,Red,sup,Dekap,oe:player:be85b3d65508c757ac9af1d54310520,Geekay Esports,oe:team:1ff3f5c94edd806e1fed4105fc48995,Thresh,Annie,Rakan,Vi,Jarvan IV,Wukong,,,,,,1750,1,0,1,13,17,8,0.0,0.0,0.0,0.0,0.0,0.0,0.0,0.0,0.5829,0.8571,,,,,,,,,,,,,,,,,,,,,0.0,0.0,,,,,,,,0.0,0.0,4510.0,154.6286,0.0658461,467.8629,236.7771,42.0,1.44,11.0,0.3771,11.0,76.0,2.6057,7719,3873,132.7886,0.106476,6375.0,,,37.0,37.0,0.0,,,1.2686,2172.0,2356.0,15.0,2268.0,2452.0,15.0,-96.0,-96.0,0.0,0.0,2.0,0.0,0.0,1.0,2.0,3257.0,3597.0,24.0,3284.0,3350.0,23.0,-27.0,247.0,1.0,0.0,3.0,0.0,0.0,1.0,2.0,4695.0,5238.0,32.0,4393.0,4323.0,31.0,302.0,915.0,1.0,0.0,5.0,0.0,0.0,1.0,2.0,6244.0,7322.0,34.0,5214.0,5505.0,32.0,1030.0,1817.0,2.0,0.0,8.0,1.0,0.0,2.0,3.0
ESPORTSTMNT05_3221129,complete,,EM,2023,Spring,0,2023-04-05 20:21:17,1,13.06,100,Blue,team,,,Aegis,oe:team:e3a29387c70230d76837b86c2aefd14,,Sejuani,Elise,Varus,Malphite,Renata Glasc,Gragas,Aphelios,Leona,Gnar,Viktor,1750,0,8,17,12,8,17,0.0,0.0,0.0,0.0,1.0,,,,0.2743,0.8571,0.0,0.0,3.0,0.0,3.0,0.0,0.0,0.0,0.0,0.0,0.0,,0.0,0.0,0.0,0.0,2.0,,,0.0,0.0,1.0,0.0,2.0,11.0,0.0,0.0,3.0,3.0,0.0,3.0,59330.0,2034.1714,,2898.8229,2388.3429,71.0,2.4343,36.0,1.2343,22.0,210.0,7.2,46215,26987,925.2686,,45118.0,-0.104146,-0.43,,761.0,137.0,,,30.7886,15779.0,17744.0,313.0,14611.0,16719.0,282.0,1168.0,1025.0,31.0,3.0,3.0,2.0,2.0,4.0,3.0,23751.0,28577.0,510.0,23335.0,27792.0,485.0,416.0,785.0,25.0,3.0,3.0,3.0,3.0,6.0,3.0,31678.0,38800.0,674.0,33838.0,40039.0,671.0,-2160.0,-1239.0,3.0,4.0,5.0,6.0,6.0,14.0,4.0,39205.0,47224.0,797.0,45563.0,53832.0,794.0,-6358.0,-6608.0,3.0,6.0,8.0,11.0,11.0,22.0,6.0
ESPORTSTMNT05_3221129,complete,,EM,2023,Spring,0,2023-04-05 20:21:17,1,13.06,200,Red,team,,,Geekay Esports,oe:team:1ff3f5c94edd806e1fed4105fc48995,,Annie,Rakan,Vi,Jarvan IV,Wukong,Jayce,Maokai,Xayah,Thresh,Rumble,1750,1,17,8,40,17,8,2.0,1.0,1.0,0.0,0.0,,,,0.5829,0.8571,1.0,3.0,0.0,3.0,0.0,1.0,0.0,1.0,0.0,0.0,1.0,,0.0,0.0,1.0,2.0,0.0,,,1.0,1.0,0.0,1.0,11.0,2.0,1.0,1.0,3.0,3.0,3.0,0.0,68493.0,2348.3314,,3050.0914,2374.9371,87.0,2.9829,31.0,1.0629,25.0,220.0,7.5429,55606,36378,1247.2457,,50075.0,0.104146,0.43,,711.0,177.0,,,30.4457,14611.0,16719.0,282.0,15779.0,17744.0,313.0,-1168.0,-1025.0,-31.0,2.0,4.0,3.0,3.0,3.0,2.0,23335.0,27792.0,485.0,23751.0,28577.0,510.0,-416.0,-785.0,-25.0,3.0,6.0,3.0,3.0,3.0,3.0,33838.0,40039.0,671.0,31678.0,38800.0,674.0,2160.0,1239.0,-3.0,6.0,14.0,4.0,4.0,5.0,6.0,45563.0,53832.0,794.0,39205.0,47224.0,797.0,6358.0,6608.0,-3.0,11.0,22.0,6.0,6.0,8.0,11.0
ESPORTSTMNT05_3221191,complete,,EM,2023,Spring,0,2023-04-07 15:01:38,1,13.06,1,Blue,top,bobista,oe:player:8486d94ef23b38c67c76b647613d881,eSuba,oe:team:3faefd9245a4ef6ba347fbcf2a51515,Gragas,Sejuani,Xayah,Thresh,K'Sante,Malphite,,,,,,1872,0,0,3,2,6,17,0.0,0.0,0.0,0.0,0.0,0.0,0.0,0.0,0.1923,0.7372,,,,,,,,,,,,,,,,,,,,,0.0,0.0,,,,,,,,0.0,1.0,7978.0,255.7051,0.215371,911.9551,911.6346,13.0,0.4167,3.0,0.0962,4.0,30.0,0.9615,10122,6028,193.2051,0.19876,9835.0,,,227.0,219.0,8.0,,,7.2756,3334.0,4826.0,87.0,3424.0,5150.0,85.0,-90.0,-324.0,2.0,0.0,0.0,0.0,0.0,0.0,0.0,4947.0,7605.0,133.0,5384.0,8025.0,135.0,-437.0,-420.0,-2.0,0.0,0.0,0.0,0.0,0.0,0.0,6442.0,9634.0,161.0,7284.0,9592.0,159.0,-842.0,42.0,2.0,0.0,1.0,1.0,1.0,0.0,1.0,8085.0,13586.0,198.0,9052.0,12069.0,195.0,-967.0,1517.0,3.0,0.0,2.0,1.0,2.0,0.0,1.0
ESPORTSTMNT05_3221191,complete,,EM,2023,Spring,0,2023-04-07 15:01:38,1,13.06,2,Blue,jng,TynX,oe:player:36607221f848a15f6a1f11961027d7c,eSuba,oe:team:3faefd9245a4ef6ba347fbcf2a51515,Wukong,Sejuani,Xayah,Thresh,K'Sante,Malphite,,,,,,1872,0,1,3,2,6,17,0.0,0.0,0.0,0.0,0.0,0.0,0.0,0.0,0.1923,0.7372,,,,,,,,,,,,,,,,,,,,,0.0,0.0,,,,,,,,0.0,0.0,7952.0,254.8718,0.214669,761.4423,636.6346,12.0,0.3846,16.0,0.5128,7.0,65.0,2.0833,9536,5442,174.4231,0.179437,8225.0,,,164.0,28.0,136.0,,,5.2564,2994.0,2957.0,56.0,3362.0,3008.0,57.0,-368.0,-51.0,-1.0,0.0,1.0,0.0,1.0,2.0,1.0,4414.0,4667.0,85.0,5147.0,5418.0,99.0,-733.0,-751.0,-14.0,0.0,1.0,1.0,1.0,4.0,1.0,6097.0,7178.0,123.0,7012.0,7576.0,130.0,-915.0,-398.0,-7.0,0.0,2.0,1.0,1.0,6.0,2.0,7434.0,8880.0,147.0,8494.0,9582.0,158.0,-1060.0,-702.0,-11.0,0.0,2.0,2.0,1.0,8.0,2.0
ESPORTSTMNT05_3221191,complete,,EM,2023,Spring,0,2023-04-07 15:01:38,1,13.06,3,Blue,mid,Warszi,oe:player:5a23766ce46653d2b63ac4a40cd61c1,eSuba,oe:team:3faefd9245a4ef6ba347fbcf2a51515,Ahri,Sejuani,Xayah,Thresh,K'Sante,Malphite,,,,,,1872,0,2,4,1,6,17,0.0,0.0,0.0,0.0,0.0,0.0,0.0,1.0,0.1923,0.7372,,,,,,,,,,,,,,,,,,,,,1.0,0.0,,,,,,,,0.0,0.0,7149.0,229.1346,0.192992,382.0833,248.3974,13.0,0.4167,7.0,0.2244,8.0,36.0,1.1538,12417,8323,266.7628,0.274439,12225.0,,,263.0,251.0,12.0,,,8.4295,2973.0,4456.0,75.0,3407.0,4432.0,76.0,-434.0,24.0,-1.0,0.0,0.0,2.0,0.0,4.0,0.0,4671.0,7222.0,129.0,5196.0,7343.0,128.0,-525.0,-121.0,1.0,0.0,0.0,2.0,0.0,4.0,0.0,6339.0,9330.0,162.0,6927.0,9681.0,171.0,-588.0,-351.0,-9.0,1.0,0.0,3.0,0.0,5.0,0.0,9340.0,11409.0,203.0,9011.0,13710.0,216.0,329.0,-2301.0,-13.0,2.0,1.0,3.0,1.0,5.0,0.0
ESPORTSTMNT05_3221191,complete,,EM,2023,Spring,0,2023-04-07 15:01:38,1,13.06,4,Blue,bot,DANY,oe:player:f72af12f47362bdec4b0ca91070cf43,eSuba,oe:team:3faefd9245a4ef6ba347fbcf2a51515,Kai'Sa,Sejuani,Xayah,Thresh,K'Sante,Malphite,,,,,,1872,0,3,3,2,6,17,0.0,0.0,0.0,0.0,0.0,0.0,0.0,0.0,0.1923,0.7372,,,,,,,,,,,,,,,,,,,,,0.0,0.0,,,,,,,,0.0,0.0,11165.0,357.8526,0.301406,408.8141,299.7115,13.0,0.4167,9.0,0.2885,5.0,34.0,1.0897,12061,7967,255.3526,0.2627,11875.0,,,275.0,275.0,0.0,,,8.8141,3518.0,3171.0,86.0,4477.0,3589.0,98.0,-959.0,-418.0,-12.0,1.0,0.0,1.0,2.0,1.0,0.0,5190.0,5556.0,136.0,7620.0,6099.0,154.0,-2430.0,-543.0,-18.0,1.0,0.0,1.0,4.0,1.0,0.0,7142.0,8605.0,183.0,9786.0,8337.0,201.0,-2644.0,268.0,-18.0,2.0,1.0,1.0,5.0,2.0,0.0,9176.0,10387.0,222.0,11658.0,10118.0,250.0,-2482.0,269.0,-28.0,3.0,2.0,1.0,5.0,4.0,1.0
ESPORTSTMNT05_3221191,complete,,EM,2023,Spring,0,2023-04-07 15:01:38,1,13.06,5,Blue,sup,FGG,oe:player:dcd93cc48ba71890cc0580de524f536,eSuba,oe:team:3faefd9245a4ef6ba347fbcf2a51515,Rell,Sejuani,Xayah,Thresh,K'Sante,Malphite,,,,,,1872,0,0,4,3,6,17,0.0,0.0,0.0,0.0,0.0,0.0,0.0,0.0,0.1923,0.7372,,,,,,,,,,,,,,,,,,,,,0.0,0.0,,,,,,,,0.0,0.0,2799.0,89.7115,0.0755608,390.9615,436.3782,55.0,1.7628,10.0,0.3205,13.0,96.0,3.0769,6662,2568,82.3077,0.0846651,6625.0,,,29.0,29.0,0.0,,,0.9295,2227.0,2320.0,12.0,2488.0,2462.0,15.0,-261.0,-142.0,-3.0,0.0,1.0,1.0,1.0,2.0,0.0,3249.0,3339.0,21.0,3742.0,3733.0,25.0,-493.0,-394.0,-4.0,0.0,1.0,2.0,1.0,4.0,0.0,4155.0,4229.0,25.0,4878.0,4819.0,31.0,-723.0,-590.0,-6.0,0.0,2.0,2.0,1.0,6.0,0.0,5132.0,5303.0,27.0,5830.0,6083.0,33.0,-698.0,-780.0,-6.0,0.0,3.0,3.0,1.0,8.0,1.0
ESPORTSTMNT05_3221191,complete,,EM,2023,Spring,0,2023-04-07 15:01:38,1,13.06,6,Red,top,Juzu,oe:player:a61da83af5e3738845fa6dd56e1d41a,Papara SuperMassive,oe:team:5203ff881d5c82c5f720eb3a2f3b44c,Gnar,Taliyah,Jayce,Lissandra,Zoe,Samira,,,,,,1872,1,2,1,3,17,6,0.0,0.0,0.0,0.0,0.0,0.0,0.0,0.0,0.5449,0.7372,,,,,,,,,,,,,,,,,,,,,0.0,0.0,,,,,,,,1.0,0.0,18194.0,583.141,0.285602,586.6026,463.3974,9.0,0.2885,5.0,0.1603,5.0,27.0,0.8654,11882,7788,249.6154,0.205272,11458.0,,,258.0,238.0,20.0,,,8.2692,3424.0,5150.0,85.0,3334.0,4826.0,87.0,90.0,324.0,-2.0,0.0,0.0,0.0,0.0,0.0,0.0,5384.0,8025.0,135.0,4947.0,7605.0,133.0,437.0,420.0,2.0,0.0,0.0,0.0,0.0,0.0,0.0,7284.0,9592.0,159.0,6442.0,9634.0,161.0,842.0,-42.0,-2.0,1.0,0.0,1.0,0.0,1.0,1.0,9052.0,12069.0,195.0,8085.0,13586.0,198.0,967.0,-1517.0,-3.0,2.0,0.0,1.0,0.0,2.0,1.0
ESPORTSTMNT05_3221191,complete,,EM,2023,Spring,0,2023-04-07 15:01:38,1,13.06,7,Red,jng,Haru,oe:player:2736a0eb19c2525920f8ff4af5086c0,Papara SuperMassive,oe:team:5203ff881d5c82c5f720eb3a2f3b44c,Vi,Taliyah,Jayce,Lissandra,Zoe,Samira,,,,,,1872,1,3,2,11,17,6,0.0,0.0,0.0,0.0,1.0,1.0,0.0,0.0,0.5449,0.7372,,,,,,,,,,,,,,,,,,,,,0.0,0.0,,,,,,,,0.0,0.0,9688.0,310.5128,0.152078,656.1218,1007.8846,11.0,0.3526,12.0,0.3846,9.0,57.0,1.8269,11124,7030,225.3205,0.185292,9425.0,,,185.0,29.0,156.0,,,5.9295,3362.0,3008.0,57.0,2994.0,2957.0,56.0,368.0,51.0,1.0,1.0,2.0,1.0,0.0,1.0,0.0,5147.0,5418.0,99.0,4414.0,4667.0,85.0,733.0,751.0,14.0,1.0,4.0,1.0,0.0,1.0,1.0,7012.0,7576.0,130.0,6097.0,7178.0,123.0,915.0,398.0,7.0,1.0,6.0,2.0,0.0,2.0,1.0,8494.0,9582.0,158.0,7434.0,8880.0,147.0,1060.0,702.0,11.0,1.0,8.0,2.0,0.0,2.0,2.0
ESPORTSTMNT05_3221191,complete,,EM,2023,Spring,0,2023-04-07 15:01:38,1,13.06,8,Red,mid,Serin,oe:player:e3b8d5a9290fe0c7458dc01db4dc9dc,Papara SuperMassive,oe:team:5203ff881d5c82c5f720eb3a2f3b44c,Cassiopeia,Taliyah,Jayce,Lissandra,Zoe,Samira,,,,,,1872,1,3,0,8,17,6,0.0,0.0,0.0,0.0,1.0,0.0,1.0,0.0,0.5449,0.7372,,,,,,,,,,,,,,,,,,,,,0.0,1.0,,,,,,,,0.0,0.0,8867.0,284.1987,0.139191,309.8718,159.9038,13.0,0.4167,5.0,0.1603,5.0,37.0,1.1859,12215,8121,260.2885,0.214049,10425.0,,,267.0,243.0,24.0,,,8.5577,3407.0,4432.0,76.0,2973.0,4456.0,75.0,434.0,-24.0,1.0,0.0,4.0,0.0,0.0,0.0,2.0,5196.0,7343.0,128.0,4671.0,7222.0,129.0,525.0,121.0,-1.0,0.0,4.0,0.0,0.0,0.0,2.0,6927.0,9681.0,171.0,6339.0,9330.0,162.0,588.0,351.0,9.0,0.0,5.0,0.0,1.0,0.0,3.0,9011.0,13710.0,216.0,9340.0,11409.0,203.0,-329.0,2301.0,13.0,1.0,5.0,0.0,2.0,1.0,3.0
ESPORTSTMNT05_3221191,complete,,EM,2023,Spring,0,2023-04-07 15:01:38,1,13.06,9,Red,bot,HolyPhoenix,oe:player:d129eb71d537fdbb2cd4c52703f51f4,Papara SuperMassive,oe:team:5203ff881d5c82c5f720eb3a2f3b44c,Zeri,Taliyah,Jayce,Lissandra,Zoe,Samira,,,,,,1872,1,8,1,7,17,6,2.0,0.0,0.0,0.0,0.0,0.0,0.0,0.0,0.5449,0.7372,,,,,,,,,,,,,,,,,,,,,0.0,0.0,,,,,,,,0.0,0.0,22766.0,729.6795,0.357372,317.0513,515.641,16.0,0.5128,13.0,0.4167,6.0,56.0,1.7949,15674,11580,371.1538,0.305225,14650.0,,,315.0,282.0,33.0,,,10.0962,4477.0,3589.0,98.0,3518.0,3171.0,86.0,959.0,418.0,12.0,2.0,1.0,0.0,1.0,0.0,1.0,7620.0,6099.0,154.0,5190.0,5556.0,136.0,2430.0,543.0,18.0,4.0,1.0,0.0,1.0,0.0,1.0,9786.0,8337.0,201.0,7142.0,8605.0,183.0,2644.0,-268.0,18.0,5.0,2.0,0.0,2.0,1.0,1.0,11658.0,10118.0,250.0,9176.0,10387.0,222.0,2482.0,-269.0,28.0,5.0,4.0,1.0,3.0,2.0,1.0
ESPORTSTMNT05_3221191,complete,,EM,2023,Spring,0,2023-04-07 15:01:38,1,13.06,10,Red,sup,Farfetch,oe:player:496ca7c65dbd4beffa678e62d9d4e8d,Papara SuperMassive,oe:team:5203ff881d5c82c5f720eb3a2f3b44c,Rakan,Taliyah,Jayce,Lissandra,Zoe,Samira,,,,,,1872,1,1,2,14,17,6,0.0,0.0,0.0,0.0,0.0,0.0,0.0,0.0,0.5449,0.7372,,,,,,,,,,,,,,,,,,,,,0.0,0.0,,,,,,,,0.0,0.0,4189.0,134.2628,0.0657573,366.2179,425.2564,52.0,1.6667,13.0,0.4167,14.0,101.0,3.2372,7515,3421,109.6474,0.0901617,6700.0,,,36.0,36.0,0.0,,,1.1538,2488.0,2462.0,15.0,2227.0,2320.0,12.0,261.0,142.0,3.0,1.0,2.0,0.0,0.0,1.0,1.0,3742.0,3733.0,25.0,3249.0,3339.0,21.0,493.0,394.0,4.0,1.0,4.0,0.0,0.0,1.0,2.0,4878.0,4819.0,31.0,4155.0,4229.0,25.0,723.0,590.0,6.0,1.0,6.0,0.0,0.0,2.0,2.0,5830.0,6083.0,33.0,5132.0,5303.0,27.0,698.0,780.0,6.0,1.0,8.0,1.0,0.0,3.0,3.0
ESPORTSTMNT05_3221191,complete,,EM,2023,Spring,0,2023-04-07 15:01:38,1,13.06,100,Blue,team,,,eSuba,oe:team:3faefd9245a4ef6ba347fbcf2a51515,,Sejuani,Xayah,Thresh,K'Sante,Malphite,Gragas,Wukong,Rell,Kai'Sa,Ahri,1872,0,6,17,10,6,17,0.0,0.0,0.0,0.0,0.0,,,,0.1923,0.7372,0.0,0.0,4.0,0.0,4.0,0.0,0.0,0.0,0.0,0.0,0.0,,0.0,0.0,1.0,1.0,1.0,,,1.0,1.0,0.0,0.0,2.0,7.0,0.0,0.0,0.0,7.0,0.0,1.0,37043.0,1187.2756,,2855.2564,2532.7564,106.0,3.3974,45.0,1.4423,37.0,261.0,8.3654,50798,30326,971.9872,,48785.0,-0.0763582,-2.96,,802.0,156.0,,,30.7051,15046.0,17730.0,316.0,17158.0,18641.0,331.0,-2112.0,-911.0,-15.0,1.0,2.0,4.0,4.0,9.0,1.0,22471.0,28389.0,504.0,27089.0,30618.0,541.0,-4618.0,-2229.0,-37.0,1.0,2.0,6.0,6.0,13.0,1.0,30175.0,38976.0,654.0,35887.0,40005.0,692.0,-5712.0,-1029.0,-38.0,3.0,6.0,8.0,8.0,19.0,3.0,39167.0,49565.0,797.0,44045.0,51562.0,852.0,-4878.0,-1997.0,-55.0,5.0,10.0,10.0,10.0,25.0,5.0
ESPORTSTMNT05_3221191,complete,,EM,2023,Spring,0,2023-04-07 15:01:38,1,13.06,200,Red,team,,,Papara SuperMassive,oe:team:5203ff881d5c82c5f720eb3a2f3b44c,,Taliyah,Jayce,Lissandra,Zoe,Samira,Rakan,Vi,Zeri,Gnar,Cassiopeia,1872,1,17,6,43,17,6,2.0,0.0,0.0,0.0,1.0,,,,0.5449,0.7372,1.0,4.0,0.0,4.0,0.0,1.0,0.0,0.0,2.0,0.0,1.0,,0.0,0.0,0.0,1.0,1.0,,,0.0,0.0,1.0,1.0,7.0,2.0,1.0,1.0,7.0,0.0,1.0,0.0,63704.0,2041.7949,,2235.8654,2572.0833,101.0,3.2372,48.0,1.5385,39.0,278.0,8.9103,58410,37938,1215.9615,,52658.0,0.0763582,2.96,,828.0,233.0,,,34.0064,17158.0,18641.0,331.0,15046.0,17730.0,316.0,2112.0,911.0,15.0,4.0,9.0,1.0,1.0,2.0,4.0,27089.0,30618.0,541.0,22471.0,28389.0,504.0,4618.0,2229.0,37.0,6.0,13.0,1.0,1.0,2.0,6.0,35887.0,40005.0,692.0,30175.0,38976.0,654.0,5712.0,1029.0,38.0,8.0,19.0,3.0,3.0,6.0,8.0,44045.0,51562.0,852.0,39167.0,49565.0,797.0,4878.0,1997.0,55.0,10.0,25.0,5.0,5.0,10.0,10.0
ESPORTSTMNT05_3222197,complete,,EM,2023,Spring,0,2023-04-07 15:01:38,1,13.06,1,Blue,top,bobista,oe:player:8486d94ef23b38c67c76b647613d881,eSuba,oe:team:3faefd9245a4ef6ba347fbcf2a51515,Gragas,Cassiopeia,Jax,Wukong,Sivir,Ezreal,,,,,,1872,0,0,3,2,6,17,0.0,0.0,0.0,0.0,0.0,0.0,0.0,0.0,0.1923,0.7372,,,,,,,,,,,,,,,,,,,,,0.0,0.0,,,,,,,,0.0,1.0,7978.0,255.7051,0.215371,911.9551,911.6346,13.0,0.4167,3.0,0.0962,4.0,30.0,0.9615,10122,6028,193.2051,0.19876,9835.0,,,227.0,219.0,8.0,,,7.2756,3334.0,4826.0,87.0,3424.0,5150.0,85.0,-90.0,-324.0,2.0,0.0,0.0,0.0,0.0,0.0,0.0,4947.0,7605.0,133.0,5384.0,8025.0,135.0,-437.0,-420.0,-2.0,0.0,0.0,0.0,0.0,0.0,0.0,6442.0,9634.0,161.0,7284.0,9592.0,159.0,-842.0,42.0,2.0,0.0,1.0,1.0,1.0,0.0,1.0,8085.0,13586.0,198.0,9052.0,12069.0,195.0,-967.0,1517.0,3.0,0.0,2.0,1.0,2.0,0.0,1.0
ESPORTSTMNT05_3222197,complete,,EM,2023,Spring,0,2023-04-07 15:01:38,1,13.06,2,Blue,jng,TynX,oe:player:36607221f848a15f6a1f11961027d7c,eSuba,oe:team:3faefd9245a4ef6ba347fbcf2a51515,Wukong,Cassiopeia,Jax,Wukong,Sivir,Ezreal,,,,,,1872,0,1,3,2,6,17,0.0,0.0,0.0,0.0,0.0,0.0,0.0,0.0,0.1923,0.7372,,,,,,,,,,,,,,,,,,,,,0.0,0.0,,,,,,,,0.0,0.0,7952.0,254.8718,0.214669,761.4423,636.6346,12.0,0.3846,16.0,0.5128,7.0,65.0,2.0833,9536,5442,174.4231,0.179437,8225.0,,,164.0,28.0,136.0,,,5.2564,2994.0,2957.0,56.0,3362.0,3008.0,57.0,-368.0,-51.0,-1.0,0.0,1.0,0.0,1.0,2.0,1.0,4414.0,4667.0,85.0,5147.0,5418.0,99.0,-733.0,-751.0,-14.0,0.0,1.0,1.0,1.0,4.0,1.0,6097.0,7178.0,123.0,7012.0,7576.0,130.0,-915.0,-398.0,-7.0,0.0,2.0,1.0,1.0,6.0,2.0,7434.0,8880.0,147.0,8494.0,9582.0,158.0,-1060.0,-702.0,-11.0,0.0,2.0,2.0,1.0,8.0,2.0
ESPORTSTMNT05_3222197,complete,,EM,2023,Spring,0,2023-04-07 15:01:38,1,13.06,3,Blue,mid,Warszi,oe:player:5a23766ce46653d2b63ac4a40cd61c1,eSuba,oe:team:3faefd9245a4ef6ba347fbcf2a51515,Ahri,Cassiopeia,Jax,Wukong,Sivir,Ezreal,,,,,,1872,0,2,4,1,6,17,0.0,0.0,0.0,0.0,0.0,0.0,0.0,1.0,0.1923,0.7372,,,,,,,,,,,,,,,,,,,,,1.0,0.0,,,,,,,,0.0,0.0,7149.0,229.1346,0.192992,382.0833,248.3974,13.0,0.4167,7.0,0.2244,8.0,36.0,1.1538,12417,8323,266.7628,0.274439,12225.0,,,263.0,251.0,12.0,,,8.4295,2973.0,4456.0,75.0,3407.0,4432.0,76.0,-434.0,24.0,-1.0,0.0,0.0,2.0,0.0,4.0,0.0,4671.0,7222.0,129.0,5196.0,7343.0,128.0,-525.0,-121.0,1.0,0.0,0.0,2.0,0.0,4.0,0.0,6339.0,9330.0,162.0,6927.0,9681.0,171.0,-588.0,-351.0,-9.0,1.0,0.0,3.0,0.0,5.0,0.0,9340.0,11409.0,203.0,9011.0,13710.0,216.0,329.0,-2301.0,-13.0,2.0,1.0,3.0,1.0,5.0,0.0
ESPORTSTMNT05_3222197,complete,,EM,2023,Spring,0,2023-04-07 15:01:38,1,13.06,4,Blue,bot,DANY,oe:player:f72af12f47362bdec4b0ca91070cf43,eSuba,oe:team:3faefd9245a4ef6ba347fbcf2a51515,Kai'Sa,Cassiopeia,Jax,Wukong,Sivir,Ezreal,,,,,,1872,0,3,3,2,6,17,0.0,0.0,0.0,0.0,0.0,0.0,0.0,0.0,0.1923,0.7372,,,,,,,,,,,,,,,,,,,,,0.0,0.0,,,,,,,,0.0,0.0,11165.0,357.8526,0.301406,408.8141,299.7115,13.0,0.4167,9.0,0.2885,5.0,34.0,1.0897,12061,7967,255.3526,0.2627,11875.0,,,275.0,275.0,0.0,,,8.8141,3518.0,3171.0,86.0,4477.0,3589.0,98.0,-959.0,-418.0,-12.0,1.0,0.0,1.0,2.0,1.0,0.0,5190.0,5556.0,136.0,7620.0,6099.0,154.0,-2430.0,-543.0,-18.0,1.0,0.0,1.0,4.0,1.0,0.0,7142.0,8605.0,183.0,9786.0,8337.0,201.0,-2644.0,268.0,-18.0,2.0,1.0,1.0,5.0,2.0,0.0,9176.0,10387.0,222.0,11658.0,10118.0,250.0,-2482.0,269.0,-28.0,3.0,2.0,1.0,5.0,4.0,1.0
ESPORTSTMNT05_3222197,complete,,EM,2023,Spring,0,2023-04-07 15:01:38,1,13.06,5,Blue,sup,FGG,oe:player:dcd93cc48ba71890cc0580de524f536,eSuba,oe:team:3faefd9245a4ef6ba347fbcf2a51515,Rell,Cassiopeia,Jax,Wukong,Sivir,Ezreal,,,,,,1872,0,0,4,3,6,17,0.0,0.0,0.0,0.0,0.0,0.0,0.0,0.0,0.1923,0.7372,,,,,,,,,,,,,,,,,,,,,0.0,0.0,,,,,,,,0.0,0.0,2799.0,89.7115,0.0755608,390.9615,436.3782,55.0,1.7628,10.0,0.3205,13.0,96.0,3.0769,6662,2568,82.3077,0.0846651,6625.0,,,29.0,29.0,0.0,,,0.9295,2227.0,2320.0,12.0,2488.0,2462.0,15.0,-261.0,-142.0,-3.0,0.0,1.0,1.0,1.0,2.0,0.0,3249.0,3339.0,21.0,3742.0,3733.0,25.0,-493.0,-394.0,-4.0,0.0,1.0,2.0,1.0,4.0,0.0,4155.0,4229.0,25.0,4878.0,4819.0,31.0,-723.0,-590.0,-6.0,0.0,2.0,2.0,1.0,6.0,0.0,5132.0,5303.0,27.0,5830.0,6083.0,33.0,-698.0,-780.0,-6.0,0.0,3.0,3.0,1.0,8.0,1.0
ESPORTSTMNT05_3222197,complete,,EM,2023,Spring,0,2023-04-07 15:01:38,1,13.06,6,Red,top,Juzu,oe:player:a61da83af5e3738845fa6dd56e1d41a,Papara SuperMassive,oe:team:5203ff881d5c82c5f720eb3a2f3b44c,Gnar,Jayce,Annie,Maokai,Yone,Malphite,,,,,,1872,1,2,1,3,17,6,0.0,0.0,0.0,0.0,0.0,0.0,0.0,0.0,0.5449,0.7372,,,,,,,,,,,,,,,,,,,,,0.0,0.0,,,,,,,,1.0,0.0,18194.0,583.141,0.285602,586.6026,463.3974,9.0,0.2885,5.0,0.1603,5.0,27.0,0.8654,11882,7788,249.6154,0.205272,11458.0,,,258.0,238.0,20.0,,,8.2692,3424.0,5150.0,85.0,3334.0,4826.0,87.0,90.0,324.0,-2.0,0.0,0.0,0.0,0.0,0.0,0.0,5384.0,8025.0,135.0,4947.0,7605.0,133.0,437.0,420.0,2.0,0.0,0.0,0.0,0.0,0.0,0.0,7284.0,9592.0,159.0,6442.0,9634.0,161.0,842.0,-42.0,-2.0,1.0,0.0,1.0,0.0,1.0,1.0,9052.0,12069.0,195.0,8085.0,13586.0,198.0,967.0,-1517.0,-3.0,2.0,0.0,1.0,0.0,2.0,1.0
ESPORTSTMNT05_3222197,complete,,EM,2023,Spring,0,2023-04-07 15:01:38,1,13.06,7,Red,jng,Haru,oe:player:2736a0eb19c2525920f8ff4af5086c0,Papara SuperMassive,oe:team:5203ff881d5c82c5f720eb3a2f3b44c,Vi,Jayce,Annie,Maokai,Yone,Malphite,,,,,,1872,1,3,2,11,17,6,0.0,0.0,0.0,0.0,1.0,1.0,0.0,0.0,0.5449,0.7372,,,,,,,,,,,,,,,,,,,,,0.0,0.0,,,,,,,,0.0,0.0,9688.0,310.5128,0.152078,656.1218,1007.8846,11.0,0.3526,12.0,0.3846,9.0,57.0,1.8269,11124,7030,225.3205,0.185292,9425.0,,,185.0,29.0,156.0,,,5.9295,3362.0,3008.0,57.0,2994.0,2957.0,56.0,368.0,51.0,1.0,1.0,2.0,1.0,0.0,1.0,0.0,5147.0,5418.0,99.0,4414.0,4667.0,85.0,733.0,751.0,14.0,1.0,4.0,1.0,0.0,1.0,1.0,7012.0,7576.0,130.0,6097.0,7178.0,123.0,915.0,398.0,7.0,1.0,6.0,2.0,0.0,2.0,1.0,8494.0,9582.0,158.0,7434.0,8880.0,147.0,1060.0,702.0,11.0,1.0,8.0,2.0,0.0,2.0,2.0
ESPORTSTMNT05_3222197,complete,,EM,2023,Spring,0,2023-04-07 15:01:38,1,13.06,8,Red,mid,Serin,oe:player:e3b8d5a9290fe0c7458dc01db4dc9dc,Papara SuperMassive,oe:team:5203ff881d5c82c5f720eb3a2f3b44c,Cassiopeia,Jayce,Annie,Maokai,Yone,Malphite,,,,,,1872,1,3,0,8,17,6,0.0,0.0,0.0,0.0,1.0,0.0,1.0,0.0,0.5449,0.7372,,,,,,,,,,,,,,,,,,,,,0.0,1.0,,,,,,,,0.0,0.0,8867.0,284.1987,0.139191,309.8718,159.9038,13.0,0.4167,5.0,0.1603,5.0,37.0,1.1859,12215,8121,260.2885,0.214049,10425.0,,,267.0,243.0,24.0,,,8.5577,3407.0,4432.0,76.0,2973.0,4456.0,75.0,434.0,-24.0,1.0,0.0,4.0,0.0,0.0,0.0,2.0,5196.0,7343.0,128.0,4671.0,7222.0,129.0,525.0,121.0,-1.0,0.0,4.0,0.0,0.0,0.0,2.0,6927.0,9681.0,171.0,6339.0,9330.0,162.0,588.0,351.0,9.0,0.0,5.0,0.0,1.0,0.0,3.0,9011.0,13710.0,216.0,9340.0,11409.0,203.0,-329.0,2301.0,13.0,1.0,5.0,0.0,2.0,1.0,3.0
ESPORTSTMNT05_3222197,complete,,EM,2023,Spring,0,2023-04-07 15:01:38,1,13.06,9,Red,bot,HolyPhoenix,oe:player:d129eb71d537fdbb2cd4c52703f51f4,Papara SuperMassive,oe:team:5203ff881d5c82c5f720eb3a2f3b44c,Zeri,Jayce,Annie,Maokai,Yone,Malphite,,,,,,1872,1,8,1,7,17,6,2.0,0.0,0.0,0.0,0.0,0.0,0.0,0.0,0.5449,0.7372,,,,,,,,,,,,,,,,,,,,,0.0,0.0,,,,,,,,0.0,0.0,22766.0,729.6795,0.357372,317.0513,515.641,16.0,0.5128,13.0,0.4167,6.0,56.0,1.7949,15674,11580,371.1538,0.305225,14650.0,,,315.0,282.0,33.0,,,10.0962,4477.0,3589.0,98.0,3518.0,3171.0,86.0,959.0,418.0,12.0,2.0,1.0,0.0,1.0,0.0,1.0,7620.0,6099.0,154.0,5190.0,5556.0,136.0,2430.0,543.0,18.0,4.0,1.0,0.0,1.0,0.0,1.0,9786.0,8337.0,201.0,7142.0,8605.0,183.0,2644.0,-268.0,18.0,5.0,2.0,0.0,2.0,1.0,1.0,11658.0,10118.0,250.0,9176.0,10387.0,222.0,2482.0,-269.0,28.0,5.0,4.0,1.0,3.0,2.0,1.0
ESPORTSTMNT05_3222197,complete,,EM,2023,Spring,0,2023-04-07 15:01:38,1,13.06,10,Red,sup,Farfetch,oe:player:496ca7c65dbd4beffa678e62d9d4e8d,Papara SuperMassive,oe:team:5203ff881d5c82c5f720eb3a2f3b44c,Rakan,Jayce,Annie,Maokai,Yone,Malphite,,,,,,1872,1,1,2,14,17,6,0.0,0.0,0.0,0.0,0.0,0.0,0.0,0.0,0.5449,0.7372,,,,,,,,,,,,,,,,,,,,,0.0,0.0,,,,,,,,0.0,0.0,4189.0,134.2628,0.0657573,366.2179,425.2564,52.0,1.6667,13.0,0.4167,14.0,101.0,3.2372,7515,3421,109.6474,0.0901617,6700.0,,,36.0,36.0,0.0,,,1.1538,2488.0,2462.0,15.0,2227.0,2320.0,12.0,261.0,142.0,3.0,1.0,2.0,0.0,0.0,1.0,1.0,3742.0,3733.0,25.0,3249.0,3339.0,21.0,493.0,394.0,4.0,1.0,4.0,0.0,0.0,1.0,2.0,4878.0,4819.0,31.0,4155.0,4229.0,25.0,723.0,590.0,6.0,1.0,6.0,0.0,0.0,2.0,2.0,5830.0,6083.0,33.0,5132.0,5303.0,27.0,698.0,780.0,6.0,1.0,8.0,1.0,0.0,3.0,3.0
ESPORTSTMNT05_3222197,complete,,EM,2023,Spring,0,2023-04-07 15:01:38,1,13.06,100,Blue,team,,,eSuba,oe:team:3faefd9245a4ef6ba347fbcf2a51515,,Cassiopeia,Jax,Wukong,Sivir,Ezreal,Xayah,Sejuani,Nautilus,Irelia,Rumble,1872,0,6,17,10,6,17,0.0,0.0,0.0,0.0,0.0,,,,0.1923,0.7372,0.0,0.0,4.0,0.0,4.0,0.0,0.0,0.0,0.0,0.0,0.0,,0.0,0.0,1.0,1.0,1.0,,,1.0,1.0,0.0,0.0,2.0,7.0,0.0,0.0,0.0,7.0,0.0,1.0,37043.0,1187.2756,,2855.2564,2532.7564,106.0,3.3974,45.0,1.4423,37.0,261.0,8.3654,50798,30326,971.9872,,48785.0,-0.0763582,-2.96,,802.0,156.0,,,30.7051,15046.0,17730.0,316.0,17158.0,18641.0,331.0,-2112.0,-911.0,-15.0,1.0,2.0,4.0,4.0,9.0,1.0,22471.0,28389.0,504.0,27089.0,30618.0,541.0,-4618.0,-2229.0,-37.0,1.0,2.0,6.0,6.0,13.0,1.0,30175.0,38976.0,654.0,35887.0,40005.0,692.0,-5712.0,-1029.0,-38.0,3.0,6.0,8.0,8.0,19.0,3.0,39167.0,49565.0,797.0,44045.0,51562.0,852.0,-4878.0,-1997.0,-55.0,5.0,10.0,10.0,10.0,25.0,5.0
ESPORTSTMNT05_3222197,complete,,EM,2023,Spring,0,2023-04-07 15:01:38,1,13.06,200,Red,team,,,Papara SuperMassive,oe:team:5203ff881d5c82c5f720eb3a2f3b44c,,Jayce,Annie,Maokai,Yone,Malphite,Rakan,Gragas,Azir,Zeri,Renekton,1872,1,17,6,43,17,6,2.0,0.0,0.0,0.0,1.0,,,,0.5449,0.7372,1.0,4.0,0.0,4.0,0.0,1.0,0.0,0.0,2.0,0.0,1.0,,0.0,0.0,0.0,1.0,1.0,,,0.0,0.0,1.0,1.0,7.0,2.0,1.0,1.0,7.0,0.0,1.0,0.0,63704.0,2041.7949,,2235.8654,2572.0833,101.0,3.2372,48.0,1.5385,39.0,278.0,8.9103,58410,37938,1215.9615,,52658.0,0.0763582,2.96,,828.0,233.0,,,34.0064,17158.0,18641.0,331.0,15046.0,17730.0,316.0,2112.0,911.0,15.0,4.0,9.0,1.0,1.0,2.0,4.0,27089.0,30618.0,541.0,22471.0,28389.0,504.0,4618.0,2229.0,37.0,6.0,13.0,1.0,1.0,2.0,6.0,35887.0,40005.0,692.0,30175.0,38976.0,654.0,5712.0,1029.0,38.0,8.0,19.0,3.0,3.0,6.0,8.0,44045.0,51562.0,852.0,39167.0,49565.0,797.0,4878.0,1997.0,55.0,10.0,25.0,5.0,5.0,10.0,10.0
ESPORTSTMNT05_3221192,complete,,EM,2023,Spring,0,2023-04-07 15:55:47,2,13.06,1,Blue,top,bobista,oe:player:8486d94ef23b38c67c76b647613d881,eSuba,oe:team:3faefd9245a4ef6ba347fbcf2a51515,K'Sante,Sejuani,Xayah,Vi,Nautilus,Lulu,,,,,,2097,1,3,0,10,17,4,0.0,0.0,0.0,0.0,0.0,0.0,0.0,0.0,0.4864,0.6009,,,,,,,,,,,,,,,,,,,,,0.0,0.0,,,,,,,,0.0,0.0,13986.0,400.1717,0.162441,562.0601,1064.8641,7.0,0.2003,7.0,0.2003,2.0,17.0,0.4864,14501,9948,284.6352,0.227286,12350.0,,,294.0,293.0,1.0,,,8.412,3489.0,5174.0,100.0,3135.0,5051.0,82.0,354.0,123.0,18.0,0.0,0.0,0.0,0.0,0.0,0.0,5294.0,7709.0,147.0,5331.0,7794.0,130.0,-37.0,-85.0,17.0,0.0,0.0,0.0,0.0,0.0,0.0,7277.0,10841.0,203.0,7287.0,10306.0,178.0,-10.0,535.0,25.0,0.0,1.0,0.0,0.0,1.0,0.0,9900.0,13975.0,227.0,8578.0,11744.0,198.0,1322.0,2231.0,29.0,3.0,4.0,0.0,0.0,2.0,2.0
ESPORTSTMNT05_3221192,complete,,EM,2023,Spring,0,2023-04-07 15:55:47,2,13.06,2,Blue,jng,TynX,oe:player:36607221f848a15f6a1f11961027d7c,eSuba,oe:team:3faefd9245a4ef6ba347fbcf2a51515,Maokai,Sejuani,Xayah,Vi,Nautilus,Lulu,,,,,,2097,1,0,1,10,17,4,0.0,0.0,0.0,0.0,0.0,0.0,0.0,0.0,0.4864,0.6009,,,,,,,,,,,,,,,,,,,,,2.0,0.0,,,,,,,,0.0,0.0,9360.0,267.8112,0.108712,1166.4664,1268.8412,11.0,0.3147,14.0,0.4006,9.0,52.0,1.4878,11597,7044,201.5451,0.160934,10825.0,,,182.0,24.0,158.0,,,5.2074,3458.0,3863.0,72.0,2998.0,3470.0,62.0,460.0,393.0,10.0,0.0,0.0,0.0,0.0,1.0,0.0,4896.0,5128.0,93.0,4381.0,5301.0,88.0,515.0,-173.0,5.0,0.0,0.0,0.0,0.0,1.0,0.0,6277.0,7163.0,120.0,6368.0,7879.0,128.0,-91.0,-716.0,-8.0,0.0,2.0,0.0,1.0,1.0,0.0,8231.0,10752.0,152.0,7860.0,9879.0,152.0,371.0,873.0,0.0,0.0,6.0,1.0,1.0,3.0,1.0
ESPORTSTMNT05_3221192,complete,,EM,2023,Spring,0,2023-04-07 15:55:47,2,13.06,3,Blue,mid,Warszi,oe:player:5a23766ce46653d2b63ac4a40cd61c1,eSuba,oe:team:3faefd9245a4ef6ba347fbcf2a51515,Viktor,Sejuani,Xayah,Vi,Nautilus,Lulu,,,,,,2097,1,6,2,10,17,4,2.0,0.0,0.0,0.0,0.0,0.0,0.0,0.0,0.4864,0.6009,,,,,,,,,,,,,,,,,,,,,0.0,0.0,,,,,,,,0.0,0.0,29997.0,858.2833,0.348401,422.7182,474.9356,14.0,0.4006,5.0,0.1431,7.0,28.0,0.8011,14115,9562,273.5908,0.218466,12879.0,,,271.0,259.0,12.0,,,7.7539,3178.0,4828.0,90.0,3029.0,4462.0,82.0,149.0,366.0,8.0,0.0,0.0,0.0,0.0,1.0,0.0,4888.0,7584.0,140.0,4972.0,7681.0,147.0,-84.0,-97.0,-7.0,0.0,0.0,0.0,0.0,1.0,0.0,6156.0,9524.0,168.0,6433.0,9712.0,179.0,-277.0,-188.0,-11.0,0.0,2.0,1.0,0.0,2.0,1.0,9113.0,12710.0,201.0,7728.0,11118.0,204.0,1385.0,1592.0,-3.0,4.0,5.0,2.0,0.0,2.0,2.0
ESPORTSTMNT05_3221192,complete,,EM,2023,Spring,0,2023-04-07 15:55:47,2,13.06,4,Blue,bot,DANY,oe:player:f72af12f47362bdec4b0ca91070cf43,eSuba,oe:team:3faefd9245a4ef6ba347fbcf2a51515,Jinx,Sejuani,Xayah,Vi,Nautilus,Lulu,,,,,,2097,1,8,1,7,17,4,1.0,1.0,1.0,1.0,0.0,0.0,0.0,1.0,0.4864,0.6009,,,,,,,,,,,,,,,,,,,,,0.0,0.0,,,,,,,,1.0,0.0,28151.0,805.4649,0.326961,415.9371,217.0243,14.0,0.4006,12.0,0.3433,3.0,60.0,1.7167,17489,12936,370.1288,0.295557,13525.0,,,348.0,314.0,34.0,,,9.9571,3330.0,3154.0,89.0,3970.0,4005.0,98.0,-640.0,-851.0,-9.0,0.0,0.0,1.0,1.0,0.0,0.0,5114.0,5150.0,130.0,7009.0,6795.0,163.0,-1895.0,-1645.0,-33.0,0.0,0.0,1.0,1.0,0.0,0.0,7562.0,7810.0,179.0,8474.0,8025.0,198.0,-912.0,-215.0,-19.0,2.0,0.0,1.0,1.0,0.0,1.0,10091.0,11340.0,223.0,10639.0,10201.0,251.0,-548.0,1139.0,-28.0,2.0,5.0,1.0,2.0,0.0,3.0
ESPORTSTMNT05_3221192,complete,,EM,2023,Spring,0,2023-04-07 15:55:47,2,13.06,5,Blue,sup,FGG,oe:player:dcd93cc48ba71890cc0580de524f536,eSuba,oe:team:3faefd9245a4ef6ba347fbcf2a51515,Rakan,Sejuani,Xayah,Vi,Nautilus,Lulu,,,,,,2097,1,0,0,17,17,4,0.0,0.0,0.0,0.0,0.0,0.0,0.0,0.0,0.4864,0.6009,,,,,,,,,,,,,,,,,,,,,0.0,0.0,,,,,,,,0.0,0.0,4605.0,131.7597,0.0534849,296.8526,311.9599,77.0,2.2031,20.0,0.5722,15.0,114.0,3.2618,8832,4279,122.432,0.0977577,7925.0,,,45.0,45.0,0.0,,,1.2876,2131.0,2584.0,16.0,2128.0,2017.0,6.0,3.0,567.0,10.0,0.0,0.0,0.0,0.0,1.0,0.0,3220.0,3495.0,24.0,3318.0,3059.0,13.0,-98.0,436.0,11.0,0.0,0.0,0.0,0.0,1.0,0.0,4352.0,4603.0,31.0,4475.0,4274.0,14.0,-123.0,329.0,17.0,0.0,2.0,0.0,0.0,2.0,0.0,5912.0,7775.0,36.0,5661.0,5611.0,15.0,251.0,2164.0,21.0,0.0,9.0,0.0,1.0,3.0,1.0
ESPORTSTMNT05_3221192,complete,,EM,2023,Spring,0,2023-04-07 15:55:47,2,13.06,6,Red,top,Juzu,oe:player:a61da83af5e3738845fa6dd56e1d41a,Papara SuperMassive,oe:team:5203ff881d5c82c5f720eb3a2f3b44c,Sion,Taliyah,Jayce,Wukong,Malphite,LeBlanc,,,,,,2097,0,0,3,2,4,17,0.0,0.0,0.0,0.0,0.0,0.0,0.0,0.0,0.1144,0.6009,,,,,,,,,,,,,,,,,,,,,0.0,0.0,,,,,,,,0.0,0.0,13686.0,391.588,0.199284,1036.0801,2226.0658,9.0,0.2575,10.0,0.2861,5.0,43.0,1.2303,11234,6681,191.1588,0.213043,11275.0,,,251.0,245.0,6.0,,,7.1817,3135.0,5051.0,82.0,3489.0,5174.0,100.0,-354.0,-123.0,-18.0,0.0,0.0,0.0,0.0,0.0,0.0,5331.0,7794.0,130.0,5294.0,7709.0,147.0,37.0,85.0,-17.0,0.0,0.0,0.0,0.0,0.0,0.0,7287.0,10306.0,178.0,7277.0,10841.0,203.0,10.0,-535.0,-25.0,0.0,1.0,0.0,0.0,1.0,0.0,8578.0,11744.0,198.0,9900.0,13975.0,227.0,-1322.0,-2231.0,-29.0,0.0,2.0,2.0,3.0,4.0,0.0
ESPORTSTMNT05_3221192,complete,,EM,2023,Spring,0,2023-04-07 15:55:47,2,13.06,7,Red,jng,Haru,oe:player:2736a0eb19c2525920f8ff4af5086c0,Papara SuperMassive,oe:team:5203ff881d5c82c5f720eb3a2f3b44c,Gragas,Taliyah,Jayce,Wukong,Malphite,LeBlanc,,,,,,2097,0,1,3,3,4,17,0.0,0.0,0.0,0.0,1.0,0.0,1.0,0.0,0.1144,0.6009,,,,,,,,,,,,,,,,,,,,,0.0,2.0,,,,,,,,0.0,0.0,16811.0,481.0014,0.244787,821.1159,662.0029,31.0,0.887,13.0,0.372,7.0,70.0,2.0029,9976,5423,155.1645,0.172925,9325.0,,,186.0,34.0,152.0,,,5.3219,2998.0,3470.0,62.0,3458.0,3863.0,72.0,-460.0,-393.0,-10.0,0.0,1.0,0.0,0.0,0.0,0.0,4381.0,5301.0,88.0,4896.0,5128.0,93.0,-515.0,173.0,-5.0,0.0,1.0,0.0,0.0,0.0,0.0,6368.0,7879.0,128.0,6277.0,7163.0,120.0,91.0,716.0,8.0,1.0,1.0,0.0,0.0,2.0,0.0,7860.0,9879.0,152.0,8231.0,10752.0,152.0,-371.0,-873.0,0.0,1.0,3.0,1.0,0.0,6.0,1.0
ESPORTSTMNT05_3221192,complete,,EM,2023,Spring,0,2023-04-07 15:55:47,2,13.06,8,Red,mid,Serin,oe:player:e3b8d5a9290fe0c7458dc01db4dc9dc,Papara SuperMassive,oe:team:5203ff881d5c82c5f720eb3a2f3b44c,Yone,Taliyah,Jayce,Wukong,Malphite,LeBlanc,,,,,,2097,0,0,4,2,4,17,0.0,0.0,0.0,0.0,1.0,0.0,1.0,0.0,0.1144,0.6009,,,,,,,,,,,,,,,,,,,,,0.0,0.0,,,,,,,,0.0,0.0,8045.0,230.186,0.117144,463.7196,785.0358,5.0,0.1431,9.0,0.2575,3.0,27.0,0.7725,10521,5968,170.7582,0.190305,9875.0,,,266.0,249.0,17.0,,,7.6109,3029.0,4462.0,82.0,3178.0,4828.0,90.0,-149.0,-366.0,-8.0,0.0,1.0,0.0,0.0,0.0,0.0,4972.0,7681.0,147.0,4888.0,7584.0,140.0,84.0,97.0,7.0,0.0,1.0,0.0,0.0,0.0,0.0,6433.0,9712.0,179.0,6156.0,9524.0,168.0,277.0,188.0,11.0,0.0,2.0,1.0,0.0,2.0,1.0,7728.0,11118.0,204.0,9113.0,12710.0,201.0,-1385.0,-1592.0,3.0,0.0,2.0,2.0,4.0,5.0,2.0
ESPORTSTMNT05_3221192,complete,,EM,2023,Spring,0,2023-04-07 15:55:47,2,13.06,9,Red,bot,HolyPhoenix,oe:player:d129eb71d537fdbb2cd4c52703f51f4,Papara SuperMassive,oe:team:5203ff881d5c82c5f720eb3a2f3b44c,Zeri,Taliyah,Jayce,Wukong,Malphite,LeBlanc,,,,,,2097,0,2,4,0,4,17,0.0,0.0,0.0,0.0,1.0,1.0,0.0,0.0,0.1144,0.6009,,,,,,,,,,,,,,,,,,,,,0.0,0.0,,,,,,,,0.0,1.0,21335.0,610.4435,0.310662,516.1087,764.0343,11.0,0.3147,24.0,0.6867,2.0,49.0,1.402,14932,10379,296.9671,0.330973,14762.0,,,365.0,319.0,46.0,,,10.4435,3970.0,4005.0,98.0,3330.0,3154.0,89.0,640.0,851.0,9.0,1.0,0.0,0.0,0.0,0.0,1.0,7009.0,6795.0,163.0,5114.0,5150.0,130.0,1895.0,1645.0,33.0,1.0,0.0,0.0,0.0,0.0,1.0,8474.0,8025.0,198.0,7562.0,7810.0,179.0,912.0,215.0,19.0,1.0,0.0,1.0,2.0,0.0,1.0,10639.0,10201.0,251.0,10091.0,11340.0,223.0,548.0,-1139.0,28.0,2.0,0.0,3.0,2.0,5.0,1.0
ESPORTSTMNT05_3221192,complete,,EM,2023,Spring,0,2023-04-07 15:55:47,2,13.06,10,Red,sup,Farfetch,oe:player:496ca7c65dbd4beffa678e62d9d4e8d,Papara SuperMassive,oe:team:5203ff881d5c82c5f720eb3a2f3b44c,Annie,Taliyah,Jayce,Wukong,Malphite,LeBlanc,,,,,,2097,0,1,3,3,4,17,0.0,0.0,0.0,0.0,1.0,0.0,1.0,0.0,0.1144,0.6009,,,,,,,,,,,,,,,,,,,,,0.0,0.0,,,,,,,,0.0,0.0,8799.0,251.7597,0.128123,292.0172,200.2289,55.0,1.5737,19.0,0.5436,13.0,95.0,2.7182,7462,2909,83.2332,0.0927533,7300.0,,,27.0,27.0,0.0,,,0.7725,2128.0,2017.0,6.0,2131.0,2584.0,16.0,-3.0,-567.0,-10.0,0.0,1.0,0.0,0.0,0.0,0.0,3318.0,3059.0,13.0,3220.0,3495.0,24.0,98.0,-436.0,-11.0,0.0,1.0,0.0,0.0,0.0,0.0,4475.0,4274.0,14.0,4352.0,4603.0,31.0,123.0,-329.0,-17.0,0.0,2.0,0.0,0.0,2.0,0.0,5661.0,5611.0,15.0,5912.0,7775.0,36.0,-251.0,-2164.0,-21.0,1.0,3.0,1.0,0.0,9.0,0.0
ESPORTSTMNT05_3221192,complete,,EM,2023,Spring,0,2023-04-07 15:55:47,2,13.06,100,Blue,team,,,eSuba,oe:team:3faefd9245a4ef6ba347fbcf2a51515,,Sejuani,Xayah,Vi,Nautilus,Lulu,Rakan,Maokai,Jinx,K'Sante,Viktor,2097,1,17,4,54,17,4,3.0,1.0,1.0,1.0,0.0,,,,0.4864,0.6009,0.0,4.0,1.0,4.0,1.0,0.0,0.0,0.0,3.0,0.0,1.0,,0.0,0.0,1.0,2.0,0.0,,,1.0,2.0,0.0,0.0,9.0,3.0,0.0,0.0,3.0,7.0,1.0,0.0,86099.0,2463.4907,,2864.0343,3337.6252,123.0,3.5193,58.0,1.6595,36.0,271.0,7.7539,66534,43767,1252.2747,,57504.0,0.0902754,0.65,,935.0,205.0,,,32.618,15586.0,19603.0,367.0,15260.0,19005.0,330.0,326.0,598.0,37.0,0.0,0.0,1.0,1.0,3.0,0.0,23412.0,29066.0,534.0,25011.0,30630.0,541.0,-1599.0,-1564.0,-7.0,0.0,0.0,1.0,1.0,3.0,0.0,31624.0,39941.0,701.0,33037.0,40196.0,697.0,-1413.0,-255.0,4.0,2.0,7.0,2.0,2.0,6.0,2.0,43247.0,56552.0,839.0,40466.0,48553.0,820.0,2781.0,7999.0,19.0,9.0,29.0,4.0,4.0,10.0,9.0
ESPORTSTMNT05_3221192,complete,,EM,2023,Spring,0,2023-04-07 15:55:47,2,13.06,200,Red,team,,,Papara SuperMassive,oe:team:5203ff881d5c82c5f720eb3a2f3b44c,,Taliyah,Jayce,Wukong,Malphite,LeBlanc,Gragas,Zeri,Yone,Annie,Sion,2097,0,4,17,10,4,17,0.0,0.0,0.0,0.0,1.0,,,,0.1144,0.6009,1.0,1.0,4.0,1.0,4.0,0.0,1.0,0.0,0.0,0.0,0.0,,0.0,0.0,0.0,0.0,2.0,,,0.0,0.0,2.0,1.0,3.0,9.0,1.0,1.0,7.0,3.0,0.0,1.0,68676.0,1964.9785,,3129.0415,4637.3677,111.0,3.176,75.0,2.1459,30.0,284.0,8.1259,54125,31358,897.2246,,52537.0,-0.0902754,-0.65,,874.0,221.0,,,31.3305,15260.0,19005.0,330.0,15586.0,19603.0,367.0,-326.0,-598.0,-37.0,1.0,3.0,0.0,0.0,0.0,1.0,25011.0,30630.0,541.0,23412.0,29066.0,534.0,1599.0,1564.0,7.0,1.0,3.0,0.0,0.0,0.0,1.0,33037.0,40196.0,697.0,31624.0,39941.0,701.0,1413.0,255.0,-4.0,2.0,6.0,2.0,2.0,7.0,2.0,40466.0,48553.0,820.0,43247.0,56552.0,839.0,-2781.0,-7999.0,-19.0,4.0,10.0,9.0,9.0,29.0,4.0
ESPORTSTMNT05_3221193,complete,,EM,2023,Spring,0,2023-04-07 16:02:10,2,13.06,1,Blue,top,Satorius,oe:player:422d7cc4063f8801a9427860bfd855b,Geekay Esports,oe:team:1ff3f5c94edd806e1fed4105fc48995,Olaf,Cassiopeia,Jax,Wukong,Zeri,Ezreal,,,,,,2415,1,2,4,9,23,21,0.0,0.0,0.0,0.0,0.0,0.0,0.0,0.0,0.5714,1.0932,,,,,,,,,,,,,,,,,,,,,0.0,0.0,,,,,,,,0.0,0.0,15884.0,394.6335,0.170941,710.0621,1027.0807,15.0,0.3727,7.0,0.1739,3.0,64.0,1.5901,13959,8757,217.5652,0.161279,12775.0,,,258.0,254.0,4.0,,,6.4099,3064.0,4411.0,82.0,3290.0,4314.0,75.0,-226.0,97.0,7.0,0.0,0.0,1.0,1.0,0.0,0.0,4952.0,6936.0,128.0,5269.0,7076.0,119.0,-317.0,-140.0,9.0,1.0,0.0,1.0,2.0,1.0,0.0,7047.0,9768.0,175.0,8360.0,10619.0,164.0,-1313.0,-851.0,11.0,1.0,0.0,1.0,4.0,1.0,0.0,8129.0,11111.0,186.0,10775.0,13120.0,186.0,-2646.0,-2009.0,0.0,1.0,4.0,2.0,6.0,2.0,1.0
ESPORTSTMNT05_3221193,complete,,EM,2023,Spring,0,2023-04-07 16:02:10,2,13.06,2,Blue,jng,Viking,oe:player:f48a8f161502989fca609408a80bd75,Geekay Esports,oe:team:1ff3f5c94edd806e1fed4105fc48995,Sejuani,Cassiopeia,Jax,Wukong,Zeri,Ezreal,,,,,,2415,1,1,6,18,23,21,0.0,0.0,0.0,0.0,0.0,0.0,0.0,1.0,0.5714,1.0932,,,,,,,,,,,,,,,,,,,,,1.0,1.0,,,,,,,,0.0,0.0,10826.0,268.9689,0.116508,1057.0186,1591.2795,4.0,0.0994,12.0,0.2981,4.0,39.0,0.9689,13594,8392,208.4969,0.154556,12800.0,,,200.0,32.0,168.0,,,4.9689,3067.0,3534.0,64.0,2959.0,3198.0,56.0,108.0,336.0,8.0,0.0,0.0,1.0,0.0,1.0,0.0,4849.0,5611.0,91.0,4695.0,5018.0,81.0,154.0,593.0,10.0,0.0,2.0,2.0,1.0,4.0,1.0,6180.0,7321.0,117.0,6333.0,7801.0,121.0,-153.0,-480.0,-4.0,0.0,2.0,2.0,1.0,5.0,1.0,7580.0,9389.0,139.0,8084.0,10721.0,146.0,-504.0,-1332.0,-7.0,0.0,6.0,3.0,1.0,9.0,2.0
ESPORTSTMNT05_3221193,complete,,EM,2023,Spring,0,2023-04-07 16:02:10,2,13.06,3,Blue,mid,Giyuu,oe:player:e6f5a7e37185c25a363d031ef5eafa9,Geekay Esports,oe:team:1ff3f5c94edd806e1fed4105fc48995,Sylas,Cassiopeia,Jax,Wukong,Zeri,Ezreal,,,,,,2415,1,7,5,8,23,21,1.0,0.0,0.0,0.0,0.0,0.0,0.0,0.0,0.5714,1.0932,,,,,,,,,,,,,,,,,,,,,0.0,0.0,,,,,,,,0.0,0.0,26928.0,669.0186,0.289795,890.6335,643.205,22.0,0.5466,10.0,0.2484,6.0,66.0,1.6398,20051,14849,368.9193,0.273479,17600.0,,,353.0,339.0,14.0,,,8.7702,3208.0,4853.0,89.0,3667.0,4923.0,89.0,-459.0,-70.0,0.0,0.0,0.0,0.0,1.0,1.0,0.0,4908.0,7135.0,130.0,5505.0,7654.0,134.0,-597.0,-519.0,-4.0,0.0,0.0,1.0,2.0,2.0,0.0,6922.0,9902.0,183.0,7478.0,10648.0,186.0,-556.0,-746.0,-3.0,0.0,0.0,3.0,2.0,2.0,0.0,9725.0,11836.0,216.0,10141.0,14108.0,225.0,-416.0,-2272.0,-9.0,3.0,1.0,4.0,4.0,3.0,0.0
ESPORTSTMNT05_3221193,complete,,EM,2023,Spring,0,2023-04-07 16:02:10,2,13.06,4,Blue,bot,Rin,oe:player:ee4894bcff1cfaa4ffbf71b7b8d8921,Geekay Esports,oe:team:1ff3f5c94edd806e1fed4105fc48995,Varus,Cassiopeia,Jax,Wukong,Zeri,Ezreal,,,,,,2415,1,13,3,8,23,21,1.0,1.0,0.0,0.0,0.0,0.0,0.0,0.0,0.5714,1.0932,,,,,,,,,,,,,,,,,,,,,1.0,0.0,,,,,,,,1.0,2.0,34781.0,864.1242,0.374307,563.677,938.1366,17.0,0.4224,13.0,0.323,4.0,71.0,1.764,22401,17199,427.3043,0.31676,20800.0,,,388.0,350.0,38.0,,,9.6398,3545.0,3740.0,91.0,3196.0,3493.0,81.0,349.0,247.0,10.0,0.0,0.0,0.0,0.0,0.0,0.0,6258.0,5830.0,138.0,5090.0,5699.0,122.0,1168.0,131.0,16.0,2.0,0.0,1.0,1.0,2.0,2.0,8185.0,8407.0,183.0,7420.0,8871.0,179.0,765.0,-464.0,4.0,3.0,0.0,2.0,2.0,3.0,3.0,10332.0,10442.0,229.0,9271.0,12019.0,206.0,1061.0,-1577.0,23.0,4.0,3.0,3.0,2.0,8.0,3.0
ESPORTSTMNT05_3221193,complete,,EM,2023,Spring,0,2023-04-07 16:02:10,2,13.06,5,Blue,sup,Dekap,oe:player:be85b3d65508c757ac9af1d54310520,Geekay Esports,oe:team:1ff3f5c94edd806e1fed4105fc48995,Renata Glasc,Cassiopeia,Jax,Wukong,Zeri,Ezreal,,,,,,2415,1,0,3,23,23,21,0.0,0.0,0.0,0.0,0.0,0.0,0.0,0.0,0.5714,1.0932,,,,,,,,,,,,,,,,,,,,,0.0,0.0,,,,,,,,0.0,0.0,4502.0,111.8509,0.0484498,348.4472,311.2547,69.0,1.7143,13.0,0.323,14.0,115.0,2.8571,10302,5100,126.7081,0.0939259,9350.0,,,30.0,30.0,0.0,,,0.7453,1957.0,2147.0,1.0,2354.0,2571.0,20.0,-397.0,-424.0,-19.0,0.0,0.0,0.0,0.0,2.0,0.0,3214.0,3728.0,6.0,3453.0,3563.0,27.0,-239.0,165.0,-21.0,0.0,3.0,1.0,0.0,5.0,0.0,4274.0,5298.0,7.0,4472.0,4681.0,32.0,-198.0,617.0,-25.0,0.0,4.0,1.0,0.0,7.0,0.0,5354.0,6992.0,15.0,6346.0,6540.0,34.0,-992.0,452.0,-19.0,0.0,8.0,2.0,1.0,11.0,2.0
ESPORTSTMNT05_3221193,complete,,EM,2023,Spring,0,2023-04-07 16:02:10,2,13.06,6,Red,top,Nille,oe:player:2df5432fbfcc85dc85c33e269ebd063,Verdant,oe:team:b33646d7b7b14dd6da17a88f6ddb592,Camille,Jayce,Annie,Xayah,Yone,Irelia,,,,,,2415,0,7,4,6,21,23,0.0,0.0,0.0,0.0,0.0,0.0,0.0,0.0,0.5217,1.0932,,,,,,,,,,,,,,,,,,,,,0.0,0.0,,,,,,,,0.0,0.0,17734.0,440.5963,0.161836,797.0186,1001.1677,18.0,0.4472,13.0,0.323,8.0,53.0,1.3168,16633,11431,284.0,0.264706,17050.0,,,284.0,257.0,27.0,,,7.0559,3290.0,4314.0,75.0,3064.0,4411.0,82.0,226.0,-97.0,-7.0,1.0,0.0,0.0,0.0,0.0,1.0,5269.0,7076.0,119.0,4952.0,6936.0,128.0,317.0,140.0,-9.0,2.0,1.0,0.0,1.0,0.0,1.0,8360.0,10619.0,164.0,7047.0,9768.0,175.0,1313.0,851.0,-11.0,4.0,1.0,0.0,1.0,0.0,1.0,10775.0,13120.0,186.0,8129.0,11111.0,186.0,2646.0,2009.0,0.0,6.0,2.0,1.0,1.0,4.0,2.0
ESPORTSTMNT05_3221193,complete,,EM,2023,Spring,0,2023-04-07 16:02:10,2,13.06,7,Red,jng,Taxer,oe:player:7b2619f2b79533d29571437f043a2cd,Verdant,oe:team:b33646d7b7b14dd6da17a88f6ddb592,Vi,Jayce,Annie,Xayah,Yone,Irelia,,,,,,2415,0,1,6,11,21,23,0.0,0.0,0.0,0.0,1.0,0.0,1.0,0.0,0.5217,1.0932,,,,,,,,,,,,,,,,,,,,,1.0,1.0,,,,,,,,0.0,0.0,9872.0,245.2671,0.0900894,952.6211,1172.0994,8.0,0.1988,15.0,0.3727,10.0,42.0,1.0435,11450,6248,155.2298,0.144682,11400.0,,,190.0,29.0,161.0,,,4.7205,2959.0,3198.0,56.0,3067.0,3534.0,64.0,-108.0,-336.0,-8.0,0.0,1.0,0.0,0.0,0.0,1.0,4695.0,5018.0,81.0,4849.0,5611.0,91.0,-154.0,-593.0,-10.0,1.0,4.0,1.0,0.0,2.0,2.0,6333.0,7801.0,121.0,6180.0,7321.0,117.0,153.0,480.0,4.0,1.0,5.0,1.0,0.0,2.0,2.0,8084.0,10721.0,146.0,7580.0,9389.0,139.0,504.0,1332.0,7.0,1.0,9.0,2.0,0.0,6.0,3.0
ESPORTSTMNT05_3221193,complete,,EM,2023,Spring,0,2023-04-07 16:02:10,2,13.06,8,Red,mid,Erolle,oe:player:33f41da3cc793a226c6d42474e3cd95,Verdant,oe:team:b33646d7b7b14dd6da17a88f6ddb592,Azir,Jayce,Annie,Xayah,Yone,Irelia,,,,,,2415,0,7,2,7,21,23,2.0,0.0,0.0,0.0,1.0,1.0,0.0,0.0,0.5217,1.0932,,,,,,,,,,,,,,,,,,,,,0.0,0.0,,,,,,,,0.0,0.0,40162.0,997.8137,0.366508,434.5839,484.9441,11.0,0.2733,10.0,0.2484,4.0,47.0,1.1677,16501,11299,280.7205,0.261649,15850.0,,,344.0,304.0,40.0,,,8.5466,3667.0,4923.0,89.0,3208.0,4853.0,89.0,459.0,70.0,0.0,1.0,1.0,0.0,0.0,0.0,0.0,5505.0,7654.0,134.0,4908.0,7135.0,130.0,597.0,519.0,4.0,2.0,2.0,0.0,0.0,0.0,1.0,7478.0,10648.0,186.0,6922.0,9902.0,183.0,556.0,746.0,3.0,2.0,2.0,0.0,0.0,0.0,3.0,10141.0,14108.0,225.0,9725.0,11836.0,216.0,416.0,2272.0,9.0,4.0,3.0,0.0,3.0,1.0,4.0
ESPORTSTMNT05_3221193,complete,,EM,2023,Spring,0,2023-04-07 16:02:10,2,13.06,9,Red,bot,kehvo,oe:player:06f016d5551322d49fad225b21de646,Verdant,oe:team:b33646d7b7b14dd6da17a88f6ddb592,Seraphine,Jayce,Annie,Xayah,Yone,Irelia,,,,,,2415,0,5,6,12,21,23,0.0,0.0,0.0,0.0,0.0,0.0,0.0,0.0,0.5217,1.0932,,,,,,,,,,,,,,,,,,,,,0.0,1.0,,,,,,,,2.0,1.0,35337.0,877.9379,0.322477,496.323,437.8137,17.0,0.4224,4.0,0.0994,4.0,44.0,1.0932,15043,9841,244.4969,0.227886,15830.0,,,301.0,285.0,16.0,,,7.4783,3196.0,3493.0,81.0,3545.0,3740.0,91.0,-349.0,-247.0,-10.0,0.0,0.0,0.0,0.0,0.0,0.0,5090.0,5699.0,122.0,6258.0,5830.0,138.0,-1168.0,-131.0,-16.0,1.0,2.0,2.0,2.0,0.0,1.0,7420.0,8871.0,179.0,8185.0,8407.0,183.0,-765.0,464.0,-4.0,2.0,3.0,3.0,3.0,0.0,2.0,9271.0,12019.0,206.0,10332.0,10442.0,229.0,-1061.0,1577.0,-23.0,2.0,8.0,3.0,4.0,3.0,3.0
ESPORTSTMNT05_3221193,complete,,EM,2023,Spring,0,2023-04-07 16:02:10,2,13.06,10,Red,sup,Klaj,oe:player:60c7d1c521aba6d16e6c3a38aa3a863,Verdant,oe:team:b33646d7b7b14dd6da17a88f6ddb592,Nautilus,Jayce,Annie,Xayah,Yone,Irelia,,,,,,2415,0,1,5,17,21,23,0.0,0.0,0.0,0.0,1.0,0.0,1.0,0.0,0.5217,1.0932,,,,,,,,,,,,,,,,,,,,,0.0,0.0,,,,,,,,0.0,0.0,6475.0,160.8696,0.0590893,419.7516,673.5404,63.0,1.5652,21.0,0.5217,19.0,130.0,3.2298,9567,4365,108.4472,0.101077,9225.0,,,50.0,50.0,0.0,,,1.2422,2354.0,2571.0,20.0,1957.0,2147.0,1.0,397.0,424.0,19.0,0.0,2.0,0.0,0.0,0.0,0.0,3453.0,3563.0,27.0,3214.0,3728.0,6.0,239.0,-165.0,21.0,0.0,5.0,0.0,0.0,3.0,1.0,4472.0,4681.0,32.0,4274.0,5298.0,7.0,198.0,-617.0,25.0,0.0,7.0,0.0,0.0,4.0,1.0,6346.0,6540.0,34.0,5354.0,6992.0,15.0,992.0,-452.0,19.0,1.0,11.0,2.0,0.0,8.0,2.0
ESPORTSTMNT05_3221193,complete,,EM,2023,Spring,0,2023-04-07 16:02:10,2,13.06,100,Blue,team,,,Geekay Esports,oe:team:1ff3f5c94edd806e1fed4105fc48995,,Cassiopeia,Jax,Wukong,Zeri,Ezreal,Sejuani,Varus,Renata Glasc,Olaf,Sylas,2415,1,23,21,66,23,21,2.0,1.0,0.0,0.0,0.0,,,,0.5714,1.0932,1.0,2.0,4.0,1.0,4.0,1.0,0.0,0.0,0.0,0.0,0.0,,1.0,0.0,1.0,2.0,0.0,,,0.0,2.0,1.0,0.0,8.0,7.0,0.0,0.0,4.0,0.0,1.0,2.0,92921.0,2308.5963,,3569.8385,4510.9565,127.0,3.1553,55.0,1.3665,31.0,355.0,8.8199,80307,54296,1348.9689,,73325.0,0.055649,-0.1,,1005.0,224.0,,,30.5342,14841.0,18685.0,327.0,15466.0,18499.0,321.0,-625.0,186.0,6.0,0.0,0.0,2.0,2.0,4.0,0.0,24181.0,29240.0,493.0,24012.0,29010.0,483.0,169.0,230.0,10.0,3.0,5.0,6.0,6.0,14.0,3.0,32608.0,40696.0,665.0,34063.0,42620.0,682.0,-1455.0,-1924.0,-17.0,4.0,6.0,9.0,9.0,18.0,4.0,41120.0,49770.0,785.0,44617.0,56508.0,797.0,-3497.0,-6738.0,-12.0,8.0,22.0,14.0,14.0,33.0,8.0
ESPORTSTMNT05_3221193,complete,,EM,2023,Spring,0,2023-04-07 16:02:10,2,13.06,200,Red,team,,,Verdant,oe:team:b33646d7b7b14dd6da17a88f6ddb592,,Jayce,Annie,Xayah,Yone,Irelia,Vi,Nautilus,Azir,Seraphine,Camille,2415,0,21,23,53,21,23,2.0,0.0,0.0,0.0,1.0,,,,0.5217,1.0932,0.0,4.0,2.0,4.0,1.0,0.0,0.0,1.0,0.0,3.0,0.0,,0.0,1.0,0.0,0.0,2.0,,,1.0,1.0,2.0,1.0,7.0,8.0,1.0,1.0,0.0,4.0,2.0,1.0,109580.0,2722.4845,,3100.2981,3769.5652,117.0,2.9068,63.0,1.5652,45.0,316.0,7.8509,69194,43183,1072.8696,,69355.0,-0.055649,0.1,,925.0,244.0,,,29.0435,15466.0,18499.0,321.0,14841.0,18685.0,327.0,625.0,-186.0,-6.0,2.0,4.0,0.0,0.0,0.0,2.0,24012.0,29010.0,483.0,24181.0,29240.0,493.0,-169.0,-230.0,-10.0,6.0,14.0,3.0,3.0,5.0,6.0,34063.0,42620.0,682.0,32608.0,40696.0,665.0,1455.0,1924.0,17.0,9.0,18.0,4.0,4.0,6.0,9.0,44617.0,56508.0,797.0,41120.0,49770.0,785.0,3497.0,6738.0,12.0,14.0,33.0,8.0,8.0,22.0,14.0
ESPORTSTMNT05_3221195,complete,,EM,2023,Spring,0,2023-04-07 16:53:27,3,13.06,1,Blue,top,Juzu,oe:player:a61da83af5e3738845fa6dd56e1d41a,Papara SuperMassive,oe:team:5203ff881d5c82c5f720eb3a2f3b44c,Cho'Gath,Taliyah,Jayce,Maokai,K'Sante,Lissandra,,,,,,2074,0,2,5,2,13,25,0.0,0.0,0.0,0.0,0.0,0.0,0.0,1.0,0.3761,1.0993,,,,,,,,,,,,,,,,,,,,,0.0,1.0,,,,,,,,0.0,1.0,10813.0,312.8158,0.181887,1091.5718,1353.6162,14.0,0.405,10.0,0.2893,8.0,53.0,1.5333,12625,8118,234.8505,0.211444,12750.0,,,259.0,251.0,8.0,,,7.4928,3156.0,4363.0,84.0,4677.0,5136.0,81.0,-1521.0,-773.0,3.0,0.0,0.0,1.0,3.0,3.0,0.0,5471.0,7341.0,138.0,6577.0,7169.0,122.0,-1106.0,172.0,16.0,0.0,0.0,1.0,3.0,3.0,1.0,7569.0,9453.0,173.0,10156.0,10215.0,167.0,-2587.0,-762.0,6.0,2.0,0.0,3.0,6.0,6.0,2.0,9472.0,11916.0,214.0,12708.0,13923.0,220.0,-3236.0,-2007.0,-6.0,2.0,0.0,3.0,6.0,7.0,2.0
ESPORTSTMNT05_3221195,complete,,EM,2023,Spring,0,2023-04-07 16:53:27,3,13.06,2,Blue,jng,Haru,oe:player:2736a0eb19c2525920f8ff4af5086c0,Papara SuperMassive,oe:team:5203ff881d5c82c5f720eb3a2f3b44c,Wukong,Taliyah,Jayce,Maokai,K'Sante,Lissandra,,,,,,2074,0,1,6,9,13,25,0.0,0.0,0.0,0.0,0.0,0.0,0.0,0.0,0.3761,1.0993,,,,,,,,,,,,,,,,,,,,,0.0,1.0,,,,,,,,0.0,0.0,9066.0,262.2758,0.1525,785.5256,784.7155,11.0,0.3182,15.0,0.4339,11.0,61.0,1.7647,10762,6255,180.9547,0.162922,10175.0,,,170.0,47.0,123.0,,,4.918,2923.0,2946.0,51.0,3556.0,3448.0,64.0,-633.0,-502.0,-13.0,0.0,2.0,3.0,0.0,2.0,0.0,4239.0,5019.0,78.0,5293.0,5600.0,91.0,-1054.0,-581.0,-13.0,0.0,3.0,3.0,0.0,4.0,0.0,5785.0,6964.0,99.0,6946.0,8036.0,118.0,-1161.0,-1072.0,-19.0,0.0,7.0,4.0,0.0,8.0,2.0,7856.0,9342.0,131.0,8631.0,10350.0,138.0,-775.0,-1008.0,-7.0,1.0,7.0,5.0,0.0,9.0,2.0
ESPORTSTMNT05_3221195,complete,,EM,2023,Spring,0,2023-04-07 16:53:27,3,13.06,3,Blue,mid,Serin,oe:player:e3b8d5a9290fe0c7458dc01db4dc9dc,Papara SuperMassive,oe:team:5203ff881d5c82c5f720eb3a2f3b44c,Syndra,Taliyah,Jayce,Maokai,K'Sante,Lissandra,,,,,,2074,0,3,4,5,13,25,0.0,0.0,0.0,0.0,0.0,0.0,0.0,0.0,0.3761,1.0993,,,,,,,,,,,,,,,,,,,,,0.0,0.0,,,,,,,,0.0,2.0,18717.0,541.4754,0.314841,421.9383,257.4156,12.0,0.3472,7.0,0.2025,3.0,52.0,1.5043,14457,9950,287.8496,0.259158,13910.0,,,338.0,319.0,19.0,,,9.7782,3659.0,5076.0,96.0,3739.0,4935.0,86.0,-80.0,141.0,10.0,1.0,1.0,0.0,2.0,0.0,0.0,5497.0,7665.0,151.0,6117.0,8246.0,143.0,-620.0,-581.0,8.0,1.0,1.0,1.0,4.0,0.0,0.0,7666.0,9946.0,189.0,8871.0,11607.0,172.0,-1205.0,-1661.0,17.0,2.0,4.0,3.0,8.0,2.0,0.0,9862.0,12489.0,236.0,11458.0,14526.0,210.0,-1596.0,-2037.0,26.0,3.0,4.0,3.0,9.0,2.0,0.0
ESPORTSTMNT05_3221195,complete,,EM,2023,Spring,0,2023-04-07 16:53:27,3,13.06,4,Blue,bot,HolyPhoenix,oe:player:d129eb71d537fdbb2cd4c52703f51f4,Papara SuperMassive,oe:team:5203ff881d5c82c5f720eb3a2f3b44c,Xayah,Taliyah,Jayce,Maokai,K'Sante,Lissandra,,,,,,2074,0,5,5,6,13,25,0.0,0.0,0.0,0.0,0.0,0.0,0.0,0.0,0.3761,1.0993,,,,,,,,,,,,,,,,,,,,,0.0,0.0,,,,,,,,0.0,0.0,15930.0,460.8486,0.267961,487.0878,362.6615,15.0,0.4339,17.0,0.4918,6.0,40.0,1.1572,14985,10478,303.1244,0.27291,13400.0,,,320.0,289.0,31.0,,,9.2575,3730.0,3138.0,77.0,3588.0,3227.0,86.0,142.0,-89.0,-9.0,1.0,2.0,1.0,1.0,2.0,1.0,6115.0,5854.0,129.0,6051.0,5878.0,141.0,64.0,-24.0,-12.0,2.0,2.0,1.0,1.0,2.0,1.0,8369.0,8056.0,170.0,9395.0,8842.0,198.0,-1026.0,-786.0,-28.0,4.0,4.0,3.0,3.0,7.0,2.0,10047.0,9917.0,207.0,11267.0,10974.0,224.0,-1220.0,-1057.0,-17.0,4.0,6.0,3.0,3.0,8.0,4.0
ESPORTSTMNT05_3221195,complete,,EM,2023,Spring,0,2023-04-07 16:53:27,3,13.06,5,Blue,sup,Farfetch,oe:player:496ca7c65dbd4beffa678e62d9d4e8d,Papara SuperMassive,oe:team:5203ff881d5c82c5f720eb3a2f3b44c,Nautilus,Taliyah,Jayce,Maokai,K'Sante,Lissandra,,,,,,2074,0,2,5,9,13,25,0.0,0.0,0.0,0.0,0.0,0.0,0.0,0.0,0.3761,1.0993,,,,,,,,,,,,,,,,,,,,,0.0,0.0,,,,,,,,0.0,0.0,4923.0,142.4204,0.0828105,474.0405,608.8814,56.0,1.6201,7.0,0.2025,15.0,90.0,2.6037,8099,3592,103.9151,0.0935648,7725.0,,,35.0,35.0,0.0,,,1.0125,2507.0,2614.0,20.0,2148.0,2430.0,11.0,359.0,184.0,9.0,1.0,2.0,1.0,0.0,3.0,2.0,3596.0,3470.0,26.0,3410.0,3320.0,24.0,186.0,150.0,2.0,1.0,3.0,2.0,0.0,3.0,2.0,4785.0,5491.0,30.0,4732.0,5231.0,26.0,53.0,260.0,4.0,1.0,7.0,4.0,0.0,8.0,3.0,5787.0,6942.0,30.0,5984.0,6724.0,30.0,-197.0,218.0,0.0,1.0,9.0,4.0,0.0,8.0,3.0
ESPORTSTMNT05_3221195,complete,,EM,2023,Spring,0,2023-04-07 16:53:27,3,13.06,6,Red,top,bobista,oe:player:8486d94ef23b38c67c76b647613d881,eSuba,oe:team:3faefd9245a4ef6ba347fbcf2a51515,Gangplank,Sejuani,Rakan,Vi,Malphite,Kennen,,,,,,2074,1,9,2,9,25,13,0.0,0.0,0.0,0.0,1.0,1.0,0.0,0.0,0.7232,1.0993,,,,,,,,,,,,,,,,,,,,,1.0,0.0,,,,,,,,1.0,0.0,30087.0,870.405,0.355097,633.4426,395.1495,15.0,0.4339,1.0,0.0289,2.0,50.0,1.4465,19777,15270,441.7551,0.305787,17650.0,,,317.0,297.0,20.0,,,9.1707,4677.0,5136.0,81.0,3156.0,4363.0,84.0,1521.0,773.0,-3.0,3.0,3.0,0.0,0.0,0.0,1.0,6577.0,7169.0,122.0,5471.0,7341.0,138.0,1106.0,-172.0,-16.0,3.0,3.0,1.0,0.0,0.0,1.0,10156.0,10215.0,167.0,7569.0,9453.0,173.0,2587.0,762.0,-6.0,6.0,6.0,2.0,2.0,0.0,3.0,12708.0,13923.0,220.0,9472.0,11916.0,214.0,3236.0,2007.0,6.0,6.0,7.0,2.0,2.0,0.0,3.0
ESPORTSTMNT05_3221195,complete,,EM,2023,Spring,0,2023-04-07 16:53:27,3,13.06,7,Red,jng,TynX,oe:player:36607221f848a15f6a1f11961027d7c,eSuba,oe:team:3faefd9245a4ef6ba347fbcf2a51515,Gragas,Sejuani,Rakan,Vi,Malphite,Kennen,,,,,,2074,1,1,2,12,25,13,0.0,0.0,0.0,0.0,1.0,0.0,1.0,0.0,0.7232,1.0993,,,,,,,,,,,,,,,,,,,,,1.0,0.0,,,,,,,,0.0,0.0,17321.0,501.0897,0.204428,813.8476,562.4494,18.0,0.5207,5.0,0.1446,8.0,50.0,1.4465,12483,7976,230.7425,0.159726,11375.0,,,195.0,33.0,162.0,,,5.6413,3556.0,3448.0,64.0,2923.0,2946.0,51.0,633.0,502.0,13.0,0.0,2.0,0.0,0.0,2.0,3.0,5293.0,5600.0,91.0,4239.0,5019.0,78.0,1054.0,581.0,13.0,0.0,4.0,0.0,0.0,3.0,3.0,6946.0,8036.0,118.0,5785.0,6964.0,99.0,1161.0,1072.0,19.0,0.0,8.0,2.0,0.0,7.0,4.0,8631.0,10350.0,138.0,7856.0,9342.0,131.0,775.0,1008.0,7.0,0.0,9.0,2.0,1.0,7.0,5.0
ESPORTSTMNT05_3221195,complete,,EM,2023,Spring,0,2023-04-07 16:53:27,3,13.06,8,Red,mid,Warszi,oe:player:5a23766ce46653d2b63ac4a40cd61c1,eSuba,oe:team:3faefd9245a4ef6ba347fbcf2a51515,Viktor,Sejuani,Rakan,Vi,Malphite,Kennen,,,,,,2074,1,10,0,5,25,13,3.0,0.0,0.0,0.0,0.0,0.0,0.0,0.0,0.7232,1.0993,,,,,,,,,,,,,,,,,,,,,0.0,0.0,,,,,,,,2.0,0.0,18700.0,540.9836,0.220704,249.1128,415.2266,17.0,0.4918,11.0,0.3182,9.0,47.0,1.3597,15493,10986,317.8206,0.220001,13925.0,,,266.0,258.0,8.0,,,7.6953,3739.0,4935.0,86.0,3659.0,5076.0,96.0,80.0,-141.0,-10.0,2.0,0.0,0.0,1.0,1.0,0.0,6117.0,8246.0,143.0,5497.0,7665.0,151.0,620.0,581.0,-8.0,4.0,0.0,0.0,1.0,1.0,1.0,8871.0,11607.0,172.0,7666.0,9946.0,189.0,1205.0,1661.0,-17.0,8.0,2.0,0.0,2.0,4.0,3.0,11458.0,14526.0,210.0,9862.0,12489.0,236.0,1596.0,2037.0,-26.0,9.0,2.0,0.0,3.0,4.0,3.0
ESPORTSTMNT05_3221195,complete,,EM,2023,Spring,0,2023-04-07 16:53:27,3,13.06,9,Red,bot,DANY,oe:player:f72af12f47362bdec4b0ca91070cf43,eSuba,oe:team:3faefd9245a4ef6ba347fbcf2a51515,Zeri,Sejuani,Rakan,Vi,Malphite,Kennen,,,,,,2074,1,4,6,11,25,13,1.0,0.0,0.0,0.0,0.0,0.0,0.0,0.0,0.7232,1.0993,,,,,,,,,,,,,,,,,,,,,0.0,0.0,,,,,,,,0.0,0.0,13836.0,400.27,0.163297,517.6663,548.0714,16.0,0.4629,17.0,0.4918,7.0,57.0,1.649,15491,10984,317.7628,0.219961,15425.0,,,292.0,257.0,35.0,,,8.4474,3588.0,3227.0,86.0,3730.0,3138.0,77.0,-142.0,89.0,9.0,1.0,2.0,1.0,1.0,2.0,1.0,6051.0,5878.0,141.0,6115.0,5854.0,129.0,-64.0,24.0,12.0,1.0,2.0,1.0,2.0,2.0,1.0,9395.0,8842.0,198.0,8369.0,8056.0,170.0,1026.0,786.0,28.0,3.0,7.0,2.0,4.0,4.0,3.0,11267.0,10974.0,224.0,10047.0,9917.0,207.0,1220.0,1057.0,17.0,3.0,8.0,4.0,4.0,6.0,3.0
ESPORTSTMNT05_3221195,complete,,EM,2023,Spring,0,2023-04-07 16:53:27,3,13.06,10,Red,sup,FGG,oe:player:dcd93cc48ba71890cc0580de524f536,eSuba,oe:team:3faefd9245a4ef6ba347fbcf2a51515,Rell,Sejuani,Rakan,Vi,Malphite,Kennen,,,,,,2074,1,1,3,13,25,13,0.0,0.0,0.0,0.0,0.0,0.0,0.0,0.0,0.7232,1.0993,,,,,,,,,,,,,,,,,,,,,0.0,0.0,,,,,,,,0.0,0.0,4785.0,138.4282,0.0564742,431.4561,428.621,53.0,1.5333,16.0,0.4629,14.0,113.0,3.269,9227,4720,136.5477,0.0945256,8000.0,,,36.0,36.0,0.0,,,1.0415,2148.0,2430.0,11.0,2507.0,2614.0,20.0,-359.0,-184.0,-9.0,0.0,3.0,2.0,1.0,2.0,1.0,3410.0,3320.0,24.0,3596.0,3470.0,26.0,-186.0,-150.0,-2.0,0.0,3.0,2.0,1.0,3.0,2.0,4732.0,5231.0,26.0,4785.0,5491.0,30.0,-53.0,-260.0,-4.0,0.0,8.0,3.0,1.0,7.0,4.0,5984.0,6724.0,30.0,5787.0,6942.0,30.0,197.0,-218.0,0.0,0.0,8.0,3.0,1.0,9.0,4.0
ESPORTSTMNT05_3221195,complete,,EM,2023,Spring,0,2023-04-07 16:53:27,3,13.06,100,Blue,team,,,Papara SuperMassive,oe:team:5203ff881d5c82c5f720eb3a2f3b44c,,Taliyah,Jayce,Maokai,K'Sante,Lissandra,Wukong,Xayah,Nautilus,Syndra,Cho'Gath,2074,0,13,25,31,13,25,0.0,0.0,0.0,0.0,0.0,,,,0.3761,1.0993,0.0,1.0,4.0,1.0,4.0,0.0,0.0,1.0,0.0,0.0,0.0,,0.0,0.0,0.0,0.0,2.0,,,0.0,0.0,2.0,0.0,4.0,10.0,0.0,0.0,5.0,3.0,0.0,3.0,59449.0,1719.8361,,3260.1639,3367.2903,108.0,3.1244,56.0,1.6201,43.0,296.0,8.5632,60928,38395,1110.7522,,57960.0,-0.13536,-3.24,,941.0,181.0,,,32.459,15975.0,18137.0,328.0,17708.0,19176.0,328.0,-1733.0,-1039.0,0.0,3.0,7.0,6.0,6.0,10.0,3.0,24918.0,29349.0,522.0,27448.0,30213.0,521.0,-2530.0,-864.0,1.0,4.0,9.0,8.0,8.0,12.0,4.0,34174.0,39910.0,661.0,40100.0,43931.0,681.0,-5926.0,-4021.0,-20.0,9.0,22.0,17.0,17.0,31.0,9.0,43024.0,50606.0,818.0,50048.0,56497.0,822.0,-7024.0,-5891.0,-4.0,11.0,26.0,18.0,18.0,34.0,11.0
ESPORTSTMNT05_3221195,complete,,EM,2023,Spring,0,2023-04-07 16:53:27,3,13.06,200,Red,team,,,eSuba,oe:team:3faefd9245a4ef6ba347fbcf2a51515,,Sejuani,Rakan,Vi,Malphite,Kennen,Zeri,Gragas,Rell,Gangplank,Viktor,2074,1,25,13,50,25,13,4.0,0.0,0.0,0.0,1.0,,,,0.7232,1.0993,1.0,4.0,1.0,4.0,1.0,0.0,0.0,2.0,0.0,1.0,1.0,,0.0,0.0,1.0,2.0,0.0,,,1.0,2.0,0.0,1.0,10.0,4.0,1.0,1.0,3.0,5.0,3.0,0.0,84729.0,2451.1765,,2645.5256,2349.5178,119.0,3.4426,50.0,1.4465,40.0,317.0,9.1707,72471,49938,1444.6866,,66375.0,0.13536,3.24,,881.0,225.0,,,31.9961,17708.0,19176.0,328.0,15975.0,18137.0,328.0,1733.0,1039.0,0.0,6.0,10.0,3.0,3.0,7.0,6.0,27448.0,30213.0,521.0,24918.0,29349.0,522.0,2530.0,864.0,-1.0,8.0,12.0,4.0,4.0,9.0,8.0,40100.0,43931.0,681.0,34174.0,39910.0,661.0,5926.0,4021.0,20.0,17.0,31.0,9.0,9.0,22.0,17.0,50048.0,56497.0,822.0,43024.0,50606.0,818.0,7024.0,5891.0,4.0,18.0,34.0,11.0,11.0,26.0,18.0
ESPORTSTMNT05_3220198,complete,,EM,2023,Spring,0,2023-04-07 17:05:44,1,13.06,1,Blue,top,Lot,oe:player:eeec6c7a9d2b475c23650b202208b89,Aegis,oe:team:e3a29387c70230d76837b86c2aefd14,K'Sante,Zeri,Gragas,Xayah,,Malphite,,,,,,2560,0,1,3,7,10,13,0.0,0.0,0.0,0.0,0.0,0.0,0.0,0.0,0.2344,0.5391,,,,,,,,,,,,,,,,,,,,,0.0,1.0,,,,,,,,0.0,0.0,13113.0,307.3359,0.157714,805.0313,1427.3672,15.0,0.3516,12.0,0.2813,13.0,57.0,1.3359,13984,8486,198.8906,0.210937,14155.0,,,255.0,255.0,0.0,,,5.9766,3672.0,4912.0,93.0,3153.0,4744.0,81.0,519.0,168.0,12.0,0.0,0.0,0.0,0.0,0.0,0.0,5872.0,7624.0,139.0,4666.0,7254.0,126.0,1206.0,370.0,13.0,0.0,2.0,0.0,0.0,0.0,1.0,7308.0,9960.0,172.0,6144.0,9267.0,160.0,1164.0,693.0,12.0,0.0,2.0,0.0,0.0,0.0,1.0,9413.0,11479.0,193.0,8202.0,11914.0,196.0,1211.0,-435.0,-3.0,1.0,4.0,2.0,1.0,2.0,2.0
ESPORTSTMNT05_3220198,complete,,EM,2023,Spring,0,2023-04-07 17:05:44,1,13.06,2,Blue,jng,SkewMond,oe:player:ab15060e5225b51592cd04b3aed1e09,Aegis,oe:team:e3a29387c70230d76837b86c2aefd14,Wukong,Zeri,Gragas,Xayah,,Malphite,,,,,,2560,0,2,2,5,10,13,0.0,0.0,0.0,0.0,0.0,0.0,0.0,0.0,0.2344,0.5391,,,,,,,,,,,,,,,,,,,,,1.0,0.0,,,,,,,,1.0,0.0,16663.0,390.5391,0.200411,941.3906,875.6953,14.0,0.3281,17.0,0.3984,14.0,77.0,1.8047,14267,8769,205.5234,0.217972,13375.0,,,256.0,41.0,215.0,,,6.0,3347.0,3329.0,62.0,2809.0,2801.0,53.0,538.0,528.0,9.0,0.0,1.0,0.0,0.0,1.0,1.0,5622.0,5157.0,94.0,4327.0,4151.0,69.0,1295.0,1006.0,25.0,1.0,2.0,0.0,1.0,1.0,2.0,7328.0,7806.0,134.0,5733.0,6369.0,97.0,1595.0,1437.0,37.0,1.0,2.0,0.0,1.0,1.0,2.0,8956.0,9833.0,163.0,7984.0,8901.0,113.0,972.0,932.0,50.0,2.0,3.0,2.0,2.0,5.0,2.0
ESPORTSTMNT05_3220198,complete,,EM,2023,Spring,0,2023-04-07 17:05:44,1,13.06,3,Blue,mid,Eika,oe:player:adfab52b74587bc5acc4201c140451a,Aegis,oe:team:e3a29387c70230d76837b86c2aefd14,Cassiopeia,Zeri,Gragas,Xayah,,Malphite,,,,,,2560,0,5,3,4,10,13,0.0,0.0,0.0,0.0,0.0,0.0,0.0,0.0,0.2344,0.5391,,,,,,,,,,,,,,,,,,,,,0.0,0.0,,,,,,,,0.0,0.0,27495.0,644.4141,0.330691,672.8203,589.7813,21.0,0.4922,19.0,0.4453,6.0,62.0,1.4531,17267,11769,275.8359,0.292543,16900.0,,,378.0,346.0,32.0,,,8.8594,3739.0,4487.0,85.0,3343.0,4341.0,81.0,396.0,146.0,4.0,2.0,0.0,1.0,1.0,0.0,0.0,5700.0,7169.0,138.0,5109.0,7073.0,137.0,591.0,96.0,1.0,2.0,1.0,1.0,1.0,0.0,0.0,8118.0,10509.0,197.0,6829.0,9678.0,184.0,1289.0,831.0,13.0,2.0,1.0,1.0,1.0,0.0,0.0,10152.0,14593.0,241.0,9212.0,13161.0,241.0,940.0,1432.0,0.0,3.0,3.0,2.0,2.0,2.0,0.0
ESPORTSTMNT05_3220198,complete,,EM,2023,Spring,0,2023-04-07 17:05:44,1,13.06,4,Blue,sup,Lounet,oe:player:6502e1f0338341840cc13a53f621f21,Aegis,oe:team:e3a29387c70230d76837b86c2aefd14,Zilean,Zeri,Gragas,Xayah,,Malphite,,,,,,2560,0,0,1,8,10,13,0.0,0.0,0.0,0.0,0.0,0.0,0.0,0.0,0.2344,0.5391,,,,,,,,,,,,,,,,,,,,,0.0,0.0,,,,,,,,0.0,0.0,12227.0,286.5703,0.147058,181.1719,93.375,54.0,1.2656,19.0,0.4453,11.0,102.0,2.3906,8897,3399,79.6641,0.0844892,8325.0,,,38.0,38.0,0.0,,,0.8906,2019.0,2634.0,7.0,2197.0,1841.0,11.0,-178.0,793.0,-4.0,0.0,0.0,0.0,0.0,2.0,1.0,3085.0,3872.0,9.0,3352.0,3131.0,17.0,-267.0,741.0,-8.0,0.0,2.0,0.0,0.0,3.0,1.0,4013.0,4847.0,13.0,4236.0,3819.0,22.0,-223.0,1028.0,-9.0,0.0,2.0,0.0,0.0,3.0,1.0,5237.0,6513.0,17.0,5224.0,6475.0,24.0,13.0,38.0,-7.0,0.0,5.0,0.0,0.0,7.0,2.0
ESPORTSTMNT05_3220198,complete,,EM,2023,Spring,0,2023-04-07 17:05:44,1,13.06,5,Blue,bot,Hantera,oe:player:de1fb222dafded7d06b10df578fdd0e,Aegis,oe:team:e3a29387c70230d76837b86c2aefd14,Varus,Zeri,Gragas,Xayah,,Malphite,,,,,,2560,0,2,4,2,10,13,0.0,0.0,0.0,0.0,0.0,0.0,0.0,1.0,0.2344,0.5391,,,,,,,,,,,,,,,,,,,,,0.0,0.0,,,,,,,,0.0,1.0,13646.0,319.8281,0.164125,294.4688,254.3203,21.0,0.4922,9.0,0.2109,5.0,47.0,1.1016,13305,7807,182.9766,0.194059,13200.0,,,273.0,272.0,1.0,,,6.3984,2846.0,3079.0,68.0,3648.0,3645.0,89.0,-802.0,-566.0,-21.0,0.0,0.0,1.0,1.0,0.0,0.0,4662.0,5174.0,109.0,6489.0,5721.0,141.0,-1827.0,-547.0,-32.0,1.0,0.0,2.0,1.0,1.0,0.0,6385.0,7212.0,150.0,8580.0,8539.0,205.0,-2195.0,-1327.0,-55.0,1.0,0.0,2.0,1.0,1.0,0.0,7723.0,8913.0,185.0,11427.0,11934.0,271.0,-3704.0,-3021.0,-86.0,1.0,0.0,2.0,3.0,3.0,1.0
ESPORTSTMNT05_3220198,complete,,EM,2023,Spring,0,2023-04-07 17:05:44,1,13.06,6,Red,top,Lunddorf,oe:player:6cb2f925e1216835980ce1a01bb62f6,Partizan Esports,oe:team:e42ade212c09777da0f54bffe481f6d,Cho'Gath,Annie,Senna,Veigar,Lissandra,Taliyah,,,,,,2560,1,2,3,5,13,10,0.0,0.0,0.0,0.0,0.0,0.0,0.0,0.0,0.3047,0.5391,,,,,,,,,,,,,,,,,,,,,1.0,0.0,,,,,,,,0.0,0.0,19199.0,449.9766,0.206541,1166.7656,1635.2813,15.0,0.3516,5.0,0.1172,8.0,41.0,0.9609,13876,8378,196.3594,0.186422,13025.0,,,291.0,285.0,6.0,,,6.8203,3153.0,4744.0,81.0,3672.0,4912.0,93.0,-519.0,-168.0,-12.0,0.0,0.0,0.0,0.0,0.0,0.0,4666.0,7254.0,126.0,5872.0,7624.0,139.0,-1206.0,-370.0,-13.0,0.0,0.0,1.0,0.0,2.0,0.0,6144.0,9267.0,160.0,7308.0,9960.0,172.0,-1164.0,-693.0,-12.0,0.0,0.0,1.0,0.0,2.0,0.0,8202.0,11914.0,196.0,9413.0,11479.0,193.0,-1211.0,435.0,3.0,1.0,2.0,2.0,1.0,4.0,2.0
ESPORTSTMNT05_3220198,complete,,EM,2023,Spring,0,2023-04-07 17:05:44,1,13.06,7,Red,jng,Sn1lle,oe:player:947d42fad1e2f3afeb911e5ae3888ce,Partizan Esports,oe:team:e42ade212c09777da0f54bffe481f6d,Vi,Annie,Senna,Veigar,Lissandra,Taliyah,,,,,,2560,1,3,3,6,13,10,0.0,0.0,0.0,0.0,0.0,0.0,0.0,0.0,0.3047,0.5391,,,,,,,,,,,,,,,,,,,,,0.0,1.0,,,,,,,,0.0,1.0,7753.0,181.7109,0.0834059,568.8984,1093.0078,12.0,0.2813,18.0,0.4219,11.0,73.0,1.7109,12400,6902,161.7656,0.153579,11075.0,,,160.0,25.0,135.0,,,3.75,2809.0,2801.0,53.0,3347.0,3329.0,62.0,-538.0,-528.0,-9.0,0.0,1.0,1.0,0.0,1.0,0.0,4327.0,4151.0,69.0,5622.0,5157.0,94.0,-1295.0,-1006.0,-25.0,1.0,1.0,2.0,1.0,2.0,0.0,5733.0,6369.0,97.0,7328.0,7806.0,134.0,-1595.0,-1437.0,-37.0,1.0,1.0,2.0,1.0,2.0,0.0,7984.0,8901.0,113.0,8956.0,9833.0,163.0,-972.0,-932.0,-50.0,2.0,5.0,2.0,2.0,3.0,2.0
ESPORTSTMNT05_3220198,complete,,EM,2023,Spring,0,2023-04-07 17:05:44,1,13.06,8,Red,mid,Rylle,oe:player:aa11f28607376fa521dd2625569a656,Partizan Esports,oe:team:e42ade212c09777da0f54bffe481f6d,Ahri,Annie,Senna,Veigar,Lissandra,Taliyah,,,,,,2560,1,3,0,4,13,10,0.0,0.0,0.0,0.0,0.0,0.0,0.0,0.0,0.3047,0.5391,,,,,,,,,,,,,,,,,,,,,0.0,0.0,,,,,,,,0.0,0.0,27269.0,639.1172,0.293357,323.4141,206.7188,25.0,0.5859,16.0,0.375,5.0,64.0,1.5,16555,11057,259.1484,0.246034,15785.0,,,376.0,364.0,12.0,,,8.8125,3343.0,4341.0,81.0,3739.0,4487.0,85.0,-396.0,-146.0,-4.0,1.0,0.0,0.0,2.0,0.0,1.0,5109.0,7073.0,137.0,5700.0,7169.0,138.0,-591.0,-96.0,-1.0,1.0,0.0,0.0,2.0,1.0,1.0,6829.0,9678.0,184.0,8118.0,10509.0,197.0,-1289.0,-831.0,-13.0,1.0,0.0,0.0,2.0,1.0,1.0,9212.0,13161.0,241.0,10152.0,14593.0,241.0,-940.0,-1432.0,0.0,2.0,2.0,0.0,3.0,3.0,2.0
ESPORTSTMNT05_3220198,complete,,EM,2023,Spring,0,2023-04-07 17:05:44,1,13.06,9,Red,bot,Jopa,oe:player:e214e8e906f16ec13e9a88de30dc181,Partizan Esports,oe:team:e42ade212c09777da0f54bffe481f6d,Tristana,Annie,Senna,Veigar,Lissandra,Taliyah,,,,,,2560,1,5,1,5,13,10,2.0,0.0,0.0,0.0,1.0,1.0,0.0,0.0,0.3047,0.5391,,,,,,,,,,,,,,,,,,,,,0.0,0.0,,,,,,,,1.0,0.0,32846.0,769.8281,0.353354,329.2031,398.2031,17.0,0.3984,17.0,0.3984,6.0,86.0,2.0156,20718,15220,356.7188,0.338666,18725.0,,,471.0,397.0,74.0,,,11.0391,3648.0,3645.0,89.0,2846.0,3079.0,68.0,802.0,566.0,21.0,1.0,0.0,0.0,0.0,0.0,1.0,6489.0,5721.0,141.0,4662.0,5174.0,109.0,1827.0,547.0,32.0,1.0,1.0,0.0,1.0,0.0,2.0,8580.0,8539.0,205.0,6385.0,7212.0,150.0,2195.0,1327.0,55.0,1.0,1.0,0.0,1.0,0.0,2.0,11427.0,11934.0,271.0,7723.0,8913.0,185.0,3704.0,3021.0,86.0,3.0,3.0,1.0,1.0,0.0,2.0
ESPORTSTMNT05_3220198,complete,,EM,2023,Spring,0,2023-04-07 17:05:44,1,13.06,10,Red,sup,Cl0x,oe:player:85b3b3e91202ccada9f1f5a24dc1bfb,Partizan Esports,oe:team:e42ade212c09777da0f54bffe481f6d,Rakan,Annie,Senna,Veigar,Lissandra,Taliyah,,,,,,2560,1,0,3,11,13,10,0.0,0.0,0.0,0.0,1.0,0.0,1.0,0.0,0.3047,0.5391,,,,,,,,,,,,,,,,,,,,,0.0,0.0,,,,,,,,0.0,0.0,5888.0,138.0,0.0633425,284.5313,326.4375,62.0,1.4531,13.0,0.3047,15.0,119.0,2.7891,8882,3384,79.3125,0.0752987,8250.0,,,33.0,33.0,0.0,,,0.7734,2197.0,1841.0,11.0,2019.0,2634.0,7.0,178.0,-793.0,4.0,0.0,2.0,1.0,0.0,0.0,0.0,3352.0,3131.0,17.0,3085.0,3872.0,9.0,267.0,-741.0,8.0,0.0,3.0,1.0,0.0,2.0,0.0,4236.0,3819.0,22.0,4013.0,4847.0,13.0,223.0,-1028.0,9.0,0.0,3.0,1.0,0.0,2.0,0.0,5224.0,6475.0,24.0,5237.0,6513.0,17.0,-13.0,-38.0,7.0,0.0,7.0,2.0,0.0,5.0,0.0
ESPORTSTMNT05_3220198,complete,,EM,2023,Spring,0,2023-04-07 17:05:44,1,13.06,100,Blue,team,,,Aegis,oe:team:e3a29387c70230d76837b86c2aefd14,,Zeri,Gragas,Xayah,,Malphite,Varus,Zilean,Wukong,K'Sante,Cassiopeia,2560,0,10,13,26,10,13,0.0,0.0,0.0,0.0,0.0,,,,0.2344,0.5391,0.0,3.0,4.0,3.0,4.0,1.0,0.0,2.0,0.0,0.0,0.0,,0.0,0.0,1.0,2.0,0.0,,,1.0,1.0,1.0,1.0,5.0,7.0,0.0,0.0,6.0,5.0,1.0,1.0,83144.0,1948.6875,,2894.8828,3240.5391,125.0,2.9297,76.0,1.7813,49.0,345.0,8.0859,67720,40230,942.8906,,65955.0,-0.013628,0.22,,952.0,248.0,,,28.125,15623.0,18441.0,315.0,15150.0,17372.0,315.0,473.0,1069.0,0.0,2.0,1.0,2.0,2.0,3.0,2.0,24941.0,28996.0,489.0,23943.0,27330.0,490.0,998.0,1666.0,-1.0,4.0,7.0,3.0,3.0,5.0,4.0,33152.0,40334.0,666.0,31522.0,37672.0,668.0,1630.0,2662.0,-2.0,4.0,7.0,3.0,3.0,5.0,4.0,41481.0,51331.0,799.0,42049.0,52385.0,845.0,-568.0,-1054.0,-46.0,7.0,15.0,8.0,8.0,19.0,7.0
ESPORTSTMNT05_3220198,complete,,EM,2023,Spring,0,2023-04-07 17:05:44,1,13.06,200,Red,team,,,Partizan Esports,oe:team:e42ade212c09777da0f54bffe481f6d,,Annie,Senna,Veigar,Lissandra,Taliyah,Rakan,Vi,Ahri,Tristana,Cho'Gath,2560,1,13,10,31,13,10,2.0,0.0,0.0,0.0,1.0,,,,0.3047,0.5391,1.0,4.0,3.0,4.0,3.0,0.0,0.0,3.0,0.0,1.0,0.0,,0.0,0.0,0.0,0.0,2.0,,,0.0,1.0,1.0,0.0,7.0,5.0,1.0,1.0,5.0,6.0,1.0,1.0,92955.0,2178.6328,,2672.8125,3659.6484,131.0,3.0703,69.0,1.6172,45.0,383.0,8.9766,72431,44941,1053.3047,,66860.0,0.013628,-0.22,,1104.0,227.0,,,31.1953,15150.0,17372.0,315.0,15623.0,18441.0,315.0,-473.0,-1069.0,0.0,2.0,3.0,2.0,2.0,1.0,2.0,23943.0,27330.0,490.0,24941.0,28996.0,489.0,-998.0,-1666.0,1.0,3.0,5.0,4.0,4.0,7.0,3.0,31522.0,37672.0,668.0,33152.0,40334.0,666.0,-1630.0,-2662.0,2.0,3.0,5.0,4.0,4.0,7.0,3.0,42049.0,52385.0,845.0,41481.0,51331.0,799.0,568.0,1054.0,46.0,8.0,19.0,7.0,7.0,15.0,8.0
ESPORTSTMNT05_3221196,complete,,EM,2023,Spring,0,2023-04-07 17:51:40,1,13.06,1,Blue,top,HeSSZero,oe:player:a2694196d288cd26055602729d0bb5c,WLGaming Esports,oe:team:b19ab22267512e77945cd498106dcf1,Gwen,Zilean,Rell,Vi,Malphite,Jarvan IV,,,,,,2017,1,9,3,4,22,14,0.0,0.0,0.0,0.0,0.0,0.0,0.0,1.0,0.6544,1.0709,,,,,,,,,,,,,,,,,,,,,0.0,0.0,,,,,,,,0.0,0.0,36521.0,1086.3956,0.358957,969.8761,834.586,12.0,0.357,8.0,0.238,5.0,33.0,0.9817,15605,11215,333.6143,0.278415,14365.0,,,280.0,268.0,12.0,,,8.3292,3127.0,4469.0,73.0,3531.0,4957.0,81.0,-404.0,-488.0,-8.0,0.0,0.0,1.0,1.0,0.0,0.0,5289.0,7426.0,131.0,5057.0,7476.0,124.0,232.0,-50.0,7.0,1.0,0.0,1.0,1.0,0.0,0.0,7847.0,10071.0,175.0,7415.0,10196.0,165.0,432.0,-125.0,10.0,3.0,2.0,1.0,2.0,0.0,1.0,10369.0,12686.0,219.0,8622.0,11791.0,182.0,1747.0,895.0,37.0,4.0,2.0,1.0,2.0,2.0,2.0
ESPORTSTMNT05_3221196,complete,,EM,2023,Spring,0,2023-04-07 17:51:40,1,13.06,2,Blue,jng,Bruness,oe:player:7471c21aed615dae3e49140eca8ce89,WLGaming Esports,oe:team:b19ab22267512e77945cd498106dcf1,Lee Sin,Zilean,Rell,Vi,Malphite,Jarvan IV,,,,,,2017,1,5,3,14,22,14,0.0,0.0,0.0,0.0,0.0,0.0,0.0,0.0,0.6544,1.0709,,,,,,,,,,,,,,,,,,,,,0.0,0.0,,,,,,,,0.0,0.0,14721.0,437.9078,0.14469,796.9856,1147.3773,22.0,0.6544,15.0,0.4462,11.0,41.0,1.2196,11996,7606,226.2568,0.188818,10175.0,,,169.0,22.0,147.0,,,5.0273,3183.0,3153.0,60.0,3043.0,3138.0,64.0,140.0,15.0,-4.0,0.0,1.0,0.0,0.0,0.0,1.0,4830.0,5447.0,92.0,4343.0,4946.0,94.0,487.0,501.0,-2.0,0.0,2.0,0.0,0.0,0.0,2.0,6943.0,8219.0,125.0,6351.0,7671.0,135.0,592.0,548.0,-10.0,1.0,5.0,0.0,0.0,1.0,3.0,8605.0,9847.0,147.0,8241.0,10190.0,176.0,364.0,-343.0,-29.0,2.0,7.0,1.0,1.0,2.0,4.0
ESPORTSTMNT05_3221196,complete,,EM,2023,Spring,0,2023-04-07 17:51:40,1,13.06,3,Blue,mid,Vladi,oe:player:367fecc4cb53a8234abbd9f283b7997,WLGaming Esports,oe:team:b19ab22267512e77945cd498106dcf1,Azir,Zilean,Rell,Vi,Malphite,Jarvan IV,,,,,,2017,1,2,2,9,22,14,0.0,0.0,0.0,0.0,0.0,0.0,0.0,0.0,0.6544,1.0709,,,,,,,,,,,,,,,,,,,,,0.0,0.0,,,,,,,,1.0,0.0,21374.0,635.8156,0.21008,527.1492,264.8686,17.0,0.5057,4.0,0.119,5.0,41.0,1.2196,12821,8431,250.7982,0.2093,11885.0,,,303.0,279.0,24.0,,,9.0134,3183.0,4930.0,89.0,3046.0,5053.0,81.0,137.0,-123.0,8.0,0.0,0.0,0.0,0.0,0.0,0.0,5011.0,7842.0,146.0,4918.0,8065.0,144.0,93.0,-223.0,2.0,0.0,0.0,0.0,0.0,0.0,0.0,6614.0,9745.0,183.0,6914.0,10852.0,193.0,-300.0,-1107.0,-10.0,0.0,0.0,1.0,1.0,0.0,1.0,8562.0,12195.0,223.0,9283.0,13812.0,254.0,-721.0,-1617.0,-31.0,1.0,2.0,1.0,2.0,1.0,1.0
ESPORTSTMNT05_3221196,complete,,EM,2023,Spring,0,2023-04-07 17:51:40,1,13.06,4,Blue,bot,Jeyrus,oe:player:c5050bf5abf900c6beaed313da57213,WLGaming Esports,oe:team:b19ab22267512e77945cd498106dcf1,Jinx,Zilean,Rell,Vi,Malphite,Jarvan IV,,,,,,2017,1,5,1,12,22,14,0.0,0.0,0.0,0.0,0.0,0.0,0.0,0.0,0.6544,1.0709,,,,,,,,,,,,,,,,,,,,,0.0,0.0,,,,,,,,0.0,0.0,23717.0,705.5131,0.233109,269.4199,201.3287,13.0,0.3867,25.0,0.7437,6.0,63.0,1.8741,14101,9711,288.8746,0.241077,12500.0,,,302.0,274.0,28.0,,,8.9836,3285.0,2921.0,73.0,3283.0,3012.0,82.0,2.0,-91.0,-9.0,1.0,0.0,0.0,0.0,0.0,0.0,5003.0,4725.0,127.0,5147.0,5634.0,141.0,-144.0,-909.0,-14.0,1.0,0.0,0.0,0.0,0.0,0.0,6817.0,6837.0,171.0,7076.0,7938.0,185.0,-259.0,-1101.0,-14.0,1.0,2.0,1.0,0.0,1.0,0.0,8817.0,8935.0,218.0,8718.0,9986.0,226.0,99.0,-1051.0,-8.0,1.0,5.0,1.0,0.0,2.0,0.0
ESPORTSTMNT05_3221196,complete,,EM,2023,Spring,0,2023-04-07 17:51:40,1,13.06,5,Blue,sup,Bananitoo,oe:player:148e116847c069d852ad0696d4180fe,WLGaming Esports,oe:team:b19ab22267512e77945cd498106dcf1,Nautilus,Zilean,Rell,Vi,Malphite,Jarvan IV,,,,,,2017,1,1,5,13,22,14,0.0,0.0,0.0,0.0,0.0,0.0,0.0,0.0,0.6544,1.0709,,,,,,,,,,,,,,,,,,,,,0.0,0.0,,,,,,,,0.0,0.0,5409.0,160.9023,0.0531639,529.2018,779.7025,44.0,1.3089,7.0,0.2082,11.0,77.0,2.2905,7709,3319,98.7308,0.08239,6625.0,,,33.0,33.0,0.0,,,0.9817,1974.0,2423.0,13.0,2122.0,2673.0,15.0,-148.0,-250.0,-2.0,0.0,1.0,0.0,0.0,0.0,0.0,3118.0,3849.0,22.0,3104.0,3990.0,22.0,14.0,-141.0,0.0,0.0,1.0,0.0,0.0,0.0,0.0,4692.0,5776.0,28.0,4755.0,5301.0,30.0,-63.0,475.0,-2.0,1.0,3.0,0.0,0.0,1.0,1.0,5786.0,7059.0,31.0,6014.0,6626.0,38.0,-228.0,433.0,-7.0,1.0,6.0,1.0,0.0,3.0,2.0
ESPORTSTMNT05_3221196,complete,,EM,2023,Spring,0,2023-04-07 17:51:40,1,13.06,6,Red,top,Eyliph,oe:player:4b20700639bada36a5a58cc4a8e7135,Anorthosis Famagusta Esports,oe:team:5f1bc4a914b49c7b7ff4c2f1b8d8df9,K'Sante,Annie,Gragas,Rakan,Viktor,Olaf,,,,,,2017,0,3,5,7,14,22,0.0,0.0,0.0,0.0,1.0,1.0,0.0,0.0,0.4165,1.0709,,,,,,,,,,,,,,,,,,,,,0.0,0.0,,,,,,,,0.0,0.0,15297.0,455.0421,0.195277,942.5979,1241.5568,15.0,0.4462,7.0,0.2082,7.0,45.0,1.3386,11516,7126,211.9782,0.206186,11375.0,,,227.0,227.0,0.0,,,6.7526,3531.0,4957.0,81.0,3127.0,4469.0,73.0,404.0,488.0,8.0,1.0,0.0,0.0,0.0,0.0,1.0,5057.0,7476.0,124.0,5289.0,7426.0,131.0,-232.0,50.0,-7.0,1.0,0.0,0.0,1.0,0.0,1.0,7415.0,10196.0,165.0,7847.0,10071.0,175.0,-432.0,125.0,-10.0,2.0,0.0,1.0,3.0,2.0,1.0,8622.0,11791.0,182.0,10369.0,12686.0,219.0,-1747.0,-895.0,-37.0,2.0,2.0,2.0,4.0,2.0,1.0
ESPORTSTMNT05_3221196,complete,,EM,2023,Spring,0,2023-04-07 17:51:40,1,13.06,7,Red,jng,SPOOKY,oe:player:11389d6d8a29729807c3cf528a98050,Anorthosis Famagusta Esports,oe:team:5f1bc4a914b49c7b7ff4c2f1b8d8df9,Sejuani,Annie,Gragas,Rakan,Viktor,Olaf,,,,,,2017,0,1,6,9,14,22,0.0,0.0,0.0,0.0,0.0,0.0,0.0,0.0,0.4165,1.0709,,,,,,,,,,,,,,,,,,,,,0.0,0.0,,,,,,,,0.0,0.0,8687.0,258.4135,0.110896,1297.2732,1240.7536,6.0,0.1785,14.0,0.4165,5.0,52.0,1.5469,10669,6279,186.7824,0.181678,9925.0,,,214.0,31.0,183.0,,,6.3659,3043.0,3138.0,64.0,3183.0,3153.0,60.0,-140.0,-15.0,4.0,0.0,0.0,1.0,0.0,1.0,0.0,4343.0,4946.0,94.0,4830.0,5447.0,92.0,-487.0,-501.0,2.0,0.0,0.0,2.0,0.0,2.0,0.0,6351.0,7671.0,135.0,6943.0,8219.0,125.0,-592.0,-548.0,10.0,0.0,1.0,3.0,1.0,5.0,0.0,8241.0,10190.0,176.0,8605.0,9847.0,147.0,-364.0,343.0,29.0,1.0,2.0,4.0,2.0,7.0,1.0
ESPORTSTMNT05_3221196,complete,,EM,2023,Spring,0,2023-04-07 17:51:40,1,13.06,8,Red,mid,HAWHAW,oe:player:ae06413dcf80aa496ab8448d8ea586f,Anorthosis Famagusta Esports,oe:team:5f1bc4a914b49c7b7ff4c2f1b8d8df9,Ekko,Annie,Gragas,Rakan,Viktor,Olaf,,,,,,2017,0,9,3,2,14,22,2.0,0.0,0.0,0.0,0.0,0.0,0.0,0.0,0.4165,1.0709,,,,,,,,,,,,,,,,,,,,,0.0,0.0,,,,,,,,0.0,1.0,29412.0,874.9232,0.375464,785.4437,647.06,8.0,0.238,6.0,0.1785,1.0,25.0,0.7437,14649,10259,305.176,0.296841,14275.0,,,306.0,275.0,31.0,,,9.1026,3046.0,5053.0,81.0,3183.0,4930.0,89.0,-137.0,123.0,-8.0,0.0,0.0,0.0,0.0,0.0,0.0,4918.0,8065.0,144.0,5011.0,7842.0,146.0,-93.0,223.0,-2.0,0.0,0.0,0.0,0.0,0.0,0.0,6914.0,10852.0,193.0,6614.0,9745.0,183.0,300.0,1107.0,10.0,1.0,0.0,1.0,0.0,0.0,1.0,9283.0,13812.0,254.0,8562.0,12195.0,223.0,721.0,1617.0,31.0,2.0,1.0,1.0,1.0,2.0,1.0
ESPORTSTMNT05_3221196,complete,,EM,2023,Spring,0,2023-04-07 17:51:40,1,13.06,9,Red,bot,GOLDENTO4ST,oe:player:5c58c2e986e8aec0ee6f2465823349a,Anorthosis Famagusta Esports,oe:team:5f1bc4a914b49c7b7ff4c2f1b8d8df9,Varus,Annie,Gragas,Rakan,Viktor,Olaf,,,,,,2017,0,1,2,8,14,22,0.0,0.0,0.0,0.0,0.0,0.0,0.0,0.0,0.4165,1.0709,,,,,,,,,,,,,,,,,,,,,0.0,0.0,,,,,,,,0.0,0.0,20287.0,603.4804,0.258977,321.6262,191.1849,12.0,0.357,3.0,0.0892,3.0,19.0,0.5652,11707,7317,217.6599,0.211713,11625.0,,,273.0,273.0,0.0,,,8.121,3283.0,3012.0,82.0,3285.0,2921.0,73.0,-2.0,91.0,9.0,0.0,0.0,0.0,1.0,0.0,0.0,5147.0,5634.0,141.0,5003.0,4725.0,127.0,144.0,909.0,14.0,0.0,0.0,0.0,1.0,0.0,0.0,7076.0,7938.0,185.0,6817.0,6837.0,171.0,259.0,1101.0,14.0,0.0,1.0,0.0,1.0,2.0,1.0,8718.0,9986.0,226.0,8817.0,8935.0,218.0,-99.0,1051.0,8.0,0.0,2.0,0.0,1.0,5.0,1.0
ESPORTSTMNT05_3221196,complete,,EM,2023,Spring,0,2023-04-07 17:51:40,1,13.06,10,Red,sup,iLEVI,oe:player:b226880189cb11f7da7a0c86544b556,Anorthosis Famagusta Esports,oe:team:5f1bc4a914b49c7b7ff4c2f1b8d8df9,Pyke,Annie,Gragas,Rakan,Viktor,Olaf,,,,,,2017,0,0,6,8,14,22,0.0,0.0,0.0,0.0,0.0,0.0,0.0,0.0,0.4165,1.0709,,,,,,,,,,,,,,,,,,,,,0.0,0.0,,,,,,,,0.0,0.0,4652.0,138.3837,0.059386,482.707,292.8309,91.0,2.707,33.0,0.9817,14.0,177.0,5.2652,7970,3580,106.4948,0.103581,6975.0,,,56.0,56.0,0.0,,,1.6658,2122.0,2673.0,15.0,1974.0,2423.0,13.0,148.0,250.0,2.0,0.0,0.0,0.0,0.0,1.0,0.0,3104.0,3990.0,22.0,3118.0,3849.0,22.0,-14.0,141.0,0.0,0.0,0.0,0.0,0.0,1.0,0.0,4755.0,5301.0,30.0,4692.0,5776.0,28.0,63.0,-475.0,2.0,0.0,1.0,1.0,1.0,3.0,0.0,6014.0,6626.0,38.0,5786.0,7059.0,31.0,228.0,-433.0,7.0,0.0,3.0,2.0,1.0,6.0,1.0
ESPORTSTMNT05_3221196,complete,,EM,2023,Spring,0,2023-04-07 17:51:40,1,13.06,100,Blue,team,,,WLGaming Esports,oe:team:b19ab22267512e77945cd498106dcf1,,Zilean,Rell,Vi,Malphite,Jarvan IV,Jinx,Lee Sin,Nautilus,Gwen,Azir,2017,1,22,14,52,22,14,0.0,0.0,0.0,0.0,0.0,,,,0.6544,1.0709,0.0,2.0,2.0,2.0,2.0,0.0,1.0,0.0,0.0,1.0,0.0,,0.0,0.0,1.0,1.0,1.0,,,0.0,0.0,0.0,1.0,7.0,3.0,0.0,0.0,1.0,2.0,1.0,0.0,101742.0,3026.5345,,3092.6326,3227.8632,108.0,3.2127,59.0,1.7551,38.0,255.0,7.5855,62232,40281,1198.2449,,55550.0,0.0250627,0.44,,876.0,211.0,,,32.3352,14752.0,17896.0,308.0,15025.0,18833.0,323.0,-273.0,-937.0,-15.0,1.0,2.0,1.0,1.0,0.0,1.0,23251.0,29289.0,518.0,22569.0,30111.0,525.0,682.0,-822.0,-7.0,2.0,3.0,1.0,1.0,0.0,2.0,32913.0,40648.0,682.0,32511.0,41958.0,708.0,402.0,-1310.0,-26.0,6.0,12.0,3.0,3.0,3.0,6.0,42139.0,50722.0,838.0,40878.0,52405.0,876.0,1261.0,-1683.0,-38.0,9.0,22.0,5.0,5.0,10.0,9.0
ESPORTSTMNT05_3221196,complete,,EM,2023,Spring,0,2023-04-07 17:51:40,1,13.06,200,Red,team,,,Anorthosis Famagusta Esports,oe:team:5f1bc4a914b49c7b7ff4c2f1b8d8df9,,Annie,Gragas,Rakan,Viktor,Olaf,Varus,Pyke,Sejuani,K'Sante,Ekko,2017,0,14,22,34,14,22,2.0,0.0,0.0,0.0,1.0,,,,0.4165,1.0709,1.0,2.0,2.0,2.0,2.0,1.0,1.0,0.0,0.0,0.0,0.0,,0.0,0.0,0.0,1.0,1.0,,,0.0,0.0,0.0,0.0,3.0,7.0,1.0,1.0,2.0,1.0,0.0,1.0,78335.0,2330.2429,,3829.648,3613.3862,132.0,3.9266,63.0,1.8741,30.0,318.0,9.4596,56511,34560,1028.0615,,54175.0,-0.0250627,-0.44,,862.0,214.0,,,32.0079,15025.0,18833.0,323.0,14752.0,17896.0,308.0,273.0,937.0,15.0,1.0,0.0,1.0,1.0,2.0,1.0,22569.0,30111.0,525.0,23251.0,29289.0,518.0,-682.0,822.0,7.0,1.0,0.0,2.0,2.0,3.0,1.0,32511.0,41958.0,708.0,32913.0,40648.0,682.0,-402.0,1310.0,26.0,3.0,3.0,6.0,6.0,12.0,3.0,40878.0,52405.0,876.0,42139.0,50722.0,838.0,-1261.0,1683.0,38.0,5.0,10.0,9.0,9.0,22.0,5.0
ESPORTSTMNT05_3222200,complete,,EM,2023,Spring,0,2023-04-07 18:13:02,2,13.06,1,Blue,top,Lot,oe:player:eeec6c7a9d2b475c23650b202208b89,Aegis,oe:team:e3a29387c70230d76837b86c2aefd14,Sion,Gragas,Zeri,Lillia,Malphite,Ahri,,,,,,2669,1,2,3,8,14,16,1.0,0.0,0.0,0.0,0.0,0.0,0.0,0.0,0.3147,0.6744,,,,,,,,,,,,,,,,,,,,,0.0,0.0,,,,,,,,0.0,1.0,15793.0,355.0318,0.186032,1096.2758,2264.7808,14.0,0.3147,9.0,0.2023,9.0,47.0,1.0566,14883,9163,205.9873,0.189103,15025.0,,,286.0,286.0,0.0,,,6.4294,3545.0,5051.0,89.0,3424.0,4929.0,84.0,121.0,122.0,5.0,0.0,0.0,0.0,0.0,0.0,0.0,5251.0,7696.0,139.0,5368.0,7889.0,140.0,-117.0,-193.0,-1.0,0.0,0.0,0.0,0.0,0.0,0.0,7603.0,10284.0,178.0,7353.0,10529.0,179.0,250.0,-245.0,-1.0,2.0,1.0,0.0,0.0,1.0,1.0,8933.0,12086.0,209.0,8657.0,12089.0,208.0,276.0,-3.0,1.0,2.0,1.0,0.0,0.0,1.0,1.0
ESPORTSTMNT05_3222200,complete,,EM,2023,Spring,0,2023-04-07 18:13:02,2,13.06,2,Blue,jng,SkewMond,oe:player:ab15060e5225b51592cd04b3aed1e09,Aegis,oe:team:e3a29387c70230d76837b86c2aefd14,Vi,Gragas,Zeri,Lillia,Malphite,Ahri,,,,,,2669,1,1,3,11,14,16,0.0,0.0,0.0,0.0,0.0,0.0,0.0,0.0,0.3147,0.6744,,,,,,,,,,,,,,,,,,,,,1.0,1.0,,,,,,,,0.0,0.0,9228.0,207.4485,0.1087,470.1536,1228.1229,11.0,0.2473,12.0,0.2698,9.0,61.0,1.3713,12804,7084,159.2507,0.146196,10825.0,,,179.0,20.0,159.0,,,4.024,3277.0,3654.0,71.0,3261.0,3505.0,69.0,16.0,149.0,2.0,0.0,0.0,0.0,0.0,1.0,0.0,4726.0,5175.0,95.0,4457.0,5071.0,92.0,269.0,104.0,3.0,0.0,0.0,0.0,0.0,1.0,0.0,6688.0,7326.0,119.0,6183.0,7717.0,128.0,505.0,-391.0,-9.0,1.0,2.0,1.0,0.0,3.0,1.0,7660.0,8098.0,129.0,7244.0,8934.0,146.0,416.0,-836.0,-17.0,1.0,2.0,1.0,0.0,3.0,1.0
ESPORTSTMNT05_3222200,complete,,EM,2023,Spring,0,2023-04-07 18:13:02,2,13.06,3,Blue,mid,Eika,oe:player:adfab52b74587bc5acc4201c140451a,Aegis,oe:team:e3a29387c70230d76837b86c2aefd14,Orianna,Gragas,Zeri,Lillia,Malphite,Ahri,,,,,,2669,1,4,3,8,14,16,1.0,0.0,0.0,0.0,0.0,0.0,0.0,0.0,0.3147,0.6744,,,,,,,,,,,,,,,,,,,,,0.0,0.0,,,,,,,,1.0,0.0,28265.0,635.4065,0.332945,452.7314,418.2016,23.0,0.517,7.0,0.1574,7.0,57.0,1.2814,17747,12027,270.3709,0.248211,15725.0,,,336.0,321.0,15.0,,,7.5534,3375.0,5027.0,100.0,3225.0,4956.0,91.0,150.0,71.0,9.0,0.0,0.0,0.0,0.0,0.0,0.0,5199.0,7953.0,155.0,5002.0,8119.0,149.0,197.0,-166.0,6.0,0.0,0.0,0.0,0.0,0.0,0.0,7422.0,10154.0,204.0,8140.0,11179.0,202.0,-718.0,-1025.0,2.0,0.0,2.0,1.0,3.0,1.0,0.0,8822.0,11742.0,238.0,9300.0,12234.0,222.0,-478.0,-492.0,16.0,0.0,2.0,1.0,3.0,1.0,0.0
ESPORTSTMNT05_3222200,complete,,EM,2023,Spring,0,2023-04-07 18:13:02,2,13.06,4,Blue,bot,Shiganari,oe:player:90704735ca9fc01f2244f23f6e5d635,Aegis,oe:team:e3a29387c70230d76837b86c2aefd14,Jinx,Gragas,Zeri,Lillia,Malphite,Ahri,,,,,,2669,1,6,3,4,14,16,0.0,0.0,0.0,0.0,0.0,0.0,0.0,1.0,0.3147,0.6744,,,,,,,,,,,,,,,,,,,,,0.0,0.0,,,,,,,,0.0,0.0,26296.0,591.1428,0.309751,400.2173,321.8734,24.0,0.5395,17.0,0.3822,8.0,79.0,1.7759,21441,15721,353.4133,0.32445,17350.0,,,461.0,417.0,44.0,,,10.3634,3156.0,3078.0,83.0,3539.0,3160.0,79.0,-383.0,-82.0,4.0,0.0,0.0,1.0,1.0,0.0,0.0,5942.0,5734.0,147.0,5521.0,5936.0,143.0,421.0,-202.0,4.0,0.0,0.0,1.0,1.0,0.0,0.0,7557.0,7387.0,176.0,7938.0,8355.0,197.0,-381.0,-968.0,-21.0,1.0,0.0,2.0,2.0,3.0,0.0,8900.0,8807.0,210.0,9449.0,9892.0,235.0,-549.0,-1085.0,-25.0,1.0,0.0,2.0,2.0,3.0,0.0
ESPORTSTMNT05_3222200,complete,,EM,2023,Spring,0,2023-04-07 18:13:02,2,13.06,5,Blue,sup,Hantera,oe:player:de1fb222dafded7d06b10df578fdd0e,Aegis,oe:team:e3a29387c70230d76837b86c2aefd14,Thresh,Gragas,Zeri,Lillia,Malphite,Ahri,,,,,,2669,1,1,4,11,14,16,0.0,0.0,0.0,0.0,0.0,0.0,0.0,0.0,0.3147,0.6744,,,,,,,,,,,,,,,,,,,,,0.0,0.0,,,,,,,,0.0,0.0,5312.0,119.4155,0.0625722,416.7179,376.8827,75.0,1.686,11.0,0.2473,20.0,125.0,2.81,10180,4460,100.2623,0.0920402,8600.0,,,34.0,34.0,0.0,,,0.7643,1965.0,2459.0,13.0,2170.0,2572.0,14.0,-205.0,-113.0,-1.0,0.0,0.0,0.0,0.0,1.0,0.0,3105.0,3269.0,21.0,3101.0,3354.0,22.0,4.0,-85.0,-1.0,0.0,0.0,0.0,0.0,1.0,0.0,4484.0,4896.0,27.0,4471.0,4649.0,31.0,13.0,247.0,-4.0,0.0,3.0,1.0,0.0,5.0,2.0,5242.0,5486.0,29.0,5243.0,5351.0,32.0,-1.0,135.0,-3.0,0.0,3.0,1.0,0.0,5.0,2.0
ESPORTSTMNT05_3222200,complete,,EM,2023,Spring,0,2023-04-07 18:13:02,2,13.06,6,Red,top,Lunddorf,oe:player:6cb2f925e1216835980ce1a01bb62f6,Partizan Esports,oe:team:e42ade212c09777da0f54bffe481f6d,Gwen,Aphelios,Annie,Xayah,Taliyah,Cassiopeia,,,,,,2669,0,3,3,7,16,14,0.0,0.0,0.0,0.0,0.0,0.0,0.0,0.0,0.3597,0.6744,,,,,,,,,,,,,,,,,,,,,0.0,0.0,,,,,,,,1.0,0.0,22632.0,508.7748,0.221856,709.8614,842.0232,14.0,0.3147,9.0,0.2023,8.0,80.0,1.7984,17093,11373,255.6688,0.238689,17200.0,,,338.0,318.0,20.0,,,7.5984,3424.0,4929.0,84.0,3545.0,5051.0,89.0,-121.0,-122.0,-5.0,0.0,0.0,0.0,0.0,0.0,0.0,5368.0,7889.0,140.0,5251.0,7696.0,139.0,117.0,193.0,1.0,0.0,0.0,0.0,0.0,0.0,0.0,7353.0,10529.0,179.0,7603.0,10284.0,178.0,-250.0,245.0,1.0,0.0,1.0,1.0,2.0,1.0,0.0,8657.0,12089.0,208.0,8933.0,12086.0,209.0,-276.0,3.0,-1.0,0.0,1.0,1.0,2.0,1.0,0.0
ESPORTSTMNT05_3222200,complete,,EM,2023,Spring,0,2023-04-07 18:13:02,2,13.06,7,Red,jng,Sn1lle,oe:player:947d42fad1e2f3afeb911e5ae3888ce,Partizan Esports,oe:team:e42ade212c09777da0f54bffe481f6d,Viego,Aphelios,Annie,Xayah,Taliyah,Cassiopeia,,,,,,2669,0,4,2,6,16,14,1.0,0.0,0.0,0.0,1.0,0.0,1.0,0.0,0.3597,0.6744,,,,,,,,,,,,,,,,,,,,,1.0,1.0,,,,,,,,0.0,0.0,12273.0,275.9011,0.120309,731.9371,1167.381,15.0,0.3372,26.0,0.5845,15.0,97.0,2.1806,13771,8051,180.9891,0.168967,12225.0,,,202.0,35.0,167.0,,,4.541,3261.0,3505.0,69.0,3277.0,3654.0,71.0,-16.0,-149.0,-2.0,0.0,1.0,0.0,0.0,0.0,0.0,4457.0,5071.0,92.0,4726.0,5175.0,95.0,-269.0,-104.0,-3.0,0.0,1.0,0.0,0.0,0.0,0.0,6183.0,7717.0,128.0,6688.0,7326.0,119.0,-505.0,391.0,9.0,0.0,3.0,1.0,1.0,2.0,1.0,7244.0,8934.0,146.0,7660.0,8098.0,129.0,-416.0,836.0,17.0,0.0,3.0,1.0,1.0,2.0,1.0
ESPORTSTMNT05_3222200,complete,,EM,2023,Spring,0,2023-04-07 18:13:02,2,13.06,8,Red,mid,Rylle,oe:player:aa11f28607376fa521dd2625569a656,Partizan Esports,oe:team:e42ade212c09777da0f54bffe481f6d,Lissandra,Aphelios,Annie,Xayah,Taliyah,Cassiopeia,,,,,,2669,0,5,2,8,16,14,1.0,1.0,0.0,0.0,0.0,0.0,0.0,0.0,0.3597,0.6744,,,,,,,,,,,,,,,,,,,,,0.0,0.0,,,,,,,,0.0,1.0,16097.0,361.8659,0.157795,469.2544,480.045,7.0,0.1574,16.0,0.3597,6.0,53.0,1.1915,16371,10651,239.438,0.223536,14600.0,,,308.0,298.0,10.0,,,6.9239,3225.0,4956.0,91.0,3375.0,5027.0,100.0,-150.0,-71.0,-9.0,0.0,0.0,0.0,0.0,0.0,0.0,5002.0,8119.0,149.0,5199.0,7953.0,155.0,-197.0,166.0,-6.0,0.0,0.0,0.0,0.0,0.0,0.0,8140.0,11179.0,202.0,7422.0,10154.0,204.0,718.0,1025.0,-2.0,3.0,1.0,0.0,0.0,2.0,1.0,9300.0,12234.0,222.0,8822.0,11742.0,238.0,478.0,492.0,-16.0,3.0,1.0,0.0,0.0,2.0,1.0
ESPORTSTMNT05_3222200,complete,,EM,2023,Spring,0,2023-04-07 18:13:02,2,13.06,9,Red,bot,Jopa,oe:player:e214e8e906f16ec13e9a88de30dc181,Partizan Esports,oe:team:e42ade212c09777da0f54bffe481f6d,Sivir,Aphelios,Annie,Xayah,Taliyah,Cassiopeia,,,,,,2669,0,4,2,9,16,14,0.0,0.0,0.0,0.0,1.0,1.0,0.0,0.0,0.3597,0.6744,,,,,,,,,,,,,,,,,,,,,0.0,0.0,,,,,,,,0.0,0.0,46171.0,1037.9393,0.452604,389.1345,491.5999,20.0,0.4496,15.0,0.3372,7.0,57.0,1.2814,19213,13493,303.3271,0.283184,18775.0,,,454.0,381.0,73.0,,,10.2061,3539.0,3160.0,79.0,3156.0,3078.0,83.0,383.0,82.0,-4.0,1.0,0.0,0.0,0.0,0.0,1.0,5521.0,5936.0,143.0,5942.0,5734.0,147.0,-421.0,202.0,-4.0,1.0,0.0,0.0,0.0,0.0,1.0,7938.0,8355.0,197.0,7557.0,7387.0,176.0,381.0,968.0,21.0,2.0,3.0,0.0,1.0,0.0,2.0,9449.0,9892.0,235.0,8900.0,8807.0,210.0,549.0,1085.0,25.0,2.0,3.0,0.0,1.0,0.0,2.0
ESPORTSTMNT05_3222200,complete,,EM,2023,Spring,0,2023-04-07 18:13:02,2,13.06,10,Red,sup,Cl0x,oe:player:85b3b3e91202ccada9f1f5a24dc1bfb,Partizan Esports,oe:team:e42ade212c09777da0f54bffe481f6d,Rakan,Aphelios,Annie,Xayah,Taliyah,Cassiopeia,,,,,,2669,0,0,5,16,16,14,0.0,0.0,0.0,0.0,1.0,0.0,1.0,0.0,0.3597,0.6744,,,,,,,,,,,,,,,,,,,,,0.0,0.0,,,,,,,,0.0,0.0,4839.0,108.7823,0.0474356,430.5658,732.7239,61.0,1.3713,14.0,0.3147,15.0,122.0,2.7426,9800,4080,91.7197,0.0856236,8975.0,,,40.0,40.0,0.0,,,0.8992,2170.0,2572.0,14.0,1965.0,2459.0,13.0,205.0,113.0,1.0,0.0,1.0,0.0,0.0,0.0,0.0,3101.0,3354.0,22.0,3105.0,3269.0,21.0,-4.0,85.0,1.0,0.0,1.0,0.0,0.0,0.0,0.0,4471.0,4649.0,31.0,4484.0,4896.0,27.0,-13.0,-247.0,4.0,0.0,5.0,2.0,0.0,3.0,1.0,5243.0,5351.0,32.0,5242.0,5486.0,29.0,1.0,-135.0,3.0,0.0,5.0,2.0,0.0,3.0,1.0
ESPORTSTMNT05_3222200,complete,,EM,2023,Spring,0,2023-04-07 18:13:02,2,13.06,100,Blue,team,,,Aegis,oe:team:e3a29387c70230d76837b86c2aefd14,,Gragas,Zeri,Lillia,Malphite,Ahri,Vi,Jinx,Thresh,Orianna,Sion,2669,1,14,16,42,14,16,2.0,0.0,0.0,0.0,0.0,,,,0.3147,0.6744,1.0,3.0,4.0,2.0,4.0,0.0,1.0,0.0,0.0,0.0,1.0,,1.0,0.0,1.0,2.0,0.0,,,1.0,1.0,1.0,1.0,8.0,8.0,1.0,1.0,5.0,2.0,1.0,1.0,84894.0,1908.4451,,2836.0959,4609.8614,147.0,3.3046,56.0,1.2589,53.0,369.0,8.2952,77055,48453,1089.2394,,67525.0,-0.0610194,-0.36,,1078.0,218.0,,,29.1345,15318.0,19269.0,356.0,15619.0,19122.0,337.0,-301.0,147.0,19.0,0.0,0.0,1.0,1.0,2.0,0.0,24223.0,29827.0,557.0,23449.0,30369.0,546.0,774.0,-542.0,11.0,0.0,0.0,1.0,1.0,2.0,0.0,33754.0,40047.0,704.0,34085.0,42429.0,737.0,-331.0,-2382.0,-33.0,4.0,8.0,5.0,5.0,13.0,4.0,39557.0,46219.0,815.0,39893.0,48500.0,843.0,-336.0,-2281.0,-28.0,4.0,8.0,5.0,5.0,13.0,4.0
ESPORTSTMNT05_3222200,complete,,EM,2023,Spring,0,2023-04-07 18:13:02,2,13.06,200,Red,team,,,Partizan Esports,oe:team:e42ade212c09777da0f54bffe481f6d,,Aphelios,Annie,Xayah,Taliyah,Cassiopeia,Rakan,Viego,Sivir,Lissandra,Gwen,2669,0,16,14,46,16,14,2.0,1.0,0.0,0.0,1.0,,,,0.3597,0.6744,0.0,4.0,3.0,4.0,2.0,1.0,3.0,0.0,0.0,0.0,0.0,,0.0,1.0,0.0,0.0,2.0,,,0.0,1.0,1.0,0.0,8.0,8.0,0.0,0.0,2.0,5.0,1.0,1.0,102012.0,2293.2634,,2730.7531,3713.7729,117.0,2.6302,80.0,1.7984,51.0,409.0,9.1945,76248,47646,1071.0978,,71775.0,0.0610194,0.36,,1072.0,270.0,,,30.1686,15619.0,19122.0,337.0,15318.0,19269.0,356.0,301.0,-147.0,-19.0,1.0,2.0,0.0,0.0,0.0,1.0,23449.0,30369.0,546.0,24223.0,29827.0,557.0,-774.0,542.0,-11.0,1.0,2.0,0.0,0.0,0.0,1.0,34085.0,42429.0,737.0,33754.0,40047.0,704.0,331.0,2382.0,33.0,5.0,13.0,4.0,4.0,8.0,5.0,39893.0,48500.0,843.0,39557.0,46219.0,815.0,336.0,2281.0,28.0,5.0,13.0,4.0,4.0,8.0,5.0
ESPORTSTMNT05_3221198,complete,,EM,2023,Spring,0,2023-04-07 18:49:45,2,13.06,1,Blue,top,Eyliph,oe:player:4b20700639bada36a5a58cc4a8e7135,Anorthosis Famagusta Esports,oe:team:5f1bc4a914b49c7b7ff4c2f1b8d8df9,Cho'Gath,Annie,Lee Sin,Gragas,Viktor,K'Sante,,,,,,2336,1,3,1,3,15,7,0.0,0.0,0.0,0.0,0.0,0.0,0.0,0.0,0.3853,0.5651,,,,,,,,,,,,,,,,,,,,,1.0,0.0,,,,,,,,0.0,0.0,25510.0,655.2226,0.212514,1242.4829,2008.2021,18.0,0.4623,8.0,0.2055,6.0,44.0,1.1301,14578,9537,244.9572,0.211646,14150.0,,,319.0,302.0,17.0,,,8.1935,3499.0,5194.0,95.0,3118.0,4587.0,80.0,381.0,607.0,15.0,0.0,0.0,0.0,0.0,0.0,1.0,5564.0,8229.0,154.0,4981.0,7599.0,138.0,583.0,630.0,16.0,0.0,0.0,0.0,0.0,0.0,1.0,7888.0,11402.0,214.0,6780.0,10209.0,188.0,1108.0,1193.0,26.0,0.0,0.0,0.0,0.0,0.0,1.0,9842.0,14169.0,257.0,8350.0,12541.0,229.0,1492.0,1628.0,28.0,1.0,1.0,0.0,0.0,0.0,1.0
ESPORTSTMNT05_3221198,complete,,EM,2023,Spring,0,2023-04-07 18:49:45,2,13.06,2,Blue,jng,SPOOKY,oe:player:11389d6d8a29729807c3cf528a98050,Anorthosis Famagusta Esports,oe:team:5f1bc4a914b49c7b7ff4c2f1b8d8df9,Sejuani,Annie,Lee Sin,Gragas,Viktor,K'Sante,,,,,,2336,1,1,1,11,15,7,0.0,0.0,0.0,0.0,1.0,0.0,1.0,0.0,0.3853,0.5651,,,,,,,,,,,,,,,,,,,,,0.0,1.0,,,,,,,,0.0,0.0,17898.0,459.7089,0.149102,1218.9298,1254.9144,11.0,0.2825,15.0,0.3853,11.0,61.0,1.5668,12087,7046,180.976,0.156366,10625.0,,,167.0,39.0,128.0,,,4.2894,3494.0,3621.0,61.0,3124.0,3530.0,71.0,370.0,91.0,-10.0,1.0,1.0,0.0,0.0,0.0,0.0,5088.0,5466.0,94.0,4452.0,5189.0,97.0,636.0,277.0,-3.0,1.0,2.0,0.0,0.0,0.0,0.0,6891.0,7963.0,130.0,6854.0,7937.0,129.0,37.0,26.0,1.0,1.0,2.0,0.0,2.0,1.0,0.0,8213.0,9590.0,143.0,8155.0,9316.0,156.0,58.0,274.0,-13.0,1.0,5.0,0.0,2.0,1.0,1.0
ESPORTSTMNT05_3221198,complete,,EM,2023,Spring,0,2023-04-07 18:49:45,2,13.06,3,Blue,mid,HAWHAW,oe:player:ae06413dcf80aa496ab8448d8ea586f,Anorthosis Famagusta Esports,oe:team:5f1bc4a914b49c7b7ff4c2f1b8d8df9,Jayce,Annie,Lee Sin,Gragas,Viktor,K'Sante,,,,,,2336,1,3,2,6,15,7,0.0,0.0,0.0,0.0,0.0,0.0,0.0,0.0,0.3853,0.5651,,,,,,,,,,,,,,,,,,,,,0.0,0.0,,,,,,,,1.0,0.0,34074.0,875.1884,0.283858,422.851,430.839,18.0,0.4623,11.0,0.2825,6.0,77.0,1.9777,16525,11484,294.9658,0.254855,15400.0,,,370.0,334.0,36.0,,,9.5034,3283.0,4759.0,92.0,3111.0,4629.0,84.0,172.0,130.0,8.0,0.0,0.0,0.0,0.0,0.0,0.0,5449.0,7831.0,154.0,4872.0,7739.0,141.0,577.0,92.0,13.0,0.0,0.0,0.0,0.0,0.0,0.0,7578.0,10294.0,208.0,7065.0,10771.0,190.0,513.0,-477.0,18.0,0.0,0.0,1.0,0.0,1.0,0.0,10346.0,13685.0,262.0,8470.0,14055.0,221.0,1876.0,-370.0,41.0,2.0,2.0,1.0,0.0,1.0,2.0
ESPORTSTMNT05_3221198,complete,,EM,2023,Spring,0,2023-04-07 18:49:45,2,13.06,4,Blue,bot,GOLDENTO4ST,oe:player:5c58c2e986e8aec0ee6f2465823349a,Anorthosis Famagusta Esports,oe:team:5f1bc4a914b49c7b7ff4c2f1b8d8df9,Jinx,Annie,Lee Sin,Gragas,Viktor,K'Sante,,,,,,2336,1,6,2,6,15,7,1.0,0.0,0.0,0.0,1.0,1.0,0.0,0.0,0.3853,0.5651,,,,,,,,,,,,,,,,,,,,,0.0,0.0,,,,,,,,0.0,0.0,34833.0,894.6832,0.290181,368.5531,216.4469,20.0,0.5137,10.0,0.2568,9.0,46.0,1.1815,17288,12247,314.5634,0.271787,14300.0,,,380.0,308.0,72.0,,,9.7603,3225.0,2688.0,69.0,3261.0,3522.0,93.0,-36.0,-834.0,-24.0,1.0,0.0,0.0,0.0,0.0,0.0,5378.0,5312.0,126.0,5139.0,5971.0,149.0,239.0,-659.0,-23.0,2.0,0.0,0.0,0.0,0.0,0.0,7190.0,7178.0,167.0,7316.0,8468.0,200.0,-126.0,-1290.0,-33.0,2.0,0.0,1.0,0.0,2.0,0.0,9632.0,10270.0,223.0,9049.0,10165.0,244.0,583.0,105.0,-21.0,3.0,2.0,1.0,0.0,2.0,0.0
ESPORTSTMNT05_3221198,complete,,EM,2023,Spring,0,2023-04-07 18:49:45,2,13.06,5,Blue,sup,iLEVI,oe:player:b226880189cb11f7da7a0c86544b556,Anorthosis Famagusta Esports,oe:team:5f1bc4a914b49c7b7ff4c2f1b8d8df9,Rakan,Annie,Lee Sin,Gragas,Viktor,K'Sante,,,,,,2336,1,2,1,11,15,7,0.0,0.0,0.0,0.0,1.0,0.0,1.0,0.0,0.3853,0.5651,,,,,,,,,,,,,,,,,,,,,0.0,0.0,,,,,,,,0.0,0.0,7724.0,198.3904,0.0643458,414.375,551.6096,60.0,1.5411,28.0,0.7192,15.0,147.0,3.7757,9788,4747,121.9264,0.105346,7875.0,,,53.0,53.0,0.0,,,1.3613,2089.0,2576.0,14.0,2149.0,2473.0,4.0,-60.0,103.0,10.0,0.0,1.0,0.0,0.0,0.0,1.0,3416.0,4037.0,29.0,3086.0,3452.0,6.0,330.0,585.0,23.0,0.0,2.0,0.0,0.0,0.0,2.0,4544.0,4491.0,33.0,4725.0,5365.0,11.0,-181.0,-874.0,22.0,0.0,2.0,1.0,1.0,2.0,2.0,5663.0,6386.0,38.0,5612.0,6369.0,12.0,51.0,17.0,26.0,0.0,5.0,1.0,1.0,2.0,3.0
ESPORTSTMNT05_3221198,complete,,EM,2023,Spring,0,2023-04-07 18:49:45,2,13.06,6,Red,top,HeSSZero,oe:player:a2694196d288cd26055602729d0bb5c,WLGaming Esports,oe:team:b19ab22267512e77945cd498106dcf1,Sion,Rell,Zilean,Vi,Malphite,Olaf,,,,,,2336,0,0,3,2,7,15,0.0,0.0,0.0,0.0,0.0,0.0,0.0,0.0,0.1798,0.5651,,,,,,,,,,,,,,,,,,,,,0.0,1.0,,,,,,,,0.0,0.0,22110.0,567.8938,0.213283,1072.6541,2348.8099,17.0,0.4366,9.0,0.2312,13.0,42.0,1.0788,11941,6900,177.226,0.183535,12375.0,,,288.0,283.0,5.0,,,7.3973,3118.0,4587.0,80.0,3499.0,5194.0,95.0,-381.0,-607.0,-15.0,0.0,0.0,1.0,0.0,0.0,0.0,4981.0,7599.0,138.0,5564.0,8229.0,154.0,-583.0,-630.0,-16.0,0.0,0.0,1.0,0.0,0.0,0.0,6780.0,10209.0,188.0,7888.0,11402.0,214.0,-1108.0,-1193.0,-26.0,0.0,0.0,1.0,0.0,0.0,0.0,8350.0,12541.0,229.0,9842.0,14169.0,257.0,-1492.0,-1628.0,-28.0,0.0,0.0,1.0,1.0,1.0,0.0
ESPORTSTMNT05_3221198,complete,,EM,2023,Spring,0,2023-04-07 18:49:45,2,13.06,7,Red,jng,Bruness,oe:player:7471c21aed615dae3e49140eca8ce89,WLGaming Esports,oe:team:b19ab22267512e77945cd498106dcf1,Wukong,Rell,Zilean,Vi,Malphite,Olaf,,,,,,2336,0,3,2,2,7,15,0.0,0.0,0.0,0.0,0.0,0.0,0.0,0.0,0.1798,0.5651,,,,,,,,,,,,,,,,,,,,,1.0,0.0,,,,,,,,0.0,0.0,14855.0,381.5497,0.143298,1019.6661,1161.2414,11.0,0.2825,21.0,0.5394,12.0,71.0,1.8236,12374,7333,188.3476,0.195053,11900.0,,,220.0,34.0,186.0,,,5.6507,3124.0,3530.0,71.0,3494.0,3621.0,61.0,-370.0,-91.0,10.0,0.0,0.0,0.0,1.0,1.0,0.0,4452.0,5189.0,97.0,5088.0,5466.0,94.0,-636.0,-277.0,3.0,0.0,0.0,0.0,1.0,2.0,0.0,6854.0,7937.0,129.0,6891.0,7963.0,130.0,-37.0,-26.0,-1.0,2.0,1.0,0.0,1.0,2.0,0.0,8155.0,9316.0,156.0,8213.0,9590.0,143.0,-58.0,-274.0,13.0,2.0,1.0,1.0,1.0,5.0,0.0
ESPORTSTMNT05_3221198,complete,,EM,2023,Spring,0,2023-04-07 18:49:45,2,13.06,8,Red,mid,Vladi,oe:player:367fecc4cb53a8234abbd9f283b7997,WLGaming Esports,oe:team:b19ab22267512e77945cd498106dcf1,Sylas,Rell,Zilean,Vi,Malphite,Olaf,,,,,,2336,0,1,4,3,7,15,0.0,0.0,0.0,0.0,0.0,0.0,0.0,0.0,0.1798,0.5651,,,,,,,,,,,,,,,,,,,,,0.0,0.0,,,,,,,,0.0,1.0,13215.0,339.4264,0.127478,1053.9812,861.2158,20.0,0.5137,7.0,0.1798,8.0,58.0,1.4897,13610,8569,220.0942,0.227929,12750.0,,,301.0,297.0,4.0,,,7.7312,3111.0,4629.0,84.0,3283.0,4759.0,92.0,-172.0,-130.0,-8.0,0.0,0.0,0.0,0.0,0.0,0.0,4872.0,7739.0,141.0,5449.0,7831.0,154.0,-577.0,-92.0,-13.0,0.0,0.0,0.0,0.0,0.0,0.0,7065.0,10771.0,190.0,7578.0,10294.0,208.0,-513.0,477.0,-18.0,0.0,1.0,0.0,0.0,0.0,1.0,8470.0,14055.0,221.0,10346.0,13685.0,262.0,-1876.0,370.0,-41.0,0.0,1.0,2.0,2.0,2.0,1.0
ESPORTSTMNT05_3221198,complete,,EM,2023,Spring,0,2023-04-07 18:49:45,2,13.06,9,Red,bot,Jeyrus,oe:player:c5050bf5abf900c6beaed313da57213,WLGaming Esports,oe:team:b19ab22267512e77945cd498106dcf1,Xayah,Rell,Zilean,Vi,Malphite,Olaf,,,,,,2336,0,2,1,3,7,15,0.0,0.0,0.0,0.0,0.0,0.0,0.0,0.0,0.1798,0.5651,,,,,,,,,,,,,,,,,,,,,0.0,0.0,,,,,,,,0.0,0.0,41178.0,1057.6541,0.397222,418.5873,271.1815,17.0,0.4366,27.0,0.6935,6.0,83.0,2.1318,16530,11489,295.0942,0.3056,15950.0,,,389.0,366.0,23.0,,,9.9914,3261.0,3522.0,93.0,3225.0,2688.0,69.0,36.0,834.0,24.0,0.0,0.0,0.0,1.0,0.0,0.0,5139.0,5971.0,149.0,5378.0,5312.0,126.0,-239.0,659.0,23.0,0.0,0.0,0.0,2.0,0.0,0.0,7316.0,8468.0,200.0,7190.0,7178.0,167.0,126.0,1290.0,33.0,0.0,2.0,0.0,2.0,0.0,1.0,9049.0,10165.0,244.0,9632.0,10270.0,223.0,-583.0,-105.0,21.0,0.0,2.0,0.0,3.0,2.0,1.0
ESPORTSTMNT05_3221198,complete,,EM,2023,Spring,0,2023-04-07 18:49:45,2,13.06,10,Red,sup,Bananitoo,oe:player:148e116847c069d852ad0696d4180fe,WLGaming Esports,oe:team:b19ab22267512e77945cd498106dcf1,Heimerdinger,Rell,Zilean,Vi,Malphite,Olaf,,,,,,2336,0,1,5,4,7,15,0.0,0.0,0.0,0.0,0.0,0.0,0.0,1.0,0.1798,0.5651,,,,,,,,,,,,,,,,,,,,,0.0,0.0,,,,,,,,0.0,0.0,12307.0,316.1045,0.118719,428.3733,206.6866,51.0,1.3099,8.0,0.2055,15.0,103.0,2.6455,8345,3304,84.863,0.0878834,7850.0,,,21.0,21.0,0.0,,,0.5394,2149.0,2473.0,4.0,2089.0,2576.0,14.0,60.0,-103.0,-10.0,0.0,0.0,1.0,0.0,1.0,0.0,3086.0,3452.0,6.0,3416.0,4037.0,29.0,-330.0,-585.0,-23.0,0.0,0.0,2.0,0.0,2.0,0.0,4725.0,5365.0,11.0,4544.0,4491.0,33.0,181.0,874.0,-22.0,1.0,2.0,2.0,0.0,2.0,1.0,5612.0,6369.0,12.0,5663.0,6386.0,38.0,-51.0,-17.0,-26.0,1.0,2.0,3.0,0.0,5.0,1.0
ESPORTSTMNT05_3221198,complete,,EM,2023,Spring,0,2023-04-07 18:49:45,2,13.06,100,Blue,team,,,Anorthosis Famagusta Esports,oe:team:5f1bc4a914b49c7b7ff4c2f1b8d8df9,,Annie,Lee Sin,Gragas,Viktor,K'Sante,Rakan,Jinx,Sejuani,Cho'Gath,Jayce,2336,1,15,7,37,15,7,1.0,0.0,0.0,0.0,1.0,,,,0.3853,0.5651,0.0,4.0,2.0,4.0,2.0,0.0,0.0,1.0,0.0,3.0,0.0,,0.0,0.0,1.0,2.0,0.0,,,0.0,1.0,1.0,1.0,8.0,3.0,1.0,1.0,3.0,1.0,1.0,0.0,120039.0,3083.1935,,3667.1918,4462.012,127.0,3.262,72.0,1.8493,47.0,375.0,9.6318,70266,45061,1157.3887,,62350.0,0.0247615,1.26,,1036.0,253.0,,,33.1079,15590.0,18838.0,331.0,14763.0,18741.0,332.0,827.0,97.0,-1.0,2.0,2.0,0.0,0.0,0.0,2.0,24895.0,30875.0,557.0,22530.0,29950.0,531.0,2365.0,925.0,26.0,3.0,4.0,0.0,0.0,0.0,3.0,34091.0,41328.0,752.0,32740.0,42750.0,718.0,1351.0,-1422.0,34.0,3.0,4.0,3.0,3.0,6.0,3.0,43696.0,54100.0,923.0,39636.0,52446.0,862.0,4060.0,1654.0,61.0,7.0,15.0,3.0,3.0,6.0,7.0
ESPORTSTMNT05_3221198,complete,,EM,2023,Spring,0,2023-04-07 18:49:45,2,13.06,200,Red,team,,,WLGaming Esports,oe:team:b19ab22267512e77945cd498106dcf1,,Rell,Zilean,Vi,Malphite,Olaf,Xayah,Wukong,Heimerdinger,Sion,Sylas,2336,0,7,15,14,7,15,0.0,0.0,0.0,0.0,0.0,,,,0.1798,0.5651,1.0,2.0,4.0,2.0,4.0,0.0,1.0,0.0,0.0,1.0,0.0,,0.0,0.0,0.0,0.0,2.0,,,1.0,1.0,1.0,0.0,3.0,8.0,0.0,0.0,1.0,3.0,0.0,1.0,103665.0,2662.6284,,3993.262,4849.1353,116.0,2.9795,72.0,1.8493,54.0,357.0,9.1695,62800,37595,965.625,,60825.0,-0.0247615,-1.26,,1001.0,218.0,,,31.3099,14763.0,18741.0,332.0,15590.0,18838.0,331.0,-827.0,-97.0,1.0,0.0,0.0,2.0,2.0,2.0,0.0,22530.0,29950.0,531.0,24895.0,30875.0,557.0,-2365.0,-925.0,-26.0,0.0,0.0,3.0,3.0,4.0,0.0,32740.0,42750.0,718.0,34091.0,41328.0,752.0,-1351.0,1422.0,-34.0,3.0,6.0,3.0,3.0,4.0,3.0,39636.0,52446.0,862.0,43696.0,54100.0,923.0,-4060.0,-1654.0,-61.0,3.0,6.0,7.0,7.0,15.0,3.0
ESPORTSTMNT05_3220201,complete,,EM,2023,Spring,0,2023-04-07 19:29:55,3,13.06,1,Blue,top,Lunddorf,oe:player:6cb2f925e1216835980ce1a01bb62f6,Partizan Esports,oe:team:e42ade212c09777da0f54bffe481f6d,Cho'Gath,Aphelios,Wukong,Vi,Cassiopeia,Malphite,,,,,,1826,0,3,6,1,6,23,0.0,0.0,0.0,0.0,0.0,0.0,0.0,1.0,0.1972,0.9529,,,,,,,,,,,,,,,,,,,,,1.0,0.0,,,,,,,,0.0,0.0,11955.0,392.8258,0.253434,1224.7755,1212.2563,10.0,0.3286,7.0,0.23,4.0,33.0,1.0843,10923,6922,227.448,0.239364,10775.0,,,209.0,201.0,8.0,,,6.8675,3067.0,4621.0,75.0,4103.0,5239.0,90.0,-1036.0,-618.0,-15.0,0.0,0.0,2.0,2.0,0.0,0.0,4982.0,7582.0,123.0,6103.0,7775.0,135.0,-1121.0,-193.0,-12.0,1.0,0.0,2.0,2.0,4.0,0.0,7289.0,10099.0,157.0,7528.0,9811.0,172.0,-239.0,288.0,-15.0,2.0,0.0,2.0,2.0,4.0,1.0,8872.0,12257.0,184.0,9001.0,12334.0,196.0,-129.0,-77.0,-12.0,2.0,0.0,4.0,2.0,11.0,1.0
ESPORTSTMNT05_3220201,complete,,EM,2023,Spring,0,2023-04-07 19:29:55,3,13.06,2,Blue,jng,Sn1lle,oe:player:947d42fad1e2f3afeb911e5ae3888ce,Partizan Esports,oe:team:e42ade212c09777da0f54bffe481f6d,Xin Zhao,Aphelios,Wukong,Vi,Cassiopeia,Malphite,,,,,,1826,0,0,6,3,6,23,0.0,0.0,0.0,0.0,0.0,0.0,0.0,0.0,0.1972,0.9529,,,,,,,,,,,,,,,,,,,,,0.0,0.0,,,,,,,,0.0,0.0,6369.0,209.2771,0.135017,1011.2267,906.3089,11.0,0.3614,15.0,0.4929,9.0,69.0,2.2673,8736,4735,155.586,0.163741,8200.0,,,136.0,22.0,114.0,,,4.4688,2931.0,3017.0,54.0,3209.0,3711.0,62.0,-278.0,-694.0,-8.0,0.0,1.0,0.0,0.0,1.0,0.0,4292.0,4723.0,83.0,5029.0,5795.0,94.0,-737.0,-1072.0,-11.0,0.0,1.0,2.0,0.0,5.0,0.0,6096.0,6890.0,108.0,6827.0,8346.0,132.0,-731.0,-1456.0,-24.0,0.0,2.0,2.0,0.0,6.0,0.0,7402.0,8558.0,120.0,8576.0,11061.0,156.0,-1174.0,-2503.0,-36.0,0.0,2.0,4.0,0.0,13.0,0.0
ESPORTSTMNT05_3220201,complete,,EM,2023,Spring,0,2023-04-07 19:29:55,3,13.06,3,Blue,mid,Rylle,oe:player:aa11f28607376fa521dd2625569a656,Partizan Esports,oe:team:e42ade212c09777da0f54bffe481f6d,Lissandra,Aphelios,Wukong,Vi,Cassiopeia,Malphite,,,,,,1826,0,0,4,1,6,23,0.0,0.0,0.0,0.0,0.0,0.0,0.0,0.0,0.1972,0.9529,,,,,,,,,,,,,,,,,,,,,0.0,0.0,,,,,,,,0.0,0.0,4799.0,157.6889,0.101734,457.3604,285.9365,11.0,0.3614,3.0,0.0986,1.0,25.0,0.8215,9703,5702,187.3604,0.197178,9575.0,,,247.0,247.0,0.0,,,8.1161,3264.0,4985.0,91.0,3217.0,4898.0,93.0,47.0,87.0,-2.0,0.0,0.0,0.0,0.0,0.0,0.0,4872.0,7870.0,144.0,5964.0,7888.0,153.0,-1092.0,-18.0,-9.0,0.0,0.0,0.0,2.0,2.0,0.0,6694.0,10263.0,192.0,8159.0,10192.0,197.0,-1465.0,71.0,-5.0,0.0,0.0,1.0,2.0,2.0,0.0,8298.0,12230.0,220.0,10377.0,13506.0,241.0,-2079.0,-1276.0,-21.0,0.0,0.0,2.0,3.0,8.0,0.0
ESPORTSTMNT05_3220201,complete,,EM,2023,Spring,0,2023-04-07 19:29:55,3,13.06,4,Blue,bot,Jopa,oe:player:e214e8e906f16ec13e9a88de30dc181,Partizan Esports,oe:team:e42ade212c09777da0f54bffe481f6d,Xayah,Aphelios,Wukong,Vi,Cassiopeia,Malphite,,,,,,1826,0,2,3,4,6,23,0.0,0.0,0.0,0.0,0.0,0.0,0.0,0.0,0.1972,0.9529,,,,,,,,,,,,,,,,,,,,,0.0,1.0,,,,,,,,0.0,1.0,20350.0,668.6747,0.4314,476.1227,270.7558,12.0,0.3943,11.0,0.3614,4.0,40.0,1.3143,12739,8738,287.1194,0.302158,12600.0,,,314.0,280.0,34.0,,,10.3176,3608.0,3082.0,80.0,2780.0,2743.0,61.0,828.0,339.0,19.0,1.0,1.0,0.0,0.0,0.0,1.0,5733.0,5722.0,144.0,5140.0,5432.0,109.0,593.0,290.0,35.0,1.0,2.0,1.0,2.0,1.0,1.0,8028.0,8191.0,201.0,7352.0,8349.0,170.0,676.0,-158.0,31.0,1.0,3.0,1.0,2.0,1.0,1.0,10101.0,11507.0,254.0,11338.0,10851.0,212.0,-1237.0,656.0,42.0,1.0,3.0,2.0,8.0,2.0,1.0
ESPORTSTMNT05_3220201,complete,,EM,2023,Spring,0,2023-04-07 19:29:55,3,13.06,5,Blue,sup,Cl0x,oe:player:85b3b3e91202ccada9f1f5a24dc1bfb,Partizan Esports,oe:team:e42ade212c09777da0f54bffe481f6d,Nautilus,Aphelios,Wukong,Vi,Cassiopeia,Malphite,,,,,,1826,0,1,4,4,6,23,0.0,0.0,0.0,0.0,0.0,0.0,0.0,0.0,0.1972,0.9529,,,,,,,,,,,,,,,,,,,,,0.0,0.0,,,,,,,,0.0,0.0,3699.0,121.5444,0.0784152,451.8729,463.4721,39.0,1.2815,5.0,0.1643,11.0,73.0,2.3987,6822,2821,92.6944,0.0975581,6625.0,,,30.0,30.0,0.0,,,0.9858,2369.0,2058.0,12.0,2024.0,2536.0,14.0,345.0,-478.0,-2.0,1.0,1.0,0.0,0.0,0.0,1.0,3342.0,3049.0,18.0,3402.0,3561.0,22.0,-60.0,-512.0,-4.0,1.0,1.0,1.0,0.0,4.0,2.0,4496.0,4106.0,22.0,4698.0,4850.0,27.0,-202.0,-744.0,-5.0,1.0,2.0,1.0,1.0,4.0,2.0,5747.0,6190.0,30.0,5834.0,6887.0,31.0,-87.0,-697.0,-1.0,1.0,2.0,2.0,1.0,11.0,2.0
ESPORTSTMNT05_3220201,complete,,EM,2023,Spring,0,2023-04-07 19:29:55,3,13.06,6,Red,top,Lot,oe:player:eeec6c7a9d2b475c23650b202208b89,Aegis,oe:team:e3a29387c70230d76837b86c2aefd14,Sion,Gragas,Annie,Lillia,Ahri,Gwen,,,,,,1826,1,2,1,19,23,6,0.0,0.0,0.0,0.0,1.0,1.0,0.0,0.0,0.7558,0.9529,,,,,,,,,,,,,,,,,,,,,0.0,1.0,,,,,,,,0.0,0.0,18388.0,604.2059,0.223155,827.218,1719.2333,10.0,0.3286,6.0,0.1972,6.0,30.0,0.9858,10973,6972,229.0909,0.176566,10385.0,,,206.0,206.0,0.0,,,6.7689,4103.0,5239.0,90.0,3067.0,4621.0,75.0,1036.0,618.0,15.0,2.0,0.0,0.0,0.0,0.0,2.0,6103.0,7775.0,135.0,4982.0,7582.0,123.0,1121.0,193.0,12.0,2.0,4.0,0.0,1.0,0.0,2.0,7528.0,9811.0,172.0,7289.0,10099.0,157.0,239.0,-288.0,15.0,2.0,4.0,1.0,2.0,0.0,2.0,9001.0,12334.0,196.0,8872.0,12257.0,184.0,129.0,77.0,12.0,2.0,11.0,1.0,2.0,0.0,4.0
ESPORTSTMNT05_3220201,complete,,EM,2023,Spring,0,2023-04-07 19:29:55,3,13.06,7,Red,jng,SkewMond,oe:player:ab15060e5225b51592cd04b3aed1e09,Aegis,oe:team:e3a29387c70230d76837b86c2aefd14,Jarvan IV,Gragas,Annie,Lillia,Ahri,Gwen,,,,,,1826,1,1,1,16,23,6,0.0,0.0,0.0,0.0,0.0,0.0,0.0,0.0,0.7558,0.9529,,,,,,,,,,,,,,,,,,,,,0.0,0.0,,,,,,,,0.0,0.0,8532.0,280.3505,0.103544,647.4151,1316.9441,9.0,0.2957,8.0,0.2629,7.0,48.0,1.5772,10838,6837,224.655,0.173147,10175.0,,,166.0,8.0,158.0,,,5.4545,3209.0,3711.0,62.0,2931.0,3017.0,54.0,278.0,694.0,8.0,0.0,1.0,0.0,0.0,1.0,0.0,5029.0,5795.0,94.0,4292.0,4723.0,83.0,737.0,1072.0,11.0,0.0,5.0,0.0,0.0,1.0,2.0,6827.0,8346.0,132.0,6096.0,6890.0,108.0,731.0,1456.0,24.0,0.0,6.0,0.0,0.0,2.0,2.0,8576.0,11061.0,156.0,7402.0,8558.0,120.0,1174.0,2503.0,36.0,0.0,13.0,0.0,0.0,2.0,4.0
ESPORTSTMNT05_3220201,complete,,EM,2023,Spring,0,2023-04-07 19:29:55,3,13.06,8,Red,mid,Eika,oe:player:adfab52b74587bc5acc4201c140451a,Aegis,oe:team:e3a29387c70230d76837b86c2aefd14,Orianna,Gragas,Annie,Lillia,Ahri,Gwen,,,,,,1826,1,5,0,15,23,6,1.0,0.0,0.0,0.0,0.0,0.0,0.0,0.0,0.7558,0.9529,,,,,,,,,,,,,,,,,,,,,0.0,0.0,,,,,,,,0.0,0.0,19500.0,640.7448,0.23665,300.1972,384.3812,13.0,0.4272,4.0,0.1314,5.0,35.0,1.1501,13746,9745,320.2081,0.246788,12575.0,,,281.0,257.0,24.0,,,9.2333,3217.0,4898.0,93.0,3264.0,4985.0,91.0,-47.0,-87.0,2.0,0.0,0.0,0.0,0.0,0.0,0.0,5964.0,7888.0,153.0,4872.0,7870.0,144.0,1092.0,18.0,9.0,2.0,2.0,0.0,0.0,0.0,0.0,8159.0,10192.0,197.0,6694.0,10263.0,192.0,1465.0,-71.0,5.0,2.0,2.0,0.0,0.0,0.0,1.0,10377.0,13506.0,241.0,8298.0,12230.0,220.0,2079.0,1276.0,21.0,3.0,8.0,0.0,0.0,0.0,2.0
ESPORTSTMNT05_3220201,complete,,EM,2023,Spring,0,2023-04-07 19:29:55,3,13.06,9,Red,bot,Shiganari,oe:player:90704735ca9fc01f2244f23f6e5d635,Aegis,oe:team:e3a29387c70230d76837b86c2aefd14,Sivir,Gragas,Annie,Lillia,Ahri,Gwen,,,,,,1826,1,14,1,5,23,6,4.0,3.0,1.0,1.0,0.0,0.0,0.0,0.0,0.7558,0.9529,,,,,,,,,,,,,,,,,,,,,1.0,0.0,,,,,,,,1.0,0.0,31363.0,1030.5476,0.380619,272.333,159.6605,12.0,0.3943,5.0,0.1643,3.0,35.0,1.1501,16241,12240,402.1906,0.30997,13925.0,,,278.0,262.0,16.0,,,9.1347,2780.0,2743.0,61.0,3608.0,3082.0,80.0,-828.0,-339.0,-19.0,0.0,0.0,1.0,1.0,1.0,0.0,5140.0,5432.0,109.0,5733.0,5722.0,144.0,-593.0,-290.0,-35.0,2.0,1.0,1.0,1.0,2.0,1.0,7352.0,8349.0,170.0,8028.0,8191.0,201.0,-676.0,158.0,-31.0,2.0,1.0,1.0,1.0,3.0,1.0,11338.0,10851.0,212.0,10101.0,11507.0,254.0,1237.0,-656.0,-42.0,8.0,2.0,1.0,1.0,3.0,2.0
ESPORTSTMNT05_3220201,complete,,EM,2023,Spring,0,2023-04-07 19:29:55,3,13.06,10,Red,sup,Hantera,oe:player:de1fb222dafded7d06b10df578fdd0e,Aegis,oe:team:e3a29387c70230d76837b86c2aefd14,Rakan,Gragas,Annie,Lillia,Ahri,Gwen,,,,,,1826,1,1,3,19,23,6,0.0,0.0,0.0,0.0,0.0,0.0,0.0,0.0,0.7558,0.9529,,,,,,,,,,,,,,,,,,,,,0.0,0.0,,,,,,,,0.0,0.0,4617.0,151.7087,0.0560316,325.7284,502.0811,51.0,1.6758,13.0,0.4272,15.0,94.0,3.0887,7694,3693,121.3472,0.0935293,6425.0,,,35.0,35.0,0.0,,,1.1501,2024.0,2536.0,14.0,2369.0,2058.0,12.0,-345.0,478.0,2.0,0.0,0.0,1.0,1.0,1.0,0.0,3402.0,3561.0,22.0,3342.0,3049.0,18.0,60.0,512.0,4.0,0.0,4.0,2.0,1.0,1.0,1.0,4698.0,4850.0,27.0,4496.0,4106.0,22.0,202.0,744.0,5.0,1.0,4.0,2.0,1.0,2.0,1.0,5834.0,6887.0,31.0,5747.0,6190.0,30.0,87.0,697.0,1.0,1.0,11.0,2.0,1.0,2.0,2.0
ESPORTSTMNT05_3220201,complete,,EM,2023,Spring,0,2023-04-07 19:29:55,3,13.06,100,Blue,team,,,Partizan Esports,oe:team:e42ade212c09777da0f54bffe481f6d,,Aphelios,Wukong,Vi,Cassiopeia,Malphite,Xayah,Xin Zhao,Nautilus,Cho'Gath,Lissandra,1826,0,6,23,13,6,23,0.0,0.0,0.0,0.0,0.0,,,,0.1972,0.9529,0.0,0.0,4.0,0.0,4.0,0.0,0.0,0.0,0.0,0.0,0.0,,0.0,0.0,0.0,1.0,1.0,,,1.0,1.0,1.0,0.0,3.0,9.0,0.0,0.0,1.0,4.0,0.0,1.0,47172.0,1550.011,,3621.3582,3138.7295,83.0,2.7273,41.0,1.3472,29.0,240.0,7.8861,48923,28920,950.2738,,47775.0,-0.112779,-1.26,,780.0,156.0,,,30.7558,15239.0,17763.0,312.0,15333.0,19127.0,320.0,-94.0,-1364.0,-8.0,2.0,3.0,2.0,2.0,1.0,2.0,23221.0,28946.0,512.0,25638.0,30451.0,513.0,-2417.0,-1505.0,-1.0,3.0,4.0,6.0,6.0,16.0,3.0,32603.0,39549.0,680.0,34564.0,41548.0,698.0,-1961.0,-1999.0,-18.0,4.0,7.0,7.0,7.0,17.0,4.0,40420.0,50742.0,808.0,45126.0,54639.0,836.0,-4706.0,-3897.0,-28.0,4.0,7.0,14.0,14.0,45.0,4.0
ESPORTSTMNT05_3220201,complete,,EM,2023,Spring,0,2023-04-07 19:29:55,3,13.06,200,Red,team,,,Aegis,oe:team:e3a29387c70230d76837b86c2aefd14,,Gragas,Annie,Lillia,Ahri,Gwen,Rakan,Jarvan IV,Sivir,Sion,Orianna,1826,1,23,6,74,23,6,5.0,3.0,1.0,1.0,1.0,,,,0.7558,0.9529,1.0,4.0,0.0,4.0,0.0,1.0,1.0,0.0,0.0,2.0,0.0,,0.0,0.0,1.0,1.0,1.0,,,0.0,1.0,1.0,1.0,9.0,3.0,1.0,1.0,4.0,1.0,1.0,0.0,82400.0,2707.5575,,2372.8916,4082.3001,95.0,3.1216,36.0,1.1829,36.0,242.0,7.9518,59492,39489,1297.5575,,53485.0,0.112779,1.26,,768.0,198.0,,,31.7415,15333.0,19127.0,320.0,15239.0,17763.0,312.0,94.0,1364.0,8.0,2.0,1.0,2.0,2.0,3.0,2.0,25638.0,30451.0,513.0,23221.0,28946.0,512.0,2417.0,1505.0,1.0,6.0,16.0,3.0,3.0,4.0,6.0,34564.0,41548.0,698.0,32603.0,39549.0,680.0,1961.0,1999.0,18.0,7.0,17.0,4.0,4.0,7.0,7.0,45126.0,54639.0,836.0,40420.0,50742.0,808.0,4706.0,3897.0,28.0,14.0,45.0,4.0,4.0,7.0,14.0
ESPORTSTMNT05_3221199,complete,,EM,2023,Spring,0,2023-04-07 19:51:13,3,13.06,1,Blue,top,Eyliph,oe:player:4b20700639bada36a5a58cc4a8e7135,Anorthosis Famagusta Esports,oe:team:5f1bc4a914b49c7b7ff4c2f1b8d8df9,Malphite,Annie,Lee Sin,Gragas,Olaf,Cho'Gath,,,,,,1724,1,0,2,9,21,9,0.0,0.0,0.0,0.0,0.0,0.0,0.0,0.0,0.7309,1.0441,,,,,,,,,,,,,,,,,,,,,0.0,0.0,,,,,,,,0.0,0.0,8857.0,308.2483,0.149756,432.4246,872.0882,15.0,0.522,7.0,0.2436,6.0,40.0,1.3921,10417,6624,230.5336,0.151425,8950.0,,,204.0,199.0,5.0,,,7.0998,3026.0,4990.0,76.0,3538.0,5150.0,102.0,-512.0,-160.0,-26.0,0.0,0.0,0.0,0.0,0.0,0.0,4620.0,7115.0,109.0,5077.0,7484.0,133.0,-457.0,-369.0,-24.0,0.0,2.0,2.0,0.0,1.0,2.0,6332.0,9855.0,152.0,7023.0,9776.0,178.0,-691.0,79.0,-26.0,0.0,2.0,2.0,0.0,1.0,2.0,8446.0,13547.0,180.0,8810.0,12357.0,228.0,-364.0,1190.0,-48.0,0.0,7.0,2.0,0.0,1.0,5.0
ESPORTSTMNT05_3221199,complete,,EM,2023,Spring,0,2023-04-07 19:51:13,3,13.06,2,Blue,jng,SPOOKY,oe:player:11389d6d8a29729807c3cf528a98050,Anorthosis Famagusta Esports,oe:team:5f1bc4a914b49c7b7ff4c2f1b8d8df9,Vi,Annie,Lee Sin,Gragas,Olaf,Cho'Gath,,,,,,1724,1,8,4,4,21,9,2.0,0.0,0.0,0.0,1.0,1.0,0.0,0.0,0.7309,1.0441,,,,,,,,,,,,,,,,,,,,,1.0,0.0,,,,,,,,1.0,0.0,11560.0,402.3202,0.195458,680.9165,1136.2413,3.0,0.1044,7.0,0.2436,4.0,37.0,1.2877,13452,9659,336.1601,0.220801,12300.0,,,180.0,30.0,150.0,,,6.2645,3934.0,3579.0,61.0,3883.0,3495.0,65.0,51.0,84.0,-4.0,2.0,0.0,2.0,2.0,1.0,1.0,6287.0,5066.0,73.0,5401.0,5258.0,88.0,886.0,-192.0,-15.0,4.0,1.0,4.0,2.0,5.0,2.0,8515.0,8015.0,113.0,6640.0,6855.0,115.0,1875.0,1160.0,-2.0,5.0,1.0,4.0,2.0,5.0,4.0,11282.0,11862.0,162.0,7710.0,8232.0,130.0,3572.0,3630.0,32.0,7.0,2.0,4.0,2.0,5.0,5.0
ESPORTSTMNT05_3221199,complete,,EM,2023,Spring,0,2023-04-07 19:51:13,3,13.06,3,Blue,mid,HAWHAW,oe:player:ae06413dcf80aa496ab8448d8ea586f,Anorthosis Famagusta Esports,oe:team:5f1bc4a914b49c7b7ff4c2f1b8d8df9,Ekko,Annie,Lee Sin,Gragas,Olaf,Cho'Gath,,,,,,1724,1,7,0,6,21,9,0.0,0.0,0.0,0.0,0.0,0.0,0.0,0.0,0.7309,1.0441,,,,,,,,,,,,,,,,,,,,,1.0,0.0,,,,,,,,0.0,0.0,21005.0,731.0325,0.355156,626.6589,501.5429,9.0,0.3132,3.0,0.1044,2.0,23.0,0.8005,15169,11376,395.9165,0.26005,13500.0,,,286.0,249.0,37.0,,,9.9536,3809.0,4677.0,80.0,3568.0,4719.0,84.0,241.0,-42.0,-4.0,2.0,0.0,0.0,1.0,1.0,0.0,7158.0,8263.0,146.0,6477.0,7874.0,142.0,681.0,389.0,4.0,2.0,2.0,0.0,4.0,4.0,0.0,9638.0,10998.0,196.0,8358.0,11025.0,196.0,1280.0,-27.0,0.0,3.0,3.0,0.0,4.0,4.0,0.0,12685.0,16238.0,256.0,10059.0,13500.0,245.0,2626.0,2738.0,11.0,5.0,4.0,0.0,4.0,4.0,0.0
ESPORTSTMNT05_3221199,complete,,EM,2023,Spring,0,2023-04-07 19:51:13,3,13.06,4,Blue,bot,GOLDENTO4ST,oe:player:5c58c2e986e8aec0ee6f2465823349a,Anorthosis Famagusta Esports,oe:team:5f1bc4a914b49c7b7ff4c2f1b8d8df9,Xayah,Annie,Lee Sin,Gragas,Olaf,Cho'Gath,,,,,,1724,1,3,1,5,21,9,0.0,0.0,0.0,0.0,0.0,0.0,0.0,0.0,0.7309,1.0441,,,,,,,,,,,,,,,,,,,,,0.0,0.0,,,,,,,,0.0,0.0,10581.0,368.2483,0.178905,364.8028,182.7494,14.0,0.4872,7.0,0.2436,5.0,33.0,1.1485,12946,9153,318.5499,0.209235,10925.0,,,291.0,271.0,20.0,,,10.1276,3329.0,3533.0,88.0,2876.0,2868.0,68.0,453.0,665.0,20.0,0.0,1.0,0.0,0.0,0.0,1.0,5324.0,5787.0,132.0,5680.0,5478.0,122.0,-356.0,309.0,10.0,1.0,1.0,1.0,2.0,2.0,1.0,7614.0,8710.0,190.0,7529.0,7218.0,173.0,85.0,1492.0,17.0,1.0,1.0,1.0,2.0,2.0,1.0,10433.0,12769.0,250.0,9106.0,8932.0,213.0,1327.0,3837.0,37.0,2.0,3.0,1.0,2.0,2.0,2.0
ESPORTSTMNT05_3221199,complete,,EM,2023,Spring,0,2023-04-07 19:51:13,3,13.06,5,Blue,sup,iLEVI,oe:player:b226880189cb11f7da7a0c86544b556,Anorthosis Famagusta Esports,oe:team:5f1bc4a914b49c7b7ff4c2f1b8d8df9,Pyke,Annie,Lee Sin,Gragas,Olaf,Cho'Gath,,,,,,1724,1,3,2,12,21,9,0.0,0.0,0.0,0.0,1.0,0.0,1.0,0.0,0.7309,1.0441,,,,,,,,,,,,,,,,,,,,,0.0,0.0,,,,,,,,0.0,0.0,7140.0,248.4919,0.120724,385.9281,243.7239,75.0,2.6102,29.0,1.0093,15.0,158.0,5.4988,10726,6933,241.2877,0.158489,9450.0,,,47.0,47.0,0.0,,,1.6357,3047.0,2549.0,17.0,2199.0,2179.0,19.0,848.0,370.0,-2.0,0.0,4.0,1.0,0.0,1.0,2.0,4413.0,3420.0,22.0,3771.0,3844.0,24.0,642.0,-424.0,-2.0,0.0,5.0,2.0,1.0,5.0,2.0,5746.0,4487.0,32.0,4755.0,5097.0,28.0,991.0,-610.0,4.0,0.0,7.0,2.0,1.0,5.0,2.0,8246.0,6871.0,41.0,5559.0,6510.0,31.0,2687.0,361.0,10.0,1.0,9.0,2.0,1.0,5.0,3.0
ESPORTSTMNT05_3221199,complete,,EM,2023,Spring,0,2023-04-07 19:51:13,3,13.06,6,Red,top,HeSSZero,oe:player:a2694196d288cd26055602729d0bb5c,WLGaming Esports,oe:team:b19ab22267512e77945cd498106dcf1,Gwen,Zilean,Rell,Rakan,Kai'Sa,Varus,,,,,,1724,0,0,6,1,9,21,0.0,0.0,0.0,0.0,0.0,0.0,0.0,0.0,0.3132,1.0441,,,,,,,,,,,,,,,,,,,,,0.0,0.0,,,,,,,,0.0,0.0,13897.0,483.6543,0.274076,821.3109,668.2831,14.0,0.4872,6.0,0.2088,7.0,29.0,1.0093,9631,5838,203.1787,0.217526,9575.0,,,241.0,229.0,12.0,,,8.3875,3538.0,5150.0,102.0,3026.0,4990.0,76.0,512.0,160.0,26.0,0.0,0.0,0.0,0.0,0.0,0.0,5077.0,7484.0,133.0,4620.0,7115.0,109.0,457.0,369.0,24.0,0.0,1.0,2.0,0.0,2.0,2.0,7023.0,9776.0,178.0,6332.0,9855.0,152.0,691.0,-79.0,26.0,0.0,1.0,2.0,0.0,2.0,2.0,8810.0,12357.0,228.0,8446.0,13547.0,180.0,364.0,-1190.0,48.0,0.0,1.0,5.0,0.0,7.0,2.0
ESPORTSTMNT05_3221199,complete,,EM,2023,Spring,0,2023-04-07 19:51:13,3,13.06,7,Red,jng,Bruness,oe:player:7471c21aed615dae3e49140eca8ce89,WLGaming Esports,oe:team:b19ab22267512e77945cd498106dcf1,Xin Zhao,Zilean,Rell,Rakan,Kai'Sa,Varus,,,,,,1724,0,2,7,5,9,21,1.0,0.0,0.0,0.0,0.0,0.0,0.0,0.0,0.3132,1.0441,,,,,,,,,,,,,,,,,,,,,0.0,1.0,,,,,,,,0.0,1.0,7420.0,258.2367,0.146337,1089.7448,590.9513,12.0,0.4176,8.0,0.2784,9.0,33.0,1.1485,8457,4664,162.3202,0.173786,7525.0,,,138.0,16.0,122.0,,,4.8028,3883.0,3495.0,65.0,3934.0,3579.0,61.0,-51.0,-84.0,4.0,2.0,1.0,1.0,2.0,0.0,2.0,5401.0,5258.0,88.0,6287.0,5066.0,73.0,-886.0,192.0,15.0,2.0,5.0,2.0,4.0,1.0,4.0,6640.0,6855.0,115.0,8515.0,8015.0,113.0,-1875.0,-1160.0,2.0,2.0,5.0,4.0,5.0,1.0,4.0,7710.0,8232.0,130.0,11282.0,11862.0,162.0,-3572.0,-3630.0,-32.0,2.0,5.0,5.0,7.0,2.0,4.0
ESPORTSTMNT05_3221199,complete,,EM,2023,Spring,0,2023-04-07 19:51:13,3,13.06,8,Red,mid,Vladi,oe:player:367fecc4cb53a8234abbd9f283b7997,WLGaming Esports,oe:team:b19ab22267512e77945cd498106dcf1,Viktor,Zilean,Rell,Rakan,Kai'Sa,Varus,,,,,,1724,0,4,1,4,9,21,1.0,0.0,0.0,0.0,0.0,0.0,0.0,0.0,0.3132,1.0441,,,,,,,,,,,,,,,,,,,,,0.0,1.0,,,,,,,,0.0,0.0,13983.0,486.6473,0.275772,282.355,240.0,16.0,0.5568,5.0,0.174,7.0,27.0,0.9397,11289,7496,260.8817,0.279299,11479.0,,,274.0,263.0,11.0,,,9.536,3568.0,4719.0,84.0,3809.0,4677.0,80.0,-241.0,42.0,4.0,1.0,1.0,0.0,2.0,0.0,0.0,6477.0,7874.0,142.0,7158.0,8263.0,146.0,-681.0,-389.0,-4.0,4.0,4.0,0.0,2.0,2.0,0.0,8358.0,11025.0,196.0,9638.0,10998.0,196.0,-1280.0,27.0,0.0,4.0,4.0,0.0,3.0,3.0,0.0,10059.0,13500.0,245.0,12685.0,16238.0,256.0,-2626.0,-2738.0,-11.0,4.0,4.0,0.0,5.0,4.0,0.0
ESPORTSTMNT05_3221199,complete,,EM,2023,Spring,0,2023-04-07 19:51:13,3,13.06,9,Red,bot,Jeyrus,oe:player:c5050bf5abf900c6beaed313da57213,WLGaming Esports,oe:team:b19ab22267512e77945cd498106dcf1,Jinx,Zilean,Rell,Rakan,Kai'Sa,Varus,,,,,,1724,0,2,2,2,9,21,0.0,0.0,0.0,0.0,0.0,0.0,0.0,1.0,0.3132,1.0441,,,,,,,,,,,,,,,,,,,,,0.0,0.0,,,,,,,,0.0,0.0,11743.0,408.6891,0.231595,204.1879,86.4153,12.0,0.4176,10.0,0.348,4.0,41.0,1.4269,10301,6508,226.4965,0.242489,9850.0,,,241.0,233.0,8.0,,,8.3875,2876.0,2868.0,68.0,3329.0,3533.0,88.0,-453.0,-665.0,-20.0,0.0,0.0,1.0,0.0,1.0,0.0,5680.0,5478.0,122.0,5324.0,5787.0,132.0,356.0,-309.0,-10.0,2.0,2.0,1.0,1.0,1.0,1.0,7529.0,7218.0,173.0,7614.0,8710.0,190.0,-85.0,-1492.0,-17.0,2.0,2.0,1.0,1.0,1.0,1.0,9106.0,8932.0,213.0,10433.0,12769.0,250.0,-1327.0,-3837.0,-37.0,2.0,2.0,2.0,2.0,3.0,1.0
ESPORTSTMNT05_3221199,complete,,EM,2023,Spring,0,2023-04-07 19:51:13,3,13.06,10,Red,sup,Bananitoo,oe:player:148e116847c069d852ad0696d4180fe,WLGaming Esports,oe:team:b19ab22267512e77945cd498106dcf1,Nautilus,Zilean,Rell,Rakan,Kai'Sa,Varus,,,,,,1724,0,1,5,5,9,21,0.0,0.0,0.0,0.0,0.0,0.0,0.0,0.0,0.3132,1.0441,,,,,,,,,,,,,,,,,,,,,0.0,0.0,,,,,,,,0.0,0.0,3662.0,127.4478,0.0722217,453.2019,523.8515,38.0,1.3225,8.0,0.2784,12.0,57.0,1.9838,6125,2332,81.1601,0.086901,5800.0,,,33.0,33.0,0.0,,,1.1485,2199.0,2179.0,19.0,3047.0,2549.0,17.0,-848.0,-370.0,2.0,0.0,1.0,2.0,0.0,4.0,1.0,3771.0,3844.0,24.0,4413.0,3420.0,22.0,-642.0,424.0,2.0,1.0,5.0,2.0,0.0,5.0,2.0,4755.0,5097.0,28.0,5746.0,4487.0,32.0,-991.0,610.0,-4.0,1.0,5.0,2.0,0.0,7.0,2.0,5559.0,6510.0,31.0,8246.0,6871.0,41.0,-2687.0,-361.0,-10.0,1.0,5.0,3.0,1.0,9.0,2.0
ESPORTSTMNT05_3221199,complete,,EM,2023,Spring,0,2023-04-07 19:51:13,3,13.06,100,Blue,team,,,Anorthosis Famagusta Esports,oe:team:5f1bc4a914b49c7b7ff4c2f1b8d8df9,,Annie,Lee Sin,Gragas,Olaf,Cho'Gath,Vi,Ekko,Pyke,Xayah,Malphite,1724,1,21,9,36,21,9,2.0,0.0,0.0,0.0,1.0,,,,0.7309,1.0441,0.0,2.0,2.0,2.0,2.0,2.0,0.0,0.0,0.0,0.0,0.0,,0.0,0.0,1.0,2.0,0.0,,,1.0,2.0,0.0,1.0,10.0,1.0,1.0,1.0,5.0,4.0,1.0,0.0,59143.0,2058.3411,,2490.7309,2936.3457,116.0,4.0371,53.0,1.8445,32.0,291.0,10.1276,62710,43747,1522.5174,,55125.0,0.219337,2.59,,796.0,212.0,,,35.0812,17145.0,19328.0,322.0,16064.0,18411.0,338.0,1081.0,917.0,-16.0,4.0,5.0,3.0,3.0,3.0,4.0,27802.0,29651.0,482.0,26406.0,29938.0,509.0,1396.0,-287.0,-27.0,7.0,11.0,9.0,9.0,17.0,7.0,37845.0,42065.0,683.0,34305.0,39971.0,690.0,3540.0,2094.0,-7.0,9.0,14.0,9.0,9.0,17.0,9.0,51092.0,61287.0,889.0,41244.0,49531.0,847.0,9848.0,11756.0,42.0,15.0,25.0,9.0,9.0,17.0,15.0
ESPORTSTMNT05_3221199,complete,,EM,2023,Spring,0,2023-04-07 19:51:13,3,13.06,200,Red,team,,,WLGaming Esports,oe:team:b19ab22267512e77945cd498106dcf1,,Zilean,Rell,Rakan,Kai'Sa,Varus,Jinx,Viktor,Nautilus,Xin Zhao,Gwen,1724,0,9,21,17,9,21,2.0,0.0,0.0,0.0,0.0,,,,0.3132,1.0441,1.0,2.0,2.0,2.0,2.0,0.0,0.0,1.0,0.0,1.0,0.0,,0.0,0.0,0.0,0.0,2.0,,,0.0,0.0,2.0,0.0,1.0,10.0,0.0,0.0,4.0,5.0,0.0,1.0,50705.0,1764.6752,,2850.8005,2109.5012,92.0,3.2019,37.0,1.2877,39.0,187.0,6.5081,45803,26840,934.1067,,44229.0,-0.219337,-2.59,,774.0,153.0,,,32.2622,16064.0,18411.0,338.0,17145.0,19328.0,322.0,-1081.0,-917.0,16.0,3.0,3.0,4.0,4.0,5.0,3.0,26406.0,29938.0,509.0,27802.0,29651.0,482.0,-1396.0,287.0,27.0,9.0,17.0,7.0,7.0,11.0,9.0,34305.0,39971.0,690.0,37845.0,42065.0,683.0,-3540.0,-2094.0,7.0,9.0,17.0,9.0,9.0,14.0,9.0,41244.0,49531.0,847.0,51092.0,61287.0,889.0,-9848.0,-11756.0,-42.0,9.0,17.0,15.0,15.0,25.0,9.0
ESPORTSTMNT05_3220304,complete,,EM,2023,Spring,0,2023-04-11 15:00:52,1,13.06,1,Blue,top,JNX,oe:player:4bb53c6fa9f5d75901136feb8bdf817,SK Gaming Prime,oe:team:aa8c3b781d96ddb7a24ab3240918988,K'Sante,LeBlanc,Annie,Xayah,Renata Glasc,Jax,,,,,,2205,0,2,5,6,10,22,0.0,0.0,0.0,0.0,0.0,0.0,0.0,0.0,0.2721,0.8707,,,,,,,,,,,,,,,,,,,,,0.0,0.0,,,,,,,,0.0,0.0,8844.0,240.6531,0.164106,644.8707,891.2381,20.0,0.5442,8.0,0.2177,7.0,63.0,1.7143,12800,8026,218.3946,0.202467,12675.0,,,264.0,264.0,0.0,,,7.1837,3003.0,4618.0,78.0,3912.0,4963.0,91.0,-909.0,-345.0,-13.0,0.0,0.0,1.0,1.0,0.0,0.0,4918.0,7932.0,138.0,7353.0,8153.0,150.0,-2435.0,-221.0,-12.0,0.0,0.0,1.0,1.0,0.0,0.0,6333.0,10115.0,171.0,9301.0,10907.0,187.0,-2968.0,-792.0,-16.0,0.0,0.0,1.0,2.0,0.0,0.0,7849.0,11877.0,198.0,12878.0,14843.0,232.0,-5029.0,-2966.0,-34.0,0.0,1.0,2.0,5.0,0.0,0.0
ESPORTSTMNT05_3220304,complete,,EM,2023,Spring,0,2023-04-11 15:00:52,1,13.06,2,Blue,jng,Lurox,oe:player:6fc5fe723eed4ba4c230292be365c66,SK Gaming Prime,oe:team:aa8c3b781d96ddb7a24ab3240918988,Wukong,LeBlanc,Annie,Xayah,Renata Glasc,Jax,,,,,,2205,0,1,5,6,10,22,0.0,0.0,0.0,0.0,0.0,0.0,0.0,0.0,0.2721,0.8707,,,,,,,,,,,,,,,,,,,,,0.0,2.0,,,,,,,,0.0,0.0,4867.0,132.4354,0.0903103,843.2381,909.9864,8.0,0.2177,15.0,0.4082,9.0,69.0,1.8776,10075,5301,144.2449,0.133727,9600.0,,,181.0,18.0,163.0,,,4.9252,3159.0,2914.0,57.0,3300.0,3151.0,55.0,-141.0,-237.0,2.0,1.0,0.0,0.0,0.0,3.0,0.0,4440.0,4727.0,85.0,4885.0,4872.0,81.0,-445.0,-145.0,4.0,1.0,0.0,1.0,0.0,4.0,0.0,5790.0,6853.0,115.0,6376.0,7160.0,107.0,-586.0,-307.0,8.0,1.0,0.0,1.0,0.0,4.0,0.0,7291.0,8996.0,139.0,7656.0,8792.0,115.0,-365.0,204.0,24.0,1.0,2.0,2.0,0.0,5.0,1.0
ESPORTSTMNT05_3220304,complete,,EM,2023,Spring,0,2023-04-11 15:00:52,1,13.06,3,Blue,mid,FEBIVEN,oe:player:d62421836c8b27dc3ffaffa058b8098,SK Gaming Prime,oe:team:aa8c3b781d96ddb7a24ab3240918988,Ahri,LeBlanc,Annie,Xayah,Renata Glasc,Jax,,,,,,2205,0,2,4,5,10,22,0.0,0.0,0.0,0.0,0.0,0.0,0.0,1.0,0.2721,0.8707,,,,,,,,,,,,,,,,,,,,,0.0,0.0,,,,,,,,0.0,1.0,18981.0,516.4898,0.352204,514.8844,325.7687,28.0,0.7619,10.0,0.2721,10.0,61.0,1.6599,14802,10028,272.8707,0.252969,13200.0,,,367.0,359.0,8.0,,,9.9864,3392.0,4617.0,90.0,3406.0,4775.0,91.0,-14.0,-158.0,-1.0,0.0,0.0,1.0,0.0,1.0,0.0,5413.0,7657.0,152.0,5603.0,7631.0,152.0,-190.0,26.0,0.0,0.0,0.0,1.0,1.0,1.0,0.0,7467.0,10871.0,214.0,7569.0,10413.0,203.0,-102.0,458.0,11.0,0.0,0.0,2.0,1.0,1.0,0.0,9747.0,13520.0,264.0,10622.0,14243.0,248.0,-875.0,-723.0,16.0,0.0,1.0,2.0,2.0,4.0,0.0
ESPORTSTMNT05_3220304,complete,,EM,2023,Spring,0,2023-04-11 15:00:52,1,13.06,4,Blue,bot,Keduii,oe:player:44189e6dc3089dbf9520de800fa705a,SK Gaming Prime,oe:team:aa8c3b781d96ddb7a24ab3240918988,Tristana,LeBlanc,Annie,Xayah,Renata Glasc,Jax,,,,,,2205,0,3,3,6,10,22,0.0,0.0,0.0,0.0,0.0,0.0,0.0,0.0,0.2721,0.8707,,,,,,,,,,,,,,,,,,,,,0.0,0.0,,,,,,,,0.0,0.0,16500.0,448.9796,0.306168,591.8912,359.0748,12.0,0.3265,18.0,0.4898,2.0,56.0,1.5238,17719,12945,352.2449,0.326553,17600.0,,,401.0,337.0,64.0,,,10.9116,3626.0,3278.0,80.0,3876.0,2908.0,82.0,-250.0,370.0,-2.0,0.0,1.0,0.0,2.0,0.0,0.0,5965.0,5840.0,137.0,5539.0,5340.0,132.0,426.0,500.0,5.0,0.0,1.0,0.0,2.0,0.0,0.0,7804.0,8109.0,189.0,7365.0,6990.0,181.0,439.0,1119.0,8.0,0.0,1.0,0.0,2.0,0.0,0.0,10779.0,10975.0,251.0,9727.0,10194.0,239.0,1052.0,781.0,12.0,2.0,1.0,1.0,2.0,1.0,0.0
ESPORTSTMNT05_3220304,complete,,EM,2023,Spring,0,2023-04-11 15:00:52,1,13.06,5,Blue,sup,Prime,oe:player:e038414b765a8bda52e602f7eaeff04,SK Gaming Prime,oe:team:aa8c3b781d96ddb7a24ab3240918988,Nautilus,LeBlanc,Annie,Xayah,Renata Glasc,Jax,,,,,,2205,0,2,5,7,10,22,0.0,0.0,0.0,0.0,0.0,0.0,0.0,0.0,0.2721,0.8707,,,,,,,,,,,,,,,,,,,,,0.0,0.0,,,,,,,,0.0,0.0,4700.0,127.8912,0.0872115,340.0,390.0952,70.0,1.9048,16.0,0.4354,21.0,127.0,3.4558,8115,3341,90.9116,0.0842843,8275.0,,,38.0,38.0,0.0,,,1.034,2334.0,2252.0,17.0,2336.0,2349.0,18.0,-2.0,-97.0,-1.0,0.0,1.0,1.0,0.0,2.0,1.0,3478.0,3602.0,28.0,3496.0,3351.0,29.0,-18.0,251.0,-1.0,0.0,1.0,1.0,0.0,3.0,1.0,4335.0,4323.0,31.0,4536.0,4818.0,36.0,-201.0,-495.0,-5.0,0.0,1.0,1.0,0.0,3.0,1.0,5362.0,5749.0,35.0,5905.0,6735.0,41.0,-543.0,-986.0,-6.0,0.0,3.0,2.0,0.0,4.0,2.0
ESPORTSTMNT05_3220304,complete,,EM,2023,Spring,0,2023-04-11 15:00:52,1,13.06,6,Red,top,Ragner,oe:player:c0f78343a2ad4ba1463245d53a3b440,Team GO,oe:team:8d538207b9de9d20e1a525aae593515,Kennen,Vi,Kalista,Rakan,Sion,Olaf,,,,,,2205,1,7,4,4,22,10,2.0,0.0,0.0,0.0,0.0,0.0,0.0,0.0,0.5986,0.8707,,,,,,,,,,,,,,,,,,,,,0.0,0.0,,,,,,,,0.0,0.0,23887.0,649.9864,0.303381,547.6735,452.2177,18.0,0.4898,7.0,0.1905,5.0,43.0,1.1701,18636,13862,377.1973,0.275399,17775.0,,,322.0,314.0,8.0,,,8.7619,3912.0,4963.0,91.0,3003.0,4618.0,78.0,909.0,345.0,13.0,1.0,0.0,0.0,0.0,0.0,1.0,7353.0,8153.0,150.0,4918.0,7932.0,138.0,2435.0,221.0,12.0,1.0,0.0,0.0,0.0,0.0,1.0,9301.0,10907.0,187.0,6333.0,10115.0,171.0,2968.0,792.0,16.0,2.0,0.0,0.0,0.0,0.0,1.0,12878.0,14843.0,232.0,7849.0,11877.0,198.0,5029.0,2966.0,34.0,5.0,0.0,0.0,0.0,1.0,2.0
ESPORTSTMNT05_3220304,complete,,EM,2023,Spring,0,2023-04-11 15:00:52,1,13.06,7,Red,jng,Lyncas,oe:player:ca9701f085966dfca32e31b1b1e9d55,Team GO,oe:team:8d538207b9de9d20e1a525aae593515,Maokai,Vi,Kalista,Rakan,Sion,Olaf,,,,,,2205,1,0,3,13,22,10,0.0,0.0,0.0,0.0,1.0,0.0,1.0,0.0,0.5986,0.8707,,,,,,,,,,,,,,,,,,,,,2.0,0.0,,,,,,,,0.0,0.0,5812.0,158.1497,0.0738163,848.7619,1214.1497,15.0,0.4082,8.0,0.2177,13.0,53.0,1.4422,10898,6124,166.6395,0.121669,9250.0,,,134.0,17.0,117.0,,,3.6463,3300.0,3151.0,55.0,3159.0,2914.0,57.0,141.0,237.0,-2.0,0.0,3.0,0.0,1.0,0.0,0.0,4885.0,4872.0,81.0,4440.0,4727.0,85.0,445.0,145.0,-4.0,0.0,4.0,0.0,1.0,0.0,1.0,6376.0,7160.0,107.0,5790.0,6853.0,115.0,586.0,307.0,-8.0,0.0,4.0,0.0,1.0,0.0,1.0,7656.0,8792.0,115.0,7291.0,8996.0,139.0,365.0,-204.0,-24.0,0.0,5.0,1.0,1.0,2.0,2.0
ESPORTSTMNT05_3220304,complete,,EM,2023,Spring,0,2023-04-11 15:00:52,1,13.06,8,Red,mid,Toucouille,oe:player:525ac233cf71bc36a611e27a324144f,Team GO,oe:team:8d538207b9de9d20e1a525aae593515,Jayce,Vi,Kalista,Rakan,Sion,Olaf,,,,,,2205,1,7,1,9,22,10,2.0,0.0,0.0,0.0,1.0,0.0,1.0,0.0,0.5986,0.8707,,,,,,,,,,,,,,,,,,,,,0.0,0.0,,,,,,,,1.0,0.0,26921.0,732.5442,0.341915,361.1156,397.5782,20.0,0.5442,8.0,0.2177,6.0,52.0,1.415,17387,12613,343.2109,0.250585,16000.0,,,334.0,312.0,22.0,,,9.0884,3406.0,4775.0,91.0,3392.0,4617.0,90.0,14.0,158.0,1.0,0.0,1.0,0.0,0.0,0.0,1.0,5603.0,7631.0,152.0,5413.0,7657.0,152.0,190.0,-26.0,0.0,1.0,1.0,0.0,0.0,0.0,1.0,7569.0,10413.0,203.0,7467.0,10871.0,214.0,102.0,-458.0,-11.0,1.0,1.0,0.0,0.0,0.0,2.0,10622.0,14243.0,248.0,9747.0,13520.0,264.0,875.0,723.0,-16.0,2.0,4.0,0.0,0.0,1.0,2.0
ESPORTSTMNT05_3220304,complete,,EM,2023,Spring,0,2023-04-11 15:00:52,1,13.06,9,Red,bot,Jezu,oe:player:4817d93e8f26002377aec42233b3fc2,Team GO,oe:team:8d538207b9de9d20e1a525aae593515,Zeri,Vi,Kalista,Rakan,Sion,Olaf,,,,,,2205,1,8,0,7,22,10,2.0,0.0,0.0,0.0,1.0,1.0,0.0,0.0,0.5986,0.8707,,,,,,,,,,,,,,,,,,,,,0.0,0.0,,,,,,,,0.0,0.0,19739.0,537.1156,0.250699,346.7483,280.6531,15.0,0.4082,13.0,0.3537,6.0,46.0,1.2517,17794,13020,354.2857,0.258671,15100.0,,,364.0,330.0,34.0,,,9.9048,3876.0,2908.0,82.0,3626.0,3278.0,80.0,250.0,-370.0,2.0,2.0,0.0,0.0,0.0,1.0,0.0,5539.0,5340.0,132.0,5965.0,5840.0,137.0,-426.0,-500.0,-5.0,2.0,0.0,0.0,0.0,1.0,0.0,7365.0,6990.0,181.0,7804.0,8109.0,189.0,-439.0,-1119.0,-8.0,2.0,0.0,0.0,0.0,1.0,0.0,9727.0,10194.0,239.0,10779.0,10975.0,251.0,-1052.0,-781.0,-12.0,2.0,1.0,0.0,2.0,1.0,1.0
ESPORTSTMNT05_3220304,complete,,EM,2023,Spring,0,2023-04-11 15:00:52,1,13.06,10,Red,sup,kamilius,oe:player:7aa0aebd379414d25f1fcdc396407f1,Team GO,oe:team:8d538207b9de9d20e1a525aae593515,Braum,Vi,Kalista,Rakan,Sion,Olaf,,,,,,2205,1,0,2,16,22,10,0.0,0.0,0.0,0.0,1.0,0.0,1.0,0.0,0.5986,0.8707,,,,,,,,,,,,,,,,,,,,,0.0,0.0,,,,,,,,0.0,0.0,2377.0,64.6803,0.0301895,479.1565,564.5986,64.0,1.7415,23.0,0.6259,15.0,126.0,3.4286,9489,4715,128.2993,0.0936764,8525.0,,,49.0,49.0,0.0,,,1.3333,2336.0,2349.0,18.0,2334.0,2252.0,17.0,2.0,97.0,1.0,0.0,2.0,1.0,0.0,1.0,1.0,3496.0,3351.0,29.0,3478.0,3602.0,28.0,18.0,-251.0,1.0,0.0,3.0,1.0,0.0,1.0,1.0,4536.0,4818.0,36.0,4335.0,4323.0,31.0,201.0,495.0,5.0,0.0,3.0,1.0,0.0,1.0,1.0,5905.0,6735.0,41.0,5362.0,5749.0,35.0,543.0,986.0,6.0,0.0,4.0,2.0,0.0,3.0,2.0
ESPORTSTMNT05_3220304,complete,,EM,2023,Spring,0,2023-04-11 15:00:52,1,13.06,100,Blue,team,,,SK Gaming Prime,oe:team:aa8c3b781d96ddb7a24ab3240918988,,LeBlanc,Annie,Xayah,Renata Glasc,Jax,Wukong,Tristana,Nautilus,K'Sante,Ahri,2205,0,10,22,30,10,22,0.0,0.0,0.0,0.0,0.0,,,,0.2721,0.8707,1.0,3.0,2.0,3.0,2.0,0.0,1.0,1.0,0.0,1.0,0.0,,0.0,0.0,0.0,0.0,2.0,,,0.0,0.0,2.0,0.0,4.0,9.0,1.0,0.0,4.0,5.0,0.0,2.0,53892.0,1466.449,,2934.8844,2876.1633,138.0,3.7551,67.0,1.8231,49.0,376.0,10.2313,63511,39642,1078.6939,,61350.0,-0.0828125,-2.7,,1016.0,235.0,,,34.0408,15514.0,17679.0,322.0,16830.0,18146.0,337.0,-1316.0,-467.0,-15.0,1.0,2.0,3.0,3.0,6.0,1.0,24214.0,29758.0,540.0,26876.0,29347.0,544.0,-2662.0,411.0,-4.0,1.0,2.0,4.0,4.0,8.0,1.0,31729.0,40271.0,720.0,35147.0,40288.0,714.0,-3418.0,-17.0,6.0,1.0,2.0,5.0,5.0,8.0,1.0,41028.0,51117.0,887.0,46788.0,54807.0,875.0,-5760.0,-3690.0,12.0,3.0,8.0,9.0,9.0,14.0,3.0
ESPORTSTMNT05_3220304,complete,,EM,2023,Spring,0,2023-04-11 15:00:52,1,13.06,200,Red,team,,,Team GO,oe:team:8d538207b9de9d20e1a525aae593515,,Vi,Kalista,Rakan,Sion,Olaf,Maokai,Zeri,Jayce,Braum,Kennen,2205,1,22,10,49,22,10,6.0,0.0,0.0,0.0,1.0,,,,0.5986,0.8707,0.0,2.0,3.0,2.0,3.0,0.0,0.0,2.0,0.0,0.0,0.0,,0.0,0.0,1.0,2.0,0.0,,,1.0,2.0,0.0,1.0,9.0,4.0,0.0,1.0,5.0,4.0,2.0,0.0,78736.0,2142.4762,,2583.4558,2909.1973,132.0,3.5918,59.0,1.6054,45.0,320.0,8.7075,74204,50335,1369.6599,,66650.0,0.0828125,2.7,,1022.0,181.0,,,32.7347,16830.0,18146.0,337.0,15514.0,17679.0,322.0,1316.0,467.0,15.0,3.0,6.0,1.0,1.0,2.0,3.0,26876.0,29347.0,544.0,24214.0,29758.0,540.0,2662.0,-411.0,4.0,4.0,8.0,1.0,1.0,2.0,4.0,35147.0,40288.0,714.0,31729.0,40271.0,720.0,3418.0,17.0,-6.0,5.0,8.0,1.0,1.0,2.0,5.0,46788.0,54807.0,875.0,41028.0,51117.0,887.0,5760.0,3690.0,-12.0,9.0,14.0,3.0,3.0,8.0,9.0
ESPORTSTMNT05_3222286,complete,,EM,2023,Spring,0,2023-04-11 15:02:55,1,13.06,1,Blue,top,iBo,oe:player:4bdb80c84e25651b3d62742c0b61f6d,Los Heretics,oe:team:2dfc66b98002c5afad2a98dbf86e350,K'Sante,Sion,Zeri,Akali,Rell,Malphite,,,,,,1711,1,1,1,6,17,10,0.0,0.0,0.0,0.0,0.0,0.0,0.0,0.0,0.5961,0.9468,,,,,,,,,,,,,,,,,,,,,0.0,0.0,,,,,,,,0.0,0.0,9105.0,319.287,0.11868,560.5143,966.4874,17.0,0.5961,6.0,0.2104,8.0,44.0,1.543,11708,7942,278.5038,0.205746,10070.0,,,250.0,246.0,4.0,,,8.7668,3936.0,4670.0,91.0,3417.0,4780.0,92.0,519.0,-110.0,-1.0,0.0,1.0,0.0,0.0,0.0,0.0,5821.0,7145.0,137.0,5189.0,7214.0,140.0,632.0,-69.0,-3.0,0.0,1.0,0.0,0.0,0.0,0.0,7999.0,10203.0,193.0,7780.0,10363.0,200.0,219.0,-160.0,-7.0,0.0,2.0,1.0,0.0,1.0,0.0,9957.0,13157.0,222.0,9196.0,12227.0,233.0,761.0,930.0,-11.0,0.0,5.0,1.0,0.0,1.0,1.0
ESPORTSTMNT05_3222286,complete,,EM,2023,Spring,0,2023-04-11 15:02:55,1,13.06,2,Blue,jng,bluerzor,oe:player:0973ddfd8ce96a62e85badbe503d163,Los Heretics,oe:team:2dfc66b98002c5afad2a98dbf86e350,Wukong,Sion,Zeri,Akali,Rell,Malphite,,,,,,1711,1,4,0,6,17,10,0.0,0.0,0.0,0.0,0.0,0.0,0.0,0.0,0.5961,0.9468,,,,,,,,,,,,,,,,,,,,,1.0,0.0,,,,,,,,1.0,0.0,12979.0,455.1373,0.169176,835.301,999.8714,12.0,0.4208,10.0,0.3507,11.0,48.0,1.6832,11215,7449,261.2157,0.192974,10075.0,,,145.0,22.0,123.0,,,5.0847,3998.0,3387.0,56.0,3208.0,2977.0,52.0,790.0,410.0,4.0,1.0,0.0,0.0,0.0,3.0,1.0,5654.0,4919.0,74.0,4699.0,4998.0,79.0,955.0,-79.0,-5.0,2.0,1.0,0.0,0.0,5.0,2.0,7818.0,7490.0,103.0,6256.0,6586.0,96.0,1562.0,904.0,7.0,3.0,2.0,0.0,1.0,6.0,3.0,9623.0,10237.0,127.0,7296.0,8080.0,110.0,2327.0,2157.0,17.0,3.0,5.0,0.0,1.0,7.0,4.0
ESPORTSTMNT05_3222286,complete,,EM,2023,Spring,0,2023-04-11 15:02:55,1,13.06,3,Blue,mid,Zwyroo,oe:player:1806cb4175771800d1d1ace2817103c,Los Heretics,oe:team:2dfc66b98002c5afad2a98dbf86e350,Lissandra,Sion,Zeri,Akali,Rell,Malphite,,,,,,1711,1,0,3,6,17,10,0.0,0.0,0.0,0.0,0.0,0.0,0.0,1.0,0.5961,0.9468,,,,,,,,,,,,,,,,,,,,,0.0,0.0,,,,,,,,0.0,0.0,13647.0,478.5622,0.177883,500.0584,291.9696,5.0,0.1753,6.0,0.2104,2.0,24.0,0.8416,10835,7069,247.8901,0.18313,10350.0,,,220.0,220.0,0.0,,,7.7148,3907.0,4342.0,89.0,3230.0,4178.0,67.0,677.0,164.0,22.0,0.0,2.0,2.0,1.0,1.0,2.0,5758.0,6421.0,124.0,4658.0,6252.0,101.0,1100.0,169.0,23.0,0.0,3.0,3.0,1.0,2.0,3.0,7897.0,9195.0,173.0,6729.0,8948.0,134.0,1168.0,247.0,39.0,0.0,3.0,3.0,2.0,2.0,4.0,9601.0,11731.0,199.0,8041.0,12192.0,163.0,1560.0,-461.0,36.0,0.0,6.0,3.0,2.0,3.0,5.0
ESPORTSTMNT05_3222286,complete,,EM,2023,Spring,0,2023-04-11 15:02:55,1,13.06,4,Blue,bot,Flakked,oe:player:717bb4d71a2dab54e7020b1a8fde420,Los Heretics,oe:team:2dfc66b98002c5afad2a98dbf86e350,Aphelios,Sion,Zeri,Akali,Rell,Malphite,,,,,,1711,1,12,2,3,17,10,3.0,0.0,0.0,0.0,0.0,0.0,0.0,0.0,0.5961,0.9468,,,,,,,,,,,,,,,,,,,,,0.0,0.0,,,,,,,,1.0,0.0,35464.0,1243.6236,0.462258,311.3267,629.3513,14.0,0.4909,18.0,0.6312,4.0,76.0,2.6651,15929,12163,426.5225,0.315096,13850.0,,,260.0,236.0,24.0,,,9.1175,4080.0,3057.0,77.0,4767.0,3446.0,91.0,-687.0,-389.0,-14.0,3.0,0.0,1.0,3.0,0.0,0.0,7317.0,5690.0,132.0,7023.0,5190.0,135.0,294.0,500.0,-3.0,5.0,1.0,1.0,4.0,1.0,0.0,9532.0,7694.0,178.0,10565.0,9133.0,225.0,-1033.0,-1439.0,-47.0,6.0,1.0,2.0,5.0,2.0,0.0,12691.0,10295.0,213.0,12685.0,11138.0,278.0,6.0,-843.0,-65.0,10.0,1.0,2.0,6.0,2.0,0.0
ESPORTSTMNT05_3222286,complete,,EM,2023,Spring,0,2023-04-11 15:02:55,1,13.06,5,Blue,sup,marlon,oe:player:e1ddc411cd92f26392b707a48e5c700,Los Heretics,oe:team:2dfc66b98002c5afad2a98dbf86e350,Tahm Kench,Sion,Zeri,Akali,Rell,Malphite,,,,,,1711,1,0,4,12,17,10,0.0,0.0,0.0,0.0,0.0,0.0,0.0,0.0,0.5961,0.9468,,,,,,,,,,,,,,,,,,,,,0.0,0.0,,,,,,,,0.0,0.0,5524.0,193.7113,0.072003,427.82,579.5558,42.0,1.4728,4.0,0.1403,13.0,68.0,2.3846,7744,3978,139.4974,0.103054,6875.0,,,27.0,27.0,0.0,,,0.9468,2418.0,2684.0,13.0,2281.0,2554.0,16.0,137.0,130.0,-3.0,0.0,2.0,1.0,0.0,1.0,1.0,3630.0,3615.0,18.0,3593.0,3652.0,22.0,37.0,-37.0,-4.0,0.0,5.0,2.0,1.0,2.0,2.0,4848.0,5231.0,25.0,4685.0,4664.0,23.0,163.0,567.0,2.0,0.0,6.0,3.0,1.0,4.0,2.0,6332.0,7382.0,27.0,5547.0,5441.0,25.0,785.0,1941.0,2.0,0.0,8.0,4.0,1.0,5.0,3.0
ESPORTSTMNT05_3222286,complete,,EM,2023,Spring,0,2023-04-11 15:02:55,1,13.06,6,Red,top,Color,oe:player:cb5feb1b7314637725a2e73bdc9f729,Zero Tenacity,oe:team:125fc4d6b0dc1b21596f4f06a207d62,Olaf,Vi,Annie,Rakan,Rumble,Jayce,,,,,,1711,0,0,1,1,10,17,0.0,0.0,0.0,0.0,0.0,0.0,0.0,0.0,0.3507,0.9468,,,,,,,,,,,,,,,,,,,,,0.0,0.0,,,,,,,,0.0,0.0,9583.0,336.0491,0.188917,529.5149,617.6388,8.0,0.2805,6.0,0.2104,2.0,29.0,1.0169,10572,6806,238.6674,0.23632,10025.0,,,268.0,256.0,12.0,,,9.398,3417.0,4780.0,92.0,3936.0,4670.0,91.0,-519.0,110.0,1.0,0.0,0.0,0.0,0.0,1.0,0.0,5189.0,7214.0,140.0,5821.0,7145.0,137.0,-632.0,69.0,3.0,0.0,0.0,0.0,0.0,1.0,0.0,7780.0,10363.0,200.0,7999.0,10203.0,193.0,-219.0,160.0,7.0,0.0,1.0,0.0,0.0,2.0,1.0,9196.0,12227.0,233.0,9957.0,13157.0,222.0,-761.0,-930.0,11.0,0.0,1.0,1.0,0.0,5.0,1.0
ESPORTSTMNT05_3222286,complete,,EM,2023,Spring,0,2023-04-11 15:02:55,1,13.06,7,Red,jng,Ryuzaki,oe:player:9312bfc44c1e0686971d076d1364713,Zero Tenacity,oe:team:125fc4d6b0dc1b21596f4f06a207d62,Maokai,Vi,Annie,Rakan,Rumble,Jayce,,,,,,1711,0,1,5,7,10,17,0.0,0.0,0.0,0.0,1.0,0.0,1.0,0.0,0.3507,0.9468,,,,,,,,,,,,,,,,,,,,,0.0,1.0,,,,,,,,0.0,1.0,7280.0,255.2893,0.143516,955.8971,1184.325,7.0,0.2455,4.0,0.1403,5.0,30.0,1.052,7904,4138,145.1081,0.14368,7475.0,,,116.0,7.0,109.0,,,4.0678,3208.0,2977.0,52.0,3998.0,3387.0,56.0,-790.0,-410.0,-4.0,0.0,3.0,1.0,1.0,0.0,0.0,4699.0,4998.0,79.0,5654.0,4919.0,74.0,-955.0,79.0,5.0,0.0,5.0,2.0,2.0,1.0,0.0,6256.0,6586.0,96.0,7818.0,7490.0,103.0,-1562.0,-904.0,-7.0,1.0,6.0,3.0,3.0,2.0,0.0,7296.0,8080.0,110.0,9623.0,10237.0,127.0,-2327.0,-2157.0,-17.0,1.0,7.0,4.0,3.0,5.0,0.0
ESPORTSTMNT05_3222286,complete,,EM,2023,Spring,0,2023-04-11 15:02:55,1,13.06,8,Red,mid,SlowQ,oe:player:613a571a4b0b674547093130f2e4093,Zero Tenacity,oe:team:125fc4d6b0dc1b21596f4f06a207d62,Sylas,Vi,Annie,Rakan,Rumble,Jayce,,,,,,1711,0,2,6,3,10,17,0.0,0.0,0.0,0.0,1.0,1.0,0.0,0.0,0.3507,0.9468,,,,,,,,,,,,,,,,,,,,,0.0,0.0,,,,,,,,0.0,0.0,8621.0,302.3144,0.169952,954.9153,587.6914,9.0,0.3156,2.0,0.0701,5.0,21.0,0.7364,8867,5101,178.8778,0.177118,8060.0,,,177.0,177.0,0.0,,,6.2069,3230.0,4178.0,67.0,3907.0,4342.0,89.0,-677.0,-164.0,-22.0,1.0,1.0,2.0,0.0,2.0,2.0,4658.0,6252.0,101.0,5758.0,6421.0,124.0,-1100.0,-169.0,-23.0,1.0,2.0,3.0,0.0,3.0,3.0,6729.0,8948.0,134.0,7897.0,9195.0,173.0,-1168.0,-247.0,-39.0,2.0,2.0,4.0,0.0,3.0,3.0,8041.0,12192.0,163.0,9601.0,11731.0,199.0,-1560.0,461.0,-36.0,2.0,3.0,5.0,0.0,6.0,3.0
ESPORTSTMNT05_3222286,complete,,EM,2023,Spring,0,2023-04-11 15:02:55,1,13.06,9,Red,bot,Noah,oe:player:95d286ec0a5d750d09e848a4e630c56,Zero Tenacity,oe:team:125fc4d6b0dc1b21596f4f06a207d62,Jinx,Vi,Annie,Rakan,Rumble,Jayce,,,,,,1711,0,6,1,2,10,17,0.0,0.0,0.0,0.0,0.0,0.0,0.0,0.0,0.3507,0.9468,,,,,,,,,,,,,,,,,,,,,0.0,0.0,,,,,,,,0.0,1.0,20511.0,719.2636,0.404349,471.9345,219.0649,11.0,0.3857,13.0,0.4559,5.0,39.0,1.3676,14190,10424,365.5406,0.361946,13600.0,,,317.0,283.0,34.0,,,11.1163,4767.0,3446.0,91.0,4080.0,3057.0,77.0,687.0,389.0,14.0,3.0,0.0,0.0,3.0,0.0,1.0,7023.0,5190.0,135.0,7317.0,5690.0,132.0,-294.0,-500.0,3.0,4.0,1.0,0.0,5.0,1.0,1.0,10565.0,9133.0,225.0,9532.0,7694.0,178.0,1033.0,1439.0,47.0,5.0,2.0,0.0,6.0,1.0,2.0,12685.0,11138.0,278.0,12691.0,10295.0,213.0,-6.0,843.0,65.0,6.0,2.0,0.0,10.0,1.0,2.0
ESPORTSTMNT05_3222286,complete,,EM,2023,Spring,0,2023-04-11 15:02:55,1,13.06,10,Red,sup,sanghyeon,oe:player:750126a9b77f68942d7f412ad74b67d,Zero Tenacity,oe:team:125fc4d6b0dc1b21596f4f06a207d62,Thresh,Vi,Annie,Rakan,Rumble,Jayce,,,,,,1711,0,1,4,5,10,17,0.0,0.0,0.0,0.0,0.0,0.0,0.0,0.0,0.3507,0.9468,,,,,,,,,,,,,,,,,,,,,0.0,0.0,,,,,,,,0.0,0.0,4731.0,165.903,0.0932658,453.5243,242.0339,52.0,1.8235,5.0,0.1753,15.0,79.0,2.7703,6097,2331,81.7417,0.0809367,5825.0,,,26.0,26.0,0.0,,,0.9117,2281.0,2554.0,16.0,2418.0,2684.0,13.0,-137.0,-130.0,3.0,0.0,1.0,1.0,0.0,2.0,1.0,3593.0,3652.0,22.0,3630.0,3615.0,18.0,-37.0,37.0,4.0,1.0,2.0,2.0,0.0,5.0,2.0,4685.0,4664.0,23.0,4848.0,5231.0,25.0,-163.0,-567.0,-2.0,1.0,4.0,2.0,0.0,6.0,3.0,5547.0,5441.0,25.0,6332.0,7382.0,27.0,-785.0,-1941.0,-2.0,1.0,5.0,3.0,0.0,8.0,4.0
ESPORTSTMNT05_3222286,complete,,EM,2023,Spring,0,2023-04-11 15:02:55,1,13.06,100,Blue,team,,,Los Heretics,oe:team:2dfc66b98002c5afad2a98dbf86e350,,Sion,Zeri,Akali,Rell,Malphite,Wukong,Aphelios,Lissandra,K'Sante,Tahm Kench,1711,1,17,10,33,17,10,3.0,0.0,0.0,0.0,0.0,,,,0.5961,0.9468,1.0,4.0,0.0,4.0,0.0,0.0,1.0,2.0,0.0,1.0,0.0,,0.0,0.0,1.0,2.0,0.0,,,1.0,1.0,0.0,1.0,10.0,2.0,1.0,1.0,12.0,4.0,2.0,0.0,76719.0,2690.3214,,2635.0205,3467.2355,90.0,3.156,44.0,1.543,38.0,260.0,9.1175,57431,38601,1353.6295,,51220.0,0.129619,1.75,,751.0,151.0,,,31.6306,18339.0,18140.0,326.0,16903.0,17935.0,318.0,1436.0,205.0,8.0,4.0,5.0,4.0,4.0,5.0,4.0,28180.0,27790.0,485.0,25162.0,27306.0,477.0,3018.0,484.0,8.0,7.0,11.0,6.0,6.0,10.0,7.0,38094.0,39813.0,672.0,36015.0,39694.0,678.0,2079.0,119.0,-6.0,9.0,14.0,9.0,9.0,15.0,9.0,48204.0,52802.0,788.0,42765.0,49078.0,809.0,5439.0,3724.0,-21.0,13.0,25.0,10.0,10.0,18.0,13.0
ESPORTSTMNT05_3222286,complete,,EM,2023,Spring,0,2023-04-11 15:02:55,1,13.06,200,Red,team,,,Zero Tenacity,oe:team:125fc4d6b0dc1b21596f4f06a207d62,,Vi,Annie,Rakan,Rumble,Jayce,Jinx,Maokai,Sylas,Thresh,Olaf,1711,0,10,17,18,10,17,0.0,0.0,0.0,0.0,1.0,,,,0.3507,0.9468,0.0,0.0,4.0,0.0,4.0,0.0,0.0,0.0,0.0,0.0,0.0,,0.0,0.0,0.0,0.0,2.0,,,0.0,0.0,1.0,0.0,2.0,10.0,0.0,0.0,4.0,12.0,0.0,2.0,50726.0,1778.8194,,3365.7861,2850.7539,87.0,3.0508,30.0,1.052,32.0,198.0,6.9433,47630,28800,1009.9357,,44985.0,-0.129619,-1.75,,749.0,155.0,,,31.7008,16903.0,17935.0,318.0,18339.0,18140.0,326.0,-1436.0,-205.0,-8.0,4.0,5.0,4.0,4.0,5.0,4.0,25162.0,27306.0,477.0,28180.0,27790.0,485.0,-3018.0,-484.0,-8.0,6.0,10.0,7.0,7.0,11.0,6.0,36015.0,39694.0,678.0,38094.0,39813.0,672.0,-2079.0,-119.0,6.0,9.0,15.0,9.0,9.0,14.0,9.0,42765.0,49078.0,809.0,48204.0,52802.0,788.0,-5439.0,-3724.0,21.0,10.0,18.0,13.0,13.0,25.0,10.0
ESPORTSTMNT05_3220308,complete,,EM,2023,Spring,0,2023-04-11 15:53:42,1,13.06,1,Blue,top,Satorius,oe:player:422d7cc4063f8801a9427860bfd855b,Geekay Esports,oe:team:1ff3f5c94edd806e1fed4105fc48995,Malphite,Gragas,Rumble,Wukong,Gwen,Sylas,,,,,,1904,1,5,4,9,30,13,0.0,0.0,0.0,0.0,0.0,0.0,0.0,1.0,0.9454,1.355,,,,,,,,,,,,,,,,,,,,,0.0,0.0,,,,,,,,0.0,0.0,11937.0,376.166,0.144022,650.1996,1372.2479,17.0,0.5357,3.0,0.0945,6.0,33.0,1.0399,11205,7045,222.0063,0.167795,10750.0,,,166.0,166.0,0.0,,,5.2311,2748.0,4156.0,57.0,4123.0,4932.0,83.0,-1375.0,-776.0,-26.0,0.0,0.0,2.0,2.0,0.0,0.0,3955.0,6023.0,89.0,7100.0,7872.0,139.0,-3145.0,-1849.0,-50.0,0.0,0.0,2.0,3.0,1.0,0.0,5834.0,8264.0,117.0,9490.0,10551.0,176.0,-3656.0,-2287.0,-59.0,2.0,1.0,3.0,4.0,2.0,2.0,7569.0,10415.0,149.0,10777.0,11956.0,208.0,-3208.0,-1541.0,-59.0,2.0,2.0,4.0,4.0,2.0,3.0
ESPORTSTMNT05_3220308,complete,,EM,2023,Spring,0,2023-04-11 15:53:42,1,13.06,2,Blue,jng,Viking,oe:player:f48a8f161502989fca609408a80bd75,Geekay Esports,oe:team:1ff3f5c94edd806e1fed4105fc48995,Vi,Gragas,Rumble,Wukong,Gwen,Sylas,,,,,,1904,1,3,2,14,30,13,0.0,0.0,0.0,0.0,0.0,0.0,0.0,0.0,0.9454,1.355,,,,,,,,,,,,,,,,,,,,,1.0,0.0,,,,,,,,0.0,0.0,8227.0,259.2542,0.0992604,733.834,1386.0504,7.0,0.2206,14.0,0.4412,5.0,46.0,1.4496,11798,7638,240.6933,0.181918,10775.0,,,166.0,30.0,136.0,,,5.2311,3300.0,3177.0,63.0,3601.0,3301.0,66.0,-301.0,-124.0,-3.0,1.0,1.0,0.0,1.0,1.0,2.0,5051.0,5343.0,97.0,6043.0,5715.0,105.0,-992.0,-372.0,-8.0,1.0,2.0,1.0,2.0,2.0,2.0,7512.0,7726.0,121.0,7081.0,6698.0,121.0,431.0,1028.0,0.0,3.0,5.0,1.0,2.0,3.0,3.0,8836.0,9401.0,144.0,8271.0,8485.0,138.0,565.0,916.0,6.0,3.0,6.0,1.0,2.0,5.0,3.0
ESPORTSTMNT05_3220308,complete,,EM,2023,Spring,0,2023-04-11 15:53:42,1,13.06,3,Blue,mid,Giyuu,oe:player:e6f5a7e37185c25a363d031ef5eafa9,Geekay Esports,oe:team:1ff3f5c94edd806e1fed4105fc48995,Annie,Gragas,Rumble,Wukong,Gwen,Sylas,,,,,,1904,1,3,2,18,30,13,0.0,0.0,0.0,0.0,0.0,0.0,0.0,0.0,0.9454,1.355,,,,,,,,,,,,,,,,,,,,,0.0,0.0,,,,,,,,0.0,0.0,22362.0,704.6849,0.269802,483.0252,353.0672,14.0,0.4412,5.0,0.1576,2.0,42.0,1.3235,11982,7822,246.4916,0.186301,10600.0,,,185.0,177.0,8.0,,,5.8298,3332.0,4449.0,79.0,3361.0,4872.0,94.0,-29.0,-423.0,-15.0,0.0,2.0,1.0,0.0,1.0,0.0,4970.0,7107.0,118.0,4899.0,7247.0,137.0,71.0,-140.0,-19.0,0.0,3.0,1.0,0.0,2.0,1.0,7037.0,9917.0,155.0,6583.0,9867.0,177.0,454.0,50.0,-22.0,0.0,8.0,1.0,0.0,4.0,3.0,8136.0,12725.0,167.0,7777.0,11293.0,200.0,359.0,1432.0,-33.0,0.0,9.0,1.0,0.0,6.0,3.0
ESPORTSTMNT05_3220308,complete,,EM,2023,Spring,0,2023-04-11 15:53:42,1,13.06,4,Blue,bot,Rin,oe:player:ee4894bcff1cfaa4ffbf71b7b8d8921,Geekay Esports,oe:team:1ff3f5c94edd806e1fed4105fc48995,Xayah,Gragas,Rumble,Wukong,Gwen,Sylas,,,,,,1904,1,13,3,12,30,13,3.0,0.0,0.0,0.0,0.0,0.0,0.0,0.0,0.9454,1.355,,,,,,,,,,,,,,,,,,,,,0.0,0.0,,,,,,,,1.0,0.0,31472.0,991.7647,0.379716,597.7626,466.0714,16.0,0.5042,10.0,0.3151,7.0,64.0,2.0168,17096,12936,407.6471,0.3081,15360.0,,,284.0,260.0,24.0,,,8.9496,4885.0,3657.0,73.0,3461.0,3056.0,75.0,1424.0,601.0,-2.0,6.0,0.0,1.0,1.0,0.0,2.0,7026.0,6360.0,140.0,5524.0,5286.0,123.0,1502.0,1074.0,17.0,6.0,0.0,1.0,1.0,0.0,2.0,9525.0,8959.0,171.0,7369.0,6919.0,162.0,2156.0,2040.0,9.0,7.0,6.0,2.0,2.0,0.0,3.0,11743.0,11283.0,225.0,9737.0,9202.0,213.0,2006.0,2081.0,12.0,8.0,6.0,2.0,3.0,1.0,3.0
ESPORTSTMNT05_3220308,complete,,EM,2023,Spring,0,2023-04-11 15:53:42,1,13.06,5,Blue,sup,Dekap,oe:player:be85b3d65508c757ac9af1d54310520,Geekay Esports,oe:team:1ff3f5c94edd806e1fed4105fc48995,Pyke,Gragas,Rumble,Wukong,Gwen,Sylas,,,,,,1904,1,6,2,14,30,13,1.0,0.0,0.0,0.0,0.0,0.0,0.0,0.0,0.9454,1.355,,,,,,,,,,,,,,,,,,,,,0.0,0.0,,,,,,,,0.0,0.0,8885.0,279.9895,0.107199,359.1492,282.416,78.0,2.458,24.0,0.7563,12.0,132.0,4.1597,10705,6545,206.25,0.155887,8450.0,,,46.0,46.0,0.0,,,1.4496,2731.0,3090.0,16.0,2317.0,2452.0,15.0,414.0,638.0,1.0,0.0,5.0,0.0,0.0,2.0,3.0,4052.0,4226.0,21.0,3389.0,3347.0,20.0,663.0,879.0,1.0,1.0,5.0,1.0,0.0,4.0,3.0,5944.0,6042.0,26.0,4292.0,4101.0,27.0,1652.0,1941.0,-1.0,3.0,8.0,1.0,0.0,5.0,4.0,7034.0,6960.0,38.0,5786.0,5831.0,31.0,1248.0,1129.0,7.0,3.0,8.0,2.0,1.0,6.0,4.0
ESPORTSTMNT05_3220308,complete,,EM,2023,Spring,0,2023-04-11 15:53:42,1,13.06,6,Red,top,Destroy,oe:player:21846207612858fb49a468b43e56dd3,İstanbul Wildcats,oe:team:a65adb2808377018a2a7832eb2bd7f4,Vladimir,Sejuani,Elise,Maokai,Blitzcrank,Rakan,,,,,,1904,0,4,7,3,13,30,0.0,0.0,0.0,0.0,1.0,1.0,0.0,0.0,0.4097,1.355,,,,,,,,,,,,,,,,,,,,,0.0,0.0,,,,,,,,0.0,0.0,13802.0,434.937,0.211775,1070.1996,654.5483,8.0,0.2521,12.0,0.3782,4.0,42.0,1.3235,12446,8286,261.1134,0.262595,14830.0,,,241.0,225.0,16.0,,,7.5945,4123.0,4932.0,83.0,2748.0,4156.0,57.0,1375.0,776.0,26.0,2.0,0.0,0.0,0.0,0.0,2.0,7100.0,7872.0,139.0,3955.0,6023.0,89.0,3145.0,1849.0,50.0,3.0,1.0,0.0,0.0,0.0,2.0,9490.0,10551.0,176.0,5834.0,8264.0,117.0,3656.0,2287.0,59.0,4.0,2.0,2.0,2.0,1.0,3.0,10777.0,11956.0,208.0,7569.0,10415.0,149.0,3208.0,1541.0,59.0,4.0,2.0,3.0,2.0,2.0,4.0
ESPORTSTMNT05_3220308,complete,,EM,2023,Spring,0,2023-04-11 15:53:42,1,13.06,7,Red,jng,Elramir,oe:player:de442faff7b7cdc0fba7d6d5caff5e1,İstanbul Wildcats,oe:team:a65adb2808377018a2a7832eb2bd7f4,Jarvan IV,Sejuani,Elise,Maokai,Blitzcrank,Rakan,,,,,,1904,0,2,5,8,13,30,0.0,0.0,0.0,0.0,1.0,0.0,1.0,0.0,0.4097,1.355,,,,,,,,,,,,,,,,,,,,,0.0,1.0,,,,,,,,0.0,0.0,7356.0,231.8067,0.112869,748.5819,1328.1303,16.0,0.5042,17.0,0.5357,14.0,50.0,1.5756,9955,5795,182.6155,0.183654,9200.0,,,160.0,28.0,132.0,,,5.042,3601.0,3301.0,66.0,3300.0,3177.0,63.0,301.0,124.0,3.0,1.0,1.0,2.0,1.0,1.0,0.0,6043.0,5715.0,105.0,5051.0,5343.0,97.0,992.0,372.0,8.0,2.0,2.0,2.0,1.0,2.0,1.0,7081.0,6698.0,121.0,7512.0,7726.0,121.0,-431.0,-1028.0,0.0,2.0,3.0,3.0,3.0,5.0,1.0,8271.0,8485.0,138.0,8836.0,9401.0,144.0,-565.0,-916.0,-6.0,2.0,5.0,3.0,3.0,6.0,1.0
ESPORTSTMNT05_3220308,complete,,EM,2023,Spring,0,2023-04-11 15:53:42,1,13.06,8,Red,mid,Kofte,oe:player:db0cbdc72184ad44ab905be61fc0756,İstanbul Wildcats,oe:team:a65adb2808377018a2a7832eb2bd7f4,Lissandra,Sejuani,Elise,Maokai,Blitzcrank,Rakan,,,,,,1904,0,2,6,7,13,30,1.0,0.0,0.0,0.0,0.0,0.0,0.0,0.0,0.4097,1.355,,,,,,,,,,,,,,,,,,,,,0.0,0.0,,,,,,,,0.0,0.0,15090.0,475.5252,0.231538,517.7521,358.1092,16.0,0.5042,7.0,0.2206,7.0,32.0,1.0084,10646,6486,204.3908,0.205552,10425.0,,,242.0,242.0,0.0,,,7.6261,3361.0,4872.0,94.0,3332.0,4449.0,79.0,29.0,423.0,15.0,0.0,1.0,0.0,0.0,2.0,1.0,4899.0,7247.0,137.0,4970.0,7107.0,118.0,-71.0,140.0,19.0,0.0,2.0,1.0,0.0,3.0,1.0,6583.0,9867.0,177.0,7037.0,9917.0,155.0,-454.0,-50.0,22.0,0.0,4.0,3.0,0.0,8.0,1.0,7777.0,11293.0,200.0,8136.0,12725.0,167.0,-359.0,-1432.0,33.0,0.0,6.0,3.0,0.0,9.0,1.0
ESPORTSTMNT05_3220308,complete,,EM,2023,Spring,0,2023-04-11 15:53:42,1,13.06,9,Red,bot,BAO,oe:player:6c1d0c529e73fe4c8b9a5306867c4bf,İstanbul Wildcats,oe:team:a65adb2808377018a2a7832eb2bd7f4,Aphelios,Sejuani,Elise,Maokai,Blitzcrank,Rakan,,,,,,1904,0,4,7,2,13,30,0.0,0.0,0.0,0.0,0.0,0.0,0.0,0.0,0.4097,1.355,,,,,,,,,,,,,,,,,,,,,0.0,0.0,,,,,,,,0.0,1.0,21835.0,688.0777,0.335031,555.4097,485.1996,15.0,0.4727,15.0,0.4727,4.0,41.0,1.292,12303,8143,256.6071,0.258063,12400.0,,,259.0,239.0,20.0,,,8.1618,3461.0,3056.0,75.0,4885.0,3657.0,73.0,-1424.0,-601.0,2.0,1.0,0.0,2.0,6.0,0.0,1.0,5524.0,5286.0,123.0,7026.0,6360.0,140.0,-1502.0,-1074.0,-17.0,1.0,0.0,2.0,6.0,0.0,1.0,7369.0,6919.0,162.0,9525.0,8959.0,171.0,-2156.0,-2040.0,-9.0,2.0,0.0,3.0,7.0,6.0,2.0,9737.0,9202.0,213.0,11743.0,11283.0,225.0,-2006.0,-2081.0,-12.0,3.0,1.0,3.0,8.0,6.0,2.0
ESPORTSTMNT05_3220308,complete,,EM,2023,Spring,0,2023-04-11 15:53:42,1,13.06,10,Red,sup,Parus,oe:player:a9cfbc13e22eefdd22af7b346ce2af4,İstanbul Wildcats,oe:team:a65adb2808377018a2a7832eb2bd7f4,Thresh,Sejuani,Elise,Maokai,Blitzcrank,Rakan,,,,,,1904,0,1,5,8,13,30,0.0,0.0,0.0,0.0,0.0,0.0,0.0,0.0,0.4097,1.355,,,,,,,,,,,,,,,,,,,,,0.0,0.0,,,,,,,,0.0,0.0,7090.0,223.4244,0.108787,430.6197,465.0945,48.0,1.5126,17.0,0.5357,14.0,93.0,2.9307,7004,2844,89.6218,0.0901354,6850.0,,,39.0,39.0,0.0,,,1.229,2317.0,2452.0,15.0,2731.0,3090.0,16.0,-414.0,-638.0,-1.0,0.0,2.0,3.0,0.0,5.0,0.0,3389.0,3347.0,20.0,4052.0,4226.0,21.0,-663.0,-879.0,-1.0,0.0,4.0,3.0,1.0,5.0,1.0,4292.0,4101.0,27.0,5944.0,6042.0,26.0,-1652.0,-1941.0,1.0,0.0,5.0,4.0,3.0,8.0,1.0,5786.0,5831.0,31.0,7034.0,6960.0,38.0,-1248.0,-1129.0,-7.0,1.0,6.0,4.0,3.0,8.0,2.0
ESPORTSTMNT05_3220308,complete,,EM,2023,Spring,0,2023-04-11 15:53:42,1,13.06,100,Blue,team,,,Geekay Esports,oe:team:1ff3f5c94edd806e1fed4105fc48995,,Gragas,Rumble,Wukong,Gwen,Sylas,Xayah,Vi,Annie,Malphite,Pyke,1904,1,30,13,67,30,13,4.0,0.0,0.0,0.0,0.0,,,,0.9454,1.355,1.0,4.0,0.0,4.0,0.0,2.0,0.0,1.0,0.0,1.0,0.0,,0.0,0.0,0.0,0.0,1.0,,,1.0,1.0,0.0,0.0,8.0,1.0,1.0,1.0,2.0,6.0,1.0,0.0,82883.0,2611.8592,,2823.9706,3859.8529,132.0,4.1597,56.0,1.7647,32.0,317.0,9.9895,62786,41987,1323.1197,,55935.0,0.0406786,0.43,,679.0,168.0,,,26.6912,16996.0,18529.0,288.0,16863.0,18613.0,333.0,133.0,-84.0,-45.0,7.0,8.0,4.0,4.0,4.0,7.0,25054.0,29059.0,465.0,26955.0,29467.0,524.0,-1901.0,-408.0,-59.0,8.0,10.0,6.0,6.0,9.0,8.0,35852.0,40908.0,590.0,34815.0,38136.0,663.0,1037.0,2772.0,-73.0,15.0,28.0,8.0,8.0,14.0,15.0,43318.0,50784.0,723.0,42348.0,46767.0,790.0,970.0,4017.0,-67.0,16.0,31.0,10.0,10.0,20.0,16.0
ESPORTSTMNT05_3220308,complete,,EM,2023,Spring,0,2023-04-11 15:53:42,1,13.06,200,Red,team,,,İstanbul Wildcats,oe:team:a65adb2808377018a2a7832eb2bd7f4,,Sejuani,Elise,Maokai,Blitzcrank,Rakan,Thresh,Aphelios,Jarvan IV,Lissandra,Vladimir,1904,0,13,30,28,13,30,1.0,0.0,0.0,0.0,1.0,,,,0.4097,1.355,0.0,0.0,4.0,0.0,4.0,0.0,0.0,0.0,0.0,0.0,0.0,,0.0,0.0,1.0,1.0,0.0,,,0.0,0.0,1.0,1.0,1.0,8.0,0.0,0.0,6.0,2.0,0.0,1.0,65173.0,2053.771,,3322.563,3291.0819,103.0,3.2458,68.0,2.1429,43.0,258.0,8.1303,52354,31555,994.3803,,53705.0,-0.0406786,-0.43,,773.0,168.0,,,29.6534,16863.0,18613.0,333.0,16996.0,18529.0,288.0,-133.0,84.0,45.0,4.0,4.0,7.0,7.0,8.0,4.0,26955.0,29467.0,524.0,25054.0,29059.0,465.0,1901.0,408.0,59.0,6.0,9.0,8.0,8.0,10.0,6.0,34815.0,38136.0,663.0,35852.0,40908.0,590.0,-1037.0,-2772.0,73.0,8.0,14.0,15.0,15.0,28.0,8.0,42348.0,46767.0,790.0,43318.0,50784.0,723.0,-970.0,-4017.0,67.0,10.0,20.0,16.0,16.0,31.0,10.0
ESPORTSTMNT05_3222290,complete,,EM,2023,Spring,0,2023-04-11 15:59:28,1,13.06,1,Blue,top,Banderas,oe:player:57abe5a8958c15444e9103873f8565a,Riddle Esports,oe:team:9eb531c72890b1ae7e50122f0884f37,Ornn,Zilean,Ekko,Varus,Jayce,Gnar,,,,,,1858,1,0,1,10,21,5,0.0,0.0,0.0,0.0,0.0,0.0,0.0,0.0,0.6781,0.8396,,,,,,,,,,,,,,,,,,,,,0.0,0.0,,,,,,,,0.0,0.0,11227.0,362.5511,0.154374,817.3628,1409.774,12.0,0.3875,7.0,0.226,6.0,45.0,1.4532,11266,7200,232.5081,0.164376,10550.0,,,238.0,238.0,0.0,,,7.6857,3853.0,4894.0,94.0,3104.0,4587.0,73.0,749.0,307.0,21.0,0.0,2.0,0.0,0.0,0.0,1.0,5667.0,7797.0,151.0,5192.0,7454.0,125.0,475.0,343.0,26.0,0.0,2.0,0.0,0.0,0.0,1.0,7565.0,10922.0,208.0,7406.0,10570.0,185.0,159.0,352.0,23.0,0.0,2.0,0.0,0.0,0.0,1.0,9228.0,13581.0,222.0,9014.0,14417.0,224.0,214.0,-836.0,-2.0,0.0,4.0,0.0,0.0,0.0,1.0
ESPORTSTMNT05_3222290,complete,,EM,2023,Spring,0,2023-04-11 15:59:28,1,13.06,2,Blue,jng,Yohan,oe:player:cc00384e754d3b4db840275587813eb,Riddle Esports,oe:team:9eb531c72890b1ae7e50122f0884f37,Viego,Zilean,Ekko,Varus,Jayce,Gnar,,,,,,1858,1,6,2,7,21,5,1.0,0.0,0.0,0.0,0.0,0.0,0.0,0.0,0.6781,0.8396,,,,,,,,,,,,,,,,,,,,,1.0,0.0,,,,,,,,1.0,0.0,11334.0,366.0065,0.155845,1042.7341,753.746,13.0,0.4198,26.0,0.8396,15.0,72.0,2.3251,12589,8523,275.2314,0.19458,10575.0,,,210.0,44.0,166.0,,,6.7815,4132.0,3616.0,67.0,2928.0,3265.0,60.0,1204.0,351.0,7.0,3.0,0.0,0.0,0.0,0.0,1.0,6235.0,5782.0,103.0,4560.0,5364.0,95.0,1675.0,418.0,8.0,5.0,1.0,0.0,0.0,1.0,2.0,8087.0,8240.0,143.0,7489.0,8572.0,138.0,598.0,-332.0,5.0,6.0,1.0,1.0,1.0,2.0,2.0,10454.0,11213.0,183.0,8596.0,9868.0,153.0,1858.0,1345.0,30.0,6.0,4.0,1.0,1.0,2.0,3.0
ESPORTSTMNT05_3222290,complete,,EM,2023,Spring,0,2023-04-11 15:59:28,1,13.06,3,Blue,mid,FireRain,oe:player:ee8d313390db21907037cef1c8d6f81,Riddle Esports,oe:team:9eb531c72890b1ae7e50122f0884f37,LeBlanc,Zilean,Ekko,Varus,Jayce,Gnar,,,,,,1858,1,6,1,5,21,5,1.0,1.0,0.0,0.0,0.0,0.0,0.0,0.0,0.6781,0.8396,,,,,,,,,,,,,,,,,,,,,0.0,0.0,,,,,,,,0.0,0.0,25983.0,839.0635,0.357273,434.7578,279.042,23.0,0.7427,14.0,0.4521,7.0,64.0,2.0667,14215,10149,327.7395,0.231701,13825.0,,,273.0,265.0,8.0,,,8.8159,3374.0,4894.0,96.0,3396.0,4994.0,92.0,-22.0,-100.0,4.0,0.0,1.0,0.0,0.0,0.0,0.0,5730.0,8090.0,150.0,5592.0,7880.0,150.0,138.0,210.0,0.0,0.0,4.0,0.0,0.0,0.0,1.0,7640.0,10955.0,201.0,8474.0,10867.0,207.0,-834.0,88.0,-6.0,0.0,4.0,1.0,1.0,1.0,1.0,10575.0,14518.0,243.0,9685.0,12381.0,234.0,890.0,2137.0,9.0,1.0,5.0,1.0,1.0,1.0,2.0
ESPORTSTMNT05_3222290,complete,,EM,2023,Spring,0,2023-04-11 15:59:28,1,13.06,4,Blue,bot,jinjo,oe:player:23f5249382ade4216547b5e109c5414,Riddle Esports,oe:team:9eb531c72890b1ae7e50122f0884f37,Xayah,Zilean,Ekko,Varus,Jayce,Gnar,,,,,,1858,1,8,1,4,21,5,2.0,0.0,0.0,0.0,1.0,1.0,0.0,0.0,0.6781,0.8396,,,,,,,,,,,,,,,,,,,,,1.0,0.0,,,,,,,,1.0,0.0,19727.0,637.0398,0.271251,316.76,328.6437,14.0,0.4521,6.0,0.1938,4.0,43.0,1.3886,17750,13684,441.8945,0.312405,15350.0,,,355.0,319.0,36.0,,,11.4639,3994.0,3510.0,96.0,3020.0,3132.0,76.0,974.0,378.0,20.0,1.0,0.0,0.0,0.0,0.0,0.0,6038.0,6240.0,149.0,4964.0,5405.0,115.0,1074.0,835.0,34.0,2.0,0.0,1.0,1.0,0.0,1.0,8555.0,9043.0,210.0,6647.0,6977.0,150.0,1908.0,2066.0,60.0,2.0,0.0,1.0,1.0,0.0,2.0,12354.0,12086.0,265.0,8231.0,8495.0,191.0,4123.0,3591.0,74.0,5.0,1.0,1.0,1.0,0.0,3.0
ESPORTSTMNT05_3222290,complete,,EM,2023,Spring,0,2023-04-11 15:59:28,1,13.06,5,Blue,sup,kibah,oe:player:9f65f7ff237a92d74cf2bf2420f2751,Riddle Esports,oe:team:9eb531c72890b1ae7e50122f0884f37,Renata Glasc,Zilean,Ekko,Varus,Jayce,Gnar,,,,,,1858,1,1,0,13,21,5,0.0,0.0,0.0,0.0,1.0,0.0,1.0,0.0,0.6781,0.8396,,,,,,,,,,,,,,,,,,,,,0.0,0.0,,,,,,,,0.0,0.0,4455.0,143.8644,0.0612573,139.408,165.9526,48.0,1.5501,6.0,0.1938,7.0,74.0,2.3897,8312,4246,137.1152,0.0969372,7250.0,,,11.0,11.0,0.0,,,0.3552,2504.0,2432.0,1.0,1872.0,1796.0,10.0,632.0,636.0,-9.0,0.0,2.0,0.0,0.0,0.0,2.0,3853.0,3871.0,6.0,3025.0,3446.0,17.0,828.0,425.0,-11.0,1.0,4.0,0.0,0.0,1.0,3.0,4912.0,4634.0,7.0,4520.0,5207.0,28.0,392.0,-573.0,-21.0,1.0,5.0,0.0,0.0,3.0,3.0,6451.0,6968.0,8.0,5318.0,6339.0,31.0,1133.0,629.0,-23.0,1.0,7.0,0.0,0.0,3.0,4.0
ESPORTSTMNT05_3222290,complete,,EM,2023,Spring,0,2023-04-11 15:59:28,1,13.06,6,Red,top,Eyliph,oe:player:4b20700639bada36a5a58cc4a8e7135,Anorthosis Famagusta Esports,oe:team:5f1bc4a914b49c7b7ff4c2f1b8d8df9,Gragas,Lee Sin,Vi,Annie,Lissandra,Aurelion Sol,,,,,,1858,0,0,1,2,5,21,0.0,0.0,0.0,0.0,0.0,0.0,0.0,0.0,0.1615,0.8396,,,,,,,,,,,,,,,,,,,,,0.0,0.0,,,,,,,,0.0,0.0,13122.0,423.746,0.242982,690.0646,528.4715,14.0,0.4521,3.0,0.0969,3.0,25.0,0.8073,11011,6945,224.2734,0.215918,10175.0,,,256.0,256.0,0.0,,,8.267,3104.0,4587.0,73.0,3853.0,4894.0,94.0,-749.0,-307.0,-21.0,0.0,0.0,1.0,0.0,2.0,0.0,5192.0,7454.0,125.0,5667.0,7797.0,151.0,-475.0,-343.0,-26.0,0.0,0.0,1.0,0.0,2.0,0.0,7406.0,10570.0,185.0,7565.0,10922.0,208.0,-159.0,-352.0,-23.0,0.0,0.0,1.0,0.0,2.0,0.0,9014.0,14417.0,224.0,9228.0,13581.0,222.0,-214.0,836.0,2.0,0.0,0.0,1.0,0.0,4.0,0.0
ESPORTSTMNT05_3222290,complete,,EM,2023,Spring,0,2023-04-11 15:59:28,1,13.06,7,Red,jng,SPOOKY,oe:player:11389d6d8a29729807c3cf528a98050,Anorthosis Famagusta Esports,oe:team:5f1bc4a914b49c7b7ff4c2f1b8d8df9,Xin Zhao,Lee Sin,Vi,Annie,Lissandra,Aurelion Sol,,,,,,1858,0,1,5,4,5,21,0.0,0.0,0.0,0.0,0.0,0.0,0.0,0.0,0.1615,0.8396,,,,,,,,,,,,,,,,,,,,,0.0,1.0,,,,,,,,0.0,1.0,9876.0,318.9236,0.182875,1062.2067,915.436,9.0,0.2906,9.0,0.2906,7.0,39.0,1.2594,10528,6462,208.676,0.200902,9900.0,,,181.0,17.0,164.0,,,5.845,2928.0,3265.0,60.0,4132.0,3616.0,67.0,-1204.0,-351.0,-7.0,0.0,0.0,1.0,3.0,0.0,0.0,4560.0,5364.0,95.0,6235.0,5782.0,103.0,-1675.0,-418.0,-8.0,0.0,1.0,2.0,5.0,1.0,0.0,7489.0,8572.0,138.0,8087.0,8240.0,143.0,-598.0,332.0,-5.0,1.0,2.0,2.0,6.0,1.0,1.0,8596.0,9868.0,153.0,10454.0,11213.0,183.0,-1858.0,-1345.0,-30.0,1.0,2.0,3.0,6.0,4.0,1.0
ESPORTSTMNT05_3222290,complete,,EM,2023,Spring,0,2023-04-11 15:59:28,1,13.06,8,Red,mid,HAWHAW,oe:player:ae06413dcf80aa496ab8448d8ea586f,Anorthosis Famagusta Esports,oe:team:5f1bc4a914b49c7b7ff4c2f1b8d8df9,Malzahar,Lee Sin,Vi,Annie,Lissandra,Aurelion Sol,,,,,,1858,0,1,4,3,5,21,0.0,0.0,0.0,0.0,0.0,0.0,0.0,0.0,0.1615,0.8396,,,,,,,,,,,,,,,,,,,,,0.0,0.0,,,,,,,,0.0,0.0,16184.0,522.6265,0.299682,465.113,329.3541,12.0,0.3875,7.0,0.226,5.0,29.0,0.9365,12811,8745,282.4004,0.271878,11825.0,,,294.0,286.0,8.0,,,9.4941,3396.0,4994.0,92.0,3374.0,4894.0,96.0,22.0,100.0,-4.0,0.0,0.0,0.0,0.0,1.0,0.0,5592.0,7880.0,150.0,5730.0,8090.0,150.0,-138.0,-210.0,0.0,0.0,0.0,1.0,0.0,4.0,0.0,8474.0,10867.0,207.0,7640.0,10955.0,201.0,834.0,-88.0,6.0,1.0,1.0,1.0,0.0,4.0,1.0,9685.0,12381.0,234.0,10575.0,14518.0,243.0,-890.0,-2137.0,-9.0,1.0,1.0,2.0,1.0,5.0,1.0
ESPORTSTMNT05_3222290,complete,,EM,2023,Spring,0,2023-04-11 15:59:28,1,13.06,9,Red,bot,GOLDENTO4ST,oe:player:5c58c2e986e8aec0ee6f2465823349a,Anorthosis Famagusta Esports,oe:team:5f1bc4a914b49c7b7ff4c2f1b8d8df9,Jinx,Lee Sin,Vi,Annie,Lissandra,Aurelion Sol,,,,,,1858,0,3,5,0,5,21,0.0,0.0,0.0,0.0,0.0,0.0,0.0,0.0,0.1615,0.8396,,,,,,,,,,,,,,,,,,,,,0.0,1.0,,,,,,,,0.0,1.0,10491.0,338.7836,0.194263,447.1259,218.2347,12.0,0.3875,9.0,0.2906,3.0,25.0,0.8073,11588,7522,242.9064,0.233856,11235.0,,,257.0,241.0,16.0,,,8.2992,3020.0,3132.0,76.0,3994.0,3510.0,96.0,-974.0,-378.0,-20.0,0.0,0.0,0.0,1.0,0.0,0.0,4964.0,5405.0,115.0,6038.0,6240.0,149.0,-1074.0,-835.0,-34.0,1.0,0.0,1.0,2.0,0.0,1.0,6647.0,6977.0,150.0,8555.0,9043.0,210.0,-1908.0,-2066.0,-60.0,1.0,0.0,2.0,2.0,0.0,1.0,8231.0,8495.0,191.0,12354.0,12086.0,265.0,-4123.0,-3591.0,-74.0,1.0,0.0,3.0,5.0,1.0,1.0
ESPORTSTMNT05_3222290,complete,,EM,2023,Spring,0,2023-04-11 15:59:28,1,13.06,10,Red,sup,iLEVI,oe:player:b226880189cb11f7da7a0c86544b556,Anorthosis Famagusta Esports,oe:team:5f1bc4a914b49c7b7ff4c2f1b8d8df9,Rakan,Lee Sin,Vi,Annie,Lissandra,Aurelion Sol,,,,,,1858,0,0,6,5,5,21,0.0,0.0,0.0,0.0,0.0,0.0,0.0,1.0,0.1615,0.8396,,,,,,,,,,,,,,,,,,,,,0.0,0.0,,,,,,,,0.0,0.0,4331.0,139.8601,0.0801978,535.3175,555.7589,65.0,2.099,12.0,0.3875,13.0,107.0,3.4553,6557,2491,80.4413,0.077446,6525.0,,,33.0,33.0,0.0,,,1.0657,1872.0,1796.0,10.0,2504.0,2432.0,1.0,-632.0,-636.0,9.0,0.0,0.0,2.0,0.0,2.0,0.0,3025.0,3446.0,17.0,3853.0,3871.0,6.0,-828.0,-425.0,11.0,0.0,1.0,3.0,1.0,4.0,0.0,4520.0,5207.0,28.0,4912.0,4634.0,7.0,-392.0,573.0,21.0,0.0,3.0,3.0,1.0,5.0,0.0,5318.0,6339.0,31.0,6451.0,6968.0,8.0,-1133.0,-629.0,23.0,0.0,3.0,4.0,1.0,7.0,0.0
ESPORTSTMNT05_3222290,complete,,EM,2023,Spring,0,2023-04-11 15:59:28,1,13.06,100,Blue,team,,,Riddle Esports,oe:team:9eb531c72890b1ae7e50122f0884f37,,Zilean,Ekko,Varus,Jayce,Gnar,Xayah,Viego,Renata Glasc,Ornn,LeBlanc,1858,1,21,5,39,21,5,4.0,1.0,0.0,0.0,1.0,,,,0.6781,0.8396,1.0,3.0,1.0,3.0,1.0,0.0,0.0,1.0,1.0,0.0,1.0,,0.0,0.0,1.0,1.0,1.0,,,1.0,2.0,0.0,1.0,10.0,3.0,0.0,1.0,5.0,4.0,2.0,0.0,72726.0,2348.5253,,2751.0226,2937.1582,110.0,3.5522,59.0,1.9053,39.0,298.0,9.6233,64132,43802,1414.4887,,57550.0,0.147188,3.8,,877.0,210.0,,,35.1023,17857.0,19346.0,354.0,14320.0,17774.0,311.0,3537.0,1572.0,43.0,4.0,5.0,0.0,0.0,0.0,4.0,27523.0,31780.0,559.0,23333.0,29549.0,502.0,4190.0,2231.0,57.0,8.0,11.0,1.0,1.0,2.0,8.0,36759.0,43794.0,769.0,34536.0,42193.0,708.0,2223.0,1601.0,61.0,9.0,12.0,3.0,3.0,6.0,9.0,49062.0,58366.0,921.0,40844.0,51500.0,833.0,8218.0,6866.0,88.0,13.0,21.0,3.0,3.0,6.0,13.0
ESPORTSTMNT05_3222290,complete,,EM,2023,Spring,0,2023-04-11 15:59:28,1,13.06,200,Red,team,,,Anorthosis Famagusta Esports,oe:team:5f1bc4a914b49c7b7ff4c2f1b8d8df9,,Lee Sin,Vi,Annie,Lissandra,Aurelion Sol,Rakan,Gragas,Jinx,Xin Zhao,Malzahar,1858,0,5,21,14,5,21,0.0,0.0,0.0,0.0,0.0,,,,0.1615,0.8396,0.0,1.0,3.0,1.0,3.0,0.0,0.0,1.0,0.0,0.0,0.0,,0.0,0.0,0.0,1.0,1.0,,,0.0,0.0,2.0,0.0,3.0,10.0,1.0,0.0,4.0,5.0,0.0,2.0,54004.0,1743.9397,,3199.8278,2547.2551,112.0,3.6168,40.0,1.2917,31.0,225.0,7.2659,52495,32165,1038.6975,,49660.0,-0.147188,-3.8,,833.0,188.0,,,32.9709,14320.0,17774.0,311.0,17857.0,19346.0,354.0,-3537.0,-1572.0,-43.0,0.0,0.0,4.0,4.0,5.0,0.0,23333.0,29549.0,502.0,27523.0,31780.0,559.0,-4190.0,-2231.0,-57.0,1.0,2.0,8.0,8.0,11.0,1.0,34536.0,42193.0,708.0,36759.0,43794.0,769.0,-2223.0,-1601.0,-61.0,3.0,6.0,9.0,9.0,12.0,3.0,40844.0,51500.0,833.0,49062.0,58366.0,921.0,-8218.0,-6866.0,-88.0,3.0,6.0,13.0,13.0,21.0,3.0
ESPORTSTMNT05_3222294,complete,,EM,2023,Spring,0,2023-04-11 16:51:46,1,13.06,1,Blue,top,Destroy,oe:player:21846207612858fb49a468b43e56dd3,İstanbul Wildcats,oe:team:a65adb2808377018a2a7832eb2bd7f4,Rumble,Zeri,Vi,Akali,Sylas,Malphite,,,,,,1805,1,3,0,8,18,6,0.0,0.0,0.0,0.0,0.0,0.0,0.0,0.0,0.5983,0.7978,,,,,,,,,,,,,,,,,,,,,0.0,0.0,,,,,,,,1.0,0.0,18122.0,602.3934,0.245067,461.9501,562.9363,9.0,0.2992,3.0,0.0997,4.0,31.0,1.0305,12516,8558,284.4765,0.222499,10500.0,,,267.0,233.0,34.0,,,8.8753,3258.0,4744.0,87.0,3112.0,4648.0,81.0,146.0,96.0,6.0,0.0,0.0,0.0,0.0,0.0,0.0,5610.0,7873.0,149.0,4882.0,7545.0,134.0,728.0,328.0,15.0,0.0,1.0,0.0,0.0,0.0,0.0,7975.0,10931.0,190.0,6463.0,9469.0,171.0,1512.0,1462.0,19.0,2.0,2.0,0.0,0.0,0.0,2.0,9565.0,12984.0,222.0,8367.0,11815.0,213.0,1198.0,1169.0,9.0,2.0,3.0,0.0,1.0,0.0,3.0
ESPORTSTMNT05_3222294,complete,,EM,2023,Spring,0,2023-04-11 16:51:46,1,13.06,2,Blue,jng,Elramir,oe:player:de442faff7b7cdc0fba7d6d5caff5e1,İstanbul Wildcats,oe:team:a65adb2808377018a2a7832eb2bd7f4,Viego,Zeri,Vi,Akali,Sylas,Malphite,,,,,,1805,1,7,0,7,18,6,2.0,0.0,0.0,0.0,1.0,0.0,1.0,0.0,0.5983,0.7978,,,,,,,,,,,,,,,,,,,,,1.0,0.0,,,,,,,,0.0,0.0,11418.0,379.5457,0.154408,1037.8172,909.1745,13.0,0.4321,19.0,0.6316,15.0,67.0,2.2271,12442,8484,282.0166,0.220575,10425.0,,,172.0,31.0,141.0,,,5.7175,3618.0,3290.0,62.0,3190.0,2869.0,52.0,428.0,421.0,10.0,1.0,1.0,0.0,1.0,1.0,1.0,5455.0,5232.0,93.0,4835.0,4893.0,86.0,620.0,339.0,7.0,2.0,1.0,0.0,2.0,1.0,1.0,7451.0,7489.0,124.0,6726.0,7042.0,115.0,725.0,447.0,9.0,2.0,3.0,0.0,3.0,2.0,1.0,8990.0,9454.0,148.0,7728.0,8164.0,128.0,1262.0,1290.0,20.0,3.0,3.0,0.0,3.0,3.0,1.0
ESPORTSTMNT05_3222294,complete,,EM,2023,Spring,0,2023-04-11 16:51:46,1,13.06,3,Blue,mid,Kofte,oe:player:db0cbdc72184ad44ab905be61fc0756,İstanbul Wildcats,oe:team:a65adb2808377018a2a7832eb2bd7f4,Annie,Zeri,Vi,Akali,Sylas,Malphite,,,,,,1805,1,3,2,10,18,6,0.0,0.0,0.0,0.0,0.0,0.0,0.0,0.0,0.5983,0.7978,,,,,,,,,,,,,,,,,,,,,0.0,0.0,,,,,,,,0.0,0.0,13584.0,451.5457,0.183699,398.892,249.9723,13.0,0.4321,6.0,0.1994,6.0,39.0,1.2964,11099,7141,237.374,0.185659,10985.0,,,181.0,181.0,0.0,,,6.0166,3221.0,4474.0,75.0,2932.0,4153.0,74.0,289.0,321.0,1.0,0.0,2.0,0.0,0.0,0.0,0.0,5092.0,6957.0,118.0,4463.0,6571.0,114.0,629.0,386.0,4.0,0.0,3.0,1.0,0.0,1.0,1.0,7503.0,9205.0,154.0,5743.0,8279.0,136.0,1760.0,926.0,18.0,1.0,5.0,1.0,0.0,2.0,2.0,8390.0,9793.0,164.0,6984.0,10055.0,161.0,1406.0,-262.0,3.0,1.0,5.0,2.0,0.0,2.0,2.0
ESPORTSTMNT05_3222294,complete,,EM,2023,Spring,0,2023-04-11 16:51:46,1,13.06,4,Blue,bot,BAO,oe:player:6c1d0c529e73fe4c8b9a5306867c4bf,İstanbul Wildcats,oe:team:a65adb2808377018a2a7832eb2bd7f4,Lucian,Zeri,Vi,Akali,Sylas,Malphite,,,,,,1805,1,5,2,10,18,6,0.0,0.0,0.0,0.0,1.0,1.0,0.0,0.0,0.5983,0.7978,,,,,,,,,,,,,,,,,,,,,0.0,0.0,,,,,,,,1.0,0.0,26647.0,885.7729,0.360353,463.1136,251.6011,16.0,0.5319,10.0,0.3324,4.0,39.0,1.2964,14718,10760,357.6731,0.279747,13050.0,,,275.0,267.0,8.0,,,9.1413,4089.0,3044.0,86.0,3130.0,2903.0,74.0,959.0,141.0,12.0,2.0,1.0,1.0,0.0,2.0,2.0,6906.0,5409.0,152.0,4846.0,5025.0,124.0,2060.0,384.0,28.0,2.0,1.0,1.0,0.0,2.0,2.0,9064.0,7068.0,186.0,7197.0,6760.0,162.0,1867.0,308.0,24.0,3.0,3.0,2.0,1.0,3.0,3.0,11200.0,9387.0,239.0,9073.0,9174.0,218.0,2127.0,213.0,21.0,3.0,3.0,2.0,1.0,4.0,3.0
ESPORTSTMNT05_3222294,complete,,EM,2023,Spring,0,2023-04-11 16:51:46,1,13.06,5,Blue,sup,Parus,oe:player:a9cfbc13e22eefdd22af7b346ce2af4,İstanbul Wildcats,oe:team:a65adb2808377018a2a7832eb2bd7f4,Nami,Zeri,Vi,Akali,Sylas,Malphite,,,,,,1805,1,0,2,16,18,6,0.0,0.0,0.0,0.0,1.0,0.0,1.0,0.0,0.5983,0.7978,,,,,,,,,,,,,,,,,,,,,0.0,0.0,,,,,,,,0.0,0.0,4176.0,138.8144,0.0564729,233.9169,112.4211,29.0,0.964,12.0,0.3989,9.0,82.0,2.7258,7478,3520,117.0083,0.0915193,6075.0,,,14.0,14.0,0.0,,,0.4654,2263.0,2152.0,4.0,2383.0,2278.0,0.0,-120.0,-126.0,4.0,0.0,3.0,1.0,1.0,1.0,0.0,3374.0,3725.0,7.0,3328.0,3705.0,4.0,46.0,20.0,3.0,0.0,4.0,1.0,1.0,2.0,0.0,4804.0,5336.0,10.0,4539.0,5058.0,5.0,265.0,278.0,5.0,0.0,7.0,2.0,1.0,4.0,0.0,5616.0,6520.0,13.0,5366.0,5881.0,6.0,250.0,639.0,7.0,0.0,7.0,2.0,1.0,5.0,0.0
ESPORTSTMNT05_3222294,complete,,EM,2023,Spring,0,2023-04-11 16:51:46,1,13.06,6,Red,top,Color,oe:player:cb5feb1b7314637725a2e73bdc9f729,Zero Tenacity,oe:team:125fc4d6b0dc1b21596f4f06a207d62,Kennen,Xayah,Jinx,Wukong,Fiora,Jarvan IV,,,,,,1805,0,1,5,0,6,18,0.0,0.0,0.0,0.0,0.0,0.0,0.0,0.0,0.1994,0.7978,,,,,,,,,,,,,,,,,,,,,0.0,0.0,,,,,,,,0.0,1.0,11304.0,375.7562,0.257864,548.3102,315.1911,12.0,0.3989,6.0,0.1994,2.0,30.0,0.9972,9409,5451,181.1967,0.237308,9200.0,,,223.0,222.0,1.0,,,7.4127,3112.0,4648.0,81.0,3258.0,4744.0,87.0,-146.0,-96.0,-6.0,0.0,0.0,0.0,0.0,0.0,0.0,4882.0,7545.0,134.0,5610.0,7873.0,149.0,-728.0,-328.0,-15.0,0.0,0.0,0.0,0.0,1.0,0.0,6463.0,9469.0,171.0,7975.0,10931.0,190.0,-1512.0,-1462.0,-19.0,0.0,0.0,2.0,2.0,2.0,0.0,8367.0,11815.0,213.0,9565.0,12984.0,222.0,-1198.0,-1169.0,-9.0,1.0,0.0,3.0,2.0,3.0,0.0
ESPORTSTMNT05_3222294,complete,,EM,2023,Spring,0,2023-04-11 16:51:46,1,13.06,7,Red,jng,Ryuzaki,oe:player:9312bfc44c1e0686971d076d1364713,Zero Tenacity,oe:team:125fc4d6b0dc1b21596f4f06a207d62,Sejuani,Xayah,Jinx,Wukong,Fiora,Jarvan IV,,,,,,1805,0,3,3,3,6,18,0.0,0.0,0.0,0.0,0.0,0.0,0.0,0.0,0.1994,0.7978,,,,,,,,,,,,,,,,,,,,,0.0,1.0,,,,,,,,0.0,0.0,7745.0,257.4515,0.176677,852.4654,1194.9806,4.0,0.133,12.0,0.3989,3.0,38.0,1.2632,8666,4708,156.4986,0.204963,8625.0,,,140.0,30.0,110.0,,,4.6537,3190.0,2869.0,52.0,3618.0,3290.0,62.0,-428.0,-421.0,-10.0,1.0,1.0,1.0,1.0,1.0,0.0,4835.0,4893.0,86.0,5455.0,5232.0,93.0,-620.0,-339.0,-7.0,2.0,1.0,1.0,2.0,1.0,0.0,6726.0,7042.0,115.0,7451.0,7489.0,124.0,-725.0,-447.0,-9.0,3.0,2.0,1.0,2.0,3.0,0.0,7728.0,8164.0,128.0,8990.0,9454.0,148.0,-1262.0,-1290.0,-20.0,3.0,3.0,1.0,3.0,3.0,0.0
ESPORTSTMNT05_3222294,complete,,EM,2023,Spring,0,2023-04-11 16:51:46,1,13.06,8,Red,mid,SlowQ,oe:player:613a571a4b0b674547093130f2e4093,Zero Tenacity,oe:team:125fc4d6b0dc1b21596f4f06a207d62,K'Sante,Xayah,Jinx,Wukong,Fiora,Jarvan IV,,,,,,1805,0,0,4,2,6,18,0.0,0.0,0.0,0.0,0.0,0.0,0.0,0.0,0.1994,0.7978,,,,,,,,,,,,,,,,,,,,,0.0,0.0,,,,,,,,0.0,0.0,4001.0,132.9972,0.0912699,713.5845,941.518,16.0,0.5319,5.0,0.1662,7.0,31.0,1.0305,8129,4171,138.6482,0.181585,8150.0,,,177.0,177.0,0.0,,,5.8837,2932.0,4153.0,74.0,3221.0,4474.0,75.0,-289.0,-321.0,-1.0,0.0,0.0,0.0,0.0,2.0,0.0,4463.0,6571.0,114.0,5092.0,6957.0,118.0,-629.0,-386.0,-4.0,0.0,1.0,1.0,0.0,3.0,1.0,5743.0,8279.0,136.0,7503.0,9205.0,154.0,-1760.0,-926.0,-18.0,0.0,2.0,2.0,1.0,5.0,1.0,6984.0,10055.0,161.0,8390.0,9793.0,164.0,-1406.0,262.0,-3.0,0.0,2.0,2.0,1.0,5.0,2.0
ESPORTSTMNT05_3222294,complete,,EM,2023,Spring,0,2023-04-11 16:51:46,1,13.06,9,Red,bot,Noah,oe:player:95d286ec0a5d750d09e848a4e630c56,Zero Tenacity,oe:team:125fc4d6b0dc1b21596f4f06a207d62,Aphelios,Xayah,Jinx,Wukong,Fiora,Jarvan IV,,,,,,1805,0,1,5,4,6,18,0.0,0.0,0.0,0.0,0.0,0.0,0.0,1.0,0.1994,0.7978,,,,,,,,,,,,,,,,,,,,,0.0,0.0,,,,,,,,0.0,1.0,16903.0,561.8726,0.385588,500.4765,577.097,11.0,0.3657,5.0,0.1662,5.0,16.0,0.5319,10472,6514,216.5319,0.283584,10050.0,,,249.0,235.0,14.0,,,8.277,3130.0,2903.0,74.0,4089.0,3044.0,86.0,-959.0,-141.0,-12.0,0.0,2.0,2.0,2.0,1.0,1.0,4846.0,5025.0,124.0,6906.0,5409.0,152.0,-2060.0,-384.0,-28.0,0.0,2.0,2.0,2.0,1.0,1.0,7197.0,6760.0,162.0,9064.0,7068.0,186.0,-1867.0,-308.0,-24.0,1.0,3.0,3.0,3.0,3.0,2.0,9073.0,9174.0,218.0,11200.0,9387.0,239.0,-2127.0,-213.0,-21.0,1.0,4.0,3.0,3.0,3.0,2.0
ESPORTSTMNT05_3222294,complete,,EM,2023,Spring,0,2023-04-11 16:51:46,1,13.06,10,Red,sup,sanghyeon,oe:player:750126a9b77f68942d7f412ad74b67d,Zero Tenacity,oe:team:125fc4d6b0dc1b21596f4f06a207d62,Lulu,Xayah,Jinx,Wukong,Fiora,Jarvan IV,,,,,,1805,0,1,1,5,6,18,0.0,0.0,0.0,0.0,0.0,0.0,0.0,0.0,0.1994,0.7978,,,,,,,,,,,,,,,,,,,,,0.0,0.0,,,,,,,,0.0,0.0,3884.0,129.108,0.088601,348.3324,269.7839,41.0,1.3629,2.0,0.0665,10.0,57.0,1.8947,6084,2126,70.6704,0.0925602,5600.0,,,6.0,6.0,0.0,,,0.1994,2383.0,2278.0,0.0,2263.0,2152.0,4.0,120.0,126.0,-4.0,1.0,1.0,0.0,0.0,3.0,1.0,3328.0,3705.0,4.0,3374.0,3725.0,7.0,-46.0,-20.0,-3.0,1.0,2.0,0.0,0.0,4.0,1.0,4539.0,5058.0,5.0,4804.0,5336.0,10.0,-265.0,-278.0,-5.0,1.0,4.0,0.0,0.0,7.0,2.0,5366.0,5881.0,6.0,5616.0,6520.0,13.0,-250.0,-639.0,-7.0,1.0,5.0,0.0,0.0,7.0,2.0
ESPORTSTMNT05_3222294,complete,,EM,2023,Spring,0,2023-04-11 16:51:46,1,13.06,100,Blue,team,,,İstanbul Wildcats,oe:team:a65adb2808377018a2a7832eb2bd7f4,,Zeri,Vi,Akali,Sylas,Malphite,Annie,Lucian,Nami,Viego,Rumble,1805,1,18,6,51,18,6,2.0,0.0,0.0,0.0,1.0,,,,0.5983,0.7978,0.0,2.0,2.0,2.0,2.0,0.0,0.0,0.0,2.0,0.0,0.0,,0.0,0.0,1.0,2.0,0.0,,,1.0,1.0,0.0,1.0,9.0,1.0,1.0,1.0,7.0,0.0,2.0,0.0,73947.0,2458.072,,2595.6898,2086.1053,80.0,2.6593,50.0,1.662,38.0,258.0,8.5762,58253,38464,1278.5817,,51035.0,0.203108,3.61,,726.0,183.0,,,30.2161,16449.0,17704.0,314.0,14747.0,16851.0,281.0,1702.0,853.0,33.0,3.0,7.0,2.0,2.0,4.0,3.0,26437.0,29196.0,519.0,22354.0,27739.0,462.0,4083.0,1457.0,57.0,4.0,10.0,3.0,3.0,6.0,4.0,36797.0,40029.0,664.0,30668.0,36608.0,589.0,6129.0,3421.0,75.0,8.0,20.0,5.0,5.0,11.0,8.0,43761.0,48138.0,786.0,37518.0,45089.0,726.0,6243.0,3049.0,60.0,9.0,21.0,6.0,6.0,14.0,9.0
ESPORTSTMNT05_3222294,complete,,EM,2023,Spring,0,2023-04-11 16:51:46,1,13.06,200,Red,team,,,Zero Tenacity,oe:team:125fc4d6b0dc1b21596f4f06a207d62,,Xayah,Jinx,Wukong,Fiora,Jarvan IV,Aphelios,Sejuani,Lulu,K'Sante,Kennen,1805,0,6,18,14,6,18,0.0,0.0,0.0,0.0,0.0,,,,0.1994,0.7978,1.0,2.0,2.0,2.0,2.0,0.0,0.0,1.0,0.0,1.0,0.0,,0.0,0.0,0.0,0.0,2.0,,,0.0,0.0,1.0,0.0,1.0,9.0,0.0,0.0,0.0,7.0,0.0,2.0,43837.0,1457.1856,,2963.169,3298.5706,84.0,2.7922,30.0,0.9972,27.0,172.0,5.7175,42760,22971,763.5789,,41625.0,-0.203108,-3.61,,670.0,125.0,,,26.4266,14747.0,16851.0,281.0,16449.0,17704.0,314.0,-1702.0,-853.0,-33.0,2.0,4.0,3.0,3.0,7.0,2.0,22354.0,27739.0,462.0,26437.0,29196.0,519.0,-4083.0,-1457.0,-57.0,3.0,6.0,4.0,4.0,10.0,3.0,30668.0,36608.0,589.0,36797.0,40029.0,664.0,-6129.0,-3421.0,-75.0,5.0,11.0,8.0,8.0,20.0,5.0,37518.0,45089.0,726.0,43761.0,48138.0,786.0,-6243.0,-3049.0,-60.0,6.0,14.0,9.0,9.0,21.0,6.0
ESPORTSTMNT05_3220311,complete,,EM,2023,Spring,0,2023-04-11 16:53:53,1,13.06,1,Blue,top,Ragner,oe:player:c0f78343a2ad4ba1463245d53a3b440,Team GO,oe:team:8d538207b9de9d20e1a525aae593515,Olaf,Zilean,Gragas,Varus,Malphite,Karma,,,,,,1408,1,12,0,5,21,5,4.0,1.0,0.0,0.0,1.0,1.0,0.0,0.0,0.8949,1.108,,,,,,,,,,,,,,,,,,,,,0.0,0.0,,,,,,,,0.0,0.0,25076.0,1068.5795,0.453405,783.4517,1389.5881,10.0,0.4261,1.0,0.0426,4.0,22.0,0.9375,14831,11683,497.8551,0.316654,12350.0,,,224.0,213.0,11.0,,,9.5455,5274.0,4748.0,83.0,2664.0,3530.0,46.0,2610.0,1218.0,37.0,4.0,1.0,0.0,0.0,1.0,2.0,8072.0,7628.0,138.0,4119.0,5885.0,84.0,3953.0,1743.0,54.0,4.0,1.0,0.0,0.0,2.0,2.0,12144.0,10962.0,189.0,5381.0,7476.0,112.0,6763.0,3486.0,77.0,9.0,4.0,0.0,0.0,2.0,4.0,,,,,,,,,,,,,,,
ESPORTSTMNT05_3220311,complete,,EM,2023,Spring,0,2023-04-11 16:53:53,1,13.06,2,Blue,jng,Lyncas,oe:player:ca9701f085966dfca32e31b1b1e9d55,Team GO,oe:team:8d538207b9de9d20e1a525aae593515,Wukong,Zilean,Gragas,Varus,Malphite,Karma,,,,,,1408,1,3,3,11,21,5,1.0,0.0,0.0,0.0,0.0,0.0,0.0,0.0,0.8949,1.108,,,,,,,,,,,,,,,,,,,,,1.0,0.0,,,,,,,,1.0,0.0,9548.0,406.875,0.172639,875.2415,633.4091,7.0,0.2983,4.0,0.1705,5.0,28.0,1.1932,10026,6878,293.0966,0.186421,8275.0,,,127.0,12.0,115.0,,,5.4119,3362.0,3373.0,50.0,2826.0,2860.0,59.0,536.0,513.0,-9.0,0.0,3.0,1.0,0.0,0.0,2.0,5162.0,4898.0,77.0,4321.0,4739.0,89.0,841.0,159.0,-12.0,0.0,3.0,2.0,0.0,1.0,2.0,7863.0,8086.0,111.0,5674.0,6683.0,115.0,2189.0,1403.0,-4.0,1.0,7.0,2.0,0.0,1.0,3.0,,,,,,,,,,,,,,,
ESPORTSTMNT05_3220311,complete,,EM,2023,Spring,0,2023-04-11 16:53:53,1,13.06,3,Blue,mid,Toucouille,oe:player:525ac233cf71bc36a611e27a324144f,Team GO,oe:team:8d538207b9de9d20e1a525aae593515,Galio,Zilean,Gragas,Varus,Malphite,Karma,,,,,,1408,1,2,1,11,21,5,0.0,0.0,0.0,0.0,0.0,0.0,0.0,0.0,0.8949,1.108,,,,,,,,,,,,,,,,,,,,,0.0,0.0,,,,,,,,1.0,0.0,9182.0,391.2784,0.166022,478.7216,535.2273,6.0,0.2557,0.0,0.0,2.0,10.0,0.4261,9141,5993,255.3835,0.162434,7950.0,,,189.0,185.0,4.0,,,8.054,3538.0,4494.0,77.0,3248.0,4078.0,77.0,290.0,416.0,0.0,1.0,3.0,0.0,1.0,0.0,2.0,5516.0,7182.0,134.0,5173.0,7030.0,140.0,343.0,152.0,-6.0,1.0,3.0,0.0,1.0,1.0,2.0,7566.0,9672.0,164.0,6954.0,9515.0,192.0,612.0,157.0,-28.0,2.0,9.0,0.0,1.0,1.0,3.0,,,,,,,,,,,,,,,
ESPORTSTMNT05_3220311,complete,,EM,2023,Spring,0,2023-04-11 16:53:53,1,13.06,4,Blue,bot,Jezu,oe:player:4817d93e8f26002377aec42233b3fc2,Team GO,oe:team:8d538207b9de9d20e1a525aae593515,Zeri,Zilean,Gragas,Varus,Malphite,Karma,,,,,,1408,1,2,0,8,21,5,0.0,0.0,0.0,0.0,0.0,0.0,0.0,0.0,0.8949,1.108,,,,,,,,,,,,,,,,,,,,,0.0,0.0,,,,,,,,0.0,0.0,9378.0,399.6307,0.169566,386.3352,291.733,10.0,0.4261,6.0,0.2557,4.0,29.0,1.2358,11767,8619,367.2869,0.233609,9450.0,,,256.0,232.0,24.0,,,10.9091,3477.0,3577.0,95.0,3648.0,3460.0,84.0,-171.0,117.0,11.0,0.0,0.0,0.0,0.0,0.0,0.0,6340.0,6753.0,158.0,5700.0,6026.0,135.0,640.0,727.0,23.0,0.0,0.0,0.0,0.0,0.0,0.0,9487.0,9918.0,214.0,7182.0,8054.0,177.0,2305.0,1864.0,37.0,1.0,5.0,0.0,0.0,0.0,2.0,,,,,,,,,,,,,,,
ESPORTSTMNT05_3220311,complete,,EM,2023,Spring,0,2023-04-11 16:53:53,1,13.06,5,Blue,sup,kamilius,oe:player:7aa0aebd379414d25f1fcdc396407f1,Team GO,oe:team:8d538207b9de9d20e1a525aae593515,Rakan,Zilean,Gragas,Varus,Malphite,Karma,,,,,,1408,1,2,1,12,21,5,0.0,0.0,0.0,0.0,0.0,0.0,0.0,0.0,0.8949,1.108,,,,,,,,,,,,,,,,,,,,,0.0,0.0,,,,,,,,0.0,0.0,2122.0,90.4261,0.0383684,184.304,298.3381,33.0,1.4063,12.0,0.5114,8.0,74.0,3.1534,6870,3722,158.608,0.100882,5500.0,,,32.0,32.0,0.0,,,1.3636,2367.0,2416.0,14.0,2181.0,2601.0,17.0,186.0,-185.0,-3.0,1.0,0.0,0.0,0.0,0.0,0.0,3546.0,2908.0,23.0,3712.0,3630.0,29.0,-166.0,-722.0,-6.0,1.0,0.0,0.0,1.0,0.0,0.0,5046.0,4626.0,27.0,4659.0,4269.0,34.0,387.0,357.0,-7.0,1.0,6.0,0.0,1.0,0.0,2.0,,,,,,,,,,,,,,,
ESPORTSTMNT05_3220311,complete,,EM,2023,Spring,0,2023-04-11 16:53:53,1,13.06,6,Red,top,Eyliph,oe:player:4b20700639bada36a5a58cc4a8e7135,Anorthosis Famagusta Esports,oe:team:5f1bc4a914b49c7b7ff4c2f1b8d8df9,Camille,LeBlanc,Annie,Vi,Jax,Renekton,,,,,,1408,0,1,5,4,5,21,0.0,0.0,0.0,0.0,0.0,0.0,0.0,0.0,0.2131,1.108,,,,,,,,,,,,,,,,,,,,,0.0,0.0,,,,,,,,0.0,0.0,7874.0,335.5398,0.223414,799.858,575.1563,8.0,0.3409,2.0,0.0852,1.0,16.0,0.6818,7138,3990,170.0284,0.187421,6925.0,,,134.0,134.0,0.0,,,5.7102,2664.0,3530.0,46.0,5274.0,4748.0,83.0,-2610.0,-1218.0,-37.0,0.0,1.0,2.0,4.0,1.0,0.0,4119.0,5885.0,84.0,8072.0,7628.0,138.0,-3953.0,-1743.0,-54.0,0.0,2.0,2.0,4.0,1.0,0.0,5381.0,7476.0,112.0,12144.0,10962.0,189.0,-6763.0,-3486.0,-77.0,0.0,2.0,4.0,9.0,4.0,0.0,,,,,,,,,,,,,,,
ESPORTSTMNT05_3220311,complete,,EM,2023,Spring,0,2023-04-11 16:53:53,1,13.06,7,Red,jng,SPOOKY,oe:player:11389d6d8a29729807c3cf528a98050,Anorthosis Famagusta Esports,oe:team:5f1bc4a914b49c7b7ff4c2f1b8d8df9,Hecarim,LeBlanc,Annie,Vi,Jax,Renekton,,,,,,1408,0,0,3,3,5,21,0.0,0.0,0.0,0.0,0.0,0.0,0.0,1.0,0.2131,1.108,,,,,,,,,,,,,,,,,,,,,0.0,1.0,,,,,,,,0.0,1.0,4395.0,187.2869,0.124702,1000.0994,659.1903,2.0,0.0852,5.0,0.2131,1.0,21.0,0.8949,6878,3730,158.9489,0.175208,6425.0,,,130.0,22.0,108.0,,,5.5398,2826.0,2860.0,59.0,3362.0,3373.0,50.0,-536.0,-513.0,9.0,0.0,0.0,2.0,0.0,3.0,1.0,4321.0,4739.0,89.0,5162.0,4898.0,77.0,-841.0,-159.0,12.0,0.0,1.0,2.0,0.0,3.0,2.0,5674.0,6683.0,115.0,7863.0,8086.0,111.0,-2189.0,-1403.0,4.0,0.0,1.0,3.0,1.0,7.0,2.0,,,,,,,,,,,,,,,
ESPORTSTMNT05_3220311,complete,,EM,2023,Spring,0,2023-04-11 16:53:53,1,13.06,8,Red,mid,HAWHAW,oe:player:ae06413dcf80aa496ab8448d8ea586f,Anorthosis Famagusta Esports,oe:team:5f1bc4a914b49c7b7ff4c2f1b8d8df9,Cassiopeia,LeBlanc,Annie,Vi,Jax,Renekton,,,,,,1408,0,3,5,2,5,21,1.0,0.0,0.0,0.0,0.0,0.0,0.0,0.0,0.2131,1.108,,,,,,,,,,,,,,,,,,,,,0.0,0.0,,,,,,,,0.0,1.0,9865.0,420.3835,0.279906,562.3722,278.1818,8.0,0.3409,1.0,0.0426,3.0,14.0,0.5966,9134,5986,255.0852,0.281177,7725.0,,,216.0,208.0,8.0,,,9.2045,3248.0,4078.0,77.0,3538.0,4494.0,77.0,-290.0,-416.0,0.0,1.0,0.0,2.0,1.0,3.0,0.0,5173.0,7030.0,140.0,5516.0,7182.0,134.0,-343.0,-152.0,6.0,1.0,1.0,2.0,1.0,3.0,0.0,6954.0,9515.0,192.0,7566.0,9672.0,164.0,-612.0,-157.0,28.0,1.0,1.0,3.0,2.0,9.0,0.0,,,,,,,,,,,,,,,
ESPORTSTMNT05_3220311,complete,,EM,2023,Spring,0,2023-04-11 16:53:53,1,13.06,9,Red,bot,GOLDENTO4ST,oe:player:5c58c2e986e8aec0ee6f2465823349a,Anorthosis Famagusta Esports,oe:team:5f1bc4a914b49c7b7ff4c2f1b8d8df9,Xayah,LeBlanc,Annie,Vi,Jax,Renekton,,,,,,1408,0,0,4,3,5,21,0.0,0.0,0.0,0.0,0.0,0.0,0.0,0.0,0.2131,1.108,,,,,,,,,,,,,,,,,,,,,0.0,0.0,,,,,,,,0.0,0.0,10082.0,429.6307,0.286063,406.8324,193.892,9.0,0.3835,2.0,0.0852,2.0,17.0,0.7244,8502,5354,228.1534,0.25149,8200.0,,,204.0,204.0,0.0,,,8.6932,3648.0,3460.0,84.0,3477.0,3577.0,95.0,171.0,-117.0,-11.0,0.0,0.0,0.0,0.0,0.0,0.0,5700.0,6026.0,135.0,6340.0,6753.0,158.0,-640.0,-727.0,-23.0,0.0,0.0,0.0,0.0,0.0,0.0,7182.0,8054.0,177.0,9487.0,9918.0,214.0,-2305.0,-1864.0,-37.0,0.0,0.0,2.0,1.0,5.0,0.0,,,,,,,,,,,,,,,
ESPORTSTMNT05_3220311,complete,,EM,2023,Spring,0,2023-04-11 16:53:53,1,13.06,10,Red,sup,iLEVI,oe:player:b226880189cb11f7da7a0c86544b556,Anorthosis Famagusta Esports,oe:team:5f1bc4a914b49c7b7ff4c2f1b8d8df9,Rell,LeBlanc,Annie,Vi,Jax,Renekton,,,,,,1408,0,1,4,1,5,21,0.0,0.0,0.0,0.0,0.0,0.0,0.0,0.0,0.2131,1.108,,,,,,,,,,,,,,,,,,,,,0.0,0.0,,,,,,,,0.0,0.0,3028.0,129.0341,0.0859153,467.983,535.483,28.0,1.1932,14.0,0.5966,7.0,71.0,3.0256,5377,2229,94.9858,0.104704,5175.0,,,36.0,36.0,0.0,,,1.5341,2181.0,2601.0,17.0,2367.0,2416.0,14.0,-186.0,185.0,3.0,0.0,0.0,0.0,1.0,0.0,0.0,3712.0,3630.0,29.0,3546.0,2908.0,23.0,166.0,722.0,6.0,1.0,0.0,0.0,1.0,0.0,0.0,4659.0,4269.0,34.0,5046.0,4626.0,27.0,-387.0,-357.0,7.0,1.0,0.0,2.0,1.0,6.0,0.0,,,,,,,,,,,,,,,
ESPORTSTMNT05_3220311,complete,,EM,2023,Spring,0,2023-04-11 16:53:53,1,13.06,100,Blue,team,,,Team GO,oe:team:8d538207b9de9d20e1a525aae593515,,Zilean,Gragas,Varus,Malphite,Karma,Rakan,Wukong,Zeri,Galio,Olaf,1408,1,21,5,47,21,5,5.0,1.0,0.0,0.0,1.0,,,,0.8949,1.108,1.0,3.0,0.0,3.0,0.0,1.0,1.0,1.0,0.0,0.0,0.0,,0.0,0.0,1.0,2.0,0.0,,,1.0,1.0,0.0,1.0,10.0,1.0,1.0,1.0,8.0,2.0,2.0,0.0,55306.0,2356.7898,,2708.054,3148.2955,66.0,2.8125,23.0,0.9801,23.0,163.0,6.946,52635,36895,1572.2301,,43525.0,0.232767,5.22,,674.0,154.0,,,35.2841,18018.0,18608.0,319.0,14567.0,16529.0,283.0,3451.0,2079.0,36.0,6.0,7.0,1.0,1.0,1.0,6.0,28636.0,29369.0,530.0,23025.0,27310.0,477.0,5611.0,2059.0,53.0,6.0,7.0,2.0,2.0,4.0,6.0,42106.0,43264.0,705.0,29850.0,35997.0,630.0,12256.0,7267.0,75.0,14.0,31.0,2.0,2.0,4.0,14.0,,,,,,,,,,,,,,,
ESPORTSTMNT05_3220311,complete,,EM,2023,Spring,0,2023-04-11 16:53:53,1,13.06,200,Red,team,,,Anorthosis Famagusta Esports,oe:team:5f1bc4a914b49c7b7ff4c2f1b8d8df9,,LeBlanc,Annie,Vi,Jax,Renekton,Xayah,Rell,Hecarim,Camille,Cassiopeia,1408,0,5,21,13,5,21,1.0,0.0,0.0,0.0,0.0,,,,0.2131,1.108,0.0,0.0,3.0,0.0,3.0,0.0,0.0,0.0,0.0,0.0,0.0,,0.0,0.0,0.0,0.0,2.0,,,0.0,0.0,1.0,0.0,1.0,10.0,0.0,0.0,2.0,8.0,0.0,2.0,35244.0,1501.875,,3237.1449,2241.9034,55.0,2.3438,24.0,1.0227,14.0,139.0,5.9233,37029,21289,907.2017,,34450.0,-0.232767,-5.22,,604.0,116.0,,,30.6818,14567.0,16529.0,283.0,18018.0,18608.0,319.0,-3451.0,-2079.0,-36.0,1.0,1.0,6.0,6.0,7.0,1.0,23025.0,27310.0,477.0,28636.0,29369.0,530.0,-5611.0,-2059.0,-53.0,2.0,4.0,6.0,6.0,7.0,2.0,29850.0,35997.0,630.0,42106.0,43264.0,705.0,-12256.0,-7267.0,-75.0,2.0,4.0,14.0,14.0,31.0,2.0,,,,,,,,,,,,,,,
ESPORTSTMNT05_3222296,complete,,EM,2023,Spring,0,2023-04-11 17:37:43,1,13.06,1,Blue,top,JNX,oe:player:4bb53c6fa9f5d75901136feb8bdf817,SK Gaming Prime,oe:team:aa8c3b781d96ddb7a24ab3240918988,Gragas,LeBlanc,Lee Sin,Aurelion Sol,Veigar,K'Sante,,,,,,1731,1,3,2,8,19,4,0.0,0.0,0.0,0.0,0.0,0.0,0.0,0.0,0.6586,0.7972,,,,,,,,,,,,,,,,,,,,,0.0,0.0,,,,,,,,0.0,0.0,16887.0,585.338,0.265244,704.5407,653.5182,13.0,0.4506,7.0,0.2426,2.0,40.0,1.3865,12137,8330,288.7348,0.200752,10650.0,,,248.0,244.0,4.0,,,8.5962,3122.0,4152.0,77.0,4244.0,5063.0,77.0,-1122.0,-911.0,0.0,0.0,1.0,2.0,2.0,0.0,0.0,5255.0,7275.0,133.0,6436.0,7851.0,129.0,-1181.0,-576.0,4.0,0.0,1.0,2.0,2.0,0.0,0.0,7897.0,10476.0,180.0,8368.0,9977.0,167.0,-471.0,499.0,13.0,1.0,3.0,2.0,2.0,1.0,2.0,9839.0,15108.0,237.0,10067.0,12526.0,212.0,-228.0,2582.0,25.0,1.0,4.0,2.0,2.0,1.0,2.0
ESPORTSTMNT05_3222296,complete,,EM,2023,Spring,0,2023-04-11 17:37:43,1,13.06,2,Blue,jng,Lurox,oe:player:6fc5fe723eed4ba4c230292be365c66,SK Gaming Prime,oe:team:aa8c3b781d96ddb7a24ab3240918988,Kindred,LeBlanc,Lee Sin,Aurelion Sol,Veigar,K'Sante,,,,,,1731,1,6,1,5,19,4,0.0,0.0,0.0,0.0,1.0,1.0,0.0,0.0,0.6586,0.7972,,,,,,,,,,,,,,,,,,,,,1.0,0.0,,,,,,,,0.0,0.0,9313.0,322.8076,0.146279,524.922,571.0225,7.0,0.2426,9.0,0.312,5.0,43.0,1.4905,11586,7779,269.636,0.187473,9625.0,,,191.0,16.0,175.0,,,6.6205,3603.0,3169.0,60.0,3289.0,3466.0,58.0,314.0,-297.0,2.0,2.0,0.0,1.0,0.0,2.0,0.0,5358.0,5764.0,106.0,4865.0,5501.0,96.0,493.0,263.0,10.0,2.0,0.0,1.0,0.0,2.0,0.0,7627.0,8433.0,138.0,6665.0,7564.0,129.0,962.0,869.0,9.0,4.0,1.0,1.0,1.0,2.0,1.0,9018.0,10394.0,169.0,8076.0,9456.0,160.0,942.0,938.0,9.0,4.0,1.0,1.0,1.0,2.0,1.0
ESPORTSTMNT05_3222296,complete,,EM,2023,Spring,0,2023-04-11 17:37:43,1,13.06,3,Blue,mid,FEBIVEN,oe:player:d62421836c8b27dc3ffaffa058b8098,SK Gaming Prime,oe:team:aa8c3b781d96ddb7a24ab3240918988,Ahri,LeBlanc,Lee Sin,Aurelion Sol,Veigar,K'Sante,,,,,,1731,1,0,1,6,19,4,0.0,0.0,0.0,0.0,1.0,0.0,1.0,0.0,0.6586,0.7972,,,,,,,,,,,,,,,,,,,,,0.0,0.0,,,,,,,,0.0,0.0,12691.0,439.896,0.199337,391.5771,220.1733,16.0,0.5546,6.0,0.208,3.0,50.0,1.7331,12686,8879,307.7643,0.213982,11725.0,,,287.0,283.0,4.0,,,9.948,3769.0,4520.0,86.0,2959.0,4234.0,74.0,810.0,286.0,12.0,0.0,2.0,0.0,0.0,1.0,1.0,5633.0,7259.0,142.0,4905.0,7246.0,136.0,728.0,13.0,6.0,0.0,2.0,0.0,0.0,1.0,1.0,7375.0,9427.0,179.0,6474.0,9542.0,172.0,901.0,-115.0,7.0,0.0,3.0,1.0,0.0,1.0,2.0,10216.0,13060.0,246.0,7811.0,11155.0,201.0,2405.0,1905.0,45.0,0.0,4.0,1.0,0.0,1.0,3.0
ESPORTSTMNT05_3222296,complete,,EM,2023,Spring,0,2023-04-11 17:37:43,1,13.06,4,Blue,bot,Keduii,oe:player:44189e6dc3089dbf9520de800fa705a,SK Gaming Prime,oe:team:aa8c3b781d96ddb7a24ab3240918988,Zeri,LeBlanc,Lee Sin,Aurelion Sol,Veigar,K'Sante,,,,,,1731,1,9,0,7,19,4,2.0,0.0,0.0,0.0,0.0,0.0,0.0,0.0,0.6586,0.7972,,,,,,,,,,,,,,,,,,,,,0.0,0.0,,,,,,,,1.0,0.0,20986.0,727.4177,0.329627,280.9012,399.0295,12.0,0.4159,19.0,0.6586,4.0,67.0,2.3224,16093,12286,425.8579,0.296089,13400.0,,,317.0,298.0,19.0,,,10.9879,4055.0,3706.0,88.0,3415.0,3094.0,82.0,640.0,612.0,6.0,2.0,1.0,0.0,1.0,0.0,2.0,6133.0,6380.0,147.0,5033.0,5170.0,127.0,1100.0,1210.0,20.0,2.0,1.0,0.0,1.0,0.0,2.0,9921.0,9757.0,198.0,6871.0,6771.0,161.0,3050.0,2986.0,37.0,5.0,4.0,0.0,1.0,1.0,3.0,12503.0,13143.0,269.0,9130.0,9479.0,231.0,3373.0,3664.0,38.0,6.0,4.0,0.0,1.0,1.0,3.0
ESPORTSTMNT05_3222296,complete,,EM,2023,Spring,0,2023-04-11 17:37:43,1,13.06,5,Blue,sup,Prime,oe:player:e038414b765a8bda52e602f7eaeff04,SK Gaming Prime,oe:team:aa8c3b781d96ddb7a24ab3240918988,Rakan,LeBlanc,Lee Sin,Aurelion Sol,Veigar,K'Sante,,,,,,1731,1,1,0,14,19,4,0.0,0.0,0.0,0.0,0.0,0.0,0.0,0.0,0.6586,0.7972,,,,,,,,,,,,,,,,,,,,,0.0,0.0,,,,,,,,0.0,0.0,3789.0,131.3345,0.0595137,223.6049,292.513,56.0,1.9411,13.0,0.4506,13.0,113.0,3.9168,8027,4220,146.2738,0.101703,6825.0,,,35.0,35.0,0.0,,,1.2132,2686.0,2430.0,13.0,2101.0,2276.0,15.0,585.0,154.0,-2.0,1.0,2.0,0.0,0.0,1.0,2.0,3898.0,3705.0,24.0,3042.0,3247.0,22.0,856.0,458.0,2.0,1.0,2.0,0.0,0.0,1.0,2.0,5310.0,5258.0,27.0,3977.0,4376.0,25.0,1333.0,882.0,2.0,1.0,7.0,0.0,0.0,2.0,3.0,6392.0,6378.0,34.0,4854.0,5857.0,27.0,1538.0,521.0,7.0,1.0,8.0,0.0,0.0,2.0,3.0
ESPORTSTMNT05_3222296,complete,,EM,2023,Spring,0,2023-04-11 17:37:43,1,13.06,6,Red,top,Banderas,oe:player:57abe5a8958c15444e9103873f8565a,Riddle Esports,oe:team:9eb531c72890b1ae7e50122f0884f37,Sion,Kalista,Vi,Sejuani,Jayce,Olaf,,,,,,1731,0,2,3,1,4,19,0.0,0.0,0.0,0.0,0.0,0.0,0.0,0.0,0.1386,0.7972,,,,,,,,,,,,,,,,,,,,,0.0,0.0,,,,,,,,0.0,0.0,9439.0,327.175,0.306054,762.7383,1376.7071,9.0,0.312,6.0,0.208,5.0,27.0,0.9359,11451,7644,264.9567,0.263466,11525.0,,,237.0,229.0,8.0,,,8.2149,4244.0,5063.0,77.0,3122.0,4152.0,77.0,1122.0,911.0,0.0,2.0,0.0,0.0,0.0,1.0,2.0,6436.0,7851.0,129.0,5255.0,7275.0,133.0,1181.0,576.0,-4.0,2.0,0.0,0.0,0.0,1.0,2.0,8368.0,9977.0,167.0,7897.0,10476.0,180.0,471.0,-499.0,-13.0,2.0,1.0,2.0,1.0,3.0,2.0,10067.0,12526.0,212.0,9839.0,15108.0,237.0,228.0,-2582.0,-25.0,2.0,1.0,2.0,1.0,4.0,2.0
ESPORTSTMNT05_3222296,complete,,EM,2023,Spring,0,2023-04-11 17:37:43,1,13.06,7,Red,jng,Yohan,oe:player:cc00384e754d3b4db840275587813eb,Riddle Esports,oe:team:9eb531c72890b1ae7e50122f0884f37,Wukong,Kalista,Vi,Sejuani,Jayce,Olaf,,,,,,1731,0,1,3,2,4,19,0.0,0.0,0.0,0.0,0.0,0.0,0.0,0.0,0.1386,0.7972,,,,,,,,,,,,,,,,,,,,,0.0,1.0,,,,,,,,0.0,0.0,3865.0,133.9688,0.12532,795.2166,847.1404,9.0,0.312,7.0,0.2426,4.0,36.0,1.2478,9135,5328,184.6794,0.183642,9050.0,,,172.0,14.0,158.0,,,5.9619,3289.0,3466.0,58.0,3603.0,3169.0,60.0,-314.0,297.0,-2.0,0.0,2.0,0.0,2.0,0.0,1.0,4865.0,5501.0,96.0,5358.0,5764.0,106.0,-493.0,-263.0,-10.0,0.0,2.0,0.0,2.0,0.0,1.0,6665.0,7564.0,129.0,7627.0,8433.0,138.0,-962.0,-869.0,-9.0,1.0,2.0,1.0,4.0,1.0,1.0,8076.0,9456.0,160.0,9018.0,10394.0,169.0,-942.0,-938.0,-9.0,1.0,2.0,1.0,4.0,1.0,1.0
ESPORTSTMNT05_3222296,complete,,EM,2023,Spring,0,2023-04-11 17:37:43,1,13.06,8,Red,mid,FireRain,oe:player:ee8d313390db21907037cef1c8d6f81,Riddle Esports,oe:team:9eb531c72890b1ae7e50122f0884f37,Sylas,Kalista,Vi,Sejuani,Jayce,Olaf,,,,,,1731,0,0,4,1,4,19,0.0,0.0,0.0,0.0,0.0,0.0,0.0,1.0,0.1386,0.7972,,,,,,,,,,,,,,,,,,,,,0.0,0.0,,,,,,,,0.0,0.0,8568.0,296.9844,0.277812,674.4194,376.0485,14.0,0.4853,10.0,0.3466,7.0,40.0,1.3865,10245,6438,223.1542,0.2219,10210.0,,,238.0,234.0,4.0,,,8.2496,2959.0,4234.0,74.0,3769.0,4520.0,86.0,-810.0,-286.0,-12.0,0.0,1.0,1.0,0.0,2.0,0.0,4905.0,7246.0,136.0,5633.0,7259.0,142.0,-728.0,-13.0,-6.0,0.0,1.0,1.0,0.0,2.0,0.0,6474.0,9542.0,172.0,7375.0,9427.0,179.0,-901.0,115.0,-7.0,0.0,1.0,2.0,0.0,3.0,1.0,7811.0,11155.0,201.0,10216.0,13060.0,246.0,-2405.0,-1905.0,-45.0,0.0,1.0,3.0,0.0,4.0,1.0
ESPORTSTMNT05_3222296,complete,,EM,2023,Spring,0,2023-04-11 17:37:43,1,13.06,9,Red,bot,jinjo,oe:player:23f5249382ade4216547b5e109c5414,Riddle Esports,oe:team:9eb531c72890b1ae7e50122f0884f37,Xayah,Kalista,Vi,Sejuani,Jayce,Olaf,,,,,,1731,0,1,4,1,4,19,0.0,0.0,0.0,0.0,0.0,0.0,0.0,0.0,0.1386,0.7972,,,,,,,,,,,,,,,,,,,,,0.0,0.0,,,,,,,,0.0,1.0,6802.0,235.7712,0.220551,415.0433,215.286,11.0,0.3813,8.0,0.2773,5.0,30.0,1.0399,11539,7732,268.0069,0.266499,11075.0,,,282.0,276.0,6.0,,,9.7747,3415.0,3094.0,82.0,4055.0,3706.0,88.0,-640.0,-612.0,-6.0,1.0,0.0,2.0,2.0,1.0,0.0,5033.0,5170.0,127.0,6133.0,6380.0,147.0,-1100.0,-1210.0,-20.0,1.0,0.0,2.0,2.0,1.0,0.0,6871.0,6771.0,161.0,9921.0,9757.0,198.0,-3050.0,-2986.0,-37.0,1.0,1.0,3.0,5.0,4.0,0.0,9130.0,9479.0,231.0,12503.0,13143.0,269.0,-3373.0,-3664.0,-38.0,1.0,1.0,3.0,6.0,4.0,0.0
ESPORTSTMNT05_3222296,complete,,EM,2023,Spring,0,2023-04-11 17:37:43,1,13.06,10,Red,sup,kibah,oe:player:9f65f7ff237a92d74cf2bf2420f2751,Riddle Esports,oe:team:9eb531c72890b1ae7e50122f0884f37,Nautilus,Kalista,Vi,Sejuani,Jayce,Olaf,,,,,,1731,0,0,5,2,4,19,0.0,0.0,0.0,0.0,0.0,0.0,0.0,0.0,0.1386,0.7972,,,,,,,,,,,,,,,,,,,,,0.0,0.0,,,,,,,,0.0,0.0,2167.0,75.1127,0.0702636,429.0121,410.0173,46.0,1.5945,5.0,0.1733,10.0,55.0,1.9064,5678,1871,64.8527,0.0644921,4675.0,,,27.0,27.0,0.0,,,0.9359,2101.0,2276.0,15.0,2686.0,2430.0,13.0,-585.0,-154.0,2.0,0.0,1.0,2.0,1.0,2.0,0.0,3042.0,3247.0,22.0,3898.0,3705.0,24.0,-856.0,-458.0,-2.0,0.0,1.0,2.0,1.0,2.0,0.0,3977.0,4376.0,25.0,5310.0,5258.0,27.0,-1333.0,-882.0,-2.0,0.0,2.0,3.0,1.0,7.0,0.0,4854.0,5857.0,27.0,6392.0,6378.0,34.0,-1538.0,-521.0,-7.0,0.0,2.0,3.0,1.0,8.0,0.0
ESPORTSTMNT05_3222296,complete,,EM,2023,Spring,0,2023-04-11 17:37:43,1,13.06,100,Blue,team,,,SK Gaming Prime,oe:team:aa8c3b781d96ddb7a24ab3240918988,,LeBlanc,Lee Sin,Aurelion Sol,Veigar,K'Sante,Rakan,Zeri,Gragas,Kindred,Ahri,1731,1,19,4,40,19,4,2.0,0.0,0.0,0.0,1.0,,,,0.6586,0.7972,1.0,3.0,1.0,3.0,1.0,0.0,1.0,2.0,0.0,0.0,0.0,,0.0,0.0,0.0,0.0,2.0,,,1.0,1.0,0.0,0.0,9.0,3.0,1.0,1.0,7.0,3.0,1.0,0.0,63666.0,2206.7938,,2125.5459,2136.2565,104.0,3.6049,54.0,1.8718,27.0,313.0,10.8492,60529,41495,1438.3016,,52225.0,0.115229,2.97,,876.0,202.0,,,37.3657,17235.0,17977.0,324.0,16008.0,18133.0,306.0,1227.0,-156.0,18.0,5.0,6.0,3.0,3.0,4.0,5.0,26277.0,30383.0,552.0,24281.0,29015.0,510.0,1996.0,1368.0,42.0,5.0,6.0,3.0,3.0,4.0,5.0,38130.0,43351.0,722.0,32355.0,38230.0,654.0,5775.0,5121.0,68.0,11.0,18.0,4.0,4.0,7.0,11.0,47968.0,58083.0,955.0,39938.0,48473.0,831.0,8030.0,9610.0,124.0,12.0,21.0,4.0,4.0,7.0,12.0
ESPORTSTMNT05_3222296,complete,,EM,2023,Spring,0,2023-04-11 17:37:43,1,13.06,200,Red,team,,,Riddle Esports,oe:team:9eb531c72890b1ae7e50122f0884f37,,Kalista,Vi,Sejuani,Jayce,Olaf,Xayah,Wukong,Nautilus,Sion,Sylas,1731,0,4,19,7,4,19,0.0,0.0,0.0,0.0,0.0,,,,0.1386,0.7972,0.0,1.0,3.0,1.0,3.0,0.0,0.0,0.0,1.0,0.0,0.0,,0.0,0.0,1.0,2.0,0.0,,,0.0,0.0,1.0,1.0,3.0,9.0,0.0,0.0,3.0,7.0,0.0,1.0,30841.0,1069.0121,,3076.4298,3225.1993,89.0,3.0849,36.0,1.2478,31.0,188.0,6.5165,48048,29014,1005.6846,,46535.0,-0.115229,-2.97,,780.0,176.0,,,33.1369,16008.0,18133.0,306.0,17235.0,17977.0,324.0,-1227.0,156.0,-18.0,3.0,4.0,5.0,5.0,6.0,3.0,24281.0,29015.0,510.0,26277.0,30383.0,552.0,-1996.0,-1368.0,-42.0,3.0,4.0,5.0,5.0,6.0,3.0,32355.0,38230.0,654.0,38130.0,43351.0,722.0,-5775.0,-5121.0,-68.0,4.0,7.0,11.0,11.0,18.0,4.0,39938.0,48473.0,831.0,47968.0,58083.0,955.0,-8030.0,-9610.0,-124.0,4.0,7.0,12.0,12.0,21.0,4.0
ESPORTSTMNT05_3220312,complete,,EM,2023,Spring,0,2023-04-11 17:43:06,1,13.06,1,Blue,top,Satorius,oe:player:422d7cc4063f8801a9427860bfd855b,Geekay Esports,oe:team:1ff3f5c94edd806e1fed4105fc48995,Sion,Draven,Wukong,Vi,Lee Sin,Jarvan IV,,,,,,1907,0,3,2,4,14,24,0.0,0.0,0.0,0.0,0.0,0.0,0.0,0.0,0.4405,1.1956,,,,,,,,,,,,,,,,,,,,,0.0,0.0,,,,,,,,0.0,0.0,13693.0,430.8233,0.22051,1014.085,1268.4321,14.0,0.4405,4.0,0.1259,6.0,29.0,0.9124,12488,8322,261.8353,0.24061,11700.0,,,266.0,266.0,0.0,,,8.3692,3091.0,4706.0,81.0,4036.0,4518.0,68.0,-945.0,188.0,13.0,0.0,0.0,0.0,2.0,0.0,0.0,4686.0,7035.0,124.0,5987.0,7628.0,120.0,-1301.0,-593.0,4.0,0.0,2.0,0.0,2.0,3.0,0.0,7289.0,9946.0,172.0,8058.0,10263.0,159.0,-769.0,-317.0,13.0,1.0,3.0,1.0,2.0,9.0,2.0,9861.0,12258.0,201.0,10260.0,13256.0,201.0,-399.0,-998.0,0.0,3.0,3.0,1.0,2.0,9.0,3.0
ESPORTSTMNT05_3220312,complete,,EM,2023,Spring,0,2023-04-11 17:43:06,1,13.06,2,Blue,jng,Viking,oe:player:f48a8f161502989fca609408a80bd75,Geekay Esports,oe:team:1ff3f5c94edd806e1fed4105fc48995,Elise,Draven,Wukong,Vi,Lee Sin,Jarvan IV,,,,,,1907,0,5,6,7,14,24,2.0,0.0,0.0,0.0,1.0,1.0,0.0,0.0,0.4405,1.1956,,,,,,,,,,,,,,,,,,,,,0.0,2.0,,,,,,,,0.0,0.0,14667.0,461.4683,0.236195,718.9303,460.3985,3.0,0.0944,13.0,0.409,1.0,37.0,1.1641,10725,6559,206.366,0.189638,9875.0,,,146.0,28.0,118.0,,,4.5936,3394.0,2399.0,40.0,2765.0,2661.0,54.0,629.0,-262.0,-14.0,2.0,1.0,2.0,0.0,1.0,1.0,4923.0,4745.0,75.0,5220.0,4836.0,80.0,-297.0,-91.0,-5.0,2.0,2.0,3.0,2.0,2.0,1.0,7005.0,7016.0,96.0,7355.0,7887.0,104.0,-350.0,-871.0,-8.0,3.0,4.0,5.0,2.0,8.0,2.0,9200.0,9866.0,125.0,9429.0,10752.0,123.0,-229.0,-886.0,2.0,5.0,6.0,5.0,3.0,9.0,2.0
ESPORTSTMNT05_3220312,complete,,EM,2023,Spring,0,2023-04-11 17:43:06,1,13.06,3,Blue,mid,Giyuu,oe:player:e6f5a7e37185c25a363d031ef5eafa9,Geekay Esports,oe:team:1ff3f5c94edd806e1fed4105fc48995,Tristana,Draven,Wukong,Vi,Lee Sin,Jarvan IV,,,,,,1907,0,5,8,6,14,24,0.0,0.0,0.0,0.0,0.0,0.0,0.0,0.0,0.4405,1.1956,,,,,,,,,,,,,,,,,,,,,0.0,0.0,,,,,,,,0.0,0.0,14253.0,448.4426,0.229528,679.3183,389.5438,18.0,0.5663,11.0,0.3461,7.0,52.0,1.6361,13319,9153,287.9811,0.264636,12975.0,,,264.0,256.0,8.0,,,8.3062,3201.0,4092.0,67.0,3559.0,5151.0,95.0,-358.0,-1059.0,-28.0,1.0,1.0,1.0,0.0,1.0,0.0,5095.0,6036.0,99.0,6287.0,7849.0,147.0,-1192.0,-1813.0,-48.0,2.0,2.0,4.0,2.0,3.0,0.0,7974.0,8679.0,141.0,9193.0,10806.0,192.0,-1219.0,-2127.0,-51.0,4.0,3.0,6.0,4.0,6.0,1.0,9806.0,11313.0,182.0,11160.0,13683.0,227.0,-1354.0,-2370.0,-45.0,4.0,6.0,7.0,4.0,6.0,2.0
ESPORTSTMNT05_3220312,complete,,EM,2023,Spring,0,2023-04-11 17:43:06,1,13.06,4,Blue,bot,Rin,oe:player:ee4894bcff1cfaa4ffbf71b7b8d8921,Geekay Esports,oe:team:1ff3f5c94edd806e1fed4105fc48995,Varus,Draven,Wukong,Vi,Lee Sin,Jarvan IV,,,,,,1907,0,0,4,11,14,24,0.0,0.0,0.0,0.0,1.0,0.0,1.0,0.0,0.4405,1.1956,,,,,,,,,,,,,,,,,,,,,0.0,0.0,,,,,,,,0.0,1.0,13424.0,422.3597,0.216178,491.6413,564.8873,18.0,0.5663,11.0,0.3461,8.0,56.0,1.7619,11922,7756,244.0273,0.224246,11750.0,,,299.0,291.0,8.0,,,9.4074,3353.0,3935.0,88.0,3761.0,3291.0,79.0,-408.0,644.0,9.0,0.0,2.0,0.0,2.0,0.0,1.0,5307.0,7030.0,150.0,5670.0,6238.0,141.0,-363.0,792.0,9.0,0.0,2.0,0.0,2.0,0.0,1.0,6952.0,8915.0,176.0,10556.0,9419.0,195.0,-3604.0,-504.0,-19.0,0.0,6.0,2.0,9.0,2.0,1.0,8745.0,11212.0,215.0,13276.0,13129.0,249.0,-4531.0,-1917.0,-34.0,0.0,10.0,3.0,10.0,3.0,2.0
ESPORTSTMNT05_3220312,complete,,EM,2023,Spring,0,2023-04-11 17:43:06,1,13.06,5,Blue,sup,Dekap,oe:player:be85b3d65508c757ac9af1d54310520,Geekay Esports,oe:team:1ff3f5c94edd806e1fed4105fc48995,Soraka,Draven,Wukong,Vi,Lee Sin,Jarvan IV,,,,,,1907,0,1,4,12,14,24,0.0,0.0,0.0,0.0,1.0,0.0,1.0,0.0,0.4405,1.1956,,,,,,,,,,,,,,,,,,,,,0.0,0.0,,,,,,,,0.0,0.0,6060.0,190.666,0.0975893,342.2863,180.0315,48.0,1.5102,7.0,0.2202,12.0,82.0,2.58,6963,2797,88.0021,0.0808706,6450.0,,,12.0,12.0,0.0,,,0.3776,2376.0,2210.0,3.0,2283.0,2339.0,18.0,93.0,-129.0,-15.0,0.0,3.0,1.0,0.0,2.0,1.0,3651.0,3066.0,4.0,3421.0,3605.0,23.0,230.0,-539.0,-19.0,1.0,4.0,1.0,0.0,4.0,3.0,4812.0,4986.0,5.0,5242.0,6168.0,33.0,-430.0,-1182.0,-28.0,1.0,7.0,3.0,0.0,12.0,3.0,5743.0,7530.0,6.0,6614.0,7240.0,39.0,-871.0,290.0,-33.0,1.0,11.0,3.0,0.0,12.0,4.0
ESPORTSTMNT05_3220312,complete,,EM,2023,Spring,0,2023-04-11 17:43:06,1,13.06,6,Red,top,iBo,oe:player:4bdb80c84e25651b3d62742c0b61f6d,Los Heretics,oe:team:2dfc66b98002c5afad2a98dbf86e350,Malphite,Annie,Xayah,Sejuani,Rumble,Gragas,,,,,,1907,1,2,3,11,24,14,0.0,0.0,0.0,0.0,0.0,0.0,0.0,0.0,0.7551,1.1956,,,,,,,,,,,,,,,,,,,,,0.0,0.0,,,,,,,,0.0,0.0,14835.0,466.7541,0.181166,656.6649,1735.6266,15.0,0.4719,11.0,0.3461,6.0,60.0,1.8878,13658,9492,298.6471,0.200473,12000.0,,,271.0,267.0,4.0,,,8.5265,4036.0,4518.0,68.0,3091.0,4706.0,81.0,945.0,-188.0,-13.0,2.0,0.0,0.0,0.0,0.0,0.0,5987.0,7628.0,120.0,4686.0,7035.0,124.0,1301.0,593.0,-4.0,2.0,3.0,0.0,0.0,2.0,0.0,8058.0,10263.0,159.0,7289.0,9946.0,172.0,769.0,317.0,-13.0,2.0,9.0,2.0,1.0,3.0,1.0,10260.0,13256.0,201.0,9861.0,12258.0,201.0,399.0,998.0,0.0,2.0,9.0,3.0,3.0,3.0,1.0
ESPORTSTMNT05_3220312,complete,,EM,2023,Spring,0,2023-04-11 17:43:06,1,13.06,7,Red,jng,bluerzor,oe:player:0973ddfd8ce96a62e85badbe503d163,Los Heretics,oe:team:2dfc66b98002c5afad2a98dbf86e350,Viego,Annie,Xayah,Sejuani,Rumble,Gragas,,,,,,1907,1,3,2,10,24,14,0.0,0.0,0.0,0.0,0.0,0.0,0.0,0.0,0.7551,1.1956,,,,,,,,,,,,,,,,,,,,,2.0,0.0,,,,,,,,0.0,0.0,10657.0,335.3015,0.130144,769.4284,895.3749,10.0,0.3146,7.0,0.2202,16.0,49.0,1.5417,11799,7633,240.1573,0.161211,10275.0,,,166.0,28.0,138.0,,,5.2229,2765.0,2661.0,54.0,3394.0,2399.0,40.0,-629.0,262.0,14.0,0.0,1.0,1.0,2.0,1.0,2.0,5220.0,4836.0,80.0,4923.0,4745.0,75.0,297.0,91.0,5.0,2.0,2.0,1.0,2.0,2.0,3.0,7355.0,7887.0,104.0,7005.0,7016.0,96.0,350.0,871.0,8.0,2.0,8.0,2.0,3.0,4.0,5.0,9429.0,10752.0,123.0,9200.0,9866.0,125.0,229.0,886.0,-2.0,3.0,9.0,2.0,5.0,6.0,5.0
ESPORTSTMNT05_3220312,complete,,EM,2023,Spring,0,2023-04-11 17:43:06,1,13.06,8,Red,mid,Zwyroo,oe:player:1806cb4175771800d1d1ace2817103c,Los Heretics,oe:team:2dfc66b98002c5afad2a98dbf86e350,Lissandra,Annie,Xayah,Sejuani,Rumble,Gragas,,,,,,1907,1,4,2,8,24,14,1.0,0.0,0.0,0.0,0.0,0.0,0.0,0.0,0.7551,1.1956,,,,,,,,,,,,,,,,,,,,,0.0,0.0,,,,,,,,0.0,0.0,17030.0,535.8154,0.207972,436.8013,237.2942,9.0,0.2832,5.0,0.1573,5.0,29.0,0.9124,15416,11250,353.9591,0.237602,12815.0,,,317.0,304.0,13.0,,,9.9738,3559.0,5151.0,95.0,3201.0,4092.0,67.0,358.0,1059.0,28.0,0.0,1.0,0.0,1.0,1.0,1.0,6287.0,7849.0,147.0,5095.0,6036.0,99.0,1192.0,1813.0,48.0,2.0,3.0,0.0,2.0,2.0,4.0,9193.0,10806.0,192.0,7974.0,8679.0,141.0,1219.0,2127.0,51.0,4.0,6.0,1.0,4.0,3.0,6.0,11160.0,13683.0,227.0,9806.0,11313.0,182.0,1354.0,2370.0,45.0,4.0,6.0,2.0,4.0,6.0,7.0
ESPORTSTMNT05_3220312,complete,,EM,2023,Spring,0,2023-04-11 17:43:06,1,13.06,9,Red,bot,Flakked,oe:player:717bb4d71a2dab54e7020b1a8fde420,Los Heretics,oe:team:2dfc66b98002c5afad2a98dbf86e350,Zeri,Annie,Xayah,Sejuani,Rumble,Gragas,,,,,,1907,1,15,2,3,24,14,3.0,3.0,2.0,1.0,0.0,0.0,0.0,0.0,0.7551,1.1956,,,,,,,,,,,,,,,,,,,,,0.0,0.0,,,,,,,,1.0,0.0,34548.0,1086.9848,0.421904,396.2454,803.5343,18.0,0.5663,18.0,0.5663,10.0,66.0,2.0766,19114,14948,470.3094,0.315704,15900.0,,,346.0,303.0,43.0,,,10.8862,3761.0,3291.0,79.0,3353.0,3935.0,88.0,408.0,-644.0,-9.0,2.0,0.0,1.0,0.0,2.0,0.0,5670.0,6238.0,141.0,5307.0,7030.0,150.0,363.0,-792.0,-9.0,2.0,0.0,1.0,0.0,2.0,0.0,10556.0,9419.0,195.0,6952.0,8915.0,176.0,3604.0,504.0,19.0,9.0,2.0,1.0,0.0,6.0,2.0,13276.0,13129.0,249.0,8745.0,11212.0,215.0,4531.0,1917.0,34.0,10.0,3.0,2.0,0.0,10.0,3.0
ESPORTSTMNT05_3220312,complete,,EM,2023,Spring,0,2023-04-11 17:43:06,1,13.06,10,Red,sup,marlon,oe:player:e1ddc411cd92f26392b707a48e5c700,Los Heretics,oe:team:2dfc66b98002c5afad2a98dbf86e350,Rakan,Annie,Xayah,Sejuani,Rumble,Gragas,,,,,,1907,1,0,5,12,24,14,0.0,0.0,0.0,0.0,0.0,0.0,0.0,1.0,0.7551,1.1956,,,,,,,,,,,,,,,,,,,,,0.0,0.0,,,,,,,,0.0,0.0,4816.0,151.526,0.0588135,501.7095,467.3833,49.0,1.5417,17.0,0.5349,13.0,109.0,3.4295,8191,4025,126.6387,0.0850103,7525.0,,,40.0,40.0,0.0,,,1.2585,2283.0,2339.0,18.0,2376.0,2210.0,3.0,-93.0,129.0,15.0,0.0,2.0,1.0,0.0,3.0,1.0,3421.0,3605.0,23.0,3651.0,3066.0,4.0,-230.0,539.0,19.0,0.0,4.0,3.0,1.0,4.0,1.0,5242.0,6168.0,33.0,4812.0,4986.0,5.0,430.0,1182.0,28.0,0.0,12.0,3.0,1.0,7.0,3.0,6614.0,7240.0,39.0,5743.0,7530.0,6.0,871.0,-290.0,33.0,0.0,12.0,4.0,1.0,11.0,3.0
ESPORTSTMNT05_3220312,complete,,EM,2023,Spring,0,2023-04-11 17:43:06,1,13.06,100,Blue,team,,,Geekay Esports,oe:team:1ff3f5c94edd806e1fed4105fc48995,,Draven,Wukong,Vi,Lee Sin,Jarvan IV,Varus,Elise,Tristana,Soraka,Sion,1907,0,14,24,40,14,24,2.0,0.0,0.0,0.0,1.0,,,,0.4405,1.1956,0.0,2.0,3.0,2.0,3.0,0.0,0.0,1.0,1.0,0.0,0.0,,0.0,0.0,0.0,0.0,2.0,,,0.0,0.0,2.0,0.0,2.0,9.0,0.0,0.0,3.0,7.0,0.0,1.0,62097.0,1953.7598,,3246.2611,2863.2931,101.0,3.1778,46.0,1.4473,34.0,256.0,8.0545,55417,34588,1088.2433,,52750.0,-0.103626,-2.26,,853.0,134.0,,,31.054,15415.0,17342.0,279.0,16404.0,17960.0,314.0,-989.0,-618.0,-35.0,3.0,7.0,4.0,4.0,4.0,3.0,23662.0,27912.0,452.0,26585.0,30156.0,511.0,-2923.0,-2244.0,-59.0,5.0,12.0,8.0,8.0,12.0,5.0,34032.0,39542.0,590.0,40404.0,44543.0,683.0,-6372.0,-5001.0,-93.0,9.0,23.0,17.0,17.0,37.0,9.0,43355.0,52179.0,729.0,50739.0,58060.0,839.0,-7384.0,-5881.0,-110.0,13.0,36.0,19.0,19.0,39.0,13.0
ESPORTSTMNT05_3220312,complete,,EM,2023,Spring,0,2023-04-11 17:43:06,1,13.06,200,Red,team,,,Los Heretics,oe:team:2dfc66b98002c5afad2a98dbf86e350,,Annie,Xayah,Sejuani,Rumble,Gragas,Zeri,Rakan,Lissandra,Viego,Malphite,1907,1,24,14,44,24,14,4.0,3.0,2.0,1.0,0.0,,,,0.7551,1.1956,1.0,3.0,2.0,3.0,2.0,0.0,0.0,2.0,0.0,1.0,0.0,,0.0,0.0,1.0,2.0,0.0,,,1.0,2.0,0.0,1.0,9.0,2.0,1.0,1.0,7.0,3.0,1.0,0.0,81886.0,2576.3818,,2760.8495,4139.2134,101.0,3.1778,58.0,1.8249,50.0,313.0,9.8479,68178,47349,1489.7431,,58515.0,0.103626,2.26,,942.0,198.0,,,35.8679,16404.0,17960.0,314.0,15415.0,17342.0,279.0,989.0,618.0,35.0,4.0,4.0,3.0,3.0,7.0,4.0,26585.0,30156.0,511.0,23662.0,27912.0,452.0,2923.0,2244.0,59.0,8.0,12.0,5.0,5.0,12.0,8.0,40404.0,44543.0,683.0,34032.0,39542.0,590.0,6372.0,5001.0,93.0,17.0,37.0,9.0,9.0,23.0,17.0,50739.0,58060.0,839.0,43355.0,52179.0,729.0,7384.0,5881.0,110.0,19.0,39.0,13.0,13.0,36.0,19.0
ESPORTSTMNT05_3220315,complete,,EM,2023,Spring,0,2023-04-11 18:32:18,1,13.06,1,Blue,top,Eyliph,oe:player:4b20700639bada36a5a58cc4a8e7135,Anorthosis Famagusta Esports,oe:team:5f1bc4a914b49c7b7ff4c2f1b8d8df9,Gragas,Kalista,Ahri,Rakan,K'Sante,Sion,,,,,,2468,1,4,3,12,24,16,0.0,0.0,0.0,0.0,1.0,0.0,1.0,0.0,0.5835,0.9724,,,,,,,,,,,,,,,,,,,,,0.0,0.0,,,,,,,,0.0,0.0,21762.0,529.06,0.204842,836.2318,701.8395,25.0,0.6078,9.0,0.2188,9.0,65.0,1.5802,15780,10470,254.5381,0.207969,13725.0,,,291.0,285.0,6.0,,,7.0746,3022.0,4571.0,67.0,3278.0,4649.0,90.0,-256.0,-78.0,-23.0,0.0,2.0,0.0,0.0,0.0,1.0,4461.0,6884.0,103.0,5558.0,7957.0,140.0,-1097.0,-1073.0,-37.0,0.0,2.0,1.0,0.0,1.0,1.0,6507.0,9974.0,151.0,7015.0,10340.0,180.0,-508.0,-366.0,-29.0,1.0,3.0,1.0,0.0,2.0,2.0,8791.0,14326.0,202.0,8704.0,12322.0,196.0,87.0,2004.0,6.0,1.0,5.0,1.0,0.0,3.0,3.0
ESPORTSTMNT05_3220315,complete,,EM,2023,Spring,0,2023-04-11 18:32:18,1,13.06,2,Blue,jng,SPOOKY,oe:player:11389d6d8a29729807c3cf528a98050,Anorthosis Famagusta Esports,oe:team:5f1bc4a914b49c7b7ff4c2f1b8d8df9,Viego,Kalista,Ahri,Rakan,K'Sante,Sion,,,,,,2468,1,7,2,11,24,16,0.0,0.0,0.0,0.0,1.0,0.0,1.0,0.0,0.5835,0.9724,,,,,,,,,,,,,,,,,,,,,0.0,2.0,,,,,,,,0.0,0.0,29301.0,712.342,0.275805,1159.8865,943.128,11.0,0.2674,28.0,0.6807,20.0,90.0,2.188,15784,10474,254.6353,0.208049,14225.0,,,240.0,47.0,193.0,,,5.8347,3326.0,3605.0,71.0,3999.0,3374.0,60.0,-673.0,231.0,11.0,0.0,2.0,0.0,3.0,0.0,0.0,5326.0,5725.0,107.0,6045.0,5342.0,94.0,-719.0,383.0,13.0,1.0,2.0,0.0,3.0,1.0,0.0,7057.0,8410.0,142.0,7709.0,7728.0,129.0,-652.0,682.0,13.0,1.0,4.0,0.0,3.0,2.0,0.0,9051.0,10200.0,167.0,9821.0,10225.0,155.0,-770.0,-25.0,12.0,3.0,4.0,0.0,4.0,2.0,0.0
ESPORTSTMNT05_3220315,complete,,EM,2023,Spring,0,2023-04-11 18:32:18,1,13.06,3,Blue,mid,HAWHAW,oe:player:ae06413dcf80aa496ab8448d8ea586f,Anorthosis Famagusta Esports,oe:team:5f1bc4a914b49c7b7ff4c2f1b8d8df9,Cho'Gath,Kalista,Ahri,Rakan,K'Sante,Sion,,,,,,2468,1,6,1,10,24,16,0.0,0.0,0.0,0.0,1.0,1.0,0.0,0.0,0.5835,0.9724,,,,,,,,,,,,,,,,,,,,,1.0,0.0,,,,,,,,0.0,0.0,20123.0,489.2139,0.189414,848.1929,1248.4036,20.0,0.4862,11.0,0.2674,9.0,69.0,1.6775,16214,10904,265.0891,0.21659,14525.0,,,348.0,336.0,12.0,,,8.4603,3756.0,4957.0,83.0,3177.0,4905.0,92.0,579.0,52.0,-9.0,2.0,0.0,0.0,0.0,0.0,0.0,5809.0,8221.0,151.0,5009.0,7956.0,147.0,800.0,265.0,4.0,2.0,0.0,0.0,0.0,0.0,0.0,7615.0,10778.0,202.0,7054.0,10650.0,193.0,561.0,128.0,9.0,2.0,1.0,0.0,1.0,0.0,0.0,8964.0,12410.0,228.0,9513.0,13551.0,234.0,-549.0,-1141.0,-6.0,2.0,3.0,0.0,1.0,0.0,0.0
ESPORTSTMNT05_3220315,complete,,EM,2023,Spring,0,2023-04-11 18:32:18,1,13.06,4,Blue,bot,GOLDENTO4ST,oe:player:5c58c2e986e8aec0ee6f2465823349a,Anorthosis Famagusta Esports,oe:team:5f1bc4a914b49c7b7ff4c2f1b8d8df9,Zeri,Kalista,Ahri,Rakan,K'Sante,Sion,,,,,,2468,1,7,3,12,24,16,2.0,0.0,0.0,0.0,1.0,0.0,1.0,0.0,0.5835,0.9724,,,,,,,,,,,,,,,,,,,,,0.0,0.0,,,,,,,,1.0,0.0,30328.0,737.3096,0.285472,412.9254,718.2496,14.0,0.3404,20.0,0.4862,2.0,69.0,1.6775,19091,13781,335.0324,0.273739,16200.0,,,349.0,329.0,20.0,,,8.4846,2989.0,2875.0,62.0,3505.0,3509.0,85.0,-516.0,-634.0,-23.0,0.0,1.0,2.0,0.0,3.0,0.0,4757.0,4981.0,111.0,6826.0,5884.0,136.0,-2069.0,-903.0,-25.0,0.0,2.0,2.0,2.0,3.0,1.0,7107.0,6718.0,153.0,8839.0,8475.0,193.0,-1732.0,-1757.0,-40.0,1.0,2.0,2.0,2.0,4.0,1.0,9050.0,8793.0,198.0,11403.0,11555.0,249.0,-2353.0,-2762.0,-51.0,1.0,4.0,2.0,2.0,5.0,1.0
ESPORTSTMNT05_3220315,complete,,EM,2023,Spring,0,2023-04-11 18:32:18,1,13.06,5,Blue,sup,iLEVI,oe:player:b226880189cb11f7da7a0c86544b556,Anorthosis Famagusta Esports,oe:team:5f1bc4a914b49c7b7ff4c2f1b8d8df9,Taric,Kalista,Ahri,Rakan,K'Sante,Sion,,,,,,2468,1,0,7,19,24,16,0.0,0.0,0.0,0.0,1.0,0.0,1.0,0.0,0.5835,0.9724,,,,,,,,,,,,,,,,,,,,,0.0,0.0,,,,,,,,0.0,0.0,4724.0,114.846,0.0444662,677.0665,745.235,63.0,1.5316,18.0,0.4376,16.0,124.0,3.0146,10025,4715,114.6272,0.0936523,8615.0,,,51.0,51.0,0.0,,,1.2399,2442.0,2556.0,21.0,2413.0,2202.0,18.0,29.0,354.0,3.0,0.0,1.0,1.0,0.0,3.0,2.0,3521.0,3801.0,29.0,3893.0,3555.0,27.0,-372.0,246.0,2.0,0.0,2.0,2.0,0.0,4.0,2.0,4531.0,5042.0,34.0,4790.0,4302.0,28.0,-259.0,740.0,6.0,0.0,3.0,3.0,0.0,4.0,3.0,5718.0,6516.0,40.0,6072.0,6310.0,32.0,-354.0,206.0,8.0,0.0,5.0,4.0,0.0,4.0,4.0
ESPORTSTMNT05_3220315,complete,,EM,2023,Spring,0,2023-04-11 18:32:18,1,13.06,6,Red,top,JNX,oe:player:4bb53c6fa9f5d75901136feb8bdf817,SK Gaming Prime,oe:team:aa8c3b781d96ddb7a24ab3240918988,Kennen,Zilean,Rell,Vi,Olaf,Pyke,,,,,,2468,0,4,7,3,16,25,1.0,0.0,0.0,0.0,0.0,0.0,0.0,0.0,0.389,0.9724,,,,,,,,,,,,,,,,,,,,,0.0,0.0,,,,,,,,0.0,0.0,30544.0,742.5608,0.25534,710.154,510.5348,17.0,0.4133,16.0,0.389,4.0,70.0,1.7018,14379,9069,220.4781,0.186233,13875.0,,,270.0,264.0,6.0,,,6.564,3278.0,4649.0,90.0,3022.0,4571.0,67.0,256.0,78.0,23.0,0.0,0.0,1.0,0.0,2.0,0.0,5558.0,7957.0,140.0,4461.0,6884.0,103.0,1097.0,1073.0,37.0,0.0,1.0,1.0,0.0,2.0,1.0,7015.0,10340.0,180.0,6507.0,9974.0,151.0,508.0,366.0,29.0,0.0,2.0,2.0,1.0,3.0,1.0,8704.0,12322.0,196.0,8791.0,14326.0,202.0,-87.0,-2004.0,-6.0,0.0,3.0,3.0,1.0,5.0,1.0
ESPORTSTMNT05_3220315,complete,,EM,2023,Spring,0,2023-04-11 18:32:18,1,13.06,7,Red,jng,Lurox,oe:player:6fc5fe723eed4ba4c230292be365c66,SK Gaming Prime,oe:team:aa8c3b781d96ddb7a24ab3240918988,Wukong,Zilean,Rell,Vi,Olaf,Pyke,,,,,,2468,0,5,2,5,16,25,0.0,0.0,0.0,0.0,0.0,0.0,0.0,0.0,0.389,0.9724,,,,,,,,,,,,,,,,,,,,,2.0,0.0,,,,,,,,0.0,0.0,18036.0,438.4765,0.150776,1083.1118,1225.6726,16.0,0.389,16.0,0.389,14.0,71.0,1.7261,14944,9634,234.2139,0.197836,14100.0,,,211.0,30.0,181.0,,,5.1297,3999.0,3374.0,60.0,3326.0,3605.0,71.0,673.0,-231.0,-11.0,3.0,0.0,0.0,0.0,2.0,0.0,6045.0,5342.0,94.0,5326.0,5725.0,107.0,719.0,-383.0,-13.0,3.0,1.0,0.0,1.0,2.0,0.0,7709.0,7728.0,129.0,7057.0,8410.0,142.0,652.0,-682.0,-13.0,3.0,2.0,0.0,1.0,4.0,0.0,9821.0,10225.0,155.0,9051.0,10200.0,167.0,770.0,25.0,-12.0,4.0,2.0,0.0,3.0,4.0,0.0
ESPORTSTMNT05_3220315,complete,,EM,2023,Spring,0,2023-04-11 18:32:18,1,13.06,8,Red,mid,FEBIVEN,oe:player:d62421836c8b27dc3ffaffa058b8098,SK Gaming Prime,oe:team:aa8c3b781d96ddb7a24ab3240918988,Cassiopeia,Zilean,Rell,Vi,Olaf,Pyke,,,,,,2468,0,1,3,2,16,25,0.0,0.0,0.0,0.0,0.0,0.0,0.0,0.0,0.389,0.9724,,,,,,,,,,,,,,,,,,,,,0.0,1.0,,,,,,,,0.0,0.0,19705.0,479.0519,0.164729,548.9708,439.8136,21.0,0.5105,6.0,0.1459,7.0,35.0,0.8509,15374,10064,244.6677,0.206666,15710.0,,,355.0,321.0,34.0,,,8.6305,3177.0,4905.0,92.0,3756.0,4957.0,83.0,-579.0,-52.0,9.0,0.0,0.0,0.0,2.0,0.0,0.0,5009.0,7956.0,147.0,5809.0,8221.0,151.0,-800.0,-265.0,-4.0,0.0,0.0,0.0,2.0,0.0,0.0,7054.0,10650.0,193.0,7615.0,10778.0,202.0,-561.0,-128.0,-9.0,1.0,0.0,0.0,2.0,1.0,0.0,9513.0,13551.0,234.0,8964.0,12410.0,228.0,549.0,1141.0,6.0,1.0,0.0,0.0,2.0,3.0,0.0
ESPORTSTMNT05_3220315,complete,,EM,2023,Spring,0,2023-04-11 18:32:18,1,13.06,9,Red,bot,Keduii,oe:player:44189e6dc3089dbf9520de800fa705a,SK Gaming Prime,oe:team:aa8c3b781d96ddb7a24ab3240918988,Xayah,Zilean,Rell,Vi,Olaf,Pyke,,,,,,2468,0,6,4,9,16,25,1.0,0.0,0.0,0.0,0.0,0.0,0.0,0.0,0.389,0.9724,,,,,,,,,,,,,,,,,,,,,0.0,0.0,,,,,,,,0.0,1.0,46568.0,1132.1232,0.389296,610.624,552.5203,17.0,0.4133,27.0,0.6564,7.0,92.0,2.2366,20775,15465,375.9724,0.31758,18000.0,,,413.0,365.0,48.0,,,10.0405,3505.0,3509.0,85.0,2989.0,2875.0,62.0,516.0,634.0,23.0,0.0,3.0,0.0,0.0,1.0,2.0,6826.0,5884.0,136.0,4757.0,4981.0,111.0,2069.0,903.0,25.0,2.0,3.0,1.0,0.0,2.0,2.0,8839.0,8475.0,193.0,7107.0,6718.0,153.0,1732.0,1757.0,40.0,2.0,4.0,1.0,1.0,2.0,2.0,11403.0,11555.0,249.0,9050.0,8793.0,198.0,2353.0,2762.0,51.0,2.0,5.0,1.0,1.0,4.0,2.0
ESPORTSTMNT05_3220315,complete,,EM,2023,Spring,0,2023-04-11 18:32:18,1,13.06,10,Red,sup,Prime,oe:player:e038414b765a8bda52e602f7eaeff04,SK Gaming Prime,oe:team:aa8c3b781d96ddb7a24ab3240918988,Nautilus,Zilean,Rell,Vi,Olaf,Pyke,,,,,,2468,0,0,9,9,16,25,0.0,0.0,0.0,0.0,0.0,0.0,0.0,1.0,0.389,0.9724,,,,,,,,,,,,,,,,,,,,,0.0,0.0,,,,,,,,0.0,0.0,4768.0,115.9157,0.0398592,589.3517,725.154,73.0,1.7747,15.0,0.3647,26.0,119.0,2.893,9775,4465,108.5494,0.0916859,17310.0,,,40.0,40.0,0.0,,,0.9724,2413.0,2202.0,18.0,2442.0,2556.0,21.0,-29.0,-354.0,-3.0,0.0,3.0,2.0,0.0,1.0,1.0,3893.0,3555.0,27.0,3521.0,3801.0,29.0,372.0,-246.0,-2.0,0.0,4.0,2.0,0.0,2.0,2.0,4790.0,4302.0,28.0,4531.0,5042.0,34.0,259.0,-740.0,-6.0,0.0,4.0,3.0,0.0,3.0,3.0,6072.0,6310.0,32.0,5718.0,6516.0,40.0,354.0,-206.0,-8.0,0.0,4.0,4.0,0.0,5.0,4.0
ESPORTSTMNT05_3220315,complete,,EM,2023,Spring,0,2023-04-11 18:32:18,1,13.06,100,Blue,team,,,Anorthosis Famagusta Esports,oe:team:5f1bc4a914b49c7b7ff4c2f1b8d8df9,,Kalista,Ahri,Rakan,K'Sante,Sion,Gragas,Zeri,Viego,Taric,Cho'Gath,2468,1,24,16,64,24,16,2.0,0.0,0.0,0.0,1.0,,,,0.5835,0.9724,0.0,3.0,3.0,3.0,3.0,3.0,0.0,0.0,0.0,0.0,0.0,,0.0,0.0,0.0,0.0,2.0,,,0.0,1.0,2.0,0.0,8.0,6.0,0.0,0.0,2.0,7.0,1.0,0.0,106238.0,2582.7715,,3934.3031,4356.8558,133.0,3.2334,86.0,2.0908,56.0,417.0,10.1378,76894,50342,1223.8736,,67290.0,-0.16003,-1.26,,1048.0,231.0,,,31.094,15535.0,18564.0,304.0,16372.0,18639.0,345.0,-837.0,-75.0,-41.0,2.0,6.0,3.0,3.0,6.0,3.0,23874.0,29612.0,501.0,27331.0,30694.0,544.0,-3457.0,-1082.0,-43.0,3.0,8.0,5.0,5.0,9.0,4.0,32817.0,40922.0,682.0,35407.0,41495.0,723.0,-2590.0,-573.0,-41.0,5.0,13.0,6.0,6.0,12.0,6.0,41574.0,52245.0,835.0,45513.0,53963.0,866.0,-3939.0,-1718.0,-31.0,7.0,21.0,7.0,7.0,14.0,8.0
ESPORTSTMNT05_3220315,complete,,EM,2023,Spring,0,2023-04-11 18:32:18,1,13.06,200,Red,team,,,SK Gaming Prime,oe:team:aa8c3b781d96ddb7a24ab3240918988,,Zilean,Rell,Vi,Olaf,Pyke,Xayah,Wukong,Nautilus,Kennen,Cassiopeia,2468,0,16,25,28,16,25,2.0,0.0,0.0,0.0,0.0,,,,0.389,0.9724,1.0,3.0,3.0,3.0,3.0,1.0,0.0,1.0,1.0,0.0,0.0,,0.0,0.0,1.0,2.0,0.0,,,1.0,2.0,1.0,1.0,6.0,8.0,1.0,1.0,7.0,2.0,0.0,1.0,119621.0,2908.128,,3542.2123,3453.6953,144.0,3.5008,80.0,1.9449,58.0,387.0,9.4084,75247,48695,1183.8331,,78995.0,0.16003,1.26,,1020.0,269.0,,,31.3371,16372.0,18639.0,345.0,15535.0,18564.0,304.0,837.0,75.0,41.0,3.0,6.0,3.0,2.0,6.0,3.0,27331.0,30694.0,544.0,23874.0,29612.0,501.0,3457.0,1082.0,43.0,5.0,9.0,4.0,3.0,8.0,5.0,35407.0,41495.0,723.0,32817.0,40922.0,682.0,2590.0,573.0,41.0,6.0,12.0,6.0,5.0,13.0,6.0,45513.0,53963.0,866.0,41574.0,52245.0,835.0,3939.0,1718.0,31.0,7.0,14.0,8.0,7.0,21.0,7.0
ESPORTSTMNT05_3223018,complete,,EM,2023,Spring,0,2023-04-11 18:40:08,1,13.06,1,Blue,top,Color,oe:player:cb5feb1b7314637725a2e73bdc9f729,Zero Tenacity,oe:team:125fc4d6b0dc1b21596f4f06a207d62,Cho'Gath,Maokai,Sejuani,Xayah,Renata Glasc,Nautilus,,,,,,2344,0,2,4,8,19,20,0.0,0.0,0.0,0.0,0.0,0.0,0.0,0.0,0.4863,0.9983,,,,,,,,,,,,,,,,,,,,,0.0,0.0,,,,,,,,0.0,0.0,15478.0,396.1945,0.148057,928.157,1409.0785,12.0,0.3072,11.0,0.2816,1.0,47.0,1.2031,12264,7207,184.4795,0.161164,11725.0,,,224.0,208.0,16.0,,,5.7338,2925.0,4332.0,66.0,4184.0,4542.0,70.0,-1259.0,-210.0,-4.0,0.0,1.0,1.0,3.0,0.0,0.0,4261.0,6842.0,104.0,5909.0,7272.0,123.0,-1648.0,-430.0,-19.0,0.0,1.0,1.0,3.0,0.0,0.0,6022.0,9277.0,147.0,7720.0,9827.0,173.0,-1698.0,-550.0,-26.0,0.0,2.0,1.0,3.0,0.0,0.0,7682.0,12107.0,187.0,9397.0,12359.0,213.0,-1715.0,-252.0,-26.0,0.0,5.0,2.0,3.0,3.0,2.0
ESPORTSTMNT05_3223018,complete,,EM,2023,Spring,0,2023-04-11 18:40:08,1,13.06,2,Blue,jng,Ryuzaki,oe:player:9312bfc44c1e0686971d076d1364713,Zero Tenacity,oe:team:125fc4d6b0dc1b21596f4f06a207d62,Wukong,Maokai,Sejuani,Xayah,Renata Glasc,Nautilus,,,,,,2344,0,3,6,10,19,20,0.0,0.0,0.0,0.0,0.0,0.0,0.0,0.0,0.4863,0.9983,,,,,,,,,,,,,,,,,,,,,1.0,0.0,,,,,,,,0.0,0.0,17706.0,453.2253,0.169369,1035.2304,874.5051,7.0,0.1792,13.0,0.3328,7.0,54.0,1.3823,12095,7038,180.1536,0.157385,11725.0,,,159.0,20.0,139.0,,,4.07,3323.0,2793.0,42.0,3223.0,3056.0,58.0,100.0,-263.0,-16.0,2.0,2.0,1.0,0.0,3.0,0.0,4718.0,4766.0,71.0,4986.0,5396.0,100.0,-268.0,-630.0,-29.0,2.0,2.0,1.0,0.0,3.0,0.0,6079.0,6777.0,89.0,6714.0,7730.0,136.0,-635.0,-953.0,-47.0,2.0,4.0,1.0,0.0,3.0,0.0,8023.0,9310.0,118.0,9624.0,10465.0,168.0,-1601.0,-1155.0,-50.0,3.0,4.0,2.0,2.0,5.0,1.0
ESPORTSTMNT05_3223018,complete,,EM,2023,Spring,0,2023-04-11 18:40:08,1,13.06,3,Blue,mid,SlowQ,oe:player:613a571a4b0b674547093130f2e4093,Zero Tenacity,oe:team:125fc4d6b0dc1b21596f4f06a207d62,LeBlanc,Maokai,Sejuani,Xayah,Renata Glasc,Nautilus,,,,,,2344,0,6,1,2,19,20,1.0,1.0,0.0,0.0,0.0,0.0,0.0,0.0,0.4863,0.9983,,,,,,,,,,,,,,,,,,,,,0.0,0.0,,,,,,,,0.0,0.0,30659.0,784.7867,0.293272,543.814,379.8635,30.0,0.7679,14.0,0.3584,10.0,71.0,1.8174,16177,11120,284.6416,0.248671,16525.0,,,320.0,316.0,4.0,,,8.1911,3323.0,4587.0,76.0,3378.0,4543.0,83.0,-55.0,44.0,-7.0,1.0,0.0,0.0,0.0,2.0,0.0,5052.0,7454.0,132.0,5285.0,7422.0,137.0,-233.0,32.0,-5.0,1.0,0.0,0.0,0.0,2.0,0.0,6938.0,10058.0,181.0,7024.0,9701.0,181.0,-86.0,357.0,0.0,1.0,1.0,0.0,0.0,2.0,1.0,9525.0,13324.0,228.0,9147.0,14007.0,220.0,378.0,-683.0,8.0,4.0,2.0,0.0,1.0,5.0,2.0
ESPORTSTMNT05_3223018,complete,,EM,2023,Spring,0,2023-04-11 18:40:08,1,13.06,4,Blue,bot,Noah,oe:player:95d286ec0a5d750d09e848a4e630c56,Zero Tenacity,oe:team:125fc4d6b0dc1b21596f4f06a207d62,Jinx,Maokai,Sejuani,Xayah,Renata Glasc,Nautilus,,,,,,2344,0,7,3,9,19,20,1.0,0.0,0.0,0.0,1.0,1.0,0.0,0.0,0.4863,0.9983,,,,,,,,,,,,,,,,,,,,,0.0,1.0,,,,,,,,0.0,1.0,32253.0,825.5887,0.30852,451.3567,494.616,16.0,0.4096,19.0,0.4863,6.0,70.0,1.7918,19836,14779,378.302,0.330499,19150.0,,,439.0,367.0,72.0,,,11.2372,4243.0,3763.0,93.0,3214.0,3590.0,83.0,1029.0,173.0,10.0,2.0,2.0,0.0,0.0,0.0,2.0,6878.0,6551.0,159.0,4785.0,5509.0,126.0,2093.0,1042.0,33.0,2.0,2.0,0.0,0.0,0.0,2.0,9936.0,9809.0,224.0,6378.0,7256.0,166.0,3558.0,2553.0,58.0,4.0,2.0,0.0,0.0,0.0,3.0,12622.0,13337.0,277.0,8530.0,9483.0,213.0,4092.0,3854.0,64.0,6.0,5.0,1.0,1.0,2.0,4.0
ESPORTSTMNT05_3223018,complete,,EM,2023,Spring,0,2023-04-11 18:40:08,1,13.06,5,Blue,sup,sanghyeon,oe:player:750126a9b77f68942d7f412ad74b67d,Zero Tenacity,oe:team:125fc4d6b0dc1b21596f4f06a207d62,Rakan,Maokai,Sejuani,Xayah,Renata Glasc,Nautilus,,,,,,2344,0,1,6,15,19,20,0.0,0.0,0.0,0.0,1.0,0.0,1.0,0.0,0.4863,0.9983,,,,,,,,,,,,,,,,,,,,,0.0,0.0,,,,,,,,0.0,0.0,8445.0,216.1689,0.0807817,565.3413,572.9437,75.0,1.9198,23.0,0.5887,16.0,153.0,3.9164,9631,4574,117.0819,0.102282,9000.0,,,51.0,51.0,0.0,,,1.3055,2669.0,2478.0,17.0,2159.0,1919.0,13.0,510.0,559.0,4.0,0.0,5.0,1.0,0.0,2.0,3.0,3663.0,3266.0,26.0,3187.0,2892.0,21.0,476.0,374.0,5.0,0.0,5.0,1.0,0.0,2.0,3.0,4802.0,4549.0,31.0,4560.0,4907.0,35.0,242.0,-358.0,-4.0,0.0,6.0,1.0,0.0,2.0,3.0,5964.0,6642.0,37.0,5616.0,6954.0,44.0,348.0,-312.0,-7.0,0.0,10.0,2.0,0.0,5.0,4.0
ESPORTSTMNT05_3223018,complete,,EM,2023,Spring,0,2023-04-11 18:40:08,1,13.06,6,Red,top,Satorius,oe:player:422d7cc4063f8801a9427860bfd855b,Geekay Esports,oe:team:1ff3f5c94edd806e1fed4105fc48995,Sett,Akali,Zeri,Vi,Ahri,Malphite,,,,,,2344,1,6,3,7,20,19,2.0,0.0,0.0,0.0,0.0,0.0,0.0,0.0,0.5119,0.9983,,,,,,,,,,,,,,,,,,,,,0.0,0.0,,,,,,,,0.0,0.0,30245.0,774.1894,0.287971,1043.3447,1068.7116,17.0,0.4352,2.0,0.0512,5.0,26.0,0.6655,15871,10814,276.8089,0.217455,14525.0,,,284.0,276.0,8.0,,,7.2696,4184.0,4542.0,70.0,2925.0,4332.0,66.0,1259.0,210.0,4.0,3.0,0.0,0.0,0.0,1.0,1.0,5909.0,7272.0,123.0,4261.0,6842.0,104.0,1648.0,430.0,19.0,3.0,0.0,0.0,0.0,1.0,1.0,7720.0,9827.0,173.0,6022.0,9277.0,147.0,1698.0,550.0,26.0,3.0,0.0,0.0,0.0,2.0,1.0,9397.0,12359.0,213.0,7682.0,12107.0,187.0,1715.0,252.0,26.0,3.0,3.0,2.0,0.0,5.0,2.0
ESPORTSTMNT05_3223018,complete,,EM,2023,Spring,0,2023-04-11 18:40:08,1,13.06,7,Red,jng,Viking,oe:player:f48a8f161502989fca609408a80bd75,Geekay Esports,oe:team:1ff3f5c94edd806e1fed4105fc48995,Jarvan IV,Akali,Zeri,Vi,Ahri,Malphite,,,,,,2344,1,5,2,15,20,19,1.0,0.0,0.0,0.0,0.0,0.0,0.0,0.0,0.5119,0.9983,,,,,,,,,,,,,,,,,,,,,0.0,1.0,,,,,,,,0.0,0.0,17142.0,438.7884,0.163214,743.6263,1689.0358,7.0,0.1792,10.0,0.256,5.0,42.0,1.0751,15670,10613,271.6638,0.213413,14405.0,,,226.0,25.0,201.0,,,5.785,3223.0,3056.0,58.0,3323.0,2793.0,42.0,-100.0,263.0,16.0,0.0,3.0,0.0,2.0,2.0,1.0,4986.0,5396.0,100.0,4718.0,4766.0,71.0,268.0,630.0,29.0,0.0,3.0,0.0,2.0,2.0,1.0,6714.0,7730.0,136.0,6079.0,6777.0,89.0,635.0,953.0,47.0,0.0,3.0,0.0,2.0,4.0,1.0,9624.0,10465.0,168.0,8023.0,9310.0,118.0,1601.0,1155.0,50.0,2.0,5.0,1.0,3.0,4.0,2.0
ESPORTSTMNT05_3223018,complete,,EM,2023,Spring,0,2023-04-11 18:40:08,1,13.06,8,Red,mid,Giyuu,oe:player:e6f5a7e37185c25a363d031ef5eafa9,Geekay Esports,oe:team:1ff3f5c94edd806e1fed4105fc48995,Annie,Akali,Zeri,Vi,Ahri,Malphite,,,,,,2344,1,2,2,13,20,19,0.0,0.0,0.0,0.0,0.0,0.0,0.0,0.0,0.5119,0.9983,,,,,,,,,,,,,,,,,,,,,0.0,0.0,,,,,,,,0.0,0.0,22148.0,566.9283,0.210877,502.3976,470.3242,19.0,0.4863,6.0,0.1536,3.0,41.0,1.0495,15822,10765,275.5546,0.21647,14010.0,,,308.0,306.0,2.0,,,7.884,3378.0,4543.0,83.0,3323.0,4587.0,76.0,55.0,-44.0,7.0,0.0,2.0,0.0,1.0,0.0,0.0,5285.0,7422.0,137.0,5052.0,7454.0,132.0,233.0,-32.0,5.0,0.0,2.0,0.0,1.0,0.0,0.0,7024.0,9701.0,181.0,6938.0,10058.0,181.0,86.0,-357.0,0.0,0.0,2.0,1.0,1.0,1.0,0.0,9147.0,14007.0,220.0,9525.0,13324.0,228.0,-378.0,683.0,-8.0,1.0,5.0,2.0,4.0,2.0,0.0
ESPORTSTMNT05_3223018,complete,,EM,2023,Spring,0,2023-04-11 18:40:08,1,13.06,9,Red,bot,Rin,oe:player:ee4894bcff1cfaa4ffbf71b7b8d8921,Geekay Esports,oe:team:1ff3f5c94edd806e1fed4105fc48995,Varus,Akali,Zeri,Vi,Ahri,Malphite,,,,,,2344,1,6,4,9,20,19,1.0,0.0,0.0,0.0,0.0,0.0,0.0,0.0,0.5119,0.9983,,,,,,,,,,,,,,,,,,,,,1.0,0.0,,,,,,,,1.0,0.0,26638.0,681.8601,0.253628,531.9881,531.3993,21.0,0.5375,21.0,0.5375,7.0,71.0,1.8174,17983,12926,330.8703,0.259926,14825.0,,,347.0,312.0,35.0,,,8.8823,3214.0,3590.0,83.0,4243.0,3763.0,93.0,-1029.0,-173.0,-10.0,0.0,0.0,2.0,2.0,2.0,0.0,4785.0,5509.0,126.0,6878.0,6551.0,159.0,-2093.0,-1042.0,-33.0,0.0,0.0,2.0,2.0,2.0,0.0,6378.0,7256.0,166.0,9936.0,9809.0,224.0,-3558.0,-2553.0,-58.0,0.0,0.0,3.0,4.0,2.0,0.0,8530.0,9483.0,213.0,12622.0,13337.0,277.0,-4092.0,-3854.0,-64.0,1.0,2.0,4.0,6.0,5.0,1.0
ESPORTSTMNT05_3223018,complete,,EM,2023,Spring,0,2023-04-11 18:40:08,1,13.06,10,Red,sup,Dekap,oe:player:be85b3d65508c757ac9af1d54310520,Geekay Esports,oe:team:1ff3f5c94edd806e1fed4105fc48995,Rell,Akali,Zeri,Vi,Ahri,Malphite,,,,,,2344,1,1,8,14,20,19,0.0,0.0,0.0,0.0,0.0,0.0,0.0,1.0,0.5119,0.9983,,,,,,,,,,,,,,,,,,,,,0.0,0.0,,,,,,,,0.0,0.0,8855.0,226.6638,0.0843109,610.3157,775.8276,64.0,1.6382,17.0,0.4352,16.0,114.0,2.9181,9669,4612,118.0546,0.0927369,8450.0,,,48.0,44.0,4.0,,,1.2287,2159.0,1919.0,13.0,2669.0,2478.0,17.0,-510.0,-559.0,-4.0,0.0,2.0,3.0,0.0,5.0,1.0,3187.0,2892.0,21.0,3663.0,3266.0,26.0,-476.0,-374.0,-5.0,0.0,2.0,3.0,0.0,5.0,1.0,4560.0,4907.0,35.0,4802.0,4549.0,31.0,-242.0,358.0,4.0,0.0,2.0,3.0,0.0,6.0,1.0,5616.0,6954.0,44.0,5964.0,6642.0,37.0,-348.0,312.0,7.0,0.0,5.0,4.0,0.0,10.0,2.0
ESPORTSTMNT05_3223018,complete,,EM,2023,Spring,0,2023-04-11 18:40:08,1,13.06,100,Blue,team,,,Zero Tenacity,oe:team:125fc4d6b0dc1b21596f4f06a207d62,,Maokai,Sejuani,Xayah,Renata Glasc,Nautilus,Wukong,Rakan,Jinx,LeBlanc,Cho'Gath,2344,0,19,20,44,19,20,2.0,1.0,0.0,0.0,1.0,,,,0.4863,0.9983,0.0,1.0,5.0,1.0,4.0,0.0,0.0,0.0,0.0,0.0,1.0,,0.0,1.0,0.0,0.0,2.0,,,1.0,1.0,1.0,1.0,7.0,8.0,0.0,1.0,2.0,2.0,0.0,1.0,104541.0,2675.9642,,3523.8993,3731.0068,140.0,3.5836,80.0,2.0478,40.0,395.0,10.1109,70003,44716,1144.6075,,68125.0,0.0284353,0.94,,962.0,231.0,,,30.5375,16483.0,17953.0,294.0,16158.0,17650.0,307.0,325.0,303.0,-13.0,5.0,10.0,3.0,3.0,7.0,5.0,24572.0,28879.0,492.0,24152.0,28491.0,507.0,420.0,388.0,-15.0,5.0,10.0,3.0,3.0,7.0,5.0,33777.0,40470.0,672.0,32396.0,39421.0,691.0,1381.0,1049.0,-19.0,7.0,15.0,3.0,3.0,7.0,7.0,43816.0,54720.0,847.0,42314.0,53268.0,858.0,1502.0,1452.0,-11.0,13.0,26.0,7.0,7.0,20.0,13.0
ESPORTSTMNT05_3223018,complete,,EM,2023,Spring,0,2023-04-11 18:40:08,1,13.06,200,Red,team,,,Geekay Esports,oe:team:1ff3f5c94edd806e1fed4105fc48995,,Akali,Zeri,Vi,Ahri,Malphite,Annie,Varus,Jarvan IV,Rell,Sett,2344,1,20,19,58,20,19,4.0,0.0,0.0,0.0,0.0,,,,0.5119,0.9983,1.0,5.0,1.0,4.0,1.0,1.0,0.0,1.0,0.0,0.0,2.0,,1.0,0.0,1.0,2.0,0.0,,,0.0,1.0,1.0,0.0,8.0,7.0,1.0,0.0,2.0,2.0,1.0,0.0,105028.0,2688.43,,3431.6724,4535.2986,128.0,3.2765,56.0,1.4334,36.0,294.0,7.5256,75015,49728,1272.901,,66215.0,-0.0284353,-0.94,,963.0,250.0,,,31.0495,16158.0,17650.0,307.0,16483.0,17953.0,294.0,-325.0,-303.0,13.0,3.0,7.0,5.0,5.0,10.0,3.0,24152.0,28491.0,507.0,24572.0,28879.0,492.0,-420.0,-388.0,15.0,3.0,7.0,5.0,5.0,10.0,3.0,32396.0,39421.0,691.0,33777.0,40470.0,672.0,-1381.0,-1049.0,19.0,3.0,7.0,7.0,7.0,15.0,3.0,42314.0,53268.0,858.0,43816.0,54720.0,847.0,-1502.0,-1452.0,11.0,7.0,20.0,13.0,13.0,26.0,7.0
ESPORTSTMNT05_3222301,complete,,EM,2023,Spring,0,2023-04-11 19:36:52,1,13.06,1,Blue,top,iBo,oe:player:4bdb80c84e25651b3d62742c0b61f6d,Los Heretics,oe:team:2dfc66b98002c5afad2a98dbf86e350,K'Sante,Gragas,Xayah,Lucian,Nautilus,Rumble,,,,,,1891,0,1,4,2,8,14,0.0,0.0,0.0,0.0,0.0,0.0,0.0,0.0,0.2538,0.698,,,,,,,,,,,,,,,,,,,,,0.0,1.0,,,,,,,,0.0,1.0,6943.0,220.2961,0.138802,694.4262,1016.605,15.0,0.4759,4.0,0.1269,4.0,42.0,1.3326,9899,5766,182.9508,0.175776,9900.0,,,221.0,221.0,0.0,,,7.0122,3331.0,5021.0,82.0,3636.0,5082.0,98.0,-305.0,-61.0,-16.0,0.0,0.0,0.0,0.0,0.0,0.0,5227.0,8172.0,141.0,5740.0,8133.0,159.0,-513.0,39.0,-18.0,0.0,0.0,0.0,0.0,0.0,0.0,7121.0,11121.0,192.0,7814.0,11293.0,219.0,-693.0,-172.0,-27.0,0.0,0.0,0.0,0.0,0.0,0.0,8953.0,13482.0,220.0,10373.0,14744.0,271.0,-1420.0,-1262.0,-51.0,1.0,0.0,1.0,1.0,2.0,1.0
ESPORTSTMNT05_3222301,complete,,EM,2023,Spring,0,2023-04-11 19:36:52,1,13.06,2,Blue,jng,bluerzor,oe:player:0973ddfd8ce96a62e85badbe503d163,Los Heretics,oe:team:2dfc66b98002c5afad2a98dbf86e350,Wukong,Gragas,Xayah,Lucian,Nautilus,Rumble,,,,,,1891,0,0,2,3,8,14,0.0,0.0,0.0,0.0,1.0,0.0,1.0,0.0,0.2538,0.698,,,,,,,,,,,,,,,,,,,,,0.0,1.0,,,,,,,,0.0,0.0,7137.0,226.4516,0.14268,877.1867,733.7705,13.0,0.4125,12.0,0.3808,12.0,46.0,1.4595,10036,5903,187.2977,0.179952,9650.0,,,186.0,34.0,152.0,,,5.9016,3520.0,3889.0,66.0,3030.0,3378.0,62.0,490.0,511.0,4.0,0.0,1.0,0.0,0.0,1.0,1.0,5038.0,5482.0,94.0,4266.0,5412.0,91.0,772.0,70.0,3.0,0.0,1.0,0.0,0.0,1.0,1.0,6834.0,7698.0,129.0,5981.0,7684.0,122.0,853.0,14.0,7.0,0.0,1.0,0.0,1.0,1.0,1.0,8478.0,10828.0,162.0,7713.0,10301.0,137.0,765.0,527.0,25.0,0.0,2.0,1.0,1.0,4.0,2.0
ESPORTSTMNT05_3222301,complete,,EM,2023,Spring,0,2023-04-11 19:36:52,1,13.06,3,Blue,mid,Zwyroo,oe:player:1806cb4175771800d1d1ace2817103c,Los Heretics,oe:team:2dfc66b98002c5afad2a98dbf86e350,Lissandra,Gragas,Xayah,Lucian,Nautilus,Rumble,,,,,,1891,0,3,3,3,8,14,0.0,0.0,0.0,0.0,1.0,1.0,0.0,0.0,0.2538,0.698,,,,,,,,,,,,,,,,,,,,,0.0,0.0,,,,,,,,0.0,0.0,13173.0,417.9693,0.263349,552.0888,316.0233,8.0,0.2538,9.0,0.2856,8.0,33.0,1.0471,12951,8818,279.7885,0.268819,11905.0,,,292.0,284.0,8.0,,,9.2649,3947.0,4655.0,100.0,3434.0,4970.0,96.0,513.0,-315.0,4.0,1.0,0.0,0.0,0.0,0.0,0.0,5940.0,7600.0,158.0,5324.0,7685.0,154.0,616.0,-85.0,4.0,1.0,0.0,0.0,0.0,0.0,0.0,8747.0,10592.0,211.0,7604.0,11348.0,217.0,1143.0,-756.0,-6.0,2.0,0.0,1.0,0.0,1.0,0.0,10625.0,12417.0,239.0,10600.0,14263.0,253.0,25.0,-1846.0,-14.0,3.0,1.0,1.0,2.0,2.0,1.0
ESPORTSTMNT05_3222301,complete,,EM,2023,Spring,0,2023-04-11 19:36:52,1,13.06,4,Blue,bot,Flakked,oe:player:717bb4d71a2dab54e7020b1a8fde420,Los Heretics,oe:team:2dfc66b98002c5afad2a98dbf86e350,Zeri,Gragas,Xayah,Lucian,Nautilus,Rumble,,,,,,1891,0,4,1,1,8,14,1.0,0.0,0.0,0.0,0.0,0.0,0.0,0.0,0.2538,0.698,,,,,,,,,,,,,,,,,,,,,0.0,0.0,,,,,,,,0.0,0.0,20060.0,636.4886,0.401032,459.2808,537.5886,13.0,0.4125,17.0,0.5394,5.0,58.0,1.8403,14097,9964,316.1502,0.303757,12800.0,,,357.0,335.0,22.0,,,11.3273,3413.0,3532.0,97.0,3955.0,3719.0,96.0,-542.0,-187.0,1.0,0.0,0.0,0.0,1.0,0.0,0.0,5129.0,5570.0,147.0,6048.0,5973.0,147.0,-919.0,-403.0,0.0,0.0,0.0,0.0,1.0,0.0,0.0,7398.0,8850.0,205.0,8549.0,9038.0,211.0,-1151.0,-188.0,-6.0,0.0,1.0,1.0,2.0,0.0,1.0,10445.0,12763.0,288.0,10848.0,11510.0,257.0,-403.0,1253.0,31.0,1.0,1.0,1.0,2.0,0.0,1.0
ESPORTSTMNT05_3222301,complete,,EM,2023,Spring,0,2023-04-11 19:36:52,1,13.06,5,Blue,sup,marlon,oe:player:e1ddc411cd92f26392b707a48e5c700,Los Heretics,oe:team:2dfc66b98002c5afad2a98dbf86e350,Rakan,Gragas,Xayah,Lucian,Nautilus,Rumble,,,,,,1891,0,0,4,4,8,14,0.0,0.0,0.0,0.0,0.0,0.0,0.0,0.0,0.2538,0.698,,,,,,,,,,,,,,,,,,,,,0.0,0.0,,,,,,,,0.0,0.0,2708.0,85.9228,0.0541373,432.9138,495.2935,61.0,1.9355,17.0,0.5394,20.0,115.0,3.6489,6485,2352,74.6272,0.0716961,6000.0,,,38.0,38.0,0.0,,,1.2057,2096.0,2759.0,14.0,2141.0,2535.0,15.0,-45.0,224.0,-1.0,0.0,0.0,1.0,0.0,1.0,0.0,2980.0,3398.0,20.0,3139.0,3538.0,23.0,-159.0,-140.0,-3.0,0.0,0.0,1.0,0.0,1.0,0.0,4322.0,4135.0,32.0,4476.0,5438.0,36.0,-154.0,-1303.0,-4.0,0.0,0.0,1.0,0.0,2.0,0.0,5334.0,5655.0,36.0,6096.0,7563.0,39.0,-762.0,-1908.0,-3.0,0.0,1.0,2.0,0.0,5.0,0.0
ESPORTSTMNT05_3222301,complete,,EM,2023,Spring,0,2023-04-11 19:36:52,1,13.06,6,Red,top,Destroy,oe:player:21846207612858fb49a468b43e56dd3,İstanbul Wildcats,oe:team:a65adb2808377018a2a7832eb2bd7f4,Gwen,Annie,Vi,Draven,Malphite,Sion,,,,,,1891,1,2,2,7,14,8,0.0,0.0,0.0,0.0,0.0,0.0,0.0,0.0,0.4442,0.698,,,,,,,,,,,,,,,,,,,,,1.0,0.0,,,,,,,,1.0,0.0,19339.0,613.6118,0.25873,754.7435,761.248,10.0,0.3173,11.0,0.349,4.0,46.0,1.4595,13336,9203,292.0042,0.225504,12700.0,,,311.0,293.0,18.0,,,9.8678,3636.0,5082.0,98.0,3331.0,5021.0,82.0,305.0,61.0,16.0,0.0,0.0,0.0,0.0,0.0,0.0,5740.0,8133.0,159.0,5227.0,8172.0,141.0,513.0,-39.0,18.0,0.0,0.0,0.0,0.0,0.0,0.0,7814.0,11293.0,219.0,7121.0,11121.0,192.0,693.0,172.0,27.0,0.0,0.0,0.0,0.0,0.0,0.0,10373.0,14744.0,271.0,8953.0,13482.0,220.0,1420.0,1262.0,51.0,1.0,2.0,1.0,1.0,0.0,1.0
ESPORTSTMNT05_3222301,complete,,EM,2023,Spring,0,2023-04-11 19:36:52,1,13.06,7,Red,jng,Elramir,oe:player:de442faff7b7cdc0fba7d6d5caff5e1,İstanbul Wildcats,oe:team:a65adb2808377018a2a7832eb2bd7f4,Maokai,Annie,Vi,Draven,Malphite,Sion,,,,,,1891,1,3,3,10,14,8,0.0,0.0,0.0,0.0,0.0,0.0,0.0,1.0,0.4442,0.698,,,,,,,,,,,,,,,,,,,,,1.0,0.0,,,,,,,,0.0,0.0,9700.0,307.7737,0.129773,1066.4833,1182.0095,11.0,0.349,10.0,0.3173,10.0,49.0,1.5547,10400,6267,198.8472,0.15356,9450.0,,,153.0,21.0,132.0,,,4.8546,3030.0,3378.0,62.0,3520.0,3889.0,66.0,-490.0,-511.0,-4.0,0.0,1.0,1.0,0.0,1.0,0.0,4266.0,5412.0,91.0,5038.0,5482.0,94.0,-772.0,-70.0,-3.0,0.0,1.0,1.0,0.0,1.0,0.0,5981.0,7684.0,122.0,6834.0,7698.0,129.0,-853.0,-14.0,-7.0,1.0,1.0,1.0,0.0,1.0,0.0,7713.0,10301.0,137.0,8478.0,10828.0,162.0,-765.0,-527.0,-25.0,1.0,4.0,2.0,0.0,2.0,1.0
ESPORTSTMNT05_3222301,complete,,EM,2023,Spring,0,2023-04-11 19:36:52,1,13.06,8,Red,mid,Kofte,oe:player:db0cbdc72184ad44ab905be61fc0756,İstanbul Wildcats,oe:team:a65adb2808377018a2a7832eb2bd7f4,Jayce,Annie,Vi,Draven,Malphite,Sion,,,,,,1891,1,2,1,10,14,8,1.0,0.0,0.0,0.0,0.0,0.0,0.0,0.0,0.4442,0.698,,,,,,,,,,,,,,,,,,,,,0.0,0.0,,,,,,,,0.0,0.0,24079.0,764.0085,0.322144,336.1713,334.0137,20.0,0.6346,10.0,0.3173,7.0,43.0,1.3644,13802,9669,306.7901,0.236923,11925.0,,,304.0,280.0,24.0,,,9.6457,3434.0,4970.0,96.0,3947.0,4655.0,100.0,-513.0,315.0,-4.0,0.0,0.0,0.0,1.0,0.0,0.0,5324.0,7685.0,154.0,5940.0,7600.0,158.0,-616.0,85.0,-4.0,0.0,0.0,0.0,1.0,0.0,0.0,7604.0,11348.0,217.0,8747.0,10592.0,211.0,-1143.0,756.0,6.0,0.0,1.0,0.0,2.0,0.0,1.0,10600.0,14263.0,253.0,10625.0,12417.0,239.0,-25.0,1846.0,14.0,2.0,2.0,1.0,3.0,1.0,1.0
ESPORTSTMNT05_3222301,complete,,EM,2023,Spring,0,2023-04-11 19:36:52,1,13.06,9,Red,bot,BAO,oe:player:6c1d0c529e73fe4c8b9a5306867c4bf,İstanbul Wildcats,oe:team:a65adb2808377018a2a7832eb2bd7f4,Aphelios,Annie,Vi,Draven,Malphite,Sion,,,,,,1891,1,7,1,2,14,8,2.0,0.0,0.0,0.0,0.0,0.0,0.0,0.0,0.4442,0.698,,,,,,,,,,,,,,,,,,,,,0.0,0.0,,,,,,,,0.0,0.0,17859.0,566.6526,0.238929,275.981,529.0217,18.0,0.5711,8.0,0.2538,6.0,38.0,1.2057,16056,11923,378.3078,0.292154,14450.0,,,331.0,303.0,28.0,,,10.5024,3955.0,3719.0,96.0,3413.0,3532.0,97.0,542.0,187.0,-1.0,1.0,0.0,0.0,0.0,0.0,0.0,6048.0,5973.0,147.0,5129.0,5570.0,147.0,919.0,403.0,0.0,1.0,0.0,0.0,0.0,0.0,0.0,8549.0,9038.0,211.0,7398.0,8850.0,205.0,1151.0,188.0,6.0,2.0,0.0,1.0,0.0,1.0,1.0,10848.0,11510.0,257.0,10445.0,12763.0,288.0,403.0,-1253.0,-31.0,2.0,0.0,1.0,1.0,1.0,1.0
ESPORTSTMNT05_3222301,complete,,EM,2023,Spring,0,2023-04-11 19:36:52,1,13.06,10,Red,sup,Parus,oe:player:a9cfbc13e22eefdd22af7b346ce2af4,İstanbul Wildcats,oe:team:a65adb2808377018a2a7832eb2bd7f4,Thresh,Annie,Vi,Draven,Malphite,Sion,,,,,,1891,1,0,1,13,14,8,0.0,0.0,0.0,0.0,0.0,0.0,0.0,0.0,0.4442,0.698,,,,,,,,,,,,,,,,,,,,,0.0,0.0,,,,,,,,0.0,0.0,3769.0,119.5875,0.0504241,266.0814,262.7499,43.0,1.3644,14.0,0.4442,10.0,89.0,2.8239,7882,3749,118.9529,0.0918593,7250.0,,,41.0,41.0,0.0,,,1.3009,2141.0,2535.0,15.0,2096.0,2759.0,14.0,45.0,-224.0,1.0,0.0,1.0,0.0,0.0,0.0,1.0,3139.0,3538.0,23.0,2980.0,3398.0,20.0,159.0,140.0,3.0,0.0,1.0,0.0,0.0,0.0,1.0,4476.0,5438.0,36.0,4322.0,4135.0,32.0,154.0,1303.0,4.0,0.0,2.0,0.0,0.0,0.0,1.0,6096.0,7563.0,39.0,5334.0,5655.0,36.0,762.0,1908.0,3.0,0.0,5.0,0.0,0.0,1.0,2.0
ESPORTSTMNT05_3222301,complete,,EM,2023,Spring,0,2023-04-11 19:36:52,1,13.06,100,Blue,team,,,Los Heretics,oe:team:2dfc66b98002c5afad2a98dbf86e350,,Gragas,Xayah,Lucian,Nautilus,Rumble,Wukong,Zeri,Rakan,K'Sante,Lissandra,1891,0,8,14,13,8,14,1.0,0.0,0.0,0.0,1.0,,,,0.2538,0.698,0.0,1.0,3.0,1.0,3.0,0.0,0.0,0.0,0.0,1.0,0.0,,0.0,0.0,1.0,2.0,0.0,,,0.0,0.0,2.0,1.0,3.0,7.0,1.0,0.0,4.0,4.0,0.0,1.0,50021.0,1587.1285,,3015.8964,3099.2808,110.0,3.4902,59.0,1.872,49.0,294.0,9.3284,53468,32802,1040.7827,,50255.0,-0.104121,-0.47,,912.0,182.0,,,34.7118,16307.0,19856.0,359.0,16196.0,19684.0,367.0,111.0,172.0,-8.0,1.0,1.0,1.0,1.0,2.0,1.0,24314.0,30222.0,560.0,24517.0,30741.0,574.0,-203.0,-519.0,-14.0,1.0,1.0,1.0,1.0,2.0,1.0,34422.0,42396.0,769.0,34424.0,44801.0,805.0,-2.0,-2405.0,-36.0,2.0,2.0,3.0,3.0,4.0,2.0,43835.0,55145.0,945.0,45630.0,58381.0,957.0,-1795.0,-3236.0,-12.0,5.0,5.0,6.0,6.0,13.0,5.0
ESPORTSTMNT05_3222301,complete,,EM,2023,Spring,0,2023-04-11 19:36:52,1,13.06,200,Red,team,,,İstanbul Wildcats,oe:team:a65adb2808377018a2a7832eb2bd7f4,,Annie,Vi,Draven,Malphite,Sion,Maokai,Aphelios,Jayce,Thresh,Gwen,1891,1,14,8,42,14,8,3.0,0.0,0.0,0.0,0.0,,,,0.4442,0.698,1.0,3.0,1.0,3.0,1.0,1.0,0.0,1.0,0.0,1.0,0.0,,0.0,0.0,0.0,0.0,2.0,,,1.0,2.0,0.0,0.0,7.0,3.0,0.0,1.0,4.0,4.0,1.0,0.0,74746.0,2371.6341,,2699.4606,3069.0428,102.0,3.2364,53.0,1.6816,37.0,265.0,8.4082,61476,40810,1294.8704,,55775.0,0.104121,0.47,,938.0,202.0,,,36.1713,16196.0,19684.0,367.0,16307.0,19856.0,359.0,-111.0,-172.0,8.0,1.0,2.0,1.0,1.0,1.0,1.0,24517.0,30741.0,574.0,24314.0,30222.0,560.0,203.0,519.0,14.0,1.0,2.0,1.0,1.0,1.0,1.0,34424.0,44801.0,805.0,34422.0,42396.0,769.0,2.0,2405.0,36.0,3.0,4.0,2.0,2.0,2.0,3.0,45630.0,58381.0,957.0,43835.0,55145.0,945.0,1795.0,3236.0,12.0,6.0,13.0,5.0,5.0,5.0,6.0
ESPORTSTMNT05_3222302,complete,,EM,2023,Spring,0,2023-04-11 19:41:53,1,13.06,1,Blue,top,Banderas,oe:player:57abe5a8958c15444e9103873f8565a,Riddle Esports,oe:team:9eb531c72890b1ae7e50122f0884f37,Fiora,Jayce,LeBlanc,Varus,Wukong,Kennen,,,,,,1464,0,1,8,2,5,19,0.0,0.0,0.0,0.0,0.0,0.0,0.0,1.0,0.2049,0.9836,,,,,,,,,,,,,,,,,,,,,0.0,0.0,,,,,,,,0.0,1.0,10237.0,419.5492,0.252155,897.7869,785.9426,7.0,0.2869,4.0,0.1639,0.0,17.0,0.6967,7735,4473,183.3197,0.181733,7780.0,,,137.0,137.0,0.0,,,5.6148,2610.0,3021.0,39.0,4209.0,4372.0,78.0,-1599.0,-1351.0,-39.0,1.0,0.0,3.0,1.0,2.0,1.0,4221.0,5201.0,72.0,6915.0,7426.0,128.0,-2694.0,-2225.0,-56.0,1.0,1.0,5.0,1.0,3.0,2.0,6330.0,7760.0,115.0,8886.0,9297.0,155.0,-2556.0,-1537.0,-40.0,1.0,1.0,6.0,1.0,7.0,2.0,7735.0,9153.0,137.0,12030.0,12322.0,200.0,-4295.0,-3169.0,-63.0,1.0,2.0,8.0,5.0,8.0,2.0
ESPORTSTMNT05_3222302,complete,,EM,2023,Spring,0,2023-04-11 19:41:53,1,13.06,2,Blue,jng,Yohan,oe:player:cc00384e754d3b4db840275587813eb,Riddle Esports,oe:team:9eb531c72890b1ae7e50122f0884f37,Vi,Jayce,LeBlanc,Varus,Wukong,Kennen,,,,,,1464,0,2,1,2,5,19,0.0,0.0,0.0,0.0,0.0,0.0,0.0,0.0,0.2049,0.9836,,,,,,,,,,,,,,,,,,,,,0.0,0.0,,,,,,,,0.0,1.0,4718.0,193.3607,0.116213,707.1721,1033.8934,5.0,0.2049,5.0,0.2049,4.0,20.0,0.8197,8302,5040,206.5574,0.20477,8480.0,,,147.0,31.0,116.0,,,6.0246,3309.0,3436.0,59.0,3624.0,3492.0,67.0,-315.0,-56.0,-8.0,0.0,2.0,0.0,2.0,0.0,0.0,5331.0,5984.0,102.0,5839.0,5603.0,97.0,-508.0,381.0,5.0,1.0,2.0,0.0,4.0,1.0,0.0,6996.0,8314.0,136.0,8830.0,8606.0,136.0,-1834.0,-292.0,0.0,1.0,2.0,0.0,6.0,3.0,0.0,8302.0,9427.0,147.0,10837.0,11168.0,153.0,-2535.0,-1741.0,-6.0,2.0,2.0,1.0,7.0,11.0,1.0
ESPORTSTMNT05_3222302,complete,,EM,2023,Spring,0,2023-04-11 19:41:53,1,13.06,3,Blue,mid,FireRain,oe:player:ee8d313390db21907037cef1c8d6f81,Riddle Esports,oe:team:9eb531c72890b1ae7e50122f0884f37,Lissandra,Jayce,LeBlanc,Varus,Wukong,Kennen,,,,,,1464,0,2,5,1,5,19,0.0,0.0,0.0,0.0,0.0,0.0,0.0,0.0,0.2049,0.9836,,,,,,,,,,,,,,,,,,,,,0.0,0.0,,,,,,,,0.0,0.0,11595.0,475.2049,0.285605,791.9262,418.6885,7.0,0.2869,5.0,0.2049,3.0,28.0,1.1475,9848,6586,269.918,0.267584,9675.0,,,213.0,209.0,4.0,,,8.7295,3715.0,5258.0,97.0,3193.0,4497.0,86.0,522.0,761.0,11.0,1.0,0.0,0.0,0.0,0.0,1.0,5608.0,8147.0,148.0,5513.0,7422.0,136.0,95.0,725.0,12.0,1.0,0.0,1.0,1.0,0.0,1.0,7605.0,10115.0,184.0,8774.0,10772.0,192.0,-1169.0,-657.0,-8.0,1.0,0.0,3.0,2.0,3.0,1.0,9848.0,12259.0,213.0,11139.0,12970.0,212.0,-1291.0,-711.0,1.0,2.0,1.0,5.0,5.0,6.0,2.0
ESPORTSTMNT05_3222302,complete,,EM,2023,Spring,0,2023-04-11 19:41:53,1,13.06,4,Blue,bot,jinjo,oe:player:23f5249382ade4216547b5e109c5414,Riddle Esports,oe:team:9eb531c72890b1ae7e50122f0884f37,Xayah,Jayce,LeBlanc,Varus,Wukong,Kennen,,,,,,1464,0,0,2,2,5,19,0.0,0.0,0.0,0.0,0.0,0.0,0.0,0.0,0.2049,0.9836,,,,,,,,,,,,,,,,,,,,,0.0,0.0,,,,,,,,0.0,0.0,10890.0,446.3115,0.26824,436.5574,238.9754,12.0,0.4918,6.0,0.2459,4.0,28.0,1.1475,9625,6363,260.7787,0.258524,8855.0,,,243.0,239.0,4.0,,,9.959,3468.0,3370.0,93.0,3342.0,3190.0,88.0,126.0,180.0,5.0,0.0,0.0,0.0,0.0,0.0,0.0,5577.0,5393.0,152.0,5324.0,5357.0,135.0,253.0,36.0,17.0,0.0,0.0,0.0,0.0,0.0,0.0,7724.0,7025.0,194.0,8075.0,7480.0,180.0,-351.0,-455.0,14.0,0.0,0.0,0.0,1.0,3.0,0.0,9625.0,9599.0,243.0,10171.0,10045.0,210.0,-546.0,-446.0,33.0,0.0,2.0,2.0,2.0,10.0,0.0
ESPORTSTMNT05_3222302,complete,,EM,2023,Spring,0,2023-04-11 19:41:53,1,13.06,5,Blue,sup,kibah,oe:player:9f65f7ff237a92d74cf2bf2420f2751,Riddle Esports,oe:team:9eb531c72890b1ae7e50122f0884f37,Renata Glasc,Jayce,LeBlanc,Varus,Wukong,Kennen,,,,,,1464,0,0,3,3,5,19,0.0,0.0,0.0,0.0,0.0,0.0,0.0,0.0,0.2049,0.9836,,,,,,,,,,,,,,,,,,,,,0.0,0.0,,,,,,,,0.0,0.0,3158.0,129.4262,0.0777871,436.6393,293.8115,31.0,1.2705,7.0,0.2869,7.0,62.0,2.541,5413,2151,88.1557,0.0873892,4875.0,,,36.0,36.0,0.0,,,1.4754,2299.0,2549.0,15.0,2093.0,2563.0,14.0,206.0,-14.0,1.0,0.0,1.0,0.0,0.0,0.0,0.0,3385.0,4199.0,24.0,3065.0,3761.0,22.0,320.0,438.0,2.0,0.0,1.0,0.0,0.0,0.0,0.0,4500.0,5069.0,30.0,4642.0,5528.0,32.0,-142.0,-459.0,-2.0,0.0,1.0,1.0,0.0,2.0,0.0,5413.0,6456.0,36.0,5752.0,7507.0,32.0,-339.0,-1051.0,4.0,0.0,3.0,3.0,0.0,10.0,0.0
ESPORTSTMNT05_3222302,complete,,EM,2023,Spring,0,2023-04-11 19:41:53,1,13.06,6,Red,top,Ragner,oe:player:c0f78343a2ad4ba1463245d53a3b440,Team GO,oe:team:8d538207b9de9d20e1a525aae593515,Renekton,Lee Sin,Veigar,Sejuani,Cassiopeia,Ahri,,,,,,1464,1,5,2,8,19,5,1.0,1.0,0.0,0.0,1.0,0.0,1.0,0.0,0.7787,0.9836,,,,,,,,,,,,,,,,,,,,,0.0,0.0,,,,,,,,1.0,0.0,15913.0,652.1721,0.251884,1031.4754,743.9754,8.0,0.3279,3.0,0.123,5.0,24.0,0.9836,12030,8768,359.3443,0.260806,9875.0,,,200.0,192.0,8.0,,,8.1967,4209.0,4372.0,78.0,2610.0,3021.0,39.0,1599.0,1351.0,39.0,1.0,2.0,1.0,1.0,0.0,3.0,6915.0,7426.0,128.0,4221.0,5201.0,72.0,2694.0,2225.0,56.0,1.0,3.0,2.0,1.0,1.0,5.0,8886.0,9297.0,155.0,6330.0,7760.0,115.0,2556.0,1537.0,40.0,1.0,7.0,2.0,1.0,1.0,6.0,12030.0,12322.0,200.0,7735.0,9153.0,137.0,4295.0,3169.0,63.0,5.0,8.0,2.0,1.0,2.0,8.0
ESPORTSTMNT05_3222302,complete,,EM,2023,Spring,0,2023-04-11 19:41:53,1,13.06,7,Red,jng,Lyncas,oe:player:ca9701f085966dfca32e31b1b1e9d55,Team GO,oe:team:8d538207b9de9d20e1a525aae593515,Jarvan IV,Lee Sin,Veigar,Sejuani,Cassiopeia,Ahri,,,,,,1464,1,7,1,11,19,5,1.0,0.0,0.0,0.0,1.0,1.0,0.0,0.0,0.7787,0.9836,,,,,,,,,,,,,,,,,,,,,0.0,0.0,,,,,,,,1.0,0.0,12366.0,506.8033,0.195739,787.8689,968.6885,7.0,0.2869,8.0,0.3279,5.0,35.0,1.4344,10837,7575,310.4508,0.22532,9475.0,,,153.0,22.0,131.0,,,6.2705,3624.0,3492.0,67.0,3309.0,3436.0,59.0,315.0,56.0,8.0,2.0,0.0,0.0,0.0,2.0,0.0,5839.0,5603.0,97.0,5331.0,5984.0,102.0,508.0,-381.0,-5.0,4.0,1.0,0.0,1.0,2.0,0.0,8830.0,8606.0,136.0,6996.0,8314.0,136.0,1834.0,292.0,0.0,6.0,3.0,0.0,1.0,2.0,0.0,10837.0,11168.0,153.0,8302.0,9427.0,147.0,2535.0,1741.0,6.0,7.0,11.0,1.0,2.0,2.0,1.0
ESPORTSTMNT05_3222302,complete,,EM,2023,Spring,0,2023-04-11 19:41:53,1,13.06,8,Red,mid,Toucouille,oe:player:525ac233cf71bc36a611e27a324144f,Team GO,oe:team:8d538207b9de9d20e1a525aae593515,Annie,Lee Sin,Veigar,Sejuani,Cassiopeia,Ahri,,,,,,1464,1,5,2,6,19,5,0.0,0.0,0.0,0.0,0.0,0.0,0.0,0.0,0.7787,0.9836,,,,,,,,,,,,,,,,,,,,,0.0,0.0,,,,,,,,0.0,0.0,18079.0,740.9426,0.286169,299.5082,268.6066,8.0,0.3279,1.0,0.041,2.0,16.0,0.6557,11139,7877,322.8279,0.234303,9650.0,,,212.0,210.0,2.0,,,8.6885,3193.0,4497.0,86.0,3715.0,5258.0,97.0,-522.0,-761.0,-11.0,0.0,0.0,1.0,1.0,0.0,0.0,5513.0,7422.0,136.0,5608.0,8147.0,148.0,-95.0,-725.0,-12.0,1.0,0.0,1.0,1.0,0.0,1.0,8774.0,10772.0,192.0,7605.0,10115.0,184.0,1169.0,657.0,8.0,2.0,3.0,1.0,1.0,0.0,3.0,11139.0,12970.0,212.0,9848.0,12259.0,213.0,1291.0,711.0,-1.0,5.0,6.0,2.0,2.0,1.0,5.0
ESPORTSTMNT05_3222302,complete,,EM,2023,Spring,0,2023-04-11 19:41:53,1,13.06,9,Red,bot,Jezu,oe:player:4817d93e8f26002377aec42233b3fc2,Team GO,oe:team:8d538207b9de9d20e1a525aae593515,Zeri,Lee Sin,Veigar,Sejuani,Cassiopeia,Ahri,,,,,,1464,1,2,0,10,19,5,0.0,0.0,0.0,0.0,0.0,0.0,0.0,0.0,0.7787,0.9836,,,,,,,,,,,,,,,,,,,,,0.0,0.0,,,,,,,,0.0,0.0,12508.0,512.623,0.197987,412.7459,291.8852,9.0,0.3689,7.0,0.2869,4.0,28.0,1.1475,10171,6909,283.1557,0.205509,9100.0,,,210.0,197.0,13.0,,,8.6066,3342.0,3190.0,88.0,3468.0,3370.0,93.0,-126.0,-180.0,-5.0,0.0,0.0,0.0,0.0,0.0,0.0,5324.0,5357.0,135.0,5577.0,5393.0,152.0,-253.0,-36.0,-17.0,0.0,0.0,0.0,0.0,0.0,0.0,8075.0,7480.0,180.0,7724.0,7025.0,194.0,351.0,455.0,-14.0,1.0,3.0,0.0,0.0,0.0,0.0,10171.0,10045.0,210.0,9625.0,9599.0,243.0,546.0,446.0,-33.0,2.0,10.0,0.0,0.0,2.0,2.0
ESPORTSTMNT05_3222302,complete,,EM,2023,Spring,0,2023-04-11 19:41:53,1,13.06,10,Red,sup,kamilius,oe:player:7aa0aebd379414d25f1fcdc396407f1,Team GO,oe:team:8d538207b9de9d20e1a525aae593515,Rakan,Lee Sin,Veigar,Sejuani,Cassiopeia,Ahri,,,,,,1464,1,0,0,10,19,5,0.0,0.0,0.0,0.0,0.0,0.0,0.0,0.0,0.7787,0.9836,,,,,,,,,,,,,,,,,,,,,0.0,0.0,,,,,,,,0.0,0.0,4310.0,176.6393,0.0682221,282.8689,334.918,27.0,1.1066,4.0,0.1639,3.0,61.0,2.5,5752,2490,102.0492,0.0740623,5425.0,,,32.0,32.0,0.0,,,1.3115,2093.0,2563.0,14.0,2299.0,2549.0,15.0,-206.0,14.0,-1.0,0.0,0.0,0.0,0.0,1.0,0.0,3065.0,3761.0,22.0,3385.0,4199.0,24.0,-320.0,-438.0,-2.0,0.0,0.0,0.0,0.0,1.0,0.0,4642.0,5528.0,32.0,4500.0,5069.0,30.0,142.0,459.0,2.0,0.0,2.0,0.0,0.0,1.0,1.0,5752.0,7507.0,32.0,5413.0,6456.0,36.0,339.0,1051.0,-4.0,0.0,10.0,0.0,0.0,3.0,3.0
ESPORTSTMNT05_3222302,complete,,EM,2023,Spring,0,2023-04-11 19:41:53,1,13.06,100,Blue,team,,,Riddle Esports,oe:team:9eb531c72890b1ae7e50122f0884f37,,Jayce,LeBlanc,Varus,Wukong,Kennen,Xayah,Vi,Renata Glasc,Fiora,Lissandra,1464,0,5,19,10,5,19,0.0,0.0,0.0,0.0,0.0,,,,0.2049,0.9836,0.0,0.0,3.0,0.0,3.0,0.0,0.0,0.0,0.0,0.0,0.0,,0.0,0.0,1.0,1.0,1.0,,,0.0,0.0,0.0,0.0,2.0,8.0,0.0,0.0,5.0,6.0,0.0,2.0,40598.0,1663.8525,,3270.082,2771.3115,62.0,2.541,27.0,1.1066,18.0,155.0,6.3525,40923,24612,1008.6885,,39665.0,-0.0927996,-3.09,,652.0,124.0,,,31.8033,15401.0,17634.0,303.0,16461.0,18114.0,333.0,-1060.0,-480.0,-30.0,2.0,3.0,3.0,3.0,2.0,2.0,24122.0,28924.0,498.0,26656.0,29569.0,518.0,-2534.0,-645.0,-20.0,3.0,4.0,6.0,6.0,4.0,3.0,33155.0,38283.0,659.0,39207.0,41683.0,695.0,-6052.0,-3400.0,-36.0,3.0,4.0,10.0,10.0,18.0,3.0,40923.0,46894.0,776.0,49929.0,54012.0,807.0,-9006.0,-7118.0,-31.0,5.0,10.0,19.0,19.0,45.0,5.0
ESPORTSTMNT05_3222302,complete,,EM,2023,Spring,0,2023-04-11 19:41:53,1,13.06,200,Red,team,,,Team GO,oe:team:8d538207b9de9d20e1a525aae593515,,Lee Sin,Veigar,Sejuani,Cassiopeia,Ahri,Rakan,Annie,Zeri,Jarvan IV,Renekton,1464,1,19,5,45,19,5,2.0,1.0,0.0,0.0,1.0,,,,0.7787,0.9836,1.0,3.0,0.0,3.0,0.0,1.0,0.0,0.0,1.0,0.0,1.0,,0.0,0.0,0.0,1.0,1.0,,,0.0,0.0,0.0,1.0,8.0,2.0,1.0,1.0,6.0,5.0,2.0,0.0,63176.0,2589.1803,,2814.4672,2608.0738,59.0,2.418,23.0,0.9426,19.0,164.0,6.7213,49929,33618,1377.7869,,43525.0,0.0927996,3.09,,653.0,154.0,,,33.0738,16461.0,18114.0,333.0,15401.0,17634.0,303.0,1060.0,480.0,30.0,3.0,2.0,2.0,2.0,3.0,3.0,26656.0,29569.0,518.0,24122.0,28924.0,498.0,2534.0,645.0,20.0,6.0,4.0,3.0,3.0,4.0,6.0,39207.0,41683.0,695.0,33155.0,38283.0,659.0,6052.0,3400.0,36.0,10.0,18.0,3.0,3.0,4.0,10.0,49929.0,54012.0,807.0,40923.0,46894.0,776.0,9006.0,7118.0,31.0,19.0,45.0,5.0,5.0,10.0,19.0
ESPORTSTMNT05_3220328,complete,,EM,2023,Spring,0,2023-04-12 15:01:49,1,13.06,1,Blue,top,Marky,oe:player:197e012fb5163375e24dbbfdae34911,Movistar KOI,oe:team:4acc40654379b4da680be1bd3129dfa,Camille,Olaf,Draven,Vi,Pantheon,Heimerdinger,,,,,,1835,0,0,6,6,9,21,0.0,0.0,0.0,0.0,0.0,0.0,0.0,1.0,0.2943,0.9809,,,,,,,,,,,,,,,,,,,,,0.0,0.0,,,,,,,,0.0,0.0,10487.0,342.8992,0.20172,791.3787,581.5913,9.0,0.2943,7.0,0.2289,5.0,28.0,0.9155,9809,5790,189.3188,0.187804,9355.0,,,198.0,198.0,0.0,,,6.4741,3097.0,4711.0,80.0,3612.0,4748.0,84.0,-515.0,-37.0,-4.0,0.0,0.0,1.0,1.0,0.0,0.0,4445.0,6482.0,98.0,5817.0,7122.0,120.0,-1372.0,-640.0,-22.0,0.0,4.0,2.0,3.0,1.0,2.0,6301.0,8969.0,141.0,8181.0,8676.0,144.0,-1880.0,293.0,-3.0,0.0,4.0,3.0,5.0,2.0,2.0,8227.0,10745.0,170.0,11278.0,11854.0,176.0,-3051.0,-1109.0,-6.0,0.0,5.0,4.0,8.0,6.0,2.0
ESPORTSTMNT05_3220328,complete,,EM,2023,Spring,0,2023-04-12 15:01:49,1,13.06,2,Blue,jng,ISMA,oe:player:5450c7731de19c131ce20ea74933cc2,Movistar KOI,oe:team:4acc40654379b4da680be1bd3129dfa,Xin Zhao,Olaf,Draven,Vi,Pantheon,Heimerdinger,,,,,,1835,0,2,3,5,9,21,0.0,0.0,0.0,0.0,0.0,0.0,0.0,0.0,0.2943,0.9809,,,,,,,,,,,,,,,,,,,,,0.0,1.0,,,,,,,,0.0,0.0,9130.0,298.5286,0.175617,1102.1035,692.436,9.0,0.2943,6.0,0.1962,7.0,28.0,0.9155,10343,6324,206.7793,0.205125,10275.0,,,181.0,36.0,145.0,,,5.9183,3099.0,2693.0,52.0,3029.0,3130.0,59.0,70.0,-437.0,-7.0,1.0,0.0,0.0,0.0,1.0,1.0,5890.0,5156.0,87.0,4483.0,5313.0,91.0,1407.0,-157.0,-4.0,2.0,3.0,1.0,0.0,3.0,2.0,7418.0,7303.0,120.0,5931.0,7516.0,120.0,1487.0,-213.0,0.0,2.0,3.0,1.0,0.0,6.0,2.0,8703.0,8991.0,144.0,8335.0,9955.0,142.0,368.0,-964.0,2.0,2.0,4.0,3.0,2.0,8.0,3.0
ESPORTSTMNT05_3220328,complete,,EM,2023,Spring,0,2023-04-12 15:01:49,1,13.06,3,Blue,mid,Fresskowy,oe:player:cda093b28f577696b82604fb20037ad,Movistar KOI,oe:team:4acc40654379b4da680be1bd3129dfa,Gragas,Olaf,Draven,Vi,Pantheon,Heimerdinger,,,,,,1835,0,1,3,4,9,21,0.0,0.0,0.0,0.0,0.0,0.0,0.0,0.0,0.2943,0.9809,,,,,,,,,,,,,,,,,,,,,0.0,0.0,,,,,,,,0.0,1.0,13890.0,454.1689,0.267177,867.4986,690.2779,8.0,0.2616,5.0,0.1635,2.0,18.0,0.5886,9842,5823,190.3978,0.188874,8735.0,,,238.0,238.0,0.0,,,7.782,3071.0,4850.0,85.0,3132.0,4373.0,91.0,-61.0,477.0,-6.0,0.0,0.0,0.0,0.0,0.0,0.0,4730.0,7429.0,132.0,5183.0,6809.0,142.0,-453.0,620.0,-10.0,0.0,3.0,0.0,1.0,1.0,0.0,6611.0,10283.0,179.0,7338.0,9701.0,194.0,-727.0,582.0,-15.0,0.0,3.0,0.0,2.0,3.0,0.0,8160.0,11860.0,205.0,10892.0,13521.0,247.0,-2732.0,-1661.0,-42.0,1.0,3.0,1.0,3.0,9.0,0.0
ESPORTSTMNT05_3220328,complete,,EM,2023,Spring,0,2023-04-12 15:01:49,1,13.06,4,Blue,bot,Supa,oe:player:1223a0ed2bfab9b714c72d965df8133,Movistar KOI,oe:team:4acc40654379b4da680be1bd3129dfa,Jinx,Olaf,Draven,Vi,Pantheon,Heimerdinger,,,,,,1835,0,6,4,2,9,21,1.0,1.0,0.0,0.0,0.0,0.0,0.0,0.0,0.2943,0.9809,,,,,,,,,,,,,,,,,,,,,0.0,0.0,,,,,,,,0.0,0.0,13831.0,452.2398,0.266042,635.3787,283.3243,9.0,0.2943,13.0,0.4251,6.0,41.0,1.3406,14618,10599,346.5613,0.343789,14775.0,,,290.0,258.0,32.0,,,9.4823,3806.0,3261.0,80.0,3168.0,3482.0,83.0,638.0,-221.0,-3.0,2.0,1.0,0.0,0.0,0.0,1.0,7128.0,5410.0,129.0,4610.0,5040.0,122.0,2518.0,370.0,7.0,5.0,1.0,0.0,0.0,2.0,1.0,9491.0,7421.0,185.0,6432.0,7590.0,172.0,3059.0,-169.0,13.0,5.0,1.0,1.0,0.0,5.0,1.0,11419.0,9132.0,230.0,8978.0,10566.0,195.0,2441.0,-1434.0,35.0,5.0,2.0,3.0,0.0,12.0,1.0
ESPORTSTMNT05_3220328,complete,,EM,2023,Spring,0,2023-04-12 15:01:49,1,13.06,5,Blue,sup,Alvaro,oe:player:f5bf9bd732b85e4dcab5121e4769ae4,Movistar KOI,oe:team:4acc40654379b4da680be1bd3129dfa,Rell,Olaf,Draven,Vi,Pantheon,Heimerdinger,,,,,,1835,0,0,5,6,9,21,0.0,0.0,0.0,0.0,0.0,0.0,0.0,0.0,0.2943,0.9809,,,,,,,,,,,,,,,,,,,,,0.0,0.0,,,,,,,,0.0,1.0,4650.0,152.0436,0.0894437,599.7057,636.5886,41.0,1.3406,7.0,0.2289,11.0,68.0,2.2234,6313,2294,75.0082,0.074408,6125.0,,,32.0,32.0,0.0,,,1.0463,2508.0,2208.0,15.0,2044.0,1980.0,14.0,464.0,228.0,1.0,0.0,3.0,0.0,0.0,0.0,1.0,3595.0,3470.0,19.0,3427.0,3424.0,27.0,168.0,46.0,-8.0,0.0,6.0,1.0,0.0,2.0,2.0,4569.0,4286.0,25.0,4520.0,5163.0,32.0,49.0,-877.0,-7.0,0.0,6.0,2.0,0.0,5.0,2.0,5439.0,6278.0,29.0,6689.0,7637.0,34.0,-1250.0,-1359.0,-5.0,0.0,6.0,3.0,1.0,9.0,2.0
ESPORTSTMNT05_3220328,complete,,EM,2023,Spring,0,2023-04-12 15:01:49,1,13.06,6,Red,top,StarScreen,oe:player:1bc0756ba9102abb5a7cd13d2b618aa,FUT Esports,oe:team:8df5e2c8825f60f136b2cbed5633a81,Rumble,Rakan,Zeri,Sejuani,Sion,Nautilus,,,,,,1835,1,10,3,9,21,9,2.0,0.0,0.0,0.0,1.0,1.0,0.0,0.0,0.6866,0.9809,,,,,,,,,,,,,,,,,,,,,0.0,0.0,,,,,,,,0.0,0.0,28562.0,933.9074,0.317144,535.3896,525.6785,14.0,0.4578,5.0,0.1635,7.0,42.0,1.3733,13667,9648,315.4659,0.263657,13000.0,,,199.0,198.0,1.0,,,6.5068,3612.0,4748.0,84.0,3097.0,4711.0,80.0,515.0,37.0,4.0,1.0,0.0,0.0,0.0,0.0,1.0,5817.0,7122.0,120.0,4445.0,6482.0,98.0,1372.0,640.0,22.0,3.0,1.0,2.0,0.0,4.0,2.0,8181.0,8676.0,144.0,6301.0,8969.0,141.0,1880.0,-293.0,3.0,5.0,2.0,2.0,0.0,4.0,3.0,11278.0,11854.0,176.0,8227.0,10745.0,170.0,3051.0,1109.0,6.0,8.0,6.0,2.0,0.0,5.0,4.0
ESPORTSTMNT05_3220328,complete,,EM,2023,Spring,0,2023-04-12 15:01:49,1,13.06,7,Red,jng,Mojito,oe:player:d92b0904aa4f08f128aa8c6d2775056,FUT Esports,oe:team:8df5e2c8825f60f136b2cbed5633a81,Maokai,Rakan,Zeri,Sejuani,Sion,Nautilus,,,,,,1835,1,2,3,14,21,9,1.0,0.0,0.0,0.0,1.0,0.0,1.0,0.0,0.6866,0.9809,,,,,,,,,,,,,,,,,,,,,1.0,0.0,,,,,,,,0.0,0.0,13362.0,436.9046,0.148368,969.4823,838.6267,9.0,0.2943,9.0,0.2943,11.0,40.0,1.3079,9890,5871,191.9673,0.160441,9125.0,,,162.0,20.0,142.0,,,5.297,3029.0,3130.0,59.0,3099.0,2693.0,52.0,-70.0,437.0,7.0,0.0,1.0,1.0,1.0,0.0,0.0,4483.0,5313.0,91.0,5890.0,5156.0,87.0,-1407.0,157.0,4.0,0.0,3.0,2.0,2.0,3.0,1.0,5931.0,7516.0,120.0,7418.0,7303.0,120.0,-1487.0,213.0,0.0,0.0,6.0,2.0,2.0,3.0,1.0,8335.0,9955.0,142.0,8703.0,8991.0,144.0,-368.0,964.0,-2.0,2.0,8.0,3.0,2.0,4.0,3.0
ESPORTSTMNT05_3220328,complete,,EM,2023,Spring,0,2023-04-12 15:01:49,1,13.06,8,Red,mid,Tempt,oe:player:2861898294dd867b05fd28dca284e57,FUT Esports,oe:team:8df5e2c8825f60f136b2cbed5633a81,Jayce,Rakan,Zeri,Sejuani,Sion,Nautilus,,,,,,1835,1,6,0,13,21,9,1.0,0.0,0.0,0.0,0.0,0.0,0.0,0.0,0.6866,0.9809,,,,,,,,,,,,,,,,,,,,,0.0,0.0,,,,,,,,1.0,0.0,28926.0,945.8093,0.321186,362.7466,319.1608,18.0,0.5886,14.0,0.4578,6.0,68.0,2.2234,13843,9824,321.2207,0.268467,12500.0,,,295.0,270.0,25.0,,,9.6458,3132.0,4373.0,91.0,3071.0,4850.0,85.0,61.0,-477.0,6.0,0.0,0.0,0.0,0.0,0.0,0.0,5183.0,6809.0,142.0,4730.0,7429.0,132.0,453.0,-620.0,10.0,1.0,1.0,0.0,0.0,3.0,0.0,7338.0,9701.0,194.0,6611.0,10283.0,179.0,727.0,-582.0,15.0,2.0,3.0,0.0,0.0,3.0,0.0,10892.0,13521.0,247.0,8160.0,11860.0,205.0,2732.0,1661.0,42.0,3.0,9.0,0.0,1.0,3.0,1.0
ESPORTSTMNT05_3220328,complete,,EM,2023,Spring,0,2023-04-12 15:01:49,1,13.06,9,Red,bot,Fatihcan,oe:player:4a8a150d1497b3daa66c2bdaffe2c43,FUT Esports,oe:team:8df5e2c8825f60f136b2cbed5633a81,Jhin,Rakan,Zeri,Sejuani,Sion,Nautilus,,,,,,1835,1,1,1,16,21,9,0.0,0.0,0.0,0.0,0.0,0.0,0.0,0.0,0.6866,0.9809,,,,,,,,,,,,,,,,,,,,,0.0,0.0,,,,,,,,0.0,0.0,13601.0,444.7193,0.151022,214.3324,114.8992,8.0,0.2616,6.0,0.1962,1.0,19.0,0.6213,10773,6754,220.8392,0.184571,10175.0,,,214.0,208.0,6.0,,,6.9973,3168.0,3482.0,83.0,3806.0,3261.0,80.0,-638.0,221.0,3.0,0.0,0.0,1.0,2.0,1.0,0.0,4610.0,5040.0,122.0,7128.0,5410.0,129.0,-2518.0,-370.0,-7.0,0.0,2.0,1.0,5.0,1.0,0.0,6432.0,7590.0,172.0,9491.0,7421.0,185.0,-3059.0,169.0,-13.0,0.0,5.0,1.0,5.0,1.0,1.0,8978.0,10566.0,195.0,11419.0,9132.0,230.0,-2441.0,1434.0,-35.0,0.0,12.0,1.0,5.0,2.0,3.0
ESPORTSTMNT05_3220328,complete,,EM,2023,Spring,0,2023-04-12 15:01:49,1,13.06,10,Red,sup,Asper,oe:player:29e873916dcb14c9feb6b85d253cb87,FUT Esports,oe:team:8df5e2c8825f60f136b2cbed5633a81,Tahm Kench,Rakan,Zeri,Sejuani,Sion,Nautilus,,,,,,1835,1,2,2,15,21,9,0.0,0.0,0.0,0.0,0.0,0.0,0.0,0.0,0.6866,0.9809,,,,,,,,,,,,,,,,,,,,,0.0,0.0,,,,,,,,1.0,0.0,5609.0,183.4005,0.0622807,443.673,540.8828,40.0,1.3079,11.0,0.3597,12.0,92.0,3.0082,8515,4496,147.0082,0.122865,7350.0,,,40.0,40.0,0.0,,,1.3079,2044.0,1980.0,14.0,2508.0,2208.0,15.0,-464.0,-228.0,-1.0,0.0,0.0,1.0,0.0,3.0,0.0,3427.0,3424.0,27.0,3595.0,3470.0,19.0,-168.0,-46.0,8.0,0.0,2.0,2.0,0.0,6.0,1.0,4520.0,5163.0,32.0,4569.0,4286.0,25.0,-49.0,877.0,7.0,0.0,5.0,2.0,0.0,6.0,2.0,6689.0,7637.0,34.0,5439.0,6278.0,29.0,1250.0,1359.0,5.0,1.0,9.0,2.0,0.0,6.0,3.0
ESPORTSTMNT05_3220328,complete,,EM,2023,Spring,0,2023-04-12 15:01:49,1,13.06,100,Blue,team,,,Movistar KOI,oe:team:4acc40654379b4da680be1bd3129dfa,,Olaf,Draven,Vi,Pantheon,Heimerdinger,Jinx,Xin Zhao,Gragas,Rell,Camille,1835,0,9,21,23,9,21,1.0,1.0,0.0,0.0,0.0,,,,0.2943,0.9809,0.0,1.0,3.0,1.0,3.0,1.0,0.0,0.0,0.0,0.0,0.0,,0.0,0.0,1.0,2.0,0.0,,,0.0,0.0,1.0,1.0,3.0,9.0,0.0,1.0,5.0,1.0,0.0,2.0,51988.0,1699.8801,,3996.0654,2884.218,76.0,2.485,38.0,1.2425,31.0,183.0,5.9837,50925,30830,1008.0654,,49265.0,-0.0568949,-0.26,,762.0,177.0,,,30.703,15581.0,17723.0,312.0,14985.0,17713.0,331.0,596.0,10.0,-19.0,3.0,4.0,1.0,1.0,1.0,3.0,25788.0,27947.0,465.0,23520.0,27708.0,502.0,2268.0,239.0,-37.0,7.0,17.0,4.0,4.0,9.0,7.0,34390.0,38262.0,650.0,32402.0,38646.0,662.0,1988.0,-384.0,-12.0,7.0,17.0,7.0,7.0,21.0,7.0,41948.0,47006.0,778.0,46172.0,53533.0,794.0,-4224.0,-6527.0,-16.0,8.0,20.0,14.0,14.0,44.0,8.0
ESPORTSTMNT05_3220328,complete,,EM,2023,Spring,0,2023-04-12 15:01:49,1,13.06,200,Red,team,,,FUT Esports,oe:team:8df5e2c8825f60f136b2cbed5633a81,,Rakan,Zeri,Sejuani,Sion,Nautilus,Jhin,Maokai,Jayce,Rumble,Tahm Kench,1835,1,21,9,67,21,9,4.0,0.0,0.0,0.0,1.0,,,,0.6866,0.9809,1.0,3.0,1.0,3.0,1.0,0.0,1.0,0.0,0.0,0.0,2.0,,0.0,0.0,0.0,0.0,2.0,,,1.0,1.0,0.0,0.0,9.0,3.0,1.0,0.0,1.0,5.0,2.0,0.0,90060.0,2944.7411,,2525.624,2339.248,89.0,2.9101,45.0,1.4714,37.0,261.0,8.5341,56688,36593,1196.5014,,52150.0,0.0568949,0.26,,736.0,174.0,,,29.7548,14985.0,17713.0,331.0,15581.0,17723.0,312.0,-596.0,-10.0,19.0,1.0,1.0,3.0,3.0,4.0,1.0,23520.0,27708.0,502.0,25788.0,27947.0,465.0,-2268.0,-239.0,37.0,4.0,9.0,7.0,7.0,17.0,4.0,32402.0,38646.0,662.0,34390.0,38262.0,650.0,-1988.0,384.0,12.0,7.0,21.0,7.0,7.0,17.0,7.0,46172.0,53533.0,794.0,41948.0,47006.0,778.0,4224.0,6527.0,16.0,14.0,44.0,8.0,8.0,20.0,14.0
ESPORTSTMNT05_3223027,complete,,EM,2023,Spring,0,2023-04-12 15:04:07,1,13.06,1,Blue,top,Hiro,oe:player:6a52e8fc387411c38ae76e77ffe6b15,Orbit Anonymo Esports,oe:team:f9f16e15a84c85d050aa09b4a21c757,Gnar,Gragas,Rell,Maokai,Taliyah,Jax,,,,,,1587,1,6,2,4,14,6,0.0,0.0,0.0,0.0,0.0,0.0,0.0,0.0,0.5293,0.7561,,,,,,,,,,,,,,,,,,,,,0.0,0.0,,,,,,,,0.0,0.0,25192.0,952.4386,0.376494,993.9887,980.2268,13.0,0.4915,8.0,0.3025,3.0,36.0,1.3611,11943,8430,318.7146,0.254177,11508.0,,,217.0,209.0,8.0,,,8.2042,3228.0,5051.0,86.0,3393.0,4990.0,88.0,-165.0,61.0,-2.0,0.0,0.0,0.0,0.0,0.0,0.0,5160.0,7751.0,135.0,4949.0,7809.0,135.0,211.0,-58.0,0.0,0.0,0.0,0.0,0.0,0.0,0.0,7628.0,10070.0,160.0,6044.0,9030.0,152.0,1584.0,1040.0,8.0,3.0,0.0,2.0,0.0,0.0,2.0,10464.0,13970.0,203.0,7142.0,10728.0,169.0,3322.0,3242.0,34.0,5.0,3.0,2.0,0.0,2.0,4.0
ESPORTSTMNT05_3223027,complete,,EM,2023,Spring,0,2023-04-12 15:04:07,1,13.06,2,Blue,jng,Savero,oe:player:565edcb58e76115e571f38521946e41,Orbit Anonymo Esports,oe:team:f9f16e15a84c85d050aa09b4a21c757,Lee Sin,Gragas,Rell,Maokai,Taliyah,Jax,,,,,,1587,1,3,1,6,14,6,0.0,0.0,0.0,0.0,0.0,0.0,0.0,0.0,0.5293,0.7561,,,,,,,,,,,,,,,,,,,,,1.0,0.0,,,,,,,,1.0,0.0,5262.0,198.9414,0.0786406,867.448,1214.6314,12.0,0.4537,8.0,0.3025,7.0,37.0,1.3989,9193,5680,214.7448,0.171259,7375.0,,,146.0,17.0,129.0,,,5.5198,3073.0,3469.0,66.0,3336.0,3675.0,69.0,-263.0,-206.0,-3.0,0.0,0.0,0.0,0.0,1.0,0.0,4300.0,5173.0,93.0,5505.0,6218.0,114.0,-1205.0,-1045.0,-21.0,0.0,0.0,0.0,0.0,1.0,0.0,6152.0,8273.0,126.0,7297.0,8387.0,134.0,-1145.0,-114.0,-8.0,1.0,0.0,0.0,2.0,1.0,1.0,8241.0,11207.0,145.0,9087.0,10350.0,162.0,-846.0,857.0,-17.0,2.0,4.0,1.0,3.0,2.0,3.0
ESPORTSTMNT05_3223027,complete,,EM,2023,Spring,0,2023-04-12 15:04:07,1,13.06,3,Blue,mid,Roison,oe:player:1428134d4ece3f00321b6b870ca2152,Orbit Anonymo Esports,oe:team:f9f16e15a84c85d050aa09b4a21c757,Seraphine,Gragas,Rell,Maokai,Taliyah,Jax,,,,,,1587,1,0,0,11,14,6,0.0,0.0,0.0,0.0,0.0,0.0,0.0,0.0,0.5293,0.7561,,,,,,,,,,,,,,,,,,,,,0.0,0.0,,,,,,,,1.0,0.0,14515.0,548.7713,0.216927,316.1059,246.3516,9.0,0.3403,7.0,0.2647,4.0,25.0,0.9452,10251,6738,254.7448,0.20316,8550.0,,,245.0,236.0,9.0,,,9.2628,3573.0,5328.0,109.0,3366.0,4686.0,92.0,207.0,642.0,17.0,0.0,0.0,0.0,0.0,0.0,0.0,5553.0,8752.0,183.0,5430.0,7910.0,155.0,123.0,842.0,28.0,0.0,0.0,0.0,0.0,0.0,0.0,7855.0,11391.0,227.0,7356.0,10467.0,208.0,499.0,924.0,19.0,0.0,2.0,0.0,0.0,1.0,1.0,9548.0,13783.0,240.0,9938.0,13368.0,257.0,-390.0,415.0,-17.0,0.0,8.0,0.0,0.0,3.0,1.0
ESPORTSTMNT05_3223027,complete,,EM,2023,Spring,0,2023-04-12 15:04:07,1,13.06,4,Blue,bot,Neramin,oe:player:c032df73970ffb2f2b585d912f6b20d,Orbit Anonymo Esports,oe:team:f9f16e15a84c85d050aa09b4a21c757,Xayah,Gragas,Rell,Maokai,Taliyah,Jax,,,,,,1587,1,5,0,5,14,6,1.0,1.0,0.0,0.0,0.0,0.0,0.0,0.0,0.5293,0.7561,,,,,,,,,,,,,,,,,,,,,0.0,0.0,,,,,,,,0.0,0.0,17460.0,660.1134,0.26094,330.8129,225.0662,10.0,0.3781,7.0,0.2647,3.0,29.0,1.0964,12599,9086,343.5161,0.273956,9875.0,,,250.0,231.0,19.0,,,9.4518,3573.0,3098.0,90.0,3679.0,3370.0,84.0,-106.0,-272.0,6.0,0.0,0.0,0.0,1.0,0.0,0.0,5794.0,5527.0,145.0,5919.0,5648.0,140.0,-125.0,-121.0,5.0,0.0,0.0,0.0,1.0,0.0,0.0,8148.0,8020.0,196.0,7749.0,7720.0,180.0,399.0,300.0,16.0,0.0,1.0,0.0,2.0,0.0,0.0,11462.0,11409.0,242.0,9791.0,9968.0,226.0,1671.0,1441.0,16.0,4.0,3.0,0.0,3.0,1.0,1.0
ESPORTSTMNT05_3223027,complete,,EM,2023,Spring,0,2023-04-12 15:04:07,1,13.06,5,Blue,sup,Czypsy,oe:player:df5866d3078c786ce03084b78b1f5d9,Orbit Anonymo Esports,oe:team:f9f16e15a84c85d050aa09b4a21c757,Nautilus,Gragas,Rell,Maokai,Taliyah,Jax,,,,,,1587,1,0,3,10,14,6,0.0,0.0,0.0,0.0,0.0,0.0,0.0,1.0,0.5293,0.7561,,,,,,,,,,,,,,,,,,,,,0.0,0.0,,,,,,,,0.0,0.0,4483.0,169.4896,0.0669984,441.4745,881.5501,39.0,1.4745,8.0,0.3025,9.0,71.0,2.6843,6745,3232,122.1928,0.097448,5925.0,,,41.0,41.0,0.0,,,1.5501,2205.0,2406.0,16.0,2262.0,2309.0,15.0,-57.0,97.0,1.0,0.0,0.0,1.0,0.0,1.0,0.0,3279.0,3377.0,24.0,3350.0,3528.0,25.0,-71.0,-151.0,-1.0,0.0,0.0,1.0,0.0,1.0,0.0,4594.0,4724.0,33.0,4397.0,4935.0,30.0,197.0,-211.0,3.0,0.0,2.0,2.0,0.0,2.0,0.0,6150.0,7459.0,41.0,5384.0,5980.0,32.0,766.0,1479.0,9.0,0.0,8.0,3.0,0.0,4.0,2.0
ESPORTSTMNT05_3223027,complete,,EM,2023,Spring,0,2023-04-12 15:04:07,1,13.06,6,Red,top,bobista,oe:player:8486d94ef23b38c67c76b647613d881,eSuba,oe:team:3faefd9245a4ef6ba347fbcf2a51515,K'Sante,Annie,Vi,Wukong,Veigar,Malphite,,,,,,1587,0,0,4,2,6,14,0.0,0.0,0.0,0.0,0.0,0.0,0.0,0.0,0.2268,0.7561,,,,,,,,,,,,,,,,,,,,,0.0,0.0,,,,,,,,0.0,0.0,6217.0,235.0473,0.131892,1006.5406,1294.8582,9.0,0.3403,3.0,0.1134,1.0,22.0,0.8318,7410,3897,147.3346,0.15616,7525.0,,,170.0,170.0,0.0,,,6.4272,3393.0,4990.0,88.0,3228.0,5051.0,86.0,165.0,-61.0,2.0,0.0,0.0,0.0,0.0,0.0,0.0,4949.0,7809.0,135.0,5160.0,7751.0,135.0,-211.0,58.0,0.0,0.0,0.0,0.0,0.0,0.0,0.0,6044.0,9030.0,152.0,7628.0,10070.0,160.0,-1584.0,-1040.0,-8.0,0.0,0.0,2.0,3.0,0.0,2.0,7142.0,10728.0,169.0,10464.0,13970.0,203.0,-3322.0,-3242.0,-34.0,0.0,2.0,4.0,5.0,3.0,2.0
ESPORTSTMNT05_3223027,complete,,EM,2023,Spring,0,2023-04-12 15:04:07,1,13.06,7,Red,jng,TynX,oe:player:36607221f848a15f6a1f11961027d7c,eSuba,oe:team:3faefd9245a4ef6ba347fbcf2a51515,Xin Zhao,Annie,Vi,Wukong,Veigar,Malphite,,,,,,1587,0,3,4,2,6,14,0.0,0.0,0.0,0.0,1.0,0.0,1.0,0.0,0.2268,0.7561,,,,,,,,,,,,,,,,,,,,,0.0,1.0,,,,,,,,0.0,1.0,10358.0,391.6068,0.219742,1146.1248,837.4291,13.0,0.4915,8.0,0.3025,5.0,43.0,1.6257,9264,5751,217.4291,0.230455,8875.0,,,162.0,18.0,144.0,,,6.1248,3336.0,3675.0,69.0,3073.0,3469.0,66.0,263.0,206.0,3.0,0.0,1.0,0.0,0.0,0.0,0.0,5505.0,6218.0,114.0,4300.0,5173.0,93.0,1205.0,1045.0,21.0,0.0,1.0,0.0,0.0,0.0,0.0,7297.0,8387.0,134.0,6152.0,8273.0,126.0,1145.0,114.0,8.0,2.0,1.0,1.0,1.0,0.0,0.0,9087.0,10350.0,162.0,8241.0,11207.0,145.0,846.0,-857.0,17.0,3.0,2.0,3.0,2.0,4.0,1.0
ESPORTSTMNT05_3223027,complete,,EM,2023,Spring,0,2023-04-12 15:04:07,1,13.06,8,Red,mid,Warszi,oe:player:5a23766ce46653d2b63ac4a40cd61c1,eSuba,oe:team:3faefd9245a4ef6ba347fbcf2a51515,Viktor,Annie,Vi,Wukong,Veigar,Malphite,,,,,,1587,0,0,2,3,6,14,0.0,0.0,0.0,0.0,0.0,0.0,0.0,0.0,0.2268,0.7561,,,,,,,,,,,,,,,,,,,,,0.0,0.0,,,,,,,,0.0,1.0,15692.0,593.2703,0.332902,264.3478,262.949,12.0,0.4537,1.0,0.0378,6.0,26.0,0.983,10242,6729,254.4045,0.269646,10000.0,,,259.0,255.0,4.0,,,9.7921,3366.0,4686.0,92.0,3573.0,5328.0,109.0,-207.0,-642.0,-17.0,0.0,0.0,0.0,0.0,0.0,0.0,5430.0,7910.0,155.0,5553.0,8752.0,183.0,-123.0,-842.0,-28.0,0.0,0.0,0.0,0.0,0.0,0.0,7356.0,10467.0,208.0,7855.0,11391.0,227.0,-499.0,-924.0,-19.0,0.0,1.0,1.0,0.0,2.0,0.0,9938.0,13368.0,257.0,9548.0,13783.0,240.0,390.0,-415.0,17.0,0.0,3.0,1.0,0.0,8.0,0.0
ESPORTSTMNT05_3223027,complete,,EM,2023,Spring,0,2023-04-12 15:04:07,1,13.06,9,Red,bot,DANY,oe:player:f72af12f47362bdec4b0ca91070cf43,eSuba,oe:team:3faefd9245a4ef6ba347fbcf2a51515,Zeri,Annie,Vi,Wukong,Veigar,Malphite,,,,,,1587,0,3,2,1,6,14,0.0,0.0,0.0,0.0,1.0,1.0,0.0,0.0,0.2268,0.7561,,,,,,,,,,,,,,,,,,,,,0.0,0.0,,,,,,,,0.0,0.0,11119.0,420.3781,0.235887,380.7561,464.7259,12.0,0.4537,13.0,0.4915,5.0,45.0,1.7013,10011,6498,245.6711,0.26039,9875.0,,,228.0,218.0,10.0,,,8.62,3679.0,3370.0,84.0,3573.0,3098.0,90.0,106.0,272.0,-6.0,1.0,0.0,0.0,0.0,0.0,0.0,5919.0,5648.0,140.0,5794.0,5527.0,145.0,125.0,121.0,-5.0,1.0,0.0,0.0,0.0,0.0,0.0,7749.0,7720.0,180.0,8148.0,8020.0,196.0,-399.0,-300.0,-16.0,2.0,0.0,0.0,0.0,1.0,0.0,9791.0,9968.0,226.0,11462.0,11409.0,242.0,-1671.0,-1441.0,-16.0,3.0,1.0,1.0,4.0,3.0,0.0
ESPORTSTMNT05_3223027,complete,,EM,2023,Spring,0,2023-04-12 15:04:07,1,13.06,10,Red,sup,FGG,oe:player:dcd93cc48ba71890cc0580de524f536,eSuba,oe:team:3faefd9245a4ef6ba347fbcf2a51515,Rakan,Annie,Vi,Wukong,Veigar,Malphite,,,,,,1587,0,0,2,4,6,14,0.0,0.0,0.0,0.0,1.0,0.0,1.0,0.0,0.2268,0.7561,,,,,,,,,,,,,,,,,,,,,0.0,0.0,,,,,,,,0.0,0.0,3751.0,141.8147,0.0795766,429.9811,365.8223,41.0,1.5501,7.0,0.2647,7.0,78.0,2.949,5593,2080,78.6389,0.0833482,5525.0,,,32.0,32.0,0.0,,,1.2098,2262.0,2309.0,15.0,2205.0,2406.0,16.0,57.0,-97.0,-1.0,0.0,1.0,0.0,0.0,0.0,1.0,3350.0,3528.0,25.0,3279.0,3377.0,24.0,71.0,151.0,1.0,0.0,1.0,0.0,0.0,0.0,1.0,4397.0,4935.0,30.0,4594.0,4724.0,33.0,-197.0,211.0,-3.0,0.0,2.0,0.0,0.0,2.0,2.0,5384.0,5980.0,32.0,6150.0,7459.0,41.0,-766.0,-1479.0,-9.0,0.0,4.0,2.0,0.0,8.0,3.0
ESPORTSTMNT05_3223027,complete,,EM,2023,Spring,0,2023-04-12 15:04:07,1,13.06,100,Blue,team,,,Orbit Anonymo Esports,oe:team:f9f16e15a84c85d050aa09b4a21c757,,Gragas,Rell,Maokai,Taliyah,Jax,Xayah,Lee Sin,Nautilus,Gnar,Seraphine,1587,1,14,6,36,14,6,1.0,1.0,0.0,0.0,0.0,,,,0.5293,0.7561,1.0,4.0,0.0,4.0,0.0,1.0,1.0,0.0,2.0,0.0,0.0,,0.0,0.0,0.0,0.0,2.0,,,1.0,1.0,0.0,1.0,9.0,2.0,0.0,1.0,5.0,2.0,2.0,0.0,66912.0,2529.7543,,2949.8299,3547.8261,83.0,3.138,38.0,1.4367,26.0,198.0,7.4858,50731,33166,1253.913,,43233.0,0.0337046,0.25,,734.0,165.0,,,33.9887,15652.0,19352.0,367.0,16036.0,19030.0,348.0,-384.0,322.0,19.0,0.0,0.0,1.0,1.0,2.0,0.0,24086.0,30580.0,580.0,25153.0,31113.0,569.0,-1067.0,-533.0,11.0,0.0,0.0,1.0,1.0,2.0,0.0,34377.0,42478.0,742.0,32843.0,40539.0,704.0,1534.0,1939.0,38.0,4.0,5.0,4.0,4.0,4.0,4.0,45865.0,57828.0,871.0,41342.0,50394.0,846.0,4523.0,7434.0,25.0,11.0,26.0,6.0,6.0,12.0,11.0
ESPORTSTMNT05_3223027,complete,,EM,2023,Spring,0,2023-04-12 15:04:07,1,13.06,200,Red,team,,,eSuba,oe:team:3faefd9245a4ef6ba347fbcf2a51515,,Annie,Vi,Wukong,Veigar,Malphite,Rakan,Xin Zhao,Zeri,K'Sante,Viktor,1587,0,6,14,12,6,14,0.0,0.0,0.0,0.0,1.0,,,,0.2268,0.7561,0.0,0.0,4.0,0.0,4.0,0.0,0.0,0.0,0.0,0.0,0.0,,0.0,0.0,1.0,2.0,0.0,,,0.0,0.0,1.0,0.0,2.0,9.0,1.0,0.0,2.0,5.0,0.0,2.0,47137.0,1782.1172,,3227.7505,3225.7845,87.0,3.2892,32.0,1.2098,24.0,214.0,8.0907,42520,24955,943.4783,,41800.0,-0.0337046,-0.25,,693.0,158.0,,,32.1739,16036.0,19030.0,348.0,15652.0,19352.0,367.0,384.0,-322.0,-19.0,1.0,2.0,0.0,0.0,0.0,1.0,25153.0,31113.0,569.0,24086.0,30580.0,580.0,1067.0,533.0,-11.0,1.0,2.0,0.0,0.0,0.0,1.0,32843.0,40539.0,704.0,34377.0,42478.0,742.0,-1534.0,-1939.0,-38.0,4.0,4.0,4.0,4.0,5.0,4.0,41342.0,50394.0,846.0,45865.0,57828.0,871.0,-4523.0,-7434.0,-25.0,6.0,12.0,11.0,11.0,26.0,6.0
ESPORTSTMNT05_3222314,complete,,EM,2023,Spring,0,2023-04-12 15:52:41,1,13.06,1,Blue,top,ACD,oe:player:72c5cc0e2586935d16539f31a2a4fec,Macko Esports,oe:team:a2e63aee03585f0b37ff4cad936e349,Kled,Aphelios,Wukong,Jarvan IV,Orianna,Gragas,,,,,,2067,1,3,2,11,18,15,0.0,0.0,0.0,0.0,1.0,1.0,0.0,0.0,0.5225,0.9579,,,,,,,,,,,,,,,,,,,,,0.0,0.0,,,,,,,,0.0,0.0,24619.0,714.6299,0.231386,1067.5762,1276.5747,11.0,0.3193,6.0,0.1742,2.0,42.0,1.2192,14847,10355,300.5806,0.242558,13550.0,,,296.0,274.0,22.0,,,8.5922,3879.0,4792.0,78.0,2748.0,4185.0,59.0,1131.0,607.0,19.0,1.0,0.0,0.0,0.0,0.0,1.0,6690.0,7990.0,135.0,4475.0,6899.0,111.0,2215.0,1091.0,24.0,1.0,1.0,0.0,0.0,0.0,1.0,8927.0,11012.0,189.0,6480.0,9654.0,156.0,2447.0,1358.0,33.0,1.0,2.0,0.0,0.0,2.0,2.0,10484.0,13347.0,228.0,8345.0,12234.0,190.0,2139.0,1113.0,38.0,1.0,3.0,1.0,0.0,4.0,3.0
ESPORTSTMNT05_3222314,complete,,EM,2023,Spring,0,2023-04-12 15:52:41,1,13.06,2,Blue,jng,Cboi,oe:player:702efc23873d774e479682ef680d911,Macko Esports,oe:team:a2e63aee03585f0b37ff4cad936e349,Vi,Aphelios,Wukong,Jarvan IV,Orianna,Gragas,,,,,,2067,1,0,3,14,18,15,0.0,0.0,0.0,0.0,1.0,0.0,1.0,0.0,0.5225,0.9579,,,,,,,,,,,,,,,,,,,,,0.0,1.0,,,,,,,,0.0,0.0,8579.0,249.0276,0.0806312,841.9158,1284.238,12.0,0.3483,19.0,0.5515,10.0,61.0,1.7707,10898,6406,185.9507,0.150053,9850.0,,,187.0,47.0,140.0,,,5.4282,3650.0,3661.0,72.0,3079.0,3440.0,71.0,571.0,221.0,1.0,0.0,1.0,0.0,0.0,0.0,0.0,5275.0,5818.0,110.0,4594.0,5133.0,94.0,681.0,685.0,16.0,0.0,1.0,0.0,1.0,0.0,1.0,6936.0,7701.0,143.0,6656.0,6885.0,115.0,280.0,816.0,28.0,0.0,3.0,0.0,2.0,0.0,1.0,8262.0,9362.0,166.0,9189.0,10811.0,140.0,-927.0,-1449.0,26.0,0.0,4.0,1.0,4.0,3.0,1.0
ESPORTSTMNT05_3222314,complete,,EM,2023,Spring,0,2023-04-12 15:52:41,1,13.06,3,Blue,mid,Six10,oe:player:325397710b4294aeb7a18881c34f33b,Macko Esports,oe:team:a2e63aee03585f0b37ff4cad936e349,Ahri,Aphelios,Wukong,Jarvan IV,Orianna,Gragas,,,,,,2067,1,2,2,12,18,15,0.0,0.0,0.0,0.0,0.0,0.0,0.0,0.0,0.5225,0.9579,,,,,,,,,,,,,,,,,,,,,0.0,0.0,,,,,,,,0.0,0.0,25412.0,737.6488,0.238839,569.8113,361.9448,17.0,0.4935,9.0,0.2612,6.0,46.0,1.3353,13170,8678,251.9013,0.203275,10990.0,,,275.0,261.0,14.0,,,7.9826,3030.0,4747.0,85.0,3063.0,4735.0,83.0,-33.0,12.0,2.0,0.0,0.0,0.0,0.0,0.0,0.0,4994.0,7660.0,141.0,4980.0,7490.0,141.0,14.0,170.0,0.0,0.0,0.0,0.0,0.0,1.0,0.0,6496.0,9363.0,168.0,7256.0,10260.0,191.0,-760.0,-897.0,-23.0,0.0,2.0,1.0,0.0,3.0,1.0,7901.0,11127.0,198.0,9786.0,14122.0,240.0,-1885.0,-2995.0,-42.0,0.0,3.0,2.0,0.0,8.0,1.0
ESPORTSTMNT05_3222314,complete,,EM,2023,Spring,0,2023-04-12 15:52:41,1,13.06,4,Blue,bot,Vzz,oe:player:ba6e76e259419420ddff269bb6ef074,Macko Esports,oe:team:a2e63aee03585f0b37ff4cad936e349,Jinx,Aphelios,Wukong,Jarvan IV,Orianna,Gragas,,,,,,2067,1,12,2,4,18,15,4.0,1.0,1.0,1.0,0.0,0.0,0.0,0.0,0.5225,0.9579,,,,,,,,,,,,,,,,,,,,,0.0,0.0,,,,,,,,1.0,0.0,42606.0,1236.7489,0.40044,382.5544,196.7199,15.0,0.4354,11.0,0.3193,5.0,53.0,1.5385,18572,14080,408.7083,0.329816,15275.0,,,316.0,283.0,33.0,,,9.1727,3601.0,3074.0,90.0,2880.0,2770.0,64.0,721.0,304.0,26.0,0.0,0.0,0.0,0.0,0.0,0.0,6035.0,5024.0,144.0,5166.0,5427.0,125.0,869.0,-403.0,19.0,0.0,0.0,1.0,1.0,0.0,0.0,8786.0,7558.0,193.0,7690.0,7769.0,180.0,1096.0,-211.0,13.0,2.0,0.0,1.0,2.0,1.0,0.0,10739.0,9620.0,240.0,10505.0,11015.0,225.0,234.0,-1395.0,15.0,3.0,0.0,2.0,3.0,5.0,0.0
ESPORTSTMNT05_3222314,complete,,EM,2023,Spring,0,2023-04-12 15:52:41,1,13.06,5,Blue,sup,Click,oe:player:1e249a5688255bde7f7213b5d257b3c,Macko Esports,oe:team:a2e63aee03585f0b37ff4cad936e349,Rell,Aphelios,Wukong,Jarvan IV,Orianna,Gragas,,,,,,2067,1,1,6,12,18,15,0.0,0.0,0.0,0.0,0.0,0.0,0.0,0.0,0.5225,0.9579,,,,,,,,,,,,,,,,,,,,,0.0,0.0,,,,,,,,0.0,0.0,5182.0,150.4209,0.0487039,523.164,825.9216,52.0,1.5094,12.0,0.3483,17.0,110.0,3.193,7664,3172,92.0755,0.0742972,6925.0,,,36.0,36.0,0.0,,,1.045,2169.0,2659.0,16.0,2052.0,2595.0,13.0,117.0,64.0,3.0,0.0,0.0,0.0,0.0,0.0,0.0,3501.0,4478.0,26.0,3398.0,3771.0,22.0,103.0,707.0,4.0,1.0,0.0,1.0,0.0,2.0,0.0,4586.0,5879.0,30.0,4562.0,5232.0,23.0,24.0,647.0,7.0,1.0,2.0,2.0,0.0,4.0,0.0,5453.0,6814.0,32.0,6410.0,8400.0,25.0,-957.0,-1586.0,7.0,1.0,3.0,3.0,2.0,7.0,0.0
ESPORTSTMNT05_3222314,complete,,EM,2023,Spring,0,2023-04-12 15:52:41,1,13.06,6,Red,top,Lot,oe:player:eeec6c7a9d2b475c23650b202208b89,Aegis,oe:team:e3a29387c70230d76837b86c2aefd14,Malphite,Annie,Sejuani,Varus,Renata Glasc,Olaf,,,,,,2067,0,2,6,8,15,18,1.0,0.0,0.0,0.0,0.0,0.0,0.0,1.0,0.4354,0.9579,,,,,,,,,,,,,,,,,,,,,0.0,0.0,,,,,,,,0.0,0.0,15420.0,447.6052,0.17677,1053.1205,2682.4964,10.0,0.2903,4.0,0.1161,5.0,30.0,0.8708,11609,7117,206.5893,0.191296,11625.0,,,234.0,232.0,2.0,,,6.7925,2748.0,4185.0,59.0,3879.0,4792.0,78.0,-1131.0,-607.0,-19.0,0.0,0.0,1.0,1.0,0.0,0.0,4475.0,6899.0,111.0,6690.0,7990.0,135.0,-2215.0,-1091.0,-24.0,0.0,0.0,1.0,1.0,1.0,0.0,6480.0,9654.0,156.0,8927.0,11012.0,189.0,-2447.0,-1358.0,-33.0,0.0,2.0,2.0,1.0,2.0,0.0,8345.0,12234.0,190.0,10484.0,13347.0,228.0,-2139.0,-1113.0,-38.0,0.0,4.0,3.0,1.0,3.0,1.0
ESPORTSTMNT05_3222314,complete,,EM,2023,Spring,0,2023-04-12 15:52:41,1,13.06,7,Red,jng,SkewMond,oe:player:ab15060e5225b51592cd04b3aed1e09,Aegis,oe:team:e3a29387c70230d76837b86c2aefd14,Viego,Annie,Sejuani,Varus,Renata Glasc,Olaf,,,,,,2067,0,4,3,8,15,18,0.0,0.0,0.0,0.0,0.0,0.0,0.0,0.0,0.4354,0.9579,,,,,,,,,,,,,,,,,,,,,1.0,0.0,,,,,,,,0.0,0.0,12349.0,358.4615,0.141565,882.6125,1071.9013,10.0,0.2903,13.0,0.3774,13.0,52.0,1.5094,11934,7442,216.0232,0.200032,11800.0,,,179.0,29.0,150.0,,,5.1959,3079.0,3440.0,71.0,3650.0,3661.0,72.0,-571.0,-221.0,-1.0,0.0,0.0,0.0,0.0,1.0,0.0,4594.0,5133.0,94.0,5275.0,5818.0,110.0,-681.0,-685.0,-16.0,1.0,0.0,1.0,0.0,1.0,0.0,6656.0,6885.0,115.0,6936.0,7701.0,143.0,-280.0,-816.0,-28.0,2.0,0.0,1.0,0.0,3.0,0.0,9189.0,10811.0,140.0,8262.0,9362.0,166.0,927.0,1449.0,-26.0,4.0,3.0,1.0,0.0,4.0,1.0
ESPORTSTMNT05_3222314,complete,,EM,2023,Spring,0,2023-04-12 15:52:41,1,13.06,8,Red,mid,Eika,oe:player:adfab52b74587bc5acc4201c140451a,Aegis,oe:team:e3a29387c70230d76837b86c2aefd14,Lissandra,Annie,Sejuani,Varus,Renata Glasc,Olaf,,,,,,2067,0,1,5,10,15,18,0.0,0.0,0.0,0.0,0.0,0.0,0.0,0.0,0.4354,0.9579,,,,,,,,,,,,,,,,,,,,,0.0,0.0,,,,,,,,0.0,0.0,21224.0,616.0813,0.243305,672.9753,543.5704,14.0,0.4064,8.0,0.2322,8.0,42.0,1.2192,12800,8308,241.1611,0.22331,11900.0,,,288.0,288.0,0.0,,,8.3599,3063.0,4735.0,83.0,3030.0,4747.0,85.0,33.0,-12.0,-2.0,0.0,0.0,0.0,0.0,0.0,0.0,4980.0,7490.0,141.0,4994.0,7660.0,141.0,-14.0,-170.0,0.0,0.0,1.0,0.0,0.0,0.0,0.0,7256.0,10260.0,191.0,6496.0,9363.0,168.0,760.0,897.0,23.0,0.0,3.0,1.0,0.0,2.0,1.0,9786.0,14122.0,240.0,7901.0,11127.0,198.0,1885.0,2995.0,42.0,0.0,8.0,1.0,0.0,3.0,2.0
ESPORTSTMNT05_3222314,complete,,EM,2023,Spring,0,2023-04-12 15:52:41,1,13.06,9,Red,bot,Shiganari,oe:player:90704735ca9fc01f2244f23f6e5d635,Aegis,oe:team:e3a29387c70230d76837b86c2aefd14,Xayah,Annie,Sejuani,Varus,Renata Glasc,Olaf,,,,,,2067,0,6,2,8,15,18,1.0,0.0,0.0,0.0,0.0,0.0,0.0,0.0,0.4354,0.9579,,,,,,,,,,,,,,,,,,,,,0.0,0.0,,,,,,,,0.0,1.0,33141.0,962.0029,0.379918,512.1626,414.0493,17.0,0.4935,11.0,0.3193,6.0,52.0,1.5094,15008,10516,305.254,0.282661,14950.0,,,294.0,274.0,20.0,,,8.5341,2880.0,2770.0,64.0,3601.0,3074.0,90.0,-721.0,-304.0,-26.0,0.0,0.0,0.0,0.0,0.0,0.0,5166.0,5427.0,125.0,6035.0,5024.0,144.0,-869.0,403.0,-19.0,1.0,0.0,0.0,0.0,0.0,1.0,7690.0,7769.0,180.0,8786.0,7558.0,193.0,-1096.0,211.0,-13.0,2.0,1.0,0.0,2.0,0.0,1.0,10505.0,11015.0,225.0,10739.0,9620.0,240.0,-234.0,1395.0,-15.0,3.0,5.0,0.0,3.0,0.0,2.0
ESPORTSTMNT05_3222314,complete,,EM,2023,Spring,0,2023-04-12 15:52:41,1,13.06,10,Red,sup,Hantera,oe:player:de1fb222dafded7d06b10df578fdd0e,Aegis,oe:team:e3a29387c70230d76837b86c2aefd14,Rakan,Annie,Sejuani,Varus,Renata Glasc,Olaf,,,,,,2067,0,2,2,13,15,18,0.0,0.0,0.0,0.0,0.0,0.0,0.0,0.0,0.4354,0.9579,,,,,,,,,,,,,,,,,,,,,0.0,0.0,,,,,,,,0.0,0.0,5098.0,147.9826,0.0584419,601.6836,915.4427,46.0,1.3353,9.0,0.2612,11.0,84.0,2.4383,8313,3821,110.9144,0.1027,8225.0,,,31.0,31.0,0.0,,,0.8999,2052.0,2595.0,13.0,2169.0,2659.0,16.0,-117.0,-64.0,-3.0,0.0,0.0,0.0,0.0,0.0,0.0,3398.0,3771.0,22.0,3501.0,4478.0,26.0,-103.0,-707.0,-4.0,0.0,2.0,0.0,1.0,0.0,1.0,4562.0,5232.0,23.0,4586.0,5879.0,30.0,-24.0,-647.0,-7.0,0.0,4.0,0.0,1.0,2.0,2.0,6410.0,8400.0,25.0,5453.0,6814.0,32.0,957.0,1586.0,-7.0,2.0,7.0,0.0,1.0,3.0,3.0
ESPORTSTMNT05_3222314,complete,,EM,2023,Spring,0,2023-04-12 15:52:41,1,13.06,100,Blue,team,,,Macko Esports,oe:team:a2e63aee03585f0b37ff4cad936e349,,Aphelios,Wukong,Jarvan IV,Orianna,Gragas,Vi,Jinx,Ahri,Rell,Kled,2067,1,18,15,53,18,15,4.0,1.0,1.0,1.0,1.0,,,,0.5225,0.9579,0.0,4.0,1.0,4.0,1.0,3.0,0.0,0.0,0.0,1.0,0.0,,0.0,0.0,1.0,2.0,0.0,,,0.0,0.0,1.0,1.0,8.0,5.0,1.0,1.0,8.0,1.0,1.0,0.0,106398.0,3088.4761,,3385.0218,3945.3991,107.0,3.106,57.0,1.6546,40.0,312.0,9.0566,65151,42690,1239.1872,,56590.0,-0.0331914,1.84,,901.0,209.0,,,32.2206,16329.0,18933.0,341.0,13822.0,17725.0,290.0,2507.0,1208.0,51.0,1.0,1.0,0.0,0.0,0.0,1.0,26495.0,30970.0,556.0,22613.0,28720.0,493.0,3882.0,2250.0,63.0,2.0,2.0,2.0,2.0,3.0,2.0,35731.0,41513.0,723.0,32644.0,39800.0,665.0,3087.0,1713.0,58.0,4.0,9.0,4.0,4.0,10.0,4.0,42839.0,50270.0,864.0,44235.0,56582.0,820.0,-1396.0,-6312.0,44.0,5.0,13.0,9.0,9.0,27.0,5.0
ESPORTSTMNT05_3222314,complete,,EM,2023,Spring,0,2023-04-12 15:52:41,1,13.06,200,Red,team,,,Aegis,oe:team:e3a29387c70230d76837b86c2aefd14,,Annie,Sejuani,Varus,Renata Glasc,Olaf,Xayah,Rakan,Viego,Lissandra,Malphite,2067,0,15,18,47,15,18,2.0,0.0,0.0,0.0,0.0,,,,0.4354,0.9579,1.0,1.0,4.0,1.0,4.0,0.0,1.0,0.0,0.0,0.0,0.0,,0.0,0.0,0.0,0.0,2.0,,,1.0,1.0,0.0,0.0,5.0,8.0,0.0,0.0,1.0,8.0,0.0,1.0,87232.0,2532.1335,,3722.5544,5627.4601,97.0,2.8157,45.0,1.3062,43.0,260.0,7.5472,59664,37203,1079.9129,,58500.0,0.0331914,-1.84,,854.0,172.0,,,29.7823,13822.0,17725.0,290.0,16329.0,18933.0,341.0,-2507.0,-1208.0,-51.0,0.0,0.0,1.0,1.0,1.0,0.0,22613.0,28720.0,493.0,26495.0,30970.0,556.0,-3882.0,-2250.0,-63.0,2.0,3.0,2.0,2.0,2.0,2.0,32644.0,39800.0,665.0,35731.0,41513.0,723.0,-3087.0,-1713.0,-58.0,4.0,10.0,4.0,4.0,9.0,4.0,44235.0,56582.0,820.0,42839.0,50270.0,864.0,1396.0,6312.0,-44.0,9.0,27.0,5.0,5.0,13.0,9.0
ESPORTSTMNT05_3220331,complete,,EM,2023,Spring,0,2023-04-12 15:54:12,1,13.06,1,Blue,top,Kryze,oe:player:75414f3b4f03bf449c319eb75f3dd5b,LDLC OL,oe:team:e31c6dcc465e0b94500ef023f42cdc1,Sion,Jayce,Lee Sin,Rakan,Lulu,Ahri,,,,,,1846,1,2,0,5,10,2,0.0,0.0,0.0,0.0,0.0,0.0,0.0,0.0,0.325,0.39,,,,,,,,,,,,,,,,,,,,,0.0,0.0,,,,,,,,0.0,0.0,13950.0,453.4128,0.228131,817.4106,1595.1354,12.0,0.39,6.0,0.195,3.0,35.0,1.1376,13258,9217,299.5775,0.25287,12125.0,,,287.0,273.0,14.0,,,9.3283,3502.0,4620.0,87.0,3303.0,4836.0,89.0,199.0,-216.0,-2.0,0.0,0.0,0.0,0.0,0.0,0.0,5974.0,8003.0,155.0,5328.0,8086.0,156.0,646.0,-83.0,-1.0,0.0,0.0,0.0,0.0,0.0,0.0,7651.0,10226.0,195.0,6921.0,10815.0,197.0,730.0,-589.0,-2.0,0.0,2.0,0.0,0.0,1.0,0.0,10457.0,13569.0,241.0,9256.0,13779.0,256.0,1201.0,-210.0,-15.0,0.0,2.0,0.0,0.0,1.0,0.0
ESPORTSTMNT05_3220331,complete,,EM,2023,Spring,0,2023-04-12 15:54:12,1,13.06,2,Blue,jng,White,oe:player:41ea0ed55fe655184c9073085b85eea,LDLC OL,oe:team:e31c6dcc465e0b94500ef023f42cdc1,Jarvan IV,Jayce,Lee Sin,Rakan,Lulu,Ahri,,,,,,1846,1,3,0,6,10,2,1.0,0.0,0.0,0.0,0.0,0.0,0.0,0.0,0.325,0.39,,,,,,,,,,,,,,,,,,,,,1.0,0.0,,,,,,,,0.0,0.0,6513.0,211.6901,0.10651,737.9415,1046.9122,10.0,0.325,21.0,0.6826,9.0,56.0,1.8202,10320,6279,204.0845,0.172262,8675.0,,,178.0,39.0,139.0,,,5.7855,2907.0,3118.0,60.0,3521.0,3969.0,78.0,-614.0,-851.0,-18.0,0.0,0.0,0.0,0.0,0.0,0.0,4337.0,5092.0,100.0,5966.0,6371.0,121.0,-1629.0,-1279.0,-21.0,0.0,0.0,0.0,1.0,0.0,0.0,5898.0,7618.0,136.0,7879.0,8809.0,157.0,-1981.0,-1191.0,-21.0,0.0,2.0,0.0,1.0,1.0,1.0,7476.0,9862.0,154.0,9427.0,11107.0,195.0,-1951.0,-1245.0,-41.0,0.0,2.0,0.0,1.0,1.0,1.0
ESPORTSTMNT05_3220331,complete,,EM,2023,Spring,0,2023-04-12 15:54:12,1,13.06,3,Blue,mid,Backlund,oe:player:bd0655defa1f5f33c2c8ac34cfd9d36,LDLC OL,oe:team:e31c6dcc465e0b94500ef023f42cdc1,Annie,Jayce,Lee Sin,Rakan,Lulu,Ahri,,,,,,1846,1,2,2,6,10,2,0.0,0.0,0.0,0.0,0.0,0.0,0.0,1.0,0.325,0.39,,,,,,,,,,,,,,,,,,,,,0.0,0.0,,,,,,,,0.0,0.0,15959.0,518.7107,0.260985,368.0607,315.3413,14.0,0.455,10.0,0.325,5.0,30.0,0.9751,11164,7123,231.5168,0.195418,9375.0,,,216.0,216.0,0.0,,,7.0206,3186.0,4044.0,81.0,3427.0,5165.0,94.0,-241.0,-1121.0,-13.0,0.0,0.0,0.0,0.0,0.0,0.0,4734.0,6606.0,125.0,5218.0,7954.0,147.0,-484.0,-1348.0,-22.0,0.0,0.0,1.0,0.0,1.0,0.0,6352.0,8609.0,158.0,7103.0,10850.0,197.0,-751.0,-2241.0,-39.0,0.0,2.0,2.0,0.0,1.0,0.0,8443.0,11077.0,193.0,9114.0,13254.0,236.0,-671.0,-2177.0,-43.0,0.0,2.0,2.0,0.0,1.0,0.0
ESPORTSTMNT05_3220331,complete,,EM,2023,Spring,0,2023-04-12 15:54:12,1,13.06,4,Blue,bot,Jeskla,oe:player:71b8101d78beb04a089caa90a8d9310,LDLC OL,oe:team:e31c6dcc465e0b94500ef023f42cdc1,Xayah,Jayce,Lee Sin,Rakan,Lulu,Ahri,,,,,,1846,1,3,0,7,10,2,0.0,0.0,0.0,0.0,0.0,0.0,0.0,0.0,0.325,0.39,,,,,,,,,,,,,,,,,,,,,0.0,0.0,,,,,,,,1.0,0.0,19036.0,618.7216,0.311305,381.6468,315.3738,18.0,0.585,7.0,0.2275,8.0,41.0,1.3326,14260,10219,332.1452,0.280362,12500.0,,,320.0,282.0,38.0,,,10.4009,3673.0,3471.0,100.0,3118.0,2719.0,79.0,555.0,752.0,21.0,0.0,0.0,0.0,0.0,0.0,0.0,5709.0,6109.0,156.0,4927.0,4921.0,132.0,782.0,1188.0,24.0,0.0,0.0,0.0,0.0,1.0,0.0,8403.0,8243.0,207.0,7045.0,6874.0,171.0,1358.0,1369.0,36.0,2.0,0.0,0.0,1.0,1.0,0.0,11111.0,11122.0,266.0,9129.0,8925.0,227.0,1982.0,2197.0,39.0,2.0,0.0,0.0,1.0,1.0,0.0
ESPORTSTMNT05_3220331,complete,,EM,2023,Spring,0,2023-04-12 15:54:12,1,13.06,5,Blue,sup,Zoelys,oe:player:fa22d396503a5a737f2f169943d7241,LDLC OL,oe:team:e31c6dcc465e0b94500ef023f42cdc1,Renata Glasc,Jayce,Lee Sin,Rakan,Lulu,Ahri,,,,,,1846,1,0,0,10,10,2,0.0,0.0,0.0,0.0,0.0,0.0,0.0,0.0,0.325,0.39,,,,,,,,,,,,,,,,,,,,,0.0,0.0,,,,,,,,0.0,0.0,5691.0,184.9729,0.0930678,243.8678,310.4009,49.0,1.5926,18.0,0.585,12.0,83.0,2.6977,7653,3612,117.3998,0.0990886,6450.0,,,48.0,48.0,0.0,,,1.5601,2066.0,2794.0,15.0,2190.0,2964.0,18.0,-124.0,-170.0,-3.0,0.0,0.0,0.0,0.0,0.0,0.0,3162.0,3992.0,25.0,3208.0,3928.0,25.0,-46.0,64.0,0.0,0.0,0.0,0.0,0.0,1.0,0.0,4574.0,5839.0,34.0,4136.0,4595.0,29.0,438.0,1244.0,5.0,0.0,2.0,0.0,0.0,1.0,1.0,5967.0,7752.0,40.0,5063.0,5799.0,32.0,904.0,1953.0,8.0,0.0,2.0,0.0,0.0,1.0,1.0
ESPORTSTMNT05_3220331,complete,,EM,2023,Spring,0,2023-04-12 15:54:12,1,13.06,6,Red,top,Venour,oe:player:df13ba84b4ea6932f7e10b5e51e7cf5,Unicorns of Love Sexy Edition,oe:team:6a060bd74c9041bf0aa89adf9d15d12,K'Sante,Yone,Vi,Wukong,Jax,Kennen,,,,,,1846,0,0,2,1,2,10,0.0,0.0,0.0,0.0,0.0,0.0,0.0,0.0,0.065,0.39,,,,,,,,,,,,,,,,,,,,,0.0,0.0,,,,,,,,0.0,0.0,11913.0,387.2048,0.226117,837.3673,1095.4713,11.0,0.3575,3.0,0.0975,4.0,28.0,0.9101,10776,6735,218.9057,0.229866,10700.0,,,286.0,286.0,0.0,,,9.2958,3303.0,4836.0,89.0,3502.0,4620.0,87.0,-199.0,216.0,2.0,0.0,0.0,0.0,0.0,0.0,0.0,5328.0,8086.0,156.0,5974.0,8003.0,155.0,-646.0,83.0,1.0,0.0,0.0,0.0,0.0,0.0,0.0,6921.0,10815.0,197.0,7651.0,10226.0,195.0,-730.0,589.0,2.0,0.0,1.0,0.0,0.0,2.0,0.0,9256.0,13779.0,256.0,10457.0,13569.0,241.0,-1201.0,210.0,15.0,0.0,1.0,0.0,0.0,2.0,0.0
ESPORTSTMNT05_3220331,complete,,EM,2023,Spring,0,2023-04-12 15:54:12,1,13.06,7,Red,jng,Peach,oe:player:53841c6e42a6ce77b6f3b80133c9342,Unicorns of Love Sexy Edition,oe:team:6a060bd74c9041bf0aa89adf9d15d12,Graves,Yone,Vi,Wukong,Jax,Kennen,,,,,,1846,0,1,2,1,2,10,0.0,0.0,0.0,0.0,1.0,1.0,0.0,0.0,0.065,0.39,,,,,,,,,,,,,,,,,,,,,0.0,1.0,,,,,,,,0.0,0.0,11317.0,367.8332,0.214805,770.6392,956.5547,9.0,0.2925,10.0,0.325,8.0,47.0,1.5276,10993,6952,225.9588,0.237272,10275.0,,,229.0,30.0,199.0,,,7.4431,3521.0,3969.0,78.0,2907.0,3118.0,60.0,614.0,851.0,18.0,0.0,0.0,0.0,0.0,0.0,0.0,5966.0,6371.0,121.0,4337.0,5092.0,100.0,1629.0,1279.0,21.0,1.0,0.0,0.0,0.0,0.0,0.0,7879.0,8809.0,157.0,5898.0,7618.0,136.0,1981.0,1191.0,21.0,1.0,1.0,1.0,0.0,2.0,0.0,9427.0,11107.0,195.0,7476.0,9862.0,154.0,1951.0,1245.0,41.0,1.0,1.0,1.0,0.0,2.0,0.0
ESPORTSTMNT05_3220331,complete,,EM,2023,Spring,0,2023-04-12 15:54:12,1,13.06,8,Red,mid,Mask,oe:player:4a18312b5b75f549d5551e5912ad6eb,Unicorns of Love Sexy Edition,oe:team:6a060bd74c9041bf0aa89adf9d15d12,LeBlanc,Yone,Vi,Wukong,Jax,Kennen,,,,,,1846,0,0,2,1,2,10,0.0,0.0,0.0,0.0,1.0,0.0,1.0,0.0,0.065,0.39,,,,,,,,,,,,,,,,,,,,,0.0,0.0,,,,,,,,0.0,0.0,16520.0,536.9447,0.313562,415.8722,283.5211,28.0,0.9101,16.0,0.52,5.0,68.0,2.2102,10512,6471,210.325,0.220855,9575.0,,,266.0,258.0,8.0,,,8.6457,3427.0,5165.0,94.0,3186.0,4044.0,81.0,241.0,1121.0,13.0,0.0,0.0,0.0,0.0,0.0,0.0,5218.0,7954.0,147.0,4734.0,6606.0,125.0,484.0,1348.0,22.0,0.0,1.0,0.0,0.0,0.0,1.0,7103.0,10850.0,197.0,6352.0,8609.0,158.0,751.0,2241.0,39.0,0.0,1.0,0.0,0.0,2.0,2.0,9114.0,13254.0,236.0,8443.0,11077.0,193.0,671.0,2177.0,43.0,0.0,1.0,0.0,0.0,2.0,2.0
ESPORTSTMNT05_3220331,complete,,EM,2023,Spring,0,2023-04-12 15:54:12,1,13.06,9,Red,bot,Fun K3y,oe:player:9ea5afea85321b13df74acb62bfb530,Unicorns of Love Sexy Edition,oe:team:6a060bd74c9041bf0aa89adf9d15d12,Zeri,Yone,Vi,Wukong,Jax,Kennen,,,,,,1846,0,1,2,1,2,10,0.0,0.0,0.0,0.0,1.0,0.0,1.0,0.0,0.065,0.39,,,,,,,,,,,,,,,,,,,,,0.0,0.0,,,,,,,,0.0,1.0,10024.0,325.8072,0.190263,381.6793,514.6804,14.0,0.455,19.0,0.6176,4.0,54.0,1.7551,11192,7151,232.4269,0.244065,10500.0,,,278.0,262.0,16.0,,,9.0358,3118.0,2719.0,79.0,3673.0,3471.0,100.0,-555.0,-752.0,-21.0,0.0,0.0,0.0,0.0,0.0,0.0,4927.0,4921.0,132.0,5709.0,6109.0,156.0,-782.0,-1188.0,-24.0,0.0,1.0,0.0,0.0,0.0,0.0,7045.0,6874.0,171.0,8403.0,8243.0,207.0,-1358.0,-1369.0,-36.0,1.0,1.0,0.0,2.0,0.0,0.0,9129.0,8925.0,227.0,11111.0,11122.0,266.0,-1982.0,-2197.0,-39.0,1.0,1.0,0.0,2.0,0.0,0.0
ESPORTSTMNT05_3220331,complete,,EM,2023,Spring,0,2023-04-12 15:54:12,1,13.06,10,Red,sup,Lekcyc,oe:player:74f3f60a44ee916ecc257a5381be756,Unicorns of Love Sexy Edition,oe:team:6a060bd74c9041bf0aa89adf9d15d12,Leona,Yone,Vi,Wukong,Jax,Kennen,,,,,,1846,0,0,2,1,2,10,0.0,0.0,0.0,0.0,1.0,0.0,1.0,0.0,0.065,0.39,,,,,,,,,,,,,,,,,,,,,0.0,0.0,,,,,,,,0.0,0.0,2911.0,94.6154,0.0552529,276.7931,302.0477,50.0,1.6251,8.0,0.26,9.0,90.0,2.9252,6032,1991,64.7129,0.0679423,6060.0,,,36.0,36.0,0.0,,,1.1701,2190.0,2964.0,18.0,2066.0,2794.0,15.0,124.0,170.0,3.0,0.0,0.0,0.0,0.0,0.0,0.0,3208.0,3928.0,25.0,3162.0,3992.0,25.0,46.0,-64.0,0.0,0.0,1.0,0.0,0.0,0.0,0.0,4136.0,4595.0,29.0,4574.0,5839.0,34.0,-438.0,-1244.0,-5.0,0.0,1.0,1.0,0.0,2.0,0.0,5063.0,5799.0,32.0,5967.0,7752.0,40.0,-904.0,-1953.0,-8.0,0.0,1.0,1.0,0.0,2.0,0.0
ESPORTSTMNT05_3220331,complete,,EM,2023,Spring,0,2023-04-12 15:54:12,1,13.06,100,Blue,team,,,LDLC OL,oe:team:e31c6dcc465e0b94500ef023f42cdc1,,Jayce,Lee Sin,Rakan,Lulu,Ahri,Annie,Xayah,Jarvan IV,Renata Glasc,Sion,1846,1,10,2,34,10,2,1.0,0.0,0.0,0.0,0.0,,,,0.325,0.39,1.0,4.0,1.0,4.0,1.0,1.0,0.0,0.0,1.0,2.0,0.0,,0.0,0.0,0.0,0.0,2.0,,,1.0,1.0,0.0,1.0,8.0,3.0,0.0,0.0,4.0,4.0,1.0,0.0,61149.0,1987.5081,,2548.9274,3583.1636,103.0,3.3478,62.0,2.0152,37.0,245.0,7.9632,56655,36448,1184.6587,,49125.0,0.0418767,0.44,,858.0,191.0,,,34.0953,15334.0,18047.0,343.0,15559.0,19653.0,358.0,-225.0,-1606.0,-15.0,0.0,0.0,0.0,0.0,0.0,0.0,23916.0,29802.0,561.0,24647.0,31260.0,581.0,-731.0,-1458.0,-20.0,0.0,0.0,1.0,1.0,3.0,0.0,32878.0,40535.0,730.0,33084.0,41943.0,751.0,-206.0,-1408.0,-21.0,2.0,8.0,2.0,2.0,5.0,2.0,43454.0,53382.0,894.0,41989.0,52864.0,946.0,1465.0,518.0,-52.0,2.0,8.0,2.0,2.0,5.0,2.0
ESPORTSTMNT05_3220331,complete,,EM,2023,Spring,0,2023-04-12 15:54:12,1,13.06,200,Red,team,,,Unicorns of Love Sexy Edition,oe:team:6a060bd74c9041bf0aa89adf9d15d12,,Yone,Vi,Wukong,Jax,Kennen,Zeri,Graves,K'Sante,Leona,LeBlanc,1846,0,2,10,5,2,10,0.0,0.0,0.0,0.0,1.0,,,,0.065,0.39,0.0,1.0,4.0,1.0,4.0,0.0,0.0,0.0,0.0,1.0,0.0,,0.0,0.0,1.0,2.0,0.0,,,0.0,0.0,1.0,0.0,3.0,8.0,1.0,1.0,4.0,4.0,0.0,1.0,52685.0,1712.4052,,2682.351,3152.2752,112.0,3.6403,56.0,1.8202,30.0,287.0,9.3283,49505,29298,952.2644,,47110.0,-0.0418767,-0.44,,872.0,223.0,,,35.5905,15559.0,19653.0,358.0,15334.0,18047.0,343.0,225.0,1606.0,15.0,0.0,0.0,0.0,0.0,0.0,0.0,24647.0,31260.0,581.0,23916.0,29802.0,561.0,731.0,1458.0,20.0,1.0,3.0,0.0,0.0,0.0,1.0,33084.0,41943.0,751.0,32878.0,40535.0,730.0,206.0,1408.0,21.0,2.0,5.0,2.0,2.0,8.0,2.0,41989.0,52864.0,946.0,43454.0,53382.0,894.0,-1465.0,-518.0,52.0,2.0,5.0,2.0,2.0,8.0,2.0
ESPORTSTMNT05_3222316,complete,,EM,2023,Spring,0,2023-04-12 16:50:18,1,13.06,1,Blue,top,bobista,oe:player:8486d94ef23b38c67c76b647613d881,eSuba,oe:team:3faefd9245a4ef6ba347fbcf2a51515,K'Sante,Sejuani,Annie,Xayah,Lulu,Renata Glasc,,,,,,2286,0,6,2,10,25,24,0.0,0.0,0.0,0.0,0.0,0.0,0.0,0.0,0.6562,1.2861,,,,,,,,,,,,,,,,,,,,,0.0,0.0,,,,,,,,0.0,1.0,20972.0,550.4462,0.220946,769.7638,1277.874,14.0,0.3675,5.0,0.1312,2.0,34.0,0.8924,14035,9096,238.7402,0.207747,14250.0,,,248.0,244.0,4.0,,,6.5092,3038.0,4202.0,56.0,3059.0,4354.0,63.0,-21.0,-152.0,-7.0,1.0,1.0,1.0,1.0,0.0,2.0,4866.0,7031.0,99.0,4508.0,6704.0,101.0,358.0,327.0,-2.0,2.0,1.0,1.0,1.0,0.0,3.0,7190.0,10717.0,143.0,6723.0,9641.0,154.0,467.0,1076.0,-11.0,4.0,1.0,1.0,1.0,0.0,4.0,8970.0,13491.0,171.0,8450.0,11867.0,196.0,520.0,1624.0,-25.0,5.0,3.0,1.0,1.0,2.0,4.0
ESPORTSTMNT05_3222316,complete,,EM,2023,Spring,0,2023-04-12 16:50:18,1,13.06,2,Blue,jng,TynX,oe:player:36607221f848a15f6a1f11961027d7c,eSuba,oe:team:3faefd9245a4ef6ba347fbcf2a51515,Maokai,Sejuani,Annie,Xayah,Lulu,Renata Glasc,,,,,,2286,0,4,4,14,25,24,0.0,0.0,0.0,0.0,0.0,0.0,0.0,0.0,0.6562,1.2861,,,,,,,,,,,,,,,,,,,,,1.0,1.0,,,,,,,,0.0,0.0,18072.0,474.3307,0.190394,1417.664,1715.8793,11.0,0.2887,18.0,0.4724,10.0,59.0,1.5486,14628,9689,254.3045,0.221291,14450.0,,,204.0,41.0,163.0,,,5.3543,3528.0,3511.0,66.0,2942.0,2943.0,50.0,586.0,568.0,16.0,0.0,2.0,0.0,0.0,1.0,0.0,5146.0,5897.0,99.0,4286.0,5043.0,80.0,860.0,854.0,19.0,0.0,2.0,0.0,0.0,1.0,0.0,7838.0,9190.0,138.0,5961.0,7251.0,104.0,1877.0,1939.0,34.0,1.0,5.0,0.0,0.0,2.0,1.0,9710.0,11665.0,168.0,7286.0,9520.0,125.0,2424.0,2145.0,43.0,2.0,7.0,1.0,0.0,5.0,2.0
ESPORTSTMNT05_3222316,complete,,EM,2023,Spring,0,2023-04-12 16:50:18,1,13.06,3,Blue,mid,Warszi,oe:player:5a23766ce46653d2b63ac4a40cd61c1,eSuba,oe:team:3faefd9245a4ef6ba347fbcf2a51515,Taliyah,Sejuani,Annie,Xayah,Lulu,Renata Glasc,,,,,,2286,0,6,9,10,25,24,1.0,0.0,0.0,0.0,0.0,0.0,0.0,1.0,0.6562,1.2861,,,,,,,,,,,,,,,,,,,,,0.0,0.0,,,,,,,,0.0,0.0,24573.0,644.9606,0.258884,652.8609,388.0315,8.0,0.21,13.0,0.3412,9.0,33.0,0.8661,13411,8472,222.3622,0.193495,13550.0,,,246.0,235.0,11.0,,,6.4567,3141.0,4470.0,75.0,4010.0,5250.0,91.0,-869.0,-780.0,-16.0,1.0,0.0,2.0,2.0,0.0,0.0,4421.0,6264.0,108.0,6553.0,8677.0,144.0,-2132.0,-2413.0,-36.0,1.0,0.0,4.0,4.0,0.0,0.0,6040.0,8170.0,136.0,9296.0,11530.0,187.0,-3256.0,-3360.0,-51.0,2.0,2.0,5.0,6.0,0.0,1.0,8053.0,10519.0,166.0,11112.0,13222.0,207.0,-3059.0,-2703.0,-41.0,4.0,4.0,6.0,8.0,2.0,2.0
ESPORTSTMNT05_3222316,complete,,EM,2023,Spring,0,2023-04-12 16:50:18,1,13.06,4,Blue,bot,DANY,oe:player:f72af12f47362bdec4b0ca91070cf43,eSuba,oe:team:3faefd9245a4ef6ba347fbcf2a51515,Jinx,Sejuani,Annie,Xayah,Lulu,Renata Glasc,,,,,,2286,0,6,5,7,25,24,1.0,1.0,1.0,0.0,0.0,0.0,0.0,0.0,0.6562,1.2861,,,,,,,,,,,,,,,,,,,,,0.0,0.0,,,,,,,,1.0,0.0,27201.0,713.937,0.286571,461.1811,380.21,15.0,0.3937,16.0,0.4199,6.0,47.0,1.2336,17051,12112,317.9003,0.276631,16200.0,,,365.0,349.0,16.0,,,9.5801,3293.0,3368.0,89.0,3477.0,3532.0,89.0,-184.0,-164.0,0.0,0.0,0.0,0.0,0.0,0.0,0.0,5386.0,5367.0,145.0,5309.0,6348.0,147.0,77.0,-981.0,-2.0,0.0,0.0,0.0,0.0,0.0,0.0,7423.0,7720.0,186.0,7869.0,8772.0,200.0,-446.0,-1052.0,-14.0,1.0,2.0,1.0,1.0,0.0,1.0,9166.0,9853.0,245.0,10174.0,10938.0,246.0,-1008.0,-1085.0,-1.0,1.0,2.0,2.0,3.0,1.0,2.0
ESPORTSTMNT05_3222316,complete,,EM,2023,Spring,0,2023-04-12 16:50:18,1,13.06,5,Blue,sup,FGG,oe:player:dcd93cc48ba71890cc0580de524f536,eSuba,oe:team:3faefd9245a4ef6ba347fbcf2a51515,Tahm Kench,Sejuani,Annie,Xayah,Lulu,Renata Glasc,,,,,,2286,0,3,4,13,25,24,0.0,0.0,0.0,0.0,0.0,0.0,0.0,0.0,0.6562,1.2861,,,,,,,,,,,,,,,,,,,,,0.0,0.0,,,,,,,,0.0,0.0,4101.0,107.6378,0.0432053,617.2178,648.5302,59.0,1.5486,13.0,0.3412,13.0,110.0,2.8871,9354,4415,115.8793,0.100835,8375.0,,,38.0,38.0,0.0,,,0.9974,2153.0,2613.0,15.0,2171.0,2170.0,14.0,-18.0,443.0,1.0,0.0,0.0,0.0,0.0,0.0,0.0,3223.0,3832.0,26.0,3306.0,3366.0,19.0,-83.0,466.0,7.0,0.0,0.0,0.0,0.0,1.0,0.0,4222.0,5120.0,32.0,4477.0,4352.0,24.0,-255.0,768.0,8.0,0.0,2.0,1.0,0.0,2.0,1.0,5220.0,6351.0,33.0,5432.0,6414.0,30.0,-212.0,-63.0,3.0,0.0,4.0,2.0,0.0,3.0,2.0
ESPORTSTMNT05_3222316,complete,,EM,2023,Spring,0,2023-04-12 16:50:18,1,13.06,6,Red,top,Kryze,oe:player:75414f3b4f03bf449c319eb75f3dd5b,LDLC OL,oe:team:e31c6dcc465e0b94500ef023f42cdc1,Jax,Jayce,Vi,Rakan,Malphite,Viktor,,,,,,2286,1,5,5,4,24,25,1.0,0.0,0.0,0.0,0.0,0.0,0.0,0.0,0.6299,1.2861,,,,,,,,,,,,,,,,,,,,,0.0,0.0,,,,,,,,1.0,0.0,23398.0,614.1207,0.191602,893.9108,945.3018,17.0,0.4462,7.0,0.1837,6.0,44.0,1.1549,17130,12191,319.9738,0.253567,15650.0,,,359.0,327.0,32.0,,,9.4226,3059.0,4354.0,63.0,3038.0,4202.0,56.0,21.0,152.0,7.0,1.0,0.0,2.0,1.0,1.0,1.0,4508.0,6704.0,101.0,4866.0,7031.0,99.0,-358.0,-327.0,2.0,1.0,0.0,3.0,2.0,1.0,1.0,6723.0,9641.0,154.0,7190.0,10717.0,143.0,-467.0,-1076.0,11.0,1.0,0.0,4.0,4.0,1.0,1.0,8450.0,11867.0,196.0,8970.0,13491.0,171.0,-520.0,-1624.0,25.0,1.0,2.0,4.0,5.0,3.0,1.0
ESPORTSTMNT05_3222316,complete,,EM,2023,Spring,0,2023-04-12 16:50:18,1,13.06,7,Red,jng,White,oe:player:41ea0ed55fe655184c9073085b85eea,LDLC OL,oe:team:e31c6dcc465e0b94500ef023f42cdc1,Jarvan IV,Jayce,Vi,Rakan,Malphite,Viktor,,,,,,2286,1,1,5,9,24,25,0.0,0.0,0.0,0.0,0.0,0.0,0.0,0.0,0.6299,1.2861,,,,,,,,,,,,,,,,,,,,,1.0,1.0,,,,,,,,0.0,0.0,9500.0,249.3438,0.0777936,904.5932,1498.2677,12.0,0.315,13.0,0.3412,12.0,69.0,1.811,11747,6808,178.6877,0.141603,11400.0,,,166.0,19.0,147.0,,,4.357,2942.0,2943.0,50.0,3528.0,3511.0,66.0,-586.0,-568.0,-16.0,0.0,1.0,0.0,0.0,2.0,0.0,4286.0,5043.0,80.0,5146.0,5897.0,99.0,-860.0,-854.0,-19.0,0.0,1.0,0.0,0.0,2.0,0.0,5961.0,7251.0,104.0,7838.0,9190.0,138.0,-1877.0,-1939.0,-34.0,0.0,2.0,1.0,1.0,5.0,0.0,7286.0,9520.0,125.0,9710.0,11665.0,168.0,-2424.0,-2145.0,-43.0,0.0,5.0,2.0,2.0,7.0,1.0
ESPORTSTMNT05_3222316,complete,,EM,2023,Spring,0,2023-04-12 16:50:18,1,13.06,8,Red,mid,Backlund,oe:player:bd0655defa1f5f33c2c8ac34cfd9d36,LDLC OL,oe:team:e31c6dcc465e0b94500ef023f42cdc1,LeBlanc,Jayce,Vi,Rakan,Malphite,Viktor,,,,,,2286,1,12,6,3,24,25,1.0,1.0,0.0,0.0,1.0,1.0,0.0,0.0,0.6299,1.2861,,,,,,,,,,,,,,,,,,,,,0.0,0.0,,,,,,,,0.0,0.0,25566.0,671.0236,0.209355,633.7795,401.9423,20.0,0.5249,16.0,0.4199,4.0,74.0,1.9423,17700,12761,334.9344,0.265423,14850.0,,,280.0,272.0,8.0,,,7.3491,4010.0,5250.0,91.0,3141.0,4470.0,75.0,869.0,780.0,16.0,2.0,0.0,0.0,1.0,0.0,2.0,6553.0,8677.0,144.0,4421.0,6264.0,108.0,2132.0,2413.0,36.0,4.0,0.0,0.0,1.0,0.0,4.0,9296.0,11530.0,187.0,6040.0,8170.0,136.0,3256.0,3360.0,51.0,6.0,0.0,1.0,2.0,2.0,5.0,11112.0,13222.0,207.0,8053.0,10519.0,166.0,3059.0,2703.0,41.0,8.0,2.0,2.0,4.0,4.0,6.0
ESPORTSTMNT05_3222316,complete,,EM,2023,Spring,0,2023-04-12 16:50:18,1,13.06,9,Red,bot,Jeskla,oe:player:71b8101d78beb04a089caa90a8d9310,LDLC OL,oe:team:e31c6dcc465e0b94500ef023f42cdc1,Zeri,Jayce,Vi,Rakan,Malphite,Viktor,,,,,,2286,1,6,5,7,24,25,1.0,0.0,0.0,0.0,0.0,0.0,0.0,0.0,0.6299,1.2861,,,,,,,,,,,,,,,,,,,,,0.0,0.0,,,,,,,,0.0,1.0,54066.0,1419.0551,0.442736,558.7139,878.084,21.0,0.5512,12.0,0.315,8.0,60.0,1.5748,17196,12257,321.706,0.25494,16200.0,,,385.0,318.0,67.0,,,10.105,3477.0,3532.0,89.0,3293.0,3368.0,89.0,184.0,164.0,0.0,0.0,0.0,0.0,0.0,0.0,0.0,5309.0,6348.0,147.0,5386.0,5367.0,145.0,-77.0,981.0,2.0,0.0,0.0,0.0,0.0,0.0,0.0,7869.0,8772.0,200.0,7423.0,7720.0,186.0,446.0,1052.0,14.0,1.0,0.0,1.0,1.0,2.0,1.0,10174.0,10938.0,246.0,9166.0,9853.0,245.0,1008.0,1085.0,1.0,3.0,1.0,2.0,1.0,2.0,2.0
ESPORTSTMNT05_3222316,complete,,EM,2023,Spring,0,2023-04-12 16:50:18,1,13.06,10,Red,sup,Zoelys,oe:player:fa22d396503a5a737f2f169943d7241,LDLC OL,oe:team:e31c6dcc465e0b94500ef023f42cdc1,Blitzcrank,Jayce,Vi,Rakan,Malphite,Viktor,,,,,,2286,1,0,4,14,24,25,0.0,0.0,0.0,0.0,0.0,0.0,0.0,0.0,0.6299,1.2861,,,,,,,,,,,,,,,,,,,,,0.0,0.0,,,,,,,,0.0,0.0,9588.0,251.6535,0.0785142,478.8189,377.5591,70.0,1.8373,9.0,0.2362,20.0,108.0,2.8346,9000,4061,106.5879,0.0844664,8000.0,,,37.0,33.0,4.0,,,0.9711,2171.0,2170.0,14.0,2153.0,2613.0,15.0,18.0,-443.0,-1.0,0.0,0.0,0.0,0.0,0.0,0.0,3306.0,3366.0,19.0,3223.0,3832.0,26.0,83.0,-466.0,-7.0,0.0,1.0,0.0,0.0,0.0,0.0,4477.0,4352.0,24.0,4222.0,5120.0,32.0,255.0,-768.0,-8.0,0.0,2.0,1.0,0.0,2.0,1.0,5432.0,6414.0,30.0,5220.0,6351.0,33.0,212.0,63.0,-3.0,0.0,3.0,2.0,0.0,4.0,2.0
ESPORTSTMNT05_3222316,complete,,EM,2023,Spring,0,2023-04-12 16:50:18,1,13.06,100,Blue,team,,,eSuba,oe:team:3faefd9245a4ef6ba347fbcf2a51515,,Sejuani,Annie,Xayah,Lulu,Renata Glasc,Maokai,Jinx,K'Sante,Tahm Kench,Taliyah,2286,0,25,24,54,25,24,2.0,1.0,1.0,0.0,0.0,,,,0.6562,1.2861,1.0,3.0,3.0,3.0,3.0,1.0,0.0,2.0,0.0,0.0,0.0,,0.0,0.0,1.0,1.0,1.0,,,1.0,1.0,1.0,0.0,4.0,8.0,0.0,0.0,3.0,4.0,1.0,1.0,94919.0,2491.3123,,3918.6877,4410.5249,107.0,2.8084,65.0,1.706,40.0,283.0,7.4278,68479,43784,1149.1864,,66825.0,0.0109084,-0.8,,907.0,194.0,,,28.8976,15153.0,18164.0,301.0,15659.0,18249.0,307.0,-506.0,-85.0,-6.0,2.0,3.0,3.0,3.0,1.0,2.0,23042.0,28391.0,477.0,23962.0,30138.0,491.0,-920.0,-1747.0,-14.0,3.0,3.0,5.0,5.0,2.0,3.0,32713.0,40917.0,635.0,34326.0,41546.0,669.0,-1613.0,-629.0,-34.0,8.0,12.0,8.0,8.0,4.0,8.0,41119.0,51879.0,783.0,42454.0,51961.0,804.0,-1335.0,-82.0,-21.0,12.0,20.0,12.0,12.0,13.0,12.0
ESPORTSTMNT05_3222316,complete,,EM,2023,Spring,0,2023-04-12 16:50:18,1,13.06,200,Red,team,,,LDLC OL,oe:team:e31c6dcc465e0b94500ef023f42cdc1,,Jayce,Vi,Rakan,Malphite,Viktor,Zeri,Jarvan IV,Jax,LeBlanc,Blitzcrank,2286,1,24,25,37,24,25,3.0,1.0,0.0,0.0,1.0,,,,0.6299,1.2861,0.0,3.0,3.0,3.0,3.0,0.0,1.0,2.0,0.0,0.0,0.0,,0.0,0.0,0.0,1.0,1.0,,,0.0,1.0,1.0,1.0,8.0,4.0,1.0,1.0,4.0,3.0,1.0,1.0,122118.0,3205.1969,,3469.8163,4101.1549,140.0,3.6745,57.0,1.4961,50.0,355.0,9.3176,72773,48078,1261.8898,,66100.0,-0.0109084,0.8,,969.0,258.0,,,32.2047,15659.0,18249.0,307.0,15153.0,18164.0,301.0,506.0,85.0,6.0,3.0,1.0,2.0,2.0,3.0,3.0,23962.0,30138.0,491.0,23042.0,28391.0,477.0,920.0,1747.0,14.0,5.0,2.0,3.0,3.0,3.0,5.0,34326.0,41546.0,669.0,32713.0,40917.0,635.0,1613.0,629.0,34.0,8.0,4.0,8.0,8.0,12.0,8.0,42454.0,51961.0,804.0,41119.0,51879.0,783.0,1335.0,82.0,21.0,12.0,13.0,12.0,12.0,20.0,12.0
ESPORTSTMNT05_3222317,complete,,EM,2023,Spring,0,2023-04-12 17:01:17,1,13.06,1,Blue,top,ACD,oe:player:72c5cc0e2586935d16539f31a2a4fec,Macko Esports,oe:team:a2e63aee03585f0b37ff4cad936e349,Ornn,Olaf,Draven,Viego,Jhin,Sivir,,,,,,2000,1,1,3,11,18,18,0.0,0.0,0.0,0.0,1.0,0.0,1.0,0.0,0.54,1.08,,,,,,,,,,,,,,,,,,,,,1.0,0.0,,,,,,,,0.0,0.0,14136.0,424.08,0.165179,1063.83,1413.75,17.0,0.51,4.0,0.12,6.0,39.0,1.17,11887,7531,225.93,0.18194,10900.0,,,215.0,211.0,4.0,,,6.45,2941.0,4440.0,75.0,3295.0,4761.0,76.0,-354.0,-321.0,-1.0,0.0,1.0,0.0,1.0,0.0,0.0,4753.0,7024.0,116.0,5447.0,7152.0,119.0,-694.0,-128.0,-3.0,0.0,1.0,0.0,2.0,1.0,0.0,6949.0,9869.0,152.0,6786.0,8672.0,145.0,163.0,1197.0,7.0,1.0,4.0,0.0,2.0,2.0,1.0,8772.0,12499.0,180.0,8954.0,11468.0,175.0,-182.0,1031.0,5.0,1.0,4.0,2.0,4.0,6.0,1.0
ESPORTSTMNT05_3222317,complete,,EM,2023,Spring,0,2023-04-12 17:01:17,1,13.06,2,Blue,jng,Cboi,oe:player:702efc23873d774e479682ef680d911,Macko Esports,oe:team:a2e63aee03585f0b37ff4cad936e349,Vi,Olaf,Draven,Viego,Jhin,Sivir,,,,,,2000,1,1,7,12,18,18,0.0,0.0,0.0,0.0,1.0,1.0,0.0,0.0,0.54,1.08,,,,,,,,,,,,,,,,,,,,,1.0,0.0,,,,,,,,0.0,0.0,11261.0,337.83,0.131584,1100.52,1612.95,34.0,1.02,16.0,0.48,10.0,91.0,2.73,11084,6728,201.84,0.162541,10250.0,,,164.0,18.0,146.0,,,4.92,3489.0,3137.0,61.0,3394.0,3476.0,62.0,95.0,-339.0,-1.0,1.0,1.0,1.0,0.0,1.0,1.0,4877.0,5064.0,87.0,5148.0,5310.0,93.0,-271.0,-246.0,-6.0,1.0,2.0,3.0,0.0,3.0,1.0,6931.0,7531.0,122.0,6546.0,7034.0,115.0,385.0,497.0,7.0,1.0,5.0,3.0,0.0,4.0,3.0,8403.0,9449.0,134.0,8133.0,9074.0,127.0,270.0,375.0,7.0,1.0,6.0,6.0,1.0,9.0,4.0
ESPORTSTMNT05_3222317,complete,,EM,2023,Spring,0,2023-04-12 17:01:17,1,13.06,3,Blue,mid,Six10,oe:player:325397710b4294aeb7a18881c34f33b,Macko Esports,oe:team:a2e63aee03585f0b37ff4cad936e349,Ahri,Olaf,Draven,Viego,Jhin,Sivir,,,,,,2000,1,8,2,5,18,18,1.0,0.0,0.0,0.0,1.0,0.0,1.0,0.0,0.54,1.08,,,,,,,,,,,,,,,,,,,,,0.0,0.0,,,,,,,,0.0,0.0,24526.0,735.78,0.286586,565.86,294.54,28.0,0.84,15.0,0.45,9.0,58.0,1.74,15432,11076,332.28,0.267578,13325.0,,,265.0,257.0,8.0,,,7.95,3490.0,4761.0,89.0,3623.0,4830.0,93.0,-133.0,-69.0,-4.0,1.0,1.0,1.0,1.0,0.0,0.0,5687.0,7756.0,148.0,5312.0,7262.0,142.0,375.0,494.0,6.0,1.0,2.0,1.0,1.0,2.0,1.0,9115.0,10422.0,189.0,7082.0,9137.0,183.0,2033.0,1285.0,6.0,4.0,4.0,1.0,2.0,2.0,2.0,10604.0,12595.0,216.0,9898.0,11734.0,217.0,706.0,861.0,-1.0,4.0,4.0,2.0,4.0,8.0,2.0
ESPORTSTMNT05_3222317,complete,,EM,2023,Spring,0,2023-04-12 17:01:17,1,13.06,4,Blue,bot,Vzz,oe:player:ba6e76e259419420ddff269bb6ef074,Macko Esports,oe:team:a2e63aee03585f0b37ff4cad936e349,Varus,Olaf,Draven,Viego,Jhin,Sivir,,,,,,2000,1,7,1,5,18,18,1.0,1.0,0.0,0.0,1.0,0.0,1.0,0.0,0.54,1.08,,,,,,,,,,,,,,,,,,,,,0.0,0.0,,,,,,,,1.0,0.0,28738.0,862.14,0.335803,295.32,644.49,14.0,0.42,17.0,0.51,5.0,65.0,1.95,16375,12019,360.57,0.290359,14350.0,,,346.0,304.0,42.0,,,10.38,3557.0,3560.0,93.0,3105.0,2880.0,82.0,452.0,680.0,11.0,0.0,1.0,0.0,0.0,0.0,1.0,5413.0,6014.0,147.0,5090.0,5115.0,129.0,323.0,899.0,18.0,0.0,1.0,0.0,1.0,0.0,1.0,8129.0,9294.0,215.0,6768.0,7321.0,174.0,1361.0,1973.0,41.0,1.0,2.0,0.0,1.0,0.0,1.0,10656.0,11996.0,268.0,9485.0,9802.0,208.0,1171.0,2194.0,60.0,2.0,2.0,0.0,3.0,5.0,1.0
ESPORTSTMNT05_3222317,complete,,EM,2023,Spring,0,2023-04-12 17:01:17,1,13.06,5,Blue,sup,Click,oe:player:1e249a5688255bde7f7213b5d257b3c,Macko Esports,oe:team:a2e63aee03585f0b37ff4cad936e349,Alistar,Olaf,Draven,Viego,Jhin,Sivir,,,,,,2000,1,1,5,12,18,18,0.0,0.0,0.0,0.0,1.0,0.0,1.0,0.0,0.54,1.08,,,,,,,,,,,,,,,,,,,,,0.0,0.0,,,,,,,,0.0,0.0,6919.0,207.57,0.0808483,671.37,949.77,52.0,1.56,10.0,0.3,14.0,91.0,2.73,8395,4039,121.17,0.0975818,7900.0,,,33.0,33.0,0.0,,,0.99,2150.0,2472.0,14.0,2219.0,2563.0,19.0,-69.0,-91.0,-5.0,0.0,1.0,0.0,0.0,0.0,0.0,3430.0,3590.0,23.0,3366.0,3489.0,29.0,64.0,101.0,-6.0,1.0,1.0,0.0,0.0,2.0,0.0,5011.0,5000.0,27.0,4642.0,4970.0,41.0,369.0,30.0,-14.0,1.0,5.0,1.0,0.0,3.0,1.0,6259.0,6967.0,30.0,6406.0,7592.0,50.0,-147.0,-625.0,-20.0,1.0,6.0,3.0,1.0,10.0,1.0
ESPORTSTMNT05_3222317,complete,,EM,2023,Spring,0,2023-04-12 17:01:17,1,13.06,6,Red,top,StarScreen,oe:player:1bc0756ba9102abb5a7cd13d2b618aa,FUT Esports,oe:team:8df5e2c8825f60f136b2cbed5633a81,Rumble,Annie,Sejuani,Jinx,Kled,Nautilus,,,,,,2000,0,4,3,10,18,18,0.0,0.0,0.0,0.0,0.0,0.0,0.0,0.0,0.54,1.08,,,,,,,,,,,,,,,,,,,,,0.0,1.0,,,,,,,,0.0,0.0,28988.0,869.64,0.303266,622.14,564.57,11.0,0.33,5.0,0.15,4.0,46.0,1.38,11146,6790,203.7,0.194852,11100.0,,,206.0,190.0,16.0,,,6.18,3295.0,4761.0,76.0,2941.0,4440.0,75.0,354.0,321.0,1.0,1.0,0.0,0.0,0.0,1.0,0.0,5447.0,7152.0,119.0,4753.0,7024.0,116.0,694.0,128.0,3.0,2.0,1.0,0.0,0.0,1.0,0.0,6786.0,8672.0,145.0,6949.0,9869.0,152.0,-163.0,-1197.0,-7.0,2.0,2.0,1.0,1.0,4.0,0.0,8954.0,11468.0,175.0,8772.0,12499.0,180.0,182.0,-1031.0,-5.0,4.0,6.0,1.0,1.0,4.0,2.0
ESPORTSTMNT05_3222317,complete,,EM,2023,Spring,0,2023-04-12 17:01:17,1,13.06,7,Red,jng,Mojito,oe:player:d92b0904aa4f08f128aa8c6d2775056,FUT Esports,oe:team:8df5e2c8825f60f136b2cbed5633a81,Maokai,Annie,Sejuani,Jinx,Kled,Nautilus,,,,,,2000,0,1,7,11,18,18,0.0,0.0,0.0,0.0,0.0,0.0,0.0,1.0,0.54,1.08,,,,,,,,,,,,,,,,,,,,,0.0,1.0,,,,,,,,0.0,0.0,13480.0,404.4,0.141025,1139.46,1543.17,9.0,0.27,7.0,0.21,10.0,36.0,1.08,9955,5599,167.97,0.160676,9250.0,,,153.0,17.0,136.0,,,4.59,3394.0,3476.0,62.0,3489.0,3137.0,61.0,-95.0,339.0,1.0,0.0,1.0,1.0,1.0,1.0,1.0,5148.0,5310.0,93.0,4877.0,5064.0,87.0,271.0,246.0,6.0,0.0,3.0,1.0,1.0,2.0,3.0,6546.0,7034.0,115.0,6931.0,7531.0,122.0,-385.0,-497.0,-7.0,0.0,4.0,3.0,1.0,5.0,3.0,8133.0,9074.0,127.0,8403.0,9449.0,134.0,-270.0,-375.0,-7.0,1.0,9.0,4.0,1.0,6.0,6.0
ESPORTSTMNT05_3222317,complete,,EM,2023,Spring,0,2023-04-12 17:01:17,1,13.06,8,Red,mid,Tempt,oe:player:2861898294dd867b05fd28dca284e57,FUT Esports,oe:team:8df5e2c8825f60f136b2cbed5633a81,Jayce,Annie,Sejuani,Jinx,Kled,Nautilus,,,,,,2000,0,4,4,12,18,18,0.0,0.0,0.0,0.0,0.0,0.0,0.0,0.0,0.54,1.08,,,,,,,,,,,,,,,,,,,,,0.0,0.0,,,,,,,,0.0,0.0,35371.0,1061.13,0.370044,476.25,423.54,20.0,0.6,15.0,0.45,10.0,35.0,1.05,12673,8317,249.51,0.23867,12300.0,,,269.0,245.0,24.0,,,8.07,3623.0,4830.0,93.0,3490.0,4761.0,89.0,133.0,69.0,4.0,1.0,0.0,0.0,1.0,1.0,1.0,5312.0,7262.0,142.0,5687.0,7756.0,148.0,-375.0,-494.0,-6.0,1.0,2.0,1.0,1.0,2.0,1.0,7082.0,9137.0,183.0,9115.0,10422.0,189.0,-2033.0,-1285.0,-6.0,2.0,2.0,2.0,4.0,4.0,1.0,9898.0,11734.0,217.0,10604.0,12595.0,216.0,-706.0,-861.0,1.0,4.0,8.0,2.0,4.0,4.0,2.0
ESPORTSTMNT05_3222317,complete,,EM,2023,Spring,0,2023-04-12 17:01:17,1,13.06,9,Red,bot,Fatihcan,oe:player:4a8a150d1497b3daa66c2bdaffe2c43,FUT Esports,oe:team:8df5e2c8825f60f136b2cbed5633a81,Kalista,Annie,Sejuani,Jinx,Kled,Nautilus,,,,,,2000,0,7,2,6,18,18,2.0,0.0,0.0,0.0,0.0,0.0,0.0,0.0,0.54,1.08,,,,,,,,,,,,,,,,,,,,,0.0,0.0,,,,,,,,0.0,1.0,11128.0,333.84,0.116419,453.18,338.76,11.0,0.33,15.0,0.45,1.0,40.0,1.2,14456,10100,303.0,0.289833,14325.0,,,277.0,261.0,16.0,,,8.31,3105.0,2880.0,82.0,3557.0,3560.0,93.0,-452.0,-680.0,-11.0,0.0,0.0,1.0,0.0,1.0,0.0,5090.0,5115.0,129.0,5413.0,6014.0,147.0,-323.0,-899.0,-18.0,1.0,0.0,1.0,0.0,1.0,0.0,6768.0,7321.0,174.0,8129.0,9294.0,215.0,-1361.0,-1973.0,-41.0,1.0,0.0,1.0,1.0,2.0,0.0,9485.0,9802.0,208.0,10656.0,11996.0,268.0,-1171.0,-2194.0,-60.0,3.0,5.0,1.0,2.0,2.0,0.0
ESPORTSTMNT05_3222317,complete,,EM,2023,Spring,0,2023-04-12 17:01:17,1,13.06,10,Red,sup,Asper,oe:player:29e873916dcb14c9feb6b85d253cb87,FUT Esports,oe:team:8df5e2c8825f60f136b2cbed5633a81,Rakan,Annie,Sejuani,Jinx,Kled,Nautilus,,,,,,2000,0,2,2,14,18,18,0.0,0.0,0.0,0.0,0.0,0.0,0.0,0.0,0.54,1.08,,,,,,,,,,,,,,,,,,,,,0.0,0.0,,,,,,,,0.0,0.0,6619.0,198.57,0.0692465,530.37,656.4,57.0,1.71,29.0,0.87,20.0,129.0,3.87,8397,4041,121.23,0.115969,8150.0,,,55.0,55.0,0.0,,,1.65,2219.0,2563.0,19.0,2150.0,2472.0,14.0,69.0,91.0,5.0,0.0,0.0,0.0,0.0,1.0,0.0,3366.0,3489.0,29.0,3430.0,3590.0,23.0,-64.0,-101.0,6.0,0.0,2.0,0.0,1.0,1.0,0.0,4642.0,4970.0,41.0,5011.0,5000.0,27.0,-369.0,-30.0,14.0,0.0,3.0,1.0,1.0,5.0,1.0,6406.0,7592.0,50.0,6259.0,6967.0,30.0,147.0,625.0,20.0,1.0,10.0,1.0,1.0,6.0,3.0
ESPORTSTMNT05_3222317,complete,,EM,2023,Spring,0,2023-04-12 17:01:17,1,13.06,100,Blue,team,,,Macko Esports,oe:team:a2e63aee03585f0b37ff4cad936e349,,Olaf,Draven,Viego,Jhin,Sivir,Vi,Ahri,Varus,Alistar,Ornn,2000,1,18,18,45,18,18,2.0,1.0,0.0,0.0,1.0,,,,0.54,1.08,1.0,2.0,3.0,2.0,3.0,1.0,0.0,0.0,0.0,1.0,0.0,,0.0,0.0,0.0,1.0,1.0,,,1.0,2.0,0.0,1.0,8.0,3.0,1.0,1.0,7.0,4.0,1.0,0.0,85580.0,2567.4,,3696.9,4915.5,145.0,4.35,62.0,1.86,44.0,344.0,10.32,63173,41395,1241.85,,56725.0,0.0286097,0.95,,823.0,200.0,,,30.69,15627.0,18370.0,332.0,15636.0,18510.0,332.0,-9.0,-140.0,0.0,2.0,5.0,2.0,2.0,1.0,2.0,24160.0,29448.0,521.0,24363.0,28328.0,512.0,-203.0,1120.0,9.0,3.0,7.0,4.0,4.0,8.0,3.0,36135.0,42116.0,705.0,31824.0,37134.0,658.0,4311.0,4982.0,47.0,8.0,20.0,5.0,5.0,11.0,8.0,44694.0,53506.0,828.0,42876.0,49670.0,777.0,1818.0,3836.0,51.0,9.0,22.0,13.0,13.0,38.0,9.0
ESPORTSTMNT05_3222317,complete,,EM,2023,Spring,0,2023-04-12 17:01:17,1,13.06,200,Red,team,,,FUT Esports,oe:team:8df5e2c8825f60f136b2cbed5633a81,,Annie,Sejuani,Jinx,Kled,Nautilus,Rumble,Maokai,Jayce,Kalista,Rakan,2000,0,18,18,53,18,18,2.0,0.0,0.0,0.0,0.0,,,,0.54,1.08,0.0,3.0,2.0,3.0,2.0,2.0,1.0,0.0,0.0,0.0,0.0,,0.0,0.0,1.0,1.0,1.0,,,0.0,0.0,2.0,0.0,3.0,8.0,0.0,0.0,4.0,7.0,0.0,1.0,95586.0,2867.58,,3221.4,3526.44,108.0,3.24,71.0,2.13,45.0,286.0,8.58,56627,34849,1045.47,,55125.0,-0.0286097,-0.95,,768.0,192.0,,,28.8,15636.0,18510.0,332.0,15627.0,18370.0,332.0,9.0,140.0,0.0,2.0,1.0,2.0,2.0,5.0,2.0,24363.0,28328.0,512.0,24160.0,29448.0,521.0,203.0,-1120.0,-9.0,4.0,8.0,3.0,3.0,7.0,4.0,31824.0,37134.0,658.0,36135.0,42116.0,705.0,-4311.0,-4982.0,-47.0,5.0,11.0,8.0,8.0,20.0,5.0,42876.0,49670.0,777.0,44694.0,53506.0,828.0,-1818.0,-3836.0,-51.0,13.0,38.0,9.0,9.0,22.0,13.0
ESPORTSTMNT05_3220333,complete,,EM,2023,Spring,0,2023-04-12 17:49:49,1,13.06,1,Blue,top,Lot,oe:player:eeec6c7a9d2b475c23650b202208b89,Aegis,oe:team:e3a29387c70230d76837b86c2aefd14,Sion,Sejuani,Zeri,Rakan,Gwen,Kennen,,,,,,1480,0,3,3,3,8,23,0.0,0.0,0.0,0.0,0.0,0.0,0.0,0.0,0.3243,1.2568,,,,,,,,,,,,,,,,,,,,,0.0,1.0,,,,,,,,0.0,0.0,15830.0,641.7568,0.30392,1162.7838,1850.9595,9.0,0.3649,3.0,0.1216,0.0,19.0,0.7703,8857,5562,225.4865,0.251081,9050.0,,,179.0,175.0,4.0,,,7.2568,3860.0,4671.0,82.0,3307.0,4436.0,72.0,553.0,235.0,10.0,2.0,2.0,0.0,1.0,0.0,1.0,5728.0,7502.0,133.0,5006.0,7209.0,121.0,722.0,293.0,12.0,2.0,2.0,0.0,1.0,0.0,1.0,7996.0,9738.0,168.0,7055.0,9455.0,150.0,941.0,283.0,18.0,3.0,3.0,1.0,2.0,3.0,2.0,8857.0,10581.0,179.0,9088.0,12151.0,164.0,-231.0,-1570.0,15.0,3.0,3.0,3.0,3.0,11.0,2.0
ESPORTSTMNT05_3220333,complete,,EM,2023,Spring,0,2023-04-12 17:49:49,1,13.06,2,Blue,jng,SkewMond,oe:player:ab15060e5225b51592cd04b3aed1e09,Aegis,oe:team:e3a29387c70230d76837b86c2aefd14,Jarvan IV,Sejuani,Zeri,Rakan,Gwen,Kennen,,,,,,1480,0,1,5,5,8,23,0.0,0.0,0.0,0.0,1.0,0.0,1.0,0.0,0.3243,1.2568,,,,,,,,,,,,,,,,,,,,,0.0,0.0,,,,,,,,0.0,1.0,6881.0,278.9595,0.132108,766.5811,873.1622,8.0,0.3243,7.0,0.2838,6.0,40.0,1.6216,7570,4275,173.3108,0.192985,6750.0,,,110.0,7.0,103.0,,,4.4595,3161.0,3068.0,56.0,3329.0,3399.0,60.0,-168.0,-331.0,-4.0,0.0,4.0,1.0,1.0,2.0,1.0,5247.0,5277.0,85.0,4786.0,5310.0,85.0,461.0,-33.0,0.0,0.0,5.0,2.0,1.0,4.0,1.0,6834.0,6879.0,105.0,7199.0,8096.0,121.0,-365.0,-1217.0,-16.0,1.0,5.0,3.0,3.0,6.0,1.0,7570.0,7526.0,110.0,10392.0,11485.0,148.0,-2822.0,-3959.0,-38.0,1.0,5.0,5.0,6.0,9.0,1.0
ESPORTSTMNT05_3220333,complete,,EM,2023,Spring,0,2023-04-12 17:49:49,1,13.06,3,Blue,mid,Eika,oe:player:adfab52b74587bc5acc4201c140451a,Aegis,oe:team:e3a29387c70230d76837b86c2aefd14,Orianna,Sejuani,Zeri,Rakan,Gwen,Kennen,,,,,,1480,0,2,5,3,8,23,1.0,0.0,0.0,0.0,0.0,0.0,0.0,0.0,0.3243,1.2568,,,,,,,,,,,,,,,,,,,,,0.0,0.0,,,,,,,,0.0,0.0,13578.0,550.4595,0.260684,554.7568,428.9595,11.0,0.4459,7.0,0.2838,3.0,28.0,1.1351,8413,5118,207.4865,0.231039,8460.0,,,193.0,185.0,8.0,,,7.8243,3844.0,4904.0,88.0,3241.0,4387.0,88.0,603.0,517.0,0.0,2.0,1.0,0.0,0.0,2.0,1.0,5681.0,7511.0,135.0,5833.0,7444.0,147.0,-152.0,67.0,-12.0,2.0,1.0,1.0,2.0,2.0,1.0,7570.0,10280.0,186.0,8091.0,10258.0,194.0,-521.0,22.0,-8.0,2.0,3.0,2.0,3.0,4.0,2.0,8413.0,10833.0,193.0,10630.0,13254.0,209.0,-2217.0,-2421.0,-16.0,2.0,3.0,5.0,5.0,13.0,2.0
ESPORTSTMNT05_3220333,complete,,EM,2023,Spring,0,2023-04-12 17:49:49,1,13.06,4,Blue,bot,Shiganari,oe:player:90704735ca9fc01f2244f23f6e5d635,Aegis,oe:team:e3a29387c70230d76837b86c2aefd14,Jinx,Sejuani,Zeri,Rakan,Gwen,Kennen,,,,,,1480,0,2,5,2,8,23,0.0,0.0,0.0,0.0,1.0,1.0,0.0,0.0,0.3243,1.2568,,,,,,,,,,,,,,,,,,,,,0.0,0.0,,,,,,,,0.0,0.0,10700.0,433.7838,0.205429,504.8108,274.2973,11.0,0.4459,5.0,0.2027,4.0,21.0,0.8514,8546,5251,212.8784,0.237042,8400.0,,,208.0,206.0,2.0,,,8.4324,3335.0,3142.0,75.0,4013.0,4352.0,94.0,-678.0,-1210.0,-19.0,1.0,0.0,2.0,1.0,1.0,0.0,5551.0,5866.0,132.0,6464.0,6840.0,142.0,-913.0,-974.0,-10.0,2.0,0.0,2.0,2.0,2.0,1.0,7255.0,7998.0,175.0,8961.0,8871.0,187.0,-1706.0,-873.0,-12.0,2.0,2.0,3.0,3.0,6.0,1.0,8546.0,9442.0,208.0,12791.0,12279.0,229.0,-4245.0,-2837.0,-21.0,2.0,2.0,5.0,8.0,8.0,1.0
ESPORTSTMNT05_3220333,complete,,EM,2023,Spring,0,2023-04-12 17:49:49,1,13.06,5,Blue,sup,Hantera,oe:player:de1fb222dafded7d06b10df578fdd0e,Aegis,oe:team:e3a29387c70230d76837b86c2aefd14,Tahm Kench,Sejuani,Zeri,Rakan,Gwen,Kennen,,,,,,1480,0,0,5,7,8,23,0.0,0.0,0.0,0.0,1.0,0.0,1.0,0.0,0.3243,1.2568,,,,,,,,,,,,,,,,,,,,,0.0,0.0,,,,,,,,0.0,0.0,5097.0,206.6351,0.0978574,455.5946,561.2838,31.0,1.2568,4.0,0.1622,10.0,50.0,2.027,5241,1946,78.8919,0.0878527,4900.0,,,31.0,31.0,0.0,,,1.2568,2462.0,2452.0,18.0,2444.0,1889.0,13.0,18.0,563.0,5.0,0.0,5.0,1.0,1.0,1.0,2.0,3514.0,3334.0,25.0,3713.0,3210.0,21.0,-199.0,124.0,4.0,0.0,5.0,2.0,1.0,3.0,2.0,4554.0,4662.0,31.0,5185.0,5053.0,27.0,-631.0,-391.0,4.0,0.0,7.0,3.0,1.0,8.0,2.0,5241.0,5559.0,31.0,7183.0,8632.0,30.0,-1942.0,-3073.0,1.0,0.0,7.0,5.0,1.0,18.0,2.0
ESPORTSTMNT05_3220333,complete,,EM,2023,Spring,0,2023-04-12 17:49:49,1,13.06,6,Red,top,Marky,oe:player:197e012fb5163375e24dbbfdae34911,Movistar KOI,oe:team:4acc40654379b4da680be1bd3129dfa,Cho'Gath,Vi,Annie,Aphelios,Nautilus,Braum,,,,,,1480,1,3,2,11,23,8,0.0,0.0,0.0,0.0,0.0,0.0,0.0,0.0,0.9324,1.2568,,,,,,,,,,,,,,,,,,,,,1.0,0.0,,,,,,,,0.0,0.0,13679.0,554.5541,0.197047,991.7838,1070.8784,8.0,0.3243,1.0,0.0405,3.0,17.0,0.6892,9088,5793,234.8514,0.172365,7875.0,,,164.0,152.0,12.0,,,6.6486,3307.0,4436.0,72.0,3860.0,4671.0,82.0,-553.0,-235.0,-10.0,1.0,0.0,1.0,2.0,2.0,0.0,5006.0,7209.0,121.0,5728.0,7502.0,133.0,-722.0,-293.0,-12.0,1.0,0.0,1.0,2.0,2.0,0.0,7055.0,9455.0,150.0,7996.0,9738.0,168.0,-941.0,-283.0,-18.0,2.0,3.0,2.0,3.0,3.0,1.0,9088.0,12151.0,164.0,8857.0,10581.0,179.0,231.0,1570.0,-15.0,3.0,11.0,2.0,3.0,3.0,3.0
ESPORTSTMNT05_3220333,complete,,EM,2023,Spring,0,2023-04-12 17:49:49,1,13.06,7,Red,jng,ISMA,oe:player:5450c7731de19c131ce20ea74933cc2,Movistar KOI,oe:team:4acc40654379b4da680be1bd3129dfa,Xin Zhao,Vi,Annie,Aphelios,Nautilus,Braum,,,,,,1480,1,6,1,9,23,8,2.0,0.0,0.0,0.0,0.0,0.0,0.0,0.0,0.9324,1.2568,,,,,,,,,,,,,,,,,,,,,0.0,0.0,,,,,,,,1.0,0.0,14829.0,601.1757,0.213613,967.5,636.5676,6.0,0.2432,9.0,0.3649,4.0,37.0,1.5,10392,7097,287.7162,0.211163,8350.0,,,148.0,31.0,117.0,,,6.0,3329.0,3399.0,60.0,3161.0,3068.0,56.0,168.0,331.0,4.0,1.0,2.0,1.0,0.0,4.0,1.0,4786.0,5310.0,85.0,5247.0,5277.0,85.0,-461.0,33.0,0.0,1.0,4.0,1.0,0.0,5.0,2.0,7199.0,8096.0,121.0,6834.0,6879.0,105.0,365.0,1217.0,16.0,3.0,6.0,1.0,1.0,5.0,3.0,10392.0,11485.0,148.0,7570.0,7526.0,110.0,2822.0,3959.0,38.0,6.0,9.0,1.0,1.0,5.0,5.0
ESPORTSTMNT05_3220333,complete,,EM,2023,Spring,0,2023-04-12 17:49:49,1,13.06,8,Red,mid,Fresskowy,oe:player:cda093b28f577696b82604fb20037ad,Movistar KOI,oe:team:4acc40654379b4da680be1bd3129dfa,Lissandra,Vi,Annie,Aphelios,Nautilus,Braum,,,,,,1480,1,5,2,13,23,8,0.0,0.0,0.0,0.0,0.0,0.0,0.0,0.0,0.9324,1.2568,,,,,,,,,,,,,,,,,,,,,0.0,0.0,,,,,,,,0.0,0.0,13332.0,540.4865,0.192048,546.527,334.5,10.0,0.4054,4.0,0.1622,3.0,19.0,0.7703,10630,7335,297.3649,0.218245,9325.0,,,209.0,209.0,0.0,,,8.473,3241.0,4387.0,88.0,3844.0,4904.0,88.0,-603.0,-517.0,0.0,0.0,2.0,1.0,2.0,1.0,0.0,5833.0,7444.0,147.0,5681.0,7511.0,135.0,152.0,-67.0,12.0,2.0,2.0,1.0,2.0,1.0,1.0,8091.0,10258.0,194.0,7570.0,10280.0,186.0,521.0,-22.0,8.0,3.0,4.0,2.0,2.0,3.0,2.0,10630.0,13254.0,209.0,8413.0,10833.0,193.0,2217.0,2421.0,16.0,5.0,13.0,2.0,2.0,3.0,5.0
ESPORTSTMNT05_3220333,complete,,EM,2023,Spring,0,2023-04-12 17:49:49,1,13.06,9,Red,bot,Supa,oe:player:1223a0ed2bfab9b714c72d965df8133,Movistar KOI,oe:team:4acc40654379b4da680be1bd3129dfa,Xayah,Vi,Annie,Aphelios,Nautilus,Braum,,,,,,1480,1,8,1,8,23,8,2.0,0.0,0.0,0.0,0.0,0.0,0.0,0.0,0.9324,1.2568,,,,,,,,,,,,,,,,,,,,,0.0,0.0,,,,,,,,0.0,0.0,22323.0,904.9865,0.321564,449.9595,243.1216,7.0,0.2838,10.0,0.4054,1.0,36.0,1.4595,12791,9496,384.973,0.282541,10675.0,,,229.0,220.0,9.0,,,9.2838,4013.0,4352.0,94.0,3335.0,3142.0,75.0,678.0,1210.0,19.0,1.0,1.0,0.0,1.0,0.0,2.0,6464.0,6840.0,142.0,5551.0,5866.0,132.0,913.0,974.0,10.0,2.0,2.0,1.0,2.0,0.0,2.0,8961.0,8871.0,187.0,7255.0,7998.0,175.0,1706.0,873.0,12.0,3.0,6.0,1.0,2.0,2.0,3.0,12791.0,12279.0,229.0,8546.0,9442.0,208.0,4245.0,2837.0,21.0,8.0,8.0,1.0,2.0,2.0,5.0
ESPORTSTMNT05_3220333,complete,,EM,2023,Spring,0,2023-04-12 17:49:49,1,13.06,10,Red,sup,Alvaro,oe:player:f5bf9bd732b85e4dcab5121e4769ae4,Movistar KOI,oe:team:4acc40654379b4da680be1bd3129dfa,Thresh,Vi,Annie,Aphelios,Nautilus,Braum,,,,,,1480,1,1,2,18,23,8,0.0,0.0,0.0,0.0,0.0,0.0,0.0,1.0,0.9324,1.2568,,,,,,,,,,,,,,,,,,,,,0.0,0.0,,,,,,,,0.0,0.0,5257.0,213.1216,0.0757275,342.8514,205.6622,28.0,1.1351,5.0,0.2027,7.0,61.0,2.473,7183,3888,157.6216,0.115686,6225.0,,,30.0,30.0,0.0,,,1.2162,2444.0,1889.0,13.0,2462.0,2452.0,18.0,-18.0,-563.0,-5.0,1.0,1.0,2.0,0.0,5.0,1.0,3713.0,3210.0,21.0,3514.0,3334.0,25.0,199.0,-124.0,-4.0,1.0,3.0,2.0,0.0,5.0,2.0,5185.0,5053.0,27.0,4554.0,4662.0,31.0,631.0,391.0,-4.0,1.0,8.0,2.0,0.0,7.0,3.0,7183.0,8632.0,30.0,5241.0,5559.0,31.0,1942.0,3073.0,-1.0,1.0,18.0,2.0,0.0,7.0,5.0
ESPORTSTMNT05_3220333,complete,,EM,2023,Spring,0,2023-04-12 17:49:49,1,13.06,100,Blue,team,,,Aegis,oe:team:e3a29387c70230d76837b86c2aefd14,,Sejuani,Zeri,Rakan,Gwen,Kennen,Jinx,Jarvan IV,Sion,Tahm Kench,Orianna,1480,0,8,23,20,8,23,1.0,0.0,0.0,0.0,1.0,,,,0.3243,1.2568,0.0,0.0,3.0,0.0,3.0,0.0,0.0,0.0,0.0,0.0,0.0,,0.0,0.0,1.0,1.0,1.0,,,0.0,0.0,1.0,0.0,1.0,8.0,0.0,0.0,4.0,4.0,0.0,1.0,52086.0,2111.5946,,3444.527,3988.6622,70.0,2.8378,26.0,1.0541,23.0,158.0,6.4054,38627,22153,898.0946,,37560.0,-0.122235,-0.75,,604.0,117.0,,,29.2297,16662.0,18237.0,319.0,16334.0,18463.0,327.0,328.0,-226.0,-8.0,5.0,12.0,4.0,4.0,6.0,5.0,25721.0,29490.0,510.0,25802.0,30013.0,516.0,-81.0,-523.0,-6.0,6.0,13.0,7.0,7.0,11.0,6.0,34209.0,39557.0,665.0,36491.0,41733.0,679.0,-2282.0,-2176.0,-14.0,8.0,20.0,12.0,12.0,27.0,8.0,38627.0,43941.0,721.0,50084.0,57801.0,780.0,-11457.0,-13860.0,-59.0,8.0,20.0,23.0,23.0,59.0,8.0
ESPORTSTMNT05_3220333,complete,,EM,2023,Spring,0,2023-04-12 17:49:49,1,13.06,200,Red,team,,,Movistar KOI,oe:team:4acc40654379b4da680be1bd3129dfa,,Vi,Annie,Aphelios,Nautilus,Braum,Xayah,Xin Zhao,Thresh,Cho'Gath,Lissandra,1480,1,23,8,59,23,8,4.0,0.0,0.0,0.0,0.0,,,,0.9324,1.2568,1.0,3.0,0.0,3.0,0.0,1.0,1.0,1.0,0.0,0.0,0.0,,0.0,0.0,0.0,1.0,1.0,,,1.0,1.0,0.0,1.0,8.0,1.0,1.0,1.0,4.0,4.0,1.0,0.0,69420.0,2814.3243,,3298.6216,2490.7297,59.0,2.3919,29.0,1.1757,18.0,170.0,6.8919,50084,33610,1362.5676,,42450.0,0.122235,0.75,,642.0,138.0,,,31.6216,16334.0,18463.0,327.0,16662.0,18237.0,319.0,-328.0,226.0,8.0,4.0,6.0,5.0,5.0,12.0,4.0,25802.0,30013.0,516.0,25721.0,29490.0,510.0,81.0,523.0,6.0,7.0,11.0,6.0,6.0,13.0,7.0,36491.0,41733.0,679.0,34209.0,39557.0,665.0,2282.0,2176.0,14.0,12.0,27.0,8.0,8.0,20.0,12.0,50084.0,57801.0,780.0,38627.0,43941.0,721.0,11457.0,13860.0,59.0,23.0,59.0,8.0,8.0,20.0,23.0
ESPORTSTMNT05_3222318,complete,,EM,2023,Spring,0,2023-04-12 17:50:53,1,13.06,1,Blue,top,Venour,oe:player:df13ba84b4ea6932f7e10b5e51e7cf5,Unicorns of Love Sexy Edition,oe:team:6a060bd74c9041bf0aa89adf9d15d12,Jayce,Annie,Vi,Nautilus,Ezreal,Tristana,,,,,,2764,1,2,4,9,18,18,1.0,0.0,0.0,0.0,0.0,0.0,0.0,0.0,0.3907,0.7815,,,,,,,,,,,,,,,,,,,,,0.0,0.0,,,,,,,,1.0,0.0,36732.0,797.3661,0.254995,448.5239,438.0825,20.0,0.4342,6.0,0.1302,4.0,64.0,1.3893,16920,11006,238.9146,0.215285,15750.0,,,384.0,332.0,52.0,,,8.3357,3309.0,4565.0,85.0,3693.0,4917.0,80.0,-384.0,-352.0,5.0,0.0,1.0,2.0,2.0,0.0,1.0,5033.0,7404.0,138.0,5301.0,7745.0,131.0,-268.0,-341.0,7.0,0.0,1.0,2.0,2.0,0.0,1.0,6898.0,10020.0,193.0,6735.0,9495.0,169.0,163.0,525.0,24.0,0.0,1.0,2.0,2.0,1.0,1.0,9394.0,13008.0,238.0,8408.0,11870.0,211.0,986.0,1138.0,27.0,2.0,3.0,2.0,2.0,2.0,2.0
ESPORTSTMNT05_3222318,complete,,EM,2023,Spring,0,2023-04-12 17:50:53,1,13.06,2,Blue,jng,Peach,oe:player:53841c6e42a6ce77b6f3b80133c9342,Unicorns of Love Sexy Edition,oe:team:6a060bd74c9041bf0aa89adf9d15d12,Wukong,Annie,Vi,Nautilus,Ezreal,Tristana,,,,,,2764,1,4,4,7,18,18,0.0,0.0,0.0,0.0,1.0,1.0,0.0,0.0,0.3907,0.7815,,,,,,,,,,,,,,,,,,,,,1.0,0.0,,,,,,,,0.0,0.0,18269.0,396.5774,0.126824,1125.9334,1397.0405,15.0,0.3256,34.0,0.7381,12.0,116.0,2.5181,15607,9693,210.4124,0.189601,14500.0,,,252.0,44.0,208.0,,,5.4703,4046.0,3531.0,65.0,3219.0,3259.0,62.0,827.0,272.0,3.0,2.0,0.0,0.0,0.0,2.0,1.0,5608.0,5198.0,96.0,4556.0,4963.0,91.0,1052.0,235.0,5.0,2.0,0.0,0.0,0.0,2.0,1.0,7343.0,7805.0,128.0,6423.0,7368.0,124.0,920.0,437.0,4.0,2.0,0.0,0.0,1.0,2.0,1.0,9073.0,9485.0,156.0,7443.0,8559.0,136.0,1630.0,926.0,20.0,3.0,1.0,1.0,1.0,3.0,2.0
ESPORTSTMNT05_3222318,complete,,EM,2023,Spring,0,2023-04-12 17:50:53,1,13.06,3,Blue,mid,Mask,oe:player:4a18312b5b75f549d5551e5912ad6eb,Unicorns of Love Sexy Edition,oe:team:6a060bd74c9041bf0aa89adf9d15d12,Ahri,Annie,Vi,Nautilus,Ezreal,Tristana,,,,,,2764,1,3,5,10,18,18,0.0,0.0,0.0,0.0,0.0,0.0,0.0,0.0,0.3907,0.7815,,,,,,,,,,,,,,,,,,,,,0.0,1.0,,,,,,,,0.0,1.0,36478.0,791.8524,0.253232,637.7931,623.8784,30.0,0.6512,21.0,0.4559,0.0,81.0,1.7583,16962,11048,239.8263,0.216107,15690.0,,,375.0,358.0,17.0,,,8.1404,3727.0,4507.0,88.0,3306.0,4797.0,78.0,421.0,-290.0,10.0,2.0,0.0,1.0,1.0,0.0,0.0,5677.0,7456.0,149.0,5367.0,7864.0,139.0,310.0,-408.0,10.0,2.0,0.0,1.0,1.0,0.0,0.0,7320.0,10076.0,200.0,7000.0,10173.0,183.0,320.0,-97.0,17.0,2.0,0.0,2.0,1.0,1.0,0.0,9810.0,13526.0,260.0,9059.0,14303.0,229.0,751.0,-777.0,31.0,2.0,3.0,2.0,2.0,1.0,0.0
ESPORTSTMNT05_3222318,complete,,EM,2023,Spring,0,2023-04-12 17:50:53,1,13.06,4,Blue,bot,Fun K3y,oe:player:9ea5afea85321b13df74acb62bfb530,Unicorns of Love Sexy Edition,oe:team:6a060bd74c9041bf0aa89adf9d15d12,Varus,Annie,Vi,Nautilus,Ezreal,Tristana,,,,,,2764,1,5,3,11,18,18,1.0,0.0,0.0,0.0,1.0,0.0,1.0,0.0,0.3907,0.7815,,,,,,,,,,,,,,,,,,,,,0.0,0.0,,,,,,,,1.0,0.0,48392.0,1050.4776,0.335939,450.9117,658.6324,14.0,0.3039,13.0,0.2822,4.0,57.0,1.2373,19126,13212,286.8017,0.258436,26590.0,,,382.0,358.0,24.0,,,8.2923,3470.0,3805.0,91.0,2934.0,3045.0,71.0,536.0,760.0,20.0,0.0,2.0,0.0,0.0,0.0,0.0,6014.0,6512.0,146.0,4593.0,5207.0,121.0,1421.0,1305.0,25.0,0.0,3.0,0.0,0.0,0.0,1.0,8063.0,8941.0,211.0,6469.0,7029.0,153.0,1594.0,1912.0,58.0,0.0,3.0,0.0,0.0,1.0,1.0,10813.0,11990.0,264.0,8585.0,9662.0,213.0,2228.0,2328.0,51.0,1.0,6.0,0.0,0.0,2.0,2.0
ESPORTSTMNT05_3222318,complete,,EM,2023,Spring,0,2023-04-12 17:50:53,1,13.06,5,Blue,sup,Lekcyc,oe:player:74f3f60a44ee916ecc257a5381be756,Unicorns of Love Sexy Edition,oe:team:6a060bd74c9041bf0aa89adf9d15d12,Leona,Annie,Vi,Nautilus,Ezreal,Tristana,,,,,,2764,1,4,2,8,18,18,0.0,0.0,0.0,0.0,1.0,0.0,1.0,0.0,0.3907,0.7815,,,,,,,,,,,,,,,,,,,,,0.0,1.0,,,,,,,,0.0,0.0,4179.0,90.7164,0.0290108,635.0796,837.7424,91.0,1.9754,12.0,0.2605,21.0,138.0,2.9957,12078,6164,133.8061,0.120571,10600.0,,,46.0,46.0,0.0,,,0.9986,2346.0,2424.0,16.0,2086.0,2247.0,15.0,260.0,177.0,1.0,0.0,2.0,0.0,0.0,0.0,2.0,3806.0,3557.0,24.0,3073.0,3555.0,22.0,733.0,2.0,2.0,1.0,2.0,0.0,0.0,0.0,2.0,4788.0,4952.0,31.0,4066.0,4912.0,29.0,722.0,40.0,2.0,1.0,2.0,0.0,0.0,1.0,2.0,5940.0,6341.0,35.0,5052.0,6186.0,36.0,888.0,155.0,-1.0,1.0,5.0,0.0,0.0,2.0,3.0
ESPORTSTMNT05_3222318,complete,,EM,2023,Spring,0,2023-04-12 17:50:53,1,13.06,6,Red,top,Hiro,oe:player:6a52e8fc387411c38ae76e77ffe6b15,Orbit Anonymo Esports,oe:team:f9f16e15a84c85d050aa09b4a21c757,Gnar,Lee Sin,Rakan,Fiora,Olaf,Thresh,,,,,,2764,0,6,4,9,18,18,0.0,0.0,0.0,0.0,0.0,0.0,0.0,0.0,0.3907,0.7815,,,,,,,,,,,,,,,,,,,,,0.0,0.0,,,,,,,,0.0,1.0,36063.0,782.8437,0.322934,1350.3907,2025.5861,23.0,0.4993,17.0,0.369,7.0,55.0,1.1939,18188,12274,266.4399,0.246383,18308.0,,,339.0,311.0,28.0,,,7.3589,3693.0,4917.0,80.0,3309.0,4565.0,85.0,384.0,352.0,-5.0,2.0,0.0,1.0,0.0,1.0,2.0,5301.0,7745.0,131.0,5033.0,7404.0,138.0,268.0,341.0,-7.0,2.0,0.0,1.0,0.0,1.0,2.0,6735.0,9495.0,169.0,6898.0,10020.0,193.0,-163.0,-525.0,-24.0,2.0,1.0,1.0,0.0,1.0,2.0,8408.0,11870.0,211.0,9394.0,13008.0,238.0,-986.0,-1138.0,-27.0,2.0,2.0,2.0,2.0,3.0,2.0
ESPORTSTMNT05_3222318,complete,,EM,2023,Spring,0,2023-04-12 17:50:53,1,13.06,7,Red,jng,Savero,oe:player:565edcb58e76115e571f38521946e41,Orbit Anonymo Esports,oe:team:f9f16e15a84c85d050aa09b4a21c757,Maokai,Lee Sin,Rakan,Fiora,Olaf,Thresh,,,,,,2764,0,1,5,11,18,18,0.0,0.0,0.0,0.0,0.0,0.0,0.0,0.0,0.3907,0.7815,,,,,,,,,,,,,,,,,,,,,0.0,1.0,,,,,,,,0.0,0.0,18115.0,393.2344,0.162215,985.2243,1349.6961,8.0,0.1737,27.0,0.5861,7.0,85.0,1.8452,12782,6868,149.0883,0.137864,12025.0,,,177.0,39.0,138.0,,,3.8423,3219.0,3259.0,62.0,4046.0,3531.0,65.0,-827.0,-272.0,-3.0,0.0,2.0,1.0,2.0,0.0,0.0,4556.0,4963.0,91.0,5608.0,5198.0,96.0,-1052.0,-235.0,-5.0,0.0,2.0,1.0,2.0,0.0,0.0,6423.0,7368.0,124.0,7343.0,7805.0,128.0,-920.0,-437.0,-4.0,1.0,2.0,1.0,2.0,0.0,0.0,7443.0,8559.0,136.0,9073.0,9485.0,156.0,-1630.0,-926.0,-20.0,1.0,3.0,2.0,3.0,1.0,1.0
ESPORTSTMNT05_3222318,complete,,EM,2023,Spring,0,2023-04-12 17:50:53,1,13.06,8,Red,mid,Roison,oe:player:1428134d4ece3f00321b6b870ca2152,Orbit Anonymo Esports,oe:team:f9f16e15a84c85d050aa09b4a21c757,Veigar,Lee Sin,Rakan,Fiora,Olaf,Thresh,,,,,,2764,0,9,1,5,18,18,2.0,0.0,0.0,0.0,0.0,0.0,0.0,0.0,0.3907,0.7815,,,,,,,,,,,,,,,,,,,,,1.0,0.0,,,,,,,,1.0,0.0,33572.0,728.7699,0.300628,667.424,649.0159,15.0,0.3256,6.0,0.1302,3.0,39.0,0.8466,19729,13815,299.8915,0.277316,17850.0,,,368.0,340.0,28.0,,,7.9884,3306.0,4797.0,78.0,3727.0,4507.0,88.0,-421.0,290.0,-10.0,1.0,0.0,0.0,2.0,0.0,1.0,5367.0,7864.0,139.0,5677.0,7456.0,149.0,-310.0,408.0,-10.0,1.0,0.0,0.0,2.0,0.0,1.0,7000.0,10173.0,183.0,7320.0,10076.0,200.0,-320.0,97.0,-17.0,1.0,1.0,0.0,2.0,0.0,2.0,9059.0,14303.0,229.0,9810.0,13526.0,260.0,-751.0,777.0,-31.0,2.0,1.0,0.0,2.0,3.0,2.0
ESPORTSTMNT05_3222318,complete,,EM,2023,Spring,0,2023-04-12 17:50:53,1,13.06,9,Red,bot,Neramin,oe:player:c032df73970ffb2f2b585d912f6b20d,Orbit Anonymo Esports,oe:team:f9f16e15a84c85d050aa09b4a21c757,Xayah,Lee Sin,Rakan,Fiora,Olaf,Thresh,,,,,,2764,0,2,3,8,18,18,0.0,0.0,0.0,0.0,0.0,0.0,0.0,0.0,0.3907,0.7815,,,,,,,,,,,,,,,,,,,,,0.0,0.0,,,,,,,,0.0,1.0,18221.0,395.5355,0.163164,454.5803,391.3459,10.0,0.2171,16.0,0.3473,1.0,41.0,0.89,18535,12621,273.9725,0.253348,16775.0,,,393.0,332.0,61.0,,,8.5311,2934.0,3045.0,71.0,3470.0,3805.0,91.0,-536.0,-760.0,-20.0,0.0,0.0,0.0,0.0,2.0,0.0,4593.0,5207.0,121.0,6014.0,6512.0,146.0,-1421.0,-1305.0,-25.0,0.0,0.0,1.0,0.0,3.0,0.0,6469.0,7029.0,153.0,8063.0,8941.0,211.0,-1594.0,-1912.0,-58.0,0.0,1.0,1.0,0.0,3.0,0.0,8585.0,9662.0,213.0,10813.0,11990.0,264.0,-2228.0,-2328.0,-51.0,0.0,2.0,2.0,1.0,6.0,0.0
ESPORTSTMNT05_3222318,complete,,EM,2023,Spring,0,2023-04-12 17:50:53,1,13.06,10,Red,sup,Czypsy,oe:player:df5866d3078c786ce03084b78b1f5d9,Orbit Anonymo Esports,oe:team:f9f16e15a84c85d050aa09b4a21c757,Renata Glasc,Lee Sin,Rakan,Fiora,Olaf,Thresh,,,,,,2764,0,0,5,10,18,18,0.0,0.0,0.0,0.0,0.0,0.0,0.0,1.0,0.3907,0.7815,,,,,,,,,,,,,,,,,,,,,1.0,0.0,,,,,,,,0.0,0.0,5702.0,123.7771,0.0510598,511.0203,679.6237,85.0,1.8452,24.0,0.521,23.0,139.0,3.0174,10153,4239,92.0188,0.0850896,10210.0,,,57.0,53.0,4.0,,,1.2373,2086.0,2247.0,15.0,2346.0,2424.0,16.0,-260.0,-177.0,-1.0,0.0,0.0,2.0,0.0,2.0,0.0,3073.0,3555.0,22.0,3806.0,3557.0,24.0,-733.0,-2.0,-2.0,0.0,0.0,2.0,1.0,2.0,0.0,4066.0,4912.0,29.0,4788.0,4952.0,31.0,-722.0,-40.0,-2.0,0.0,1.0,2.0,1.0,2.0,0.0,5052.0,6186.0,36.0,5940.0,6341.0,35.0,-888.0,-155.0,1.0,0.0,2.0,3.0,1.0,5.0,0.0
ESPORTSTMNT05_3222318,complete,,EM,2023,Spring,0,2023-04-12 17:50:53,1,13.06,100,Blue,team,,,Unicorns of Love Sexy Edition,oe:team:6a060bd74c9041bf0aa89adf9d15d12,,Annie,Vi,Nautilus,Ezreal,Tristana,Wukong,Varus,Ahri,Leona,Jayce,2764,1,18,18,45,18,18,2.0,0.0,0.0,0.0,1.0,,,,0.3907,0.7815,0.0,3.0,4.0,3.0,4.0,0.0,2.0,0.0,1.0,0.0,0.0,,0.0,0.0,1.0,2.0,0.0,,,1.0,1.0,2.0,1.0,8.0,5.0,1.0,1.0,5.0,1.0,2.0,1.0,144050.0,3126.9899,,3298.2417,3955.3763,170.0,3.6903,86.0,1.8669,41.0,456.0,9.8987,80693,51122,1109.7395,,83130.0,0.100595,2.04,,1138.0,301.0,,,31.2373,16898.0,18832.0,345.0,15238.0,18265.0,306.0,1660.0,567.0,39.0,4.0,5.0,3.0,3.0,2.0,4.0,26138.0,30127.0,553.0,22890.0,29334.0,504.0,3248.0,793.0,49.0,5.0,6.0,3.0,3.0,2.0,5.0,34412.0,41794.0,763.0,30693.0,38977.0,658.0,3719.0,2817.0,105.0,5.0,6.0,4.0,4.0,6.0,5.0,45030.0,54350.0,953.0,38547.0,50580.0,825.0,6483.0,3770.0,128.0,9.0,18.0,5.0,5.0,10.0,9.0
ESPORTSTMNT05_3222318,complete,,EM,2023,Spring,0,2023-04-12 17:50:53,1,13.06,200,Red,team,,,Orbit Anonymo Esports,oe:team:f9f16e15a84c85d050aa09b4a21c757,,Lee Sin,Rakan,Fiora,Olaf,Thresh,Maokai,Xayah,Gnar,Veigar,Renata Glasc,2764,0,18,18,43,18,18,2.0,0.0,0.0,0.0,0.0,,,,0.3907,0.7815,1.0,4.0,3.0,4.0,3.0,0.0,3.0,0.0,0.0,0.0,1.0,,0.0,0.0,0.0,0.0,2.0,,,0.0,2.0,1.0,0.0,5.0,8.0,0.0,0.0,1.0,5.0,1.0,2.0,111673.0,2424.1606,,3968.6397,5095.2677,141.0,3.0608,90.0,1.9537,41.0,359.0,7.7931,79387,49816,1081.3893,,75168.0,-0.100595,-2.04,,1075.0,259.0,,,28.958,15238.0,18265.0,306.0,16898.0,18832.0,345.0,-1660.0,-567.0,-39.0,3.0,2.0,4.0,4.0,5.0,3.0,22890.0,29334.0,504.0,26138.0,30127.0,553.0,-3248.0,-793.0,-49.0,3.0,2.0,5.0,5.0,6.0,3.0,30693.0,38977.0,658.0,34412.0,41794.0,763.0,-3719.0,-2817.0,-105.0,4.0,6.0,5.0,5.0,6.0,4.0,38547.0,50580.0,825.0,45030.0,54350.0,953.0,-6483.0,-3770.0,-128.0,5.0,10.0,9.0,9.0,18.0,5.0
ESPORTSTMNT05_3223030,complete,,EM,2023,Spring,0,2023-04-12 18:39:15,1,13.06,1,Blue,top,StarScreen,oe:player:1bc0756ba9102abb5a7cd13d2b618aa,FUT Esports,oe:team:8df5e2c8825f60f136b2cbed5633a81,Olaf,Annie,Aphelios,Xayah,Orianna,Rakan,,,,,,1742,1,8,3,7,27,11,1.0,0.0,0.0,0.0,0.0,0.0,0.0,0.0,0.93,1.3088,,,,,,,,,,,,,,,,,,,,,0.0,0.0,,,,,,,,0.0,0.0,24555.0,845.752,0.307414,702.5718,1134.8335,8.0,0.2755,4.0,0.1378,0.0,21.0,0.7233,13958,10129,348.8749,0.23557,12450.0,,,223.0,219.0,4.0,,,7.6808,3609.0,4514.0,73.0,3325.0,4176.0,68.0,284.0,338.0,5.0,1.0,1.0,1.0,1.0,1.0,2.0,6464.0,7583.0,124.0,4450.0,6151.0,89.0,2014.0,1432.0,35.0,2.0,1.0,1.0,1.0,1.0,3.0,8693.0,10666.0,163.0,6188.0,8808.0,133.0,2505.0,1858.0,30.0,3.0,2.0,2.0,1.0,2.0,4.0,11889.0,13536.0,194.0,8312.0,11922.0,193.0,3577.0,1614.0,1.0,7.0,4.0,3.0,1.0,4.0,5.0
ESPORTSTMNT05_3223030,complete,,EM,2023,Spring,0,2023-04-12 18:39:15,1,13.06,2,Blue,jng,Mojito,oe:player:d92b0904aa4f08f128aa8c6d2775056,FUT Esports,oe:team:8df5e2c8825f60f136b2cbed5633a81,Wukong,Annie,Aphelios,Xayah,Orianna,Rakan,,,,,,1742,1,7,3,11,27,11,0.0,0.0,0.0,0.0,0.0,0.0,0.0,0.0,0.93,1.3088,,,,,,,,,,,,,,,,,,,,,1.0,0.0,,,,,,,,1.0,0.0,17557.0,604.7187,0.219803,1197.3479,1073.628,6.0,0.2067,6.0,0.2067,6.0,33.0,1.1366,13066,9237,318.1515,0.214824,12550.0,,,166.0,27.0,139.0,,,5.7176,4026.0,3738.0,66.0,3294.0,3037.0,58.0,732.0,701.0,8.0,2.0,2.0,1.0,1.0,0.0,0.0,6012.0,6138.0,89.0,5018.0,4795.0,88.0,994.0,1343.0,1.0,3.0,3.0,1.0,2.0,0.0,0.0,9110.0,8911.0,125.0,6702.0,6683.0,109.0,2408.0,2228.0,16.0,6.0,3.0,1.0,3.0,0.0,1.0,11272.0,11753.0,147.0,8079.0,9428.0,135.0,3193.0,2325.0,12.0,6.0,8.0,2.0,3.0,3.0,3.0
ESPORTSTMNT05_3223030,complete,,EM,2023,Spring,0,2023-04-12 18:39:15,1,13.06,3,Blue,mid,Tempt,oe:player:2861898294dd867b05fd28dca284e57,FUT Esports,oe:team:8df5e2c8825f60f136b2cbed5633a81,Ahri,Annie,Aphelios,Xayah,Orianna,Rakan,,,,,,1742,1,6,1,8,27,11,0.0,0.0,0.0,0.0,0.0,0.0,0.0,0.0,0.93,1.3088,,,,,,,,,,,,,,,,,,,,,0.0,0.0,,,,,,,,0.0,0.0,17265.0,594.6613,0.216148,457.9908,298.5534,18.0,0.62,11.0,0.3789,6.0,55.0,1.8944,13963,10134,349.0471,0.235687,12050.0,,,286.0,284.0,2.0,,,9.8507,4187.0,5089.0,94.0,3519.0,4373.0,80.0,668.0,716.0,14.0,2.0,1.0,0.0,2.0,0.0,2.0,6164.0,8266.0,152.0,5274.0,7394.0,138.0,890.0,872.0,14.0,2.0,2.0,0.0,2.0,0.0,3.0,9050.0,11489.0,205.0,7162.0,10367.0,193.0,1888.0,1122.0,12.0,3.0,4.0,0.0,2.0,1.0,4.0,11587.0,15044.0,254.0,10571.0,12311.0,216.0,1016.0,2733.0,38.0,4.0,5.0,1.0,5.0,1.0,5.0
ESPORTSTMNT05_3223030,complete,,EM,2023,Spring,0,2023-04-12 18:39:15,1,13.06,4,Blue,bot,Fatihcan,oe:player:4a8a150d1497b3daa66c2bdaffe2c43,FUT Esports,oe:team:8df5e2c8825f60f136b2cbed5633a81,Varus,Annie,Aphelios,Xayah,Orianna,Rakan,,,,,,1742,1,5,0,8,27,11,1.0,0.0,0.0,0.0,0.0,0.0,0.0,0.0,0.93,1.3088,,,,,,,,,,,,,,,,,,,,,0.0,0.0,,,,,,,,2.0,0.0,15034.0,517.8186,0.188217,128.9897,247.8186,13.0,0.4478,10.0,0.3444,3.0,33.0,1.1366,13276,9447,325.3846,0.219709,11855.0,,,247.0,235.0,12.0,,,8.5075,3380.0,3683.0,85.0,3408.0,3418.0,86.0,-28.0,265.0,-1.0,0.0,1.0,0.0,0.0,1.0,0.0,5828.0,5732.0,139.0,5142.0,5439.0,135.0,686.0,293.0,4.0,1.0,1.0,0.0,0.0,2.0,1.0,7951.0,7889.0,182.0,6610.0,6966.0,172.0,1341.0,923.0,10.0,1.0,2.0,0.0,0.0,2.0,2.0,11018.0,11350.0,223.0,8453.0,10069.0,222.0,2565.0,1281.0,1.0,3.0,5.0,0.0,0.0,5.0,3.0
ESPORTSTMNT05_3223030,complete,,EM,2023,Spring,0,2023-04-12 18:39:15,1,13.06,5,Blue,sup,Asper,oe:player:29e873916dcb14c9feb6b85d253cb87,FUT Esports,oe:team:8df5e2c8825f60f136b2cbed5633a81,Blitzcrank,Annie,Aphelios,Xayah,Orianna,Rakan,,,,,,1742,1,1,4,14,27,11,0.0,0.0,0.0,0.0,0.0,0.0,0.0,1.0,0.93,1.3088,,,,,,,,,,,,,,,,,,,,,0.0,0.0,,,,,,,,0.0,0.0,5465.0,188.2319,0.0684185,353.9036,230.3904,47.0,1.6188,9.0,0.31,15.0,98.0,3.3754,7880,4051,139.5293,0.0942102,7775.0,,,32.0,32.0,0.0,,,1.1022,2570.0,2382.0,13.0,2251.0,1994.0,13.0,319.0,388.0,0.0,1.0,2.0,2.0,0.0,2.0,2.0,3893.0,3846.0,24.0,3415.0,3677.0,25.0,478.0,169.0,-1.0,1.0,3.0,3.0,0.0,3.0,2.0,4970.0,5140.0,27.0,4444.0,5151.0,31.0,526.0,-11.0,-4.0,1.0,4.0,3.0,0.0,4.0,3.0,6644.0,7920.0,30.0,5291.0,6770.0,32.0,1353.0,1150.0,-2.0,1.0,8.0,3.0,0.0,7.0,5.0
ESPORTSTMNT05_3223030,complete,,EM,2023,Spring,0,2023-04-12 18:39:15,1,13.06,6,Red,top,Lot,oe:player:eeec6c7a9d2b475c23650b202208b89,Aegis,oe:team:e3a29387c70230d76837b86c2aefd14,Jax,Draven,Rumble,Vi,Renata Glasc,Nautilus,,,,,,1742,0,1,6,5,11,27,0.0,0.0,0.0,0.0,0.0,0.0,0.0,0.0,0.3789,1.3088,,,,,,,,,,,,,,,,,,,,,0.0,0.0,,,,,,,,0.0,0.0,10614.0,365.5798,0.21225,808.3812,453.2377,13.0,0.4478,5.0,0.1722,5.0,24.0,0.8266,9692,5863,201.9403,0.197987,9525.0,,,205.0,189.0,16.0,,,7.0608,3325.0,4176.0,68.0,3609.0,4514.0,73.0,-284.0,-338.0,-5.0,1.0,1.0,2.0,1.0,1.0,1.0,4450.0,6151.0,89.0,6464.0,7583.0,124.0,-2014.0,-1432.0,-35.0,1.0,1.0,3.0,2.0,1.0,1.0,6188.0,8808.0,133.0,8693.0,10666.0,163.0,-2505.0,-1858.0,-30.0,1.0,2.0,4.0,3.0,2.0,2.0,8312.0,11922.0,193.0,11889.0,13536.0,194.0,-3577.0,-1614.0,-1.0,1.0,4.0,5.0,7.0,4.0,3.0
ESPORTSTMNT05_3223030,complete,,EM,2023,Spring,0,2023-04-12 18:39:15,1,13.06,7,Red,jng,SkewMond,oe:player:ab15060e5225b51592cd04b3aed1e09,Aegis,oe:team:e3a29387c70230d76837b86c2aefd14,Sejuani,Draven,Rumble,Vi,Renata Glasc,Nautilus,,,,,,1742,0,3,4,4,11,27,0.0,0.0,0.0,0.0,1.0,1.0,0.0,0.0,0.3789,1.3088,,,,,,,,,,,,,,,,,,,,,0.0,1.0,,,,,,,,0.0,1.0,7431.0,255.9472,0.148599,1029.4374,1214.2595,4.0,0.1378,6.0,0.2067,2.0,25.0,0.8611,9155,5326,183.4443,0.179852,8500.0,,,145.0,29.0,116.0,,,4.9943,3294.0,3037.0,58.0,4026.0,3738.0,66.0,-732.0,-701.0,-8.0,1.0,0.0,0.0,2.0,2.0,1.0,5018.0,4795.0,88.0,6012.0,6138.0,89.0,-994.0,-1343.0,-1.0,2.0,0.0,0.0,3.0,3.0,1.0,6702.0,6683.0,109.0,9110.0,8911.0,125.0,-2408.0,-2228.0,-16.0,3.0,0.0,1.0,6.0,3.0,1.0,8079.0,9428.0,135.0,11272.0,11753.0,147.0,-3193.0,-2325.0,-12.0,3.0,3.0,3.0,6.0,8.0,2.0
ESPORTSTMNT05_3223030,complete,,EM,2023,Spring,0,2023-04-12 18:39:15,1,13.06,8,Red,mid,Eika,oe:player:adfab52b74587bc5acc4201c140451a,Aegis,oe:team:e3a29387c70230d76837b86c2aefd14,Cassiopeia,Draven,Rumble,Vi,Renata Glasc,Nautilus,,,,,,1742,0,5,6,2,11,27,1.0,0.0,0.0,0.0,0.0,0.0,0.0,0.0,0.3789,1.3088,,,,,,,,,,,,,,,,,,,,,0.0,0.0,,,,,,,,0.0,0.0,16852.0,580.4363,0.336993,621.4581,364.2021,14.0,0.4822,1.0,0.0344,7.0,29.0,0.9989,12552,8723,300.4478,0.294571,12475.0,,,251.0,247.0,4.0,,,8.6452,3519.0,4373.0,80.0,4187.0,5089.0,94.0,-668.0,-716.0,-14.0,2.0,0.0,2.0,2.0,1.0,0.0,5274.0,7394.0,138.0,6164.0,8266.0,152.0,-890.0,-872.0,-14.0,2.0,0.0,3.0,2.0,2.0,0.0,7162.0,10367.0,193.0,9050.0,11489.0,205.0,-1888.0,-1122.0,-12.0,2.0,1.0,4.0,3.0,4.0,0.0,10571.0,12311.0,216.0,11587.0,15044.0,254.0,-1016.0,-2733.0,-38.0,5.0,1.0,5.0,4.0,5.0,1.0
ESPORTSTMNT05_3223030,complete,,EM,2023,Spring,0,2023-04-12 18:39:15,1,13.06,9,Red,bot,Shiganari,oe:player:90704735ca9fc01f2244f23f6e5d635,Aegis,oe:team:e3a29387c70230d76837b86c2aefd14,Jinx,Draven,Rumble,Vi,Renata Glasc,Nautilus,,,,,,1742,0,1,4,6,11,27,0.0,0.0,0.0,0.0,1.0,0.0,1.0,0.0,0.3789,1.3088,,,,,,,,,,,,,,,,,,,,,0.0,0.0,,,,,,,,0.0,2.0,11600.0,399.5408,0.231968,461.0563,268.0023,12.0,0.4133,10.0,0.3444,2.0,39.0,1.3433,10790,6961,239.7589,0.235067,10900.0,,,266.0,254.0,12.0,,,9.1619,3408.0,3418.0,86.0,3380.0,3683.0,85.0,28.0,-265.0,1.0,0.0,1.0,0.0,0.0,1.0,0.0,5142.0,5439.0,135.0,5828.0,5732.0,139.0,-686.0,-293.0,-4.0,0.0,2.0,1.0,1.0,1.0,0.0,6610.0,6966.0,172.0,7951.0,7889.0,182.0,-1341.0,-923.0,-10.0,0.0,2.0,2.0,1.0,2.0,0.0,8453.0,10069.0,222.0,11018.0,11350.0,223.0,-2565.0,-1281.0,-1.0,0.0,5.0,3.0,3.0,5.0,0.0
ESPORTSTMNT05_3223030,complete,,EM,2023,Spring,0,2023-04-12 18:39:15,1,13.06,10,Red,sup,Hantera,oe:player:de1fb222dafded7d06b10df578fdd0e,Aegis,oe:team:e3a29387c70230d76837b86c2aefd14,Thresh,Draven,Rumble,Vi,Renata Glasc,Nautilus,,,,,,1742,0,1,7,8,11,27,0.0,0.0,0.0,0.0,1.0,0.0,1.0,0.0,0.3789,1.3088,,,,,,,,,,,,,,,,,,,,,0.0,0.0,,,,,,,,0.0,0.0,3510.0,120.8955,0.0701902,542.6521,274.9598,40.0,1.3777,5.0,0.1722,11.0,56.0,1.9288,6569,2740,94.3743,0.0925218,6575.0,,,34.0,34.0,0.0,,,1.1711,2251.0,1994.0,13.0,2570.0,2382.0,13.0,-319.0,-388.0,0.0,0.0,2.0,2.0,1.0,2.0,2.0,3415.0,3677.0,25.0,3893.0,3846.0,24.0,-478.0,-169.0,1.0,0.0,3.0,2.0,1.0,3.0,3.0,4444.0,5151.0,31.0,4970.0,5140.0,27.0,-526.0,11.0,4.0,0.0,4.0,3.0,1.0,4.0,3.0,5291.0,6770.0,32.0,6644.0,7920.0,30.0,-1353.0,-1150.0,2.0,0.0,7.0,5.0,1.0,8.0,3.0
ESPORTSTMNT05_3223030,complete,,EM,2023,Spring,0,2023-04-12 18:39:15,1,13.06,100,Blue,team,,,FUT Esports,oe:team:8df5e2c8825f60f136b2cbed5633a81,,Annie,Aphelios,Xayah,Orianna,Rakan,Wukong,Varus,Olaf,Ahri,Blitzcrank,1742,1,27,11,48,27,11,2.0,0.0,0.0,0.0,0.0,,,,0.93,1.3088,1.0,4.0,0.0,4.0,0.0,2.0,1.0,0.0,0.0,1.0,0.0,,0.0,0.0,1.0,2.0,0.0,,,1.0,1.0,0.0,1.0,11.0,2.0,1.0,1.0,7.0,1.0,3.0,0.0,79876.0,2751.1825,,2840.8037,2985.2239,92.0,3.1688,40.0,1.3777,30.0,240.0,8.2664,62143,42997,1480.9529,,56680.0,0.166356,3.72,,797.0,157.0,,,32.8588,17772.0,19406.0,331.0,15797.0,16998.0,305.0,1975.0,2408.0,26.0,6.0,7.0,4.0,4.0,4.0,6.0,28361.0,31565.0,528.0,23299.0,27456.0,475.0,5062.0,4109.0,53.0,9.0,10.0,5.0,5.0,6.0,9.0,39774.0,44095.0,702.0,31106.0,37975.0,638.0,8668.0,6120.0,64.0,14.0,15.0,6.0,6.0,9.0,14.0,52410.0,59603.0,848.0,40706.0,50500.0,798.0,11704.0,9103.0,50.0,21.0,30.0,9.0,9.0,20.0,21.0
ESPORTSTMNT05_3223030,complete,,EM,2023,Spring,0,2023-04-12 18:39:15,1,13.06,200,Red,team,,,Aegis,oe:team:e3a29387c70230d76837b86c2aefd14,,Draven,Rumble,Vi,Renata Glasc,Nautilus,Jinx,Sejuani,Jax,Thresh,Cassiopeia,1742,0,11,27,25,11,27,1.0,0.0,0.0,0.0,1.0,,,,0.3789,1.3088,0.0,0.0,4.0,0.0,4.0,0.0,0.0,0.0,0.0,0.0,0.0,,0.0,0.0,0.0,0.0,2.0,,,0.0,0.0,1.0,0.0,2.0,11.0,0.0,0.0,1.0,7.0,0.0,3.0,50007.0,1722.3995,,3462.9851,2574.6613,83.0,2.8588,27.0,0.93,27.0,173.0,5.9587,48758,29612,1019.9311,,47975.0,-0.166356,-3.72,,753.0,148.0,,,31.0333,15797.0,16998.0,305.0,17772.0,19406.0,331.0,-1975.0,-2408.0,-26.0,4.0,4.0,6.0,6.0,7.0,4.0,23299.0,27456.0,475.0,28361.0,31565.0,528.0,-5062.0,-4109.0,-53.0,5.0,6.0,9.0,9.0,10.0,5.0,31106.0,37975.0,638.0,39774.0,44095.0,702.0,-8668.0,-6120.0,-64.0,6.0,9.0,14.0,14.0,15.0,6.0,40706.0,50500.0,798.0,52410.0,59603.0,848.0,-11704.0,-9103.0,-50.0,9.0,20.0,21.0,21.0,30.0,9.0
ESPORTSTMNT05_3223031,complete,,EM,2023,Spring,0,2023-04-12 19:30:18,1,13.06,1,Blue,top,Marky,oe:player:197e012fb5163375e24dbbfdae34911,Movistar KOI,oe:team:4acc40654379b4da680be1bd3129dfa,Gragas,Vi,Irelia,Annie,Olaf,Kled,,,,,,1442,1,3,1,10,26,4,0.0,0.0,0.0,0.0,1.0,1.0,0.0,0.0,1.0818,1.2483,,,,,,,,,,,,,,,,,,,,,1.0,0.0,,,,,,,,0.0,0.0,16325.0,679.2649,0.247923,907.448,777.7947,10.0,0.4161,1.0,0.0416,3.0,21.0,0.8738,10604,7387,307.3648,0.205738,9360.0,,,184.0,180.0,4.0,,,7.656,3875.0,4193.0,69.0,2953.0,4309.0,76.0,922.0,-116.0,-7.0,3.0,1.0,0.0,0.0,0.0,2.0,6192.0,7428.0,130.0,4604.0,6745.0,118.0,1588.0,683.0,12.0,3.0,1.0,0.0,0.0,0.0,2.0,8470.0,11331.0,163.0,6379.0,8492.0,140.0,2091.0,2839.0,23.0,3.0,3.0,1.0,1.0,0.0,3.0,10604.0,13855.0,184.0,6981.0,8966.0,145.0,3623.0,4889.0,39.0,3.0,10.0,1.0,1.0,0.0,5.0
ESPORTSTMNT05_3223031,complete,,EM,2023,Spring,0,2023-04-12 19:30:18,1,13.06,2,Blue,jng,ISMA,oe:player:5450c7731de19c131ce20ea74933cc2,Movistar KOI,oe:team:4acc40654379b4da680be1bd3129dfa,Lee Sin,Vi,Irelia,Annie,Olaf,Kled,,,,,,1442,1,6,1,14,26,4,0.0,0.0,0.0,0.0,0.0,0.0,0.0,0.0,1.0818,1.2483,,,,,,,,,,,,,,,,,,,,,0.0,0.0,,,,,,,,1.0,0.0,11010.0,458.1137,0.167206,988.0444,947.5173,13.0,0.5409,5.0,0.208,4.0,28.0,1.165,10650,7433,309.2788,0.207019,9550.0,,,132.0,20.0,112.0,,,5.4924,3808.0,3134.0,54.0,3111.0,3005.0,56.0,697.0,129.0,-2.0,3.0,2.0,1.0,0.0,0.0,1.0,5920.0,5138.0,85.0,4402.0,4715.0,81.0,1518.0,423.0,4.0,4.0,5.0,1.0,0.0,0.0,2.0,8069.0,7458.0,115.0,5793.0,7010.0,111.0,2276.0,448.0,4.0,4.0,8.0,1.0,0.0,0.0,3.0,10650.0,10342.0,132.0,6466.0,7522.0,116.0,4184.0,2820.0,16.0,6.0,14.0,1.0,0.0,0.0,5.0
ESPORTSTMNT05_3223031,complete,,EM,2023,Spring,0,2023-04-12 19:30:18,1,13.06,3,Blue,mid,Fresskowy,oe:player:cda093b28f577696b82604fb20037ad,Movistar KOI,oe:team:4acc40654379b4da680be1bd3129dfa,Lissandra,Vi,Irelia,Annie,Olaf,Kled,,,,,,1442,1,4,1,13,26,4,0.0,0.0,0.0,0.0,0.0,0.0,0.0,0.0,1.0818,1.2483,,,,,,,,,,,,,,,,,,,,,0.0,0.0,,,,,,,,0.0,0.0,11335.0,471.6366,0.172141,395.9501,213.62,9.0,0.3745,3.0,0.1248,2.0,18.0,0.749,9816,6599,274.577,0.18379,8750.0,,,194.0,194.0,0.0,,,8.0721,3325.0,4566.0,87.0,3007.0,4490.0,81.0,318.0,76.0,6.0,0.0,4.0,0.0,0.0,0.0,0.0,5500.0,7155.0,139.0,4842.0,7053.0,134.0,658.0,102.0,5.0,1.0,6.0,1.0,0.0,0.0,0.0,7302.0,8970.0,170.0,7072.0,10038.0,191.0,230.0,-1068.0,-21.0,1.0,9.0,1.0,0.0,0.0,0.0,9816.0,11825.0,194.0,7952.0,11084.0,207.0,1864.0,741.0,-13.0,4.0,13.0,1.0,0.0,0.0,1.0
ESPORTSTMNT05_3223031,complete,,EM,2023,Spring,0,2023-04-12 19:30:18,1,13.06,4,Blue,bot,Supa,oe:player:1223a0ed2bfab9b714c72d965df8133,Movistar KOI,oe:team:4acc40654379b4da680be1bd3129dfa,Zeri,Vi,Irelia,Annie,Olaf,Kled,,,,,,1442,1,13,1,6,26,4,3.0,1.0,0.0,0.0,0.0,0.0,0.0,0.0,1.0818,1.2483,,,,,,,,,,,,,,,,,,,,,0.0,0.0,,,,,,,,0.0,0.0,23112.0,961.6644,0.350995,405.1456,427.7393,9.0,0.3745,13.0,0.5409,3.0,39.0,1.6227,14005,10788,448.8766,0.300463,12425.0,,,227.0,204.0,23.0,,,9.4452,4618.0,3912.0,94.0,3658.0,3098.0,72.0,960.0,814.0,22.0,3.0,1.0,0.0,1.0,0.0,1.0,7467.0,6300.0,141.0,6581.0,5075.0,113.0,886.0,1225.0,28.0,5.0,3.0,1.0,3.0,0.0,2.0,11185.0,9390.0,196.0,8470.0,7078.0,162.0,2715.0,2312.0,34.0,9.0,3.0,1.0,3.0,1.0,3.0,14005.0,11884.0,227.0,9536.0,8044.0,187.0,4469.0,3840.0,40.0,13.0,6.0,1.0,3.0,1.0,5.0
ESPORTSTMNT05_3223031,complete,,EM,2023,Spring,0,2023-04-12 19:30:18,1,13.06,5,Blue,sup,Alvaro,oe:player:f5bf9bd732b85e4dcab5121e4769ae4,Movistar KOI,oe:team:4acc40654379b4da680be1bd3129dfa,Nautilus,Vi,Irelia,Annie,Olaf,Kled,,,,,,1442,1,0,0,17,26,4,0.0,0.0,0.0,0.0,0.0,0.0,0.0,0.0,1.0818,1.2483,,,,,,,,,,,,,,,,,,,,,0.0,0.0,,,,,,,,0.0,0.0,4065.0,169.1401,0.061734,455.6588,633.62,29.0,1.2067,3.0,0.1248,9.0,55.0,2.2885,6915,3698,153.8696,0.10299,5975.0,,,30.0,30.0,0.0,,,1.2483,2841.0,2553.0,15.0,2063.0,1742.0,11.0,778.0,811.0,4.0,0.0,7.0,0.0,0.0,1.0,5.0,4221.0,3777.0,26.0,3453.0,3215.0,19.0,768.0,562.0,7.0,0.0,11.0,0.0,0.0,3.0,7.0,5446.0,4625.0,30.0,4545.0,4691.0,24.0,901.0,-66.0,6.0,0.0,12.0,0.0,0.0,4.0,8.0,6915.0,7385.0,30.0,5141.0,5365.0,25.0,1774.0,2020.0,5.0,0.0,17.0,0.0,0.0,4.0,10.0
ESPORTSTMNT05_3223031,complete,,EM,2023,Spring,0,2023-04-12 19:30:18,1,13.06,6,Red,top,ACD,oe:player:72c5cc0e2586935d16539f31a2a4fec,Macko Esports,oe:team:a2e63aee03585f0b37ff4cad936e349,K'Sante,Xin Zhao,Rakan,Sejuani,Blitzcrank,Orianna,,,,,,1442,0,1,5,0,4,26,0.0,0.0,0.0,0.0,0.0,0.0,0.0,1.0,0.1664,1.2483,,,,,,,,,,,,,,,,,,,,,0.0,1.0,,,,,,,,0.0,0.0,10261.0,426.9487,0.236184,934.2441,918.9736,10.0,0.4161,3.0,0.1248,4.0,24.0,0.9986,6981,3764,156.6158,0.188284,6750.0,,,145.0,145.0,0.0,,,6.0333,2953.0,4309.0,76.0,3875.0,4193.0,69.0,-922.0,116.0,7.0,0.0,0.0,2.0,3.0,1.0,0.0,4604.0,6745.0,118.0,6192.0,7428.0,130.0,-1588.0,-683.0,-12.0,0.0,0.0,2.0,3.0,1.0,0.0,6379.0,8492.0,140.0,8470.0,11331.0,163.0,-2091.0,-2839.0,-23.0,1.0,0.0,3.0,3.0,3.0,1.0,6981.0,8966.0,145.0,10604.0,13855.0,184.0,-3623.0,-4889.0,-39.0,1.0,0.0,5.0,3.0,10.0,1.0
ESPORTSTMNT05_3223031,complete,,EM,2023,Spring,0,2023-04-12 19:30:18,1,13.06,7,Red,jng,Cboi,oe:player:702efc23873d774e479682ef680d911,Macko Esports,oe:team:a2e63aee03585f0b37ff4cad936e349,Wukong,Xin Zhao,Rakan,Sejuani,Blitzcrank,Orianna,,,,,,1442,0,0,5,0,4,26,0.0,0.0,0.0,0.0,0.0,0.0,0.0,0.0,0.1664,1.2483,,,,,,,,,,,,,,,,,,,,,0.0,0.0,,,,,,,,0.0,1.0,6256.0,260.3051,0.143998,918.9736,618.724,8.0,0.3329,9.0,0.3745,5.0,46.0,1.914,6466,3249,135.1872,0.162521,6025.0,,,116.0,13.0,103.0,,,4.8266,3111.0,3005.0,56.0,3808.0,3134.0,54.0,-697.0,-129.0,2.0,0.0,0.0,1.0,3.0,2.0,1.0,4402.0,4715.0,81.0,5920.0,5138.0,85.0,-1518.0,-423.0,-4.0,0.0,0.0,2.0,4.0,5.0,1.0,5793.0,7010.0,111.0,8069.0,7458.0,115.0,-2276.0,-448.0,-4.0,0.0,0.0,3.0,4.0,8.0,1.0,6466.0,7522.0,116.0,10650.0,10342.0,132.0,-4184.0,-2820.0,-16.0,0.0,0.0,5.0,6.0,14.0,1.0
ESPORTSTMNT05_3223031,complete,,EM,2023,Spring,0,2023-04-12 19:30:18,1,13.06,8,Red,mid,Six10,oe:player:325397710b4294aeb7a18881c34f33b,Macko Esports,oe:team:a2e63aee03585f0b37ff4cad936e349,Ahri,Xin Zhao,Rakan,Sejuani,Blitzcrank,Orianna,,,,,,1442,0,0,1,0,4,26,0.0,0.0,0.0,0.0,0.0,0.0,0.0,0.0,0.1664,1.2483,,,,,,,,,,,,,,,,,,,,,0.0,0.0,,,,,,,,0.0,0.0,7092.0,295.0902,0.163241,372.4411,194.5215,9.0,0.3745,2.0,0.0832,4.0,24.0,0.9986,7952,4735,197.018,0.236859,8580.0,,,207.0,207.0,0.0,,,8.613,3007.0,4490.0,81.0,3325.0,4566.0,87.0,-318.0,-76.0,-6.0,0.0,0.0,0.0,0.0,4.0,0.0,4842.0,7053.0,134.0,5500.0,7155.0,139.0,-658.0,-102.0,-5.0,0.0,0.0,0.0,1.0,6.0,1.0,7072.0,10038.0,191.0,7302.0,8970.0,170.0,-230.0,1068.0,21.0,0.0,0.0,0.0,1.0,9.0,1.0,7952.0,11084.0,207.0,9816.0,11825.0,194.0,-1864.0,-741.0,13.0,0.0,0.0,1.0,4.0,13.0,1.0
ESPORTSTMNT05_3223031,complete,,EM,2023,Spring,0,2023-04-12 19:30:18,1,13.06,9,Red,bot,Vzz,oe:player:ba6e76e259419420ddff269bb6ef074,Macko Esports,oe:team:a2e63aee03585f0b37ff4cad936e349,Jinx,Xin Zhao,Rakan,Sejuani,Blitzcrank,Orianna,,,,,,1442,0,3,5,1,4,26,0.0,0.0,0.0,0.0,0.0,0.0,0.0,0.0,0.1664,1.2483,,,,,,,,,,,,,,,,,,,,,0.0,0.0,,,,,,,,0.0,0.0,14430.0,600.4161,0.332144,505.3814,227.767,8.0,0.3329,5.0,0.208,1.0,21.0,0.8738,9536,6319,262.9265,0.3161,9150.0,,,187.0,183.0,4.0,,,7.7809,3658.0,3098.0,72.0,4618.0,3912.0,94.0,-960.0,-814.0,-22.0,1.0,0.0,1.0,3.0,1.0,0.0,6581.0,5075.0,113.0,7467.0,6300.0,141.0,-886.0,-1225.0,-28.0,3.0,0.0,2.0,5.0,3.0,1.0,8470.0,7078.0,162.0,11185.0,9390.0,196.0,-2715.0,-2312.0,-34.0,3.0,1.0,3.0,9.0,3.0,1.0,9536.0,8044.0,187.0,14005.0,11884.0,227.0,-4469.0,-3840.0,-40.0,3.0,1.0,5.0,13.0,6.0,1.0
ESPORTSTMNT05_3223031,complete,,EM,2023,Spring,0,2023-04-12 19:30:18,1,13.06,10,Red,sup,Click,oe:player:1e249a5688255bde7f7213b5d257b3c,Macko Esports,oe:team:a2e63aee03585f0b37ff4cad936e349,Thresh,Xin Zhao,Rakan,Sejuani,Blitzcrank,Orianna,,,,,,1442,0,0,10,4,4,26,0.0,0.0,0.0,0.0,0.0,0.0,0.0,0.0,0.1664,1.2483,,,,,,,,,,,,,,,,,,,,,0.0,0.0,,,,,,,,0.0,0.0,5406.0,224.9376,0.124433,707.018,578.9043,28.0,1.165,3.0,0.1248,7.0,34.0,1.4147,5141,1924,80.0555,0.096236,4835.0,,,25.0,25.0,0.0,,,1.0402,2063.0,1742.0,11.0,2841.0,2553.0,15.0,-778.0,-811.0,-4.0,0.0,1.0,5.0,0.0,7.0,0.0,3453.0,3215.0,19.0,4221.0,3777.0,26.0,-768.0,-562.0,-7.0,0.0,3.0,7.0,0.0,11.0,0.0,4545.0,4691.0,24.0,5446.0,4625.0,30.0,-901.0,66.0,-6.0,0.0,4.0,8.0,0.0,12.0,0.0,5141.0,5365.0,25.0,6915.0,7385.0,30.0,-1774.0,-2020.0,-5.0,0.0,4.0,10.0,0.0,17.0,0.0
ESPORTSTMNT05_3223031,complete,,EM,2023,Spring,0,2023-04-12 19:30:18,1,13.06,100,Blue,team,,,Movistar KOI,oe:team:4acc40654379b4da680be1bd3129dfa,,Vi,Irelia,Annie,Olaf,Kled,Gragas,Lee Sin,Zeri,Nautilus,Lissandra,1442,1,26,4,60,26,4,3.0,1.0,0.0,0.0,1.0,,,,1.0818,1.2483,1.0,3.0,0.0,3.0,0.0,0.0,1.0,0.0,1.0,1.0,0.0,,0.0,0.0,0.0,1.0,1.0,,,1.0,1.0,0.0,1.0,9.0,1.0,1.0,1.0,8.0,4.0,1.0,0.0,65847.0,2739.8197,,3152.2469,3000.2913,70.0,2.9126,25.0,1.0402,21.0,161.0,6.699,51990,35904,1493.9251,,46060.0,0.263391,4.46,,628.0,139.0,,,31.914,18467.0,18358.0,319.0,14792.0,16644.0,296.0,3675.0,1714.0,23.0,9.0,15.0,1.0,1.0,1.0,9.0,29300.0,29798.0,521.0,23882.0,26803.0,465.0,5418.0,2995.0,56.0,13.0,26.0,3.0,3.0,3.0,13.0,40472.0,41774.0,674.0,32259.0,37309.0,628.0,8213.0,4465.0,46.0,17.0,35.0,4.0,4.0,5.0,17.0,51990.0,55291.0,767.0,36076.0,40981.0,680.0,15914.0,14310.0,87.0,26.0,60.0,4.0,4.0,5.0,26.0
ESPORTSTMNT05_3223031,complete,,EM,2023,Spring,0,2023-04-12 19:30:18,1,13.06,200,Red,team,,,Macko Esports,oe:team:a2e63aee03585f0b37ff4cad936e349,,Xin Zhao,Rakan,Sejuani,Blitzcrank,Orianna,Jinx,Wukong,Ahri,Thresh,K'Sante,1442,0,4,26,5,4,26,0.0,0.0,0.0,0.0,0.0,,,,0.1664,1.2483,0.0,0.0,3.0,0.0,3.0,0.0,0.0,0.0,0.0,0.0,0.0,,0.0,0.0,1.0,1.0,1.0,,,0.0,0.0,1.0,0.0,1.0,9.0,0.0,0.0,4.0,8.0,0.0,1.0,43445.0,1807.6976,,3438.0583,2538.8904,63.0,2.6214,22.0,0.9154,21.0,149.0,6.1997,36076,19990,831.7614,,35340.0,-0.263391,-4.46,,573.0,107.0,,,28.294,14792.0,16644.0,296.0,18467.0,18358.0,319.0,-3675.0,-1714.0,-23.0,1.0,1.0,9.0,9.0,15.0,1.0,23882.0,26803.0,465.0,29300.0,29798.0,521.0,-5418.0,-2995.0,-56.0,3.0,3.0,13.0,13.0,26.0,3.0,32259.0,37309.0,628.0,40472.0,41774.0,674.0,-8213.0,-4465.0,-46.0,4.0,5.0,17.0,17.0,35.0,4.0,36076.0,40981.0,680.0,51990.0,55291.0,767.0,-15914.0,-14310.0,-87.0,4.0,5.0,26.0,26.0,60.0,4.0
ESPORTSTMNT05_3220334,complete,,EM,2023,Spring,0,2023-04-12 19:33:04,1,13.06,1,Blue,top,Hiro,oe:player:6a52e8fc387411c38ae76e77ffe6b15,Orbit Anonymo Esports,oe:team:f9f16e15a84c85d050aa09b4a21c757,Gnar,Sejuani,Caitlyn,Maokai,Gragas,Kennen,,,,,,1655,0,2,4,2,10,19,0.0,0.0,0.0,0.0,1.0,1.0,0.0,0.0,0.3625,1.0514,,,,,,,,,,,,,,,,,,,,,0.0,0.0,,,,,,,,0.0,0.0,17244.0,625.1601,0.301258,898.3686,638.284,12.0,0.435,1.0,0.0363,2.0,22.0,0.7976,10158,6506,235.8671,0.232497,10133.0,,,223.0,219.0,4.0,,,8.0846,3688.0,4622.0,80.0,3389.0,4744.0,90.0,299.0,-122.0,-10.0,1.0,1.0,0.0,0.0,0.0,1.0,6032.0,8200.0,131.0,5585.0,7501.0,134.0,447.0,699.0,-3.0,2.0,1.0,1.0,1.0,0.0,2.0,7403.0,10141.0,161.0,7610.0,10074.0,168.0,-207.0,67.0,-7.0,2.0,2.0,2.0,2.0,4.0,2.0,9445.0,12762.0,208.0,9949.0,13682.0,205.0,-504.0,-920.0,3.0,2.0,2.0,3.0,3.0,7.0,2.0
ESPORTSTMNT05_3220334,complete,,EM,2023,Spring,0,2023-04-12 19:33:04,1,13.06,2,Blue,jng,Savero,oe:player:565edcb58e76115e571f38521946e41,Orbit Anonymo Esports,oe:team:f9f16e15a84c85d050aa09b4a21c757,Lee Sin,Sejuani,Caitlyn,Maokai,Gragas,Kennen,,,,,,1655,0,3,3,2,10,19,0.0,0.0,0.0,0.0,1.0,0.0,1.0,0.0,0.3625,1.0514,,,,,,,,,,,,,,,,,,,,,0.0,1.0,,,,,,,,0.0,0.0,6282.0,227.7462,0.109748,770.3565,848.0846,11.0,0.3988,9.0,0.3263,5.0,42.0,1.5227,9301,5649,204.7976,0.201872,8875.0,,,149.0,17.0,132.0,,,5.4018,4046.0,3585.0,62.0,3219.0,3281.0,64.0,827.0,304.0,-2.0,2.0,1.0,0.0,0.0,1.0,2.0,6017.0,5807.0,100.0,4619.0,5278.0,87.0,1398.0,529.0,13.0,3.0,1.0,0.0,0.0,2.0,3.0,7654.0,7755.0,125.0,6163.0,7802.0,116.0,1491.0,-47.0,9.0,3.0,2.0,1.0,0.0,4.0,4.0,8985.0,9594.0,149.0,8391.0,10869.0,143.0,594.0,-1275.0,6.0,3.0,2.0,2.0,0.0,8.0,4.0
ESPORTSTMNT05_3220334,complete,,EM,2023,Spring,0,2023-04-12 19:33:04,1,13.06,3,Blue,mid,Roison,oe:player:1428134d4ece3f00321b6b870ca2152,Orbit Anonymo Esports,oe:team:f9f16e15a84c85d050aa09b4a21c757,Malzahar,Sejuani,Caitlyn,Maokai,Gragas,Kennen,,,,,,1655,0,1,2,5,10,19,0.0,0.0,0.0,0.0,0.0,0.0,0.0,0.0,0.3625,1.0514,,,,,,,,,,,,,,,,,,,,,0.0,0.0,,,,,,,,0.0,1.0,13316.0,482.7553,0.232635,590.3927,350.0665,9.0,0.3263,3.0,0.1088,3.0,23.0,0.8338,9454,5802,210.3444,0.20734,8460.0,,,229.0,212.0,17.0,,,8.3021,2833.0,4177.0,69.0,3586.0,5138.0,98.0,-753.0,-961.0,-29.0,0.0,0.0,0.0,0.0,0.0,0.0,4668.0,6988.0,125.0,5496.0,8289.0,159.0,-828.0,-1301.0,-34.0,0.0,1.0,0.0,0.0,0.0,0.0,6660.0,9483.0,177.0,8392.0,11608.0,215.0,-1732.0,-2125.0,-38.0,0.0,2.0,1.0,2.0,2.0,0.0,8276.0,11342.0,211.0,10799.0,15077.0,266.0,-2523.0,-3735.0,-55.0,0.0,3.0,2.0,2.0,5.0,0.0
ESPORTSTMNT05_3220334,complete,,EM,2023,Spring,0,2023-04-12 19:33:04,1,13.06,4,Blue,bot,Neramin,oe:player:c032df73970ffb2f2b585d912f6b20d,Orbit Anonymo Esports,oe:team:f9f16e15a84c85d050aa09b4a21c757,Xayah,Sejuani,Caitlyn,Maokai,Gragas,Kennen,,,,,,1655,0,3,5,3,10,19,0.0,0.0,0.0,0.0,0.0,0.0,0.0,0.0,0.3625,1.0514,,,,,,,,,,,,,,,,,,,,,0.0,0.0,,,,,,,,0.0,0.0,16051.0,581.9094,0.280416,654.6707,260.0121,8.0,0.29,7.0,0.2538,1.0,15.0,0.5438,11145,7493,271.6495,0.267767,9875.0,,,261.0,227.0,34.0,,,9.4622,2896.0,2723.0,72.0,4466.0,3370.0,94.0,-1570.0,-647.0,-22.0,0.0,0.0,2.0,3.0,0.0,0.0,5080.0,5277.0,133.0,6506.0,5921.0,154.0,-1426.0,-644.0,-21.0,0.0,1.0,2.0,3.0,0.0,0.0,7397.0,7913.0,195.0,10297.0,9165.0,216.0,-2900.0,-1252.0,-21.0,1.0,1.0,3.0,5.0,3.0,0.0,9335.0,10360.0,244.0,13680.0,12912.0,263.0,-4345.0,-2552.0,-19.0,1.0,2.0,4.0,8.0,5.0,0.0
ESPORTSTMNT05_3220334,complete,,EM,2023,Spring,0,2023-04-12 19:33:04,1,13.06,5,Blue,sup,Czypsy,oe:player:df5866d3078c786ce03084b78b1f5d9,Orbit Anonymo Esports,oe:team:f9f16e15a84c85d050aa09b4a21c757,Leona,Sejuani,Caitlyn,Maokai,Gragas,Kennen,,,,,,1655,0,1,5,5,10,19,0.0,0.0,0.0,0.0,0.0,0.0,0.0,0.0,0.3625,1.0514,,,,,,,,,,,,,,,,,,,,,0.0,0.0,,,,,,,,0.0,0.0,4347.0,157.5952,0.0759434,637.1239,663.8066,30.0,1.0876,18.0,0.6526,7.0,70.0,2.5378,6185,2533,91.8308,0.0905232,6050.0,,,41.0,41.0,0.0,,,1.4864,2182.0,2790.0,15.0,2471.0,2775.0,21.0,-289.0,15.0,-6.0,0.0,1.0,1.0,0.0,3.0,0.0,3328.0,4113.0,25.0,3480.0,3704.0,30.0,-152.0,409.0,-5.0,0.0,2.0,1.0,0.0,3.0,0.0,4286.0,5101.0,29.0,4916.0,5859.0,41.0,-630.0,-758.0,-12.0,0.0,3.0,2.0,0.0,8.0,0.0,5636.0,6078.0,39.0,6825.0,7864.0,49.0,-1189.0,-1786.0,-10.0,1.0,3.0,3.0,1.0,11.0,1.0
ESPORTSTMNT05_3220334,complete,,EM,2023,Spring,0,2023-04-12 19:33:04,1,13.06,6,Red,top,Kryze,oe:player:75414f3b4f03bf449c319eb75f3dd5b,LDLC OL,oe:team:e31c6dcc465e0b94500ef023f42cdc1,Sion,Vi,Annie,Nautilus,Veigar,Malphite,,,,,,1655,1,3,3,9,19,10,0.0,0.0,0.0,0.0,0.0,0.0,0.0,1.0,0.6888,1.0514,,,,,,,,,,,,,,,,,,,,,0.0,0.0,,,,,,,,0.0,0.0,16064.0,582.3807,0.204104,1068.5438,1797.6798,10.0,0.3625,3.0,0.1088,2.0,24.0,0.8701,11173,7521,272.6647,0.193486,10330.0,,,222.0,222.0,0.0,,,8.0483,3389.0,4744.0,90.0,3688.0,4622.0,80.0,-299.0,122.0,10.0,0.0,0.0,1.0,1.0,1.0,0.0,5585.0,7501.0,134.0,6032.0,8200.0,131.0,-447.0,-699.0,3.0,1.0,0.0,2.0,2.0,1.0,1.0,7610.0,10074.0,168.0,7403.0,10141.0,161.0,207.0,-67.0,7.0,2.0,4.0,2.0,2.0,2.0,2.0,9949.0,13682.0,205.0,9445.0,12762.0,208.0,504.0,920.0,-3.0,3.0,7.0,2.0,2.0,2.0,3.0
ESPORTSTMNT05_3220334,complete,,EM,2023,Spring,0,2023-04-12 19:33:04,1,13.06,7,Red,jng,White,oe:player:41ea0ed55fe655184c9073085b85eea,LDLC OL,oe:team:e31c6dcc465e0b94500ef023f42cdc1,Wukong,Vi,Annie,Nautilus,Veigar,Malphite,,,,,,1655,1,1,5,10,19,10,0.0,0.0,0.0,0.0,0.0,0.0,0.0,0.0,0.6888,1.0514,,,,,,,,,,,,,,,,,,,,,1.0,0.0,,,,,,,,0.0,0.0,10490.0,380.3021,0.133283,969.3535,792.7613,7.0,0.2538,2.0,0.0725,8.0,28.0,1.0151,9660,6008,217.8127,0.154564,8400.0,,,147.0,8.0,139.0,,,5.3293,3219.0,3281.0,64.0,4046.0,3585.0,62.0,-827.0,-304.0,2.0,0.0,1.0,2.0,2.0,1.0,0.0,4619.0,5278.0,87.0,6017.0,5807.0,100.0,-1398.0,-529.0,-13.0,0.0,2.0,3.0,3.0,1.0,0.0,6163.0,7802.0,116.0,7654.0,7755.0,125.0,-1491.0,47.0,-9.0,0.0,4.0,4.0,3.0,2.0,1.0,8391.0,10869.0,143.0,8985.0,9594.0,149.0,-594.0,1275.0,-6.0,0.0,8.0,4.0,3.0,2.0,2.0
ESPORTSTMNT05_3220334,complete,,EM,2023,Spring,0,2023-04-12 19:33:04,1,13.06,8,Red,mid,Backlund,oe:player:bd0655defa1f5f33c2c8ac34cfd9d36,LDLC OL,oe:team:e31c6dcc465e0b94500ef023f42cdc1,LeBlanc,Vi,Annie,Nautilus,Veigar,Malphite,,,,,,1655,1,3,0,8,19,10,0.0,0.0,0.0,0.0,0.0,0.0,0.0,0.0,0.6888,1.0514,,,,,,,,,,,,,,,,,,,,,0.0,0.0,,,,,,,,1.0,0.0,22348.0,810.1994,0.283946,521.2931,316.0604,14.0,0.5076,9.0,0.3263,1.0,41.0,1.4864,12311,8659,313.9215,0.222762,11425.0,,,278.0,274.0,4.0,,,10.0785,3586.0,5138.0,98.0,2833.0,4177.0,69.0,753.0,961.0,29.0,0.0,0.0,0.0,0.0,0.0,0.0,5496.0,8289.0,159.0,4668.0,6988.0,125.0,828.0,1301.0,34.0,0.0,0.0,0.0,0.0,1.0,0.0,8392.0,11608.0,215.0,6660.0,9483.0,177.0,1732.0,2125.0,38.0,2.0,2.0,0.0,0.0,2.0,1.0,10799.0,15077.0,266.0,8276.0,11342.0,211.0,2523.0,3735.0,55.0,2.0,5.0,0.0,0.0,3.0,2.0
ESPORTSTMNT05_3220334,complete,,EM,2023,Spring,0,2023-04-12 19:33:04,1,13.06,9,Red,bot,Jeskla,oe:player:71b8101d78beb04a089caa90a8d9310,LDLC OL,oe:team:e31c6dcc465e0b94500ef023f42cdc1,Zeri,Vi,Annie,Nautilus,Veigar,Malphite,,,,,,1655,1,11,0,5,19,10,3.0,0.0,0.0,0.0,0.0,0.0,0.0,0.0,0.6888,1.0514,,,,,,,,,,,,,,,,,,,,,0.0,0.0,,,,,,,,0.0,0.0,24271.0,879.9154,0.308379,353.3656,528.9789,14.0,0.5076,2.0,0.0725,6.0,24.0,0.8701,16257,12605,456.9789,0.324275,14025.0,,,299.0,278.0,21.0,,,10.8399,4466.0,3370.0,94.0,2896.0,2723.0,72.0,1570.0,647.0,22.0,3.0,0.0,0.0,0.0,0.0,2.0,6506.0,5921.0,154.0,5080.0,5277.0,133.0,1426.0,644.0,21.0,3.0,0.0,0.0,0.0,1.0,2.0,10297.0,9165.0,216.0,7397.0,7913.0,195.0,2900.0,1252.0,21.0,5.0,3.0,0.0,1.0,1.0,3.0,13680.0,12912.0,263.0,9335.0,10360.0,244.0,4345.0,2552.0,19.0,8.0,5.0,0.0,1.0,2.0,4.0
ESPORTSTMNT05_3220334,complete,,EM,2023,Spring,0,2023-04-12 19:33:04,1,13.06,10,Red,sup,Zoelys,oe:player:fa22d396503a5a737f2f169943d7241,LDLC OL,oe:team:e31c6dcc465e0b94500ef023f42cdc1,Rakan,Vi,Annie,Nautilus,Veigar,Malphite,,,,,,1655,1,1,2,13,19,10,0.0,0.0,0.0,0.0,0.0,0.0,0.0,0.0,0.6888,1.0514,,,,,,,,,,,,,,,,,,,,,0.0,0.0,,,,,,,,0.0,0.0,5532.0,200.5559,0.0702878,392.1934,467.9275,62.0,2.2477,21.0,0.7613,9.0,118.0,4.2779,7730,4078,147.8429,0.104914,7125.0,,,50.0,46.0,4.0,,,1.8127,2471.0,2775.0,21.0,2182.0,2790.0,15.0,289.0,-15.0,6.0,0.0,3.0,0.0,0.0,1.0,1.0,3480.0,3704.0,30.0,3328.0,4113.0,25.0,152.0,-409.0,5.0,0.0,3.0,0.0,0.0,2.0,1.0,4916.0,5859.0,41.0,4286.0,5101.0,29.0,630.0,758.0,12.0,0.0,8.0,0.0,0.0,3.0,2.0,6825.0,7864.0,49.0,5636.0,6078.0,39.0,1189.0,1786.0,10.0,1.0,11.0,1.0,1.0,3.0,3.0
ESPORTSTMNT05_3220334,complete,,EM,2023,Spring,0,2023-04-12 19:33:04,1,13.06,100,Blue,team,,,Orbit Anonymo Esports,oe:team:f9f16e15a84c85d050aa09b4a21c757,,Sejuani,Caitlyn,Maokai,Gragas,Kennen,Xayah,Lee Sin,Leona,Malzahar,Gnar,1655,0,10,19,17,10,19,0.0,0.0,0.0,0.0,1.0,,,,0.3625,1.0514,0.0,2.0,1.0,2.0,1.0,0.0,0.0,0.0,1.0,1.0,0.0,,0.0,0.0,1.0,2.0,0.0,,,0.0,0.0,1.0,0.0,2.0,10.0,1.0,0.0,2.0,4.0,0.0,1.0,57240.0,2075.1662,,3550.9124,2760.2538,70.0,2.5378,38.0,1.3776,18.0,172.0,6.2356,46243,27984,1014.5257,,43393.0,-0.1671,-2.07,,716.0,187.0,,,32.7372,15645.0,17897.0,298.0,17131.0,19308.0,367.0,-1486.0,-1411.0,-69.0,3.0,3.0,3.0,3.0,4.0,3.0,25125.0,30385.0,514.0,25686.0,30693.0,564.0,-561.0,-308.0,-50.0,5.0,6.0,4.0,4.0,5.0,5.0,33400.0,40393.0,687.0,37378.0,44508.0,756.0,-3978.0,-4115.0,-69.0,6.0,10.0,9.0,9.0,21.0,6.0,41677.0,50136.0,851.0,49644.0,60404.0,926.0,-7967.0,-10268.0,-75.0,7.0,12.0,14.0,14.0,36.0,7.0
ESPORTSTMNT05_3220334,complete,,EM,2023,Spring,0,2023-04-12 19:33:04,1,13.06,200,Red,team,,,LDLC OL,oe:team:e31c6dcc465e0b94500ef023f42cdc1,,Vi,Annie,Nautilus,Veigar,Malphite,Rakan,Wukong,Zeri,LeBlanc,Sion,1655,1,19,10,45,19,10,3.0,0.0,0.0,0.0,0.0,,,,0.6888,1.0514,1.0,1.0,2.0,1.0,2.0,0.0,0.0,1.0,0.0,0.0,0.0,,0.0,0.0,0.0,0.0,2.0,,,1.0,1.0,0.0,1.0,10.0,2.0,0.0,1.0,4.0,2.0,1.0,0.0,78705.0,2853.3535,,3304.7492,3903.4079,107.0,3.8792,37.0,1.3414,26.0,235.0,8.5196,57131,38872,1409.2568,,51305.0,0.1671,2.07,,828.0,168.0,,,36.1088,17131.0,19308.0,367.0,15645.0,17897.0,298.0,1486.0,1411.0,69.0,3.0,4.0,3.0,3.0,3.0,3.0,25686.0,30693.0,564.0,25125.0,30385.0,514.0,561.0,308.0,50.0,4.0,5.0,5.0,5.0,6.0,4.0,37378.0,44508.0,756.0,33400.0,40393.0,687.0,3978.0,4115.0,69.0,9.0,21.0,6.0,6.0,10.0,9.0,49644.0,60404.0,926.0,41677.0,50136.0,851.0,7967.0,10268.0,75.0,14.0,36.0,7.0,7.0,12.0,14.0
ESPORTSTMNT05_3223032,complete,,EM,2023,Spring,0,2023-04-12 20:21:20,1,13.06,1,Blue,top,Venour,oe:player:df13ba84b4ea6932f7e10b5e51e7cf5,Unicorns of Love Sexy Edition,oe:team:6a060bd74c9041bf0aa89adf9d15d12,Fiora,Maokai,Gragas,Sejuani,Lulu,Sion,,,,,,1526,1,1,2,6,24,7,0.0,0.0,0.0,0.0,0.0,0.0,0.0,0.0,0.9436,1.2189,,,,,,,,,,,,,,,,,,,,,0.0,0.0,,,,,,,,2.0,0.0,9513.0,374.0367,0.135607,688.3486,491.481,9.0,0.3539,4.0,0.1573,1.0,20.0,0.7864,9975,6586,258.9515,0.16326,8625.0,,,219.0,203.0,16.0,,,8.6107,3038.0,4795.0,78.0,3109.0,4640.0,78.0,-71.0,155.0,0.0,0.0,0.0,0.0,0.0,0.0,0.0,4845.0,7167.0,126.0,4605.0,7214.0,124.0,240.0,-47.0,2.0,0.0,0.0,1.0,0.0,1.0,0.0,6809.0,9922.0,176.0,6319.0,9925.0,170.0,490.0,-3.0,6.0,0.0,0.0,1.0,0.0,1.0,0.0,9681.0,13081.0,218.0,7453.0,11656.0,197.0,2228.0,1425.0,21.0,1.0,2.0,2.0,0.0,1.0,2.0
ESPORTSTMNT05_3223032,complete,,EM,2023,Spring,0,2023-04-12 20:21:20,1,13.06,2,Blue,jng,Peach,oe:player:53841c6e42a6ce77b6f3b80133c9342,Unicorns of Love Sexy Edition,oe:team:6a060bd74c9041bf0aa89adf9d15d12,Wukong,Maokai,Gragas,Sejuani,Lulu,Sion,,,,,,1526,1,7,2,14,24,7,0.0,0.0,0.0,0.0,1.0,0.0,1.0,0.0,0.9436,1.2189,,,,,,,,,,,,,,,,,,,,,1.0,0.0,,,,,,,,0.0,0.0,14728.0,579.0826,0.209947,993.3028,821.2844,12.0,0.4718,12.0,0.4718,5.0,53.0,2.0839,12505,9116,358.4273,0.225972,11075.0,,,176.0,27.0,149.0,,,6.9201,4080.0,3848.0,67.0,3288.0,3298.0,55.0,792.0,550.0,12.0,2.0,1.0,1.0,1.0,0.0,1.0,6429.0,5977.0,99.0,5510.0,5467.0,86.0,919.0,510.0,13.0,4.0,3.0,2.0,4.0,0.0,2.0,9394.0,9698.0,141.0,7018.0,7604.0,114.0,2376.0,2094.0,27.0,6.0,7.0,2.0,4.0,1.0,3.0,11954.0,13490.0,175.0,8616.0,9804.0,133.0,3338.0,3686.0,42.0,6.0,12.0,2.0,5.0,1.0,4.0
ESPORTSTMNT05_3223032,complete,,EM,2023,Spring,0,2023-04-12 20:21:20,1,13.06,3,Blue,mid,Mask,oe:player:4a18312b5b75f549d5551e5912ad6eb,Unicorns of Love Sexy Edition,oe:team:6a060bd74c9041bf0aa89adf9d15d12,Ahri,Maokai,Gragas,Sejuani,Lulu,Sion,,,,,,1526,1,8,1,12,24,7,2.0,0.0,0.0,0.0,0.0,0.0,0.0,0.0,0.9436,1.2189,,,,,,,,,,,,,,,,,,,,,0.0,0.0,,,,,,,,0.0,0.0,21615.0,849.8689,0.308121,558.7549,419.3316,16.0,0.6291,10.0,0.3932,2.0,46.0,1.8087,14877,11488,451.6907,0.284769,13150.0,,,249.0,241.0,8.0,,,9.7903,3710.0,5012.0,88.0,3008.0,4602.0,77.0,702.0,410.0,11.0,0.0,1.0,0.0,0.0,1.0,1.0,6209.0,8020.0,138.0,4749.0,6934.0,124.0,1460.0,1086.0,14.0,1.0,4.0,1.0,0.0,3.0,3.0,10638.0,11442.0,195.0,7525.0,9377.0,169.0,3113.0,2065.0,26.0,4.0,7.0,1.0,1.0,3.0,5.0,14262.0,15044.0,244.0,9660.0,11928.0,220.0,4602.0,3116.0,24.0,7.0,9.0,1.0,1.0,4.0,6.0
ESPORTSTMNT05_3223032,complete,,EM,2023,Spring,0,2023-04-12 20:21:20,1,13.06,4,Blue,bot,Fun K3y,oe:player:9ea5afea85321b13df74acb62bfb530,Unicorns of Love Sexy Edition,oe:team:6a060bd74c9041bf0aa89adf9d15d12,Xayah,Maokai,Gragas,Sejuani,Lulu,Sion,,,,,,1526,1,6,2,14,24,7,1.0,0.0,0.0,0.0,1.0,1.0,0.0,0.0,0.9436,1.2189,,,,,,,,,,,,,,,,,,,,,0.0,0.0,,,,,,,,0.0,0.0,19380.0,761.9921,0.276261,448.9384,227.8113,12.0,0.4718,1.0,0.0393,5.0,22.0,0.865,12194,8805,346.1992,0.218263,10325.0,,,225.0,209.0,16.0,,,8.8467,3921.0,3531.0,80.0,3134.0,3085.0,76.0,787.0,446.0,4.0,2.0,2.0,0.0,0.0,0.0,2.0,6061.0,6532.0,140.0,5231.0,5569.0,126.0,830.0,963.0,14.0,2.0,5.0,0.0,0.0,1.0,2.0,8734.0,9311.0,189.0,6961.0,7731.0,174.0,1773.0,1580.0,15.0,3.0,9.0,1.0,0.0,1.0,4.0,11145.0,12011.0,217.0,8830.0,10037.0,214.0,2315.0,1974.0,3.0,4.0,12.0,2.0,1.0,1.0,4.0
ESPORTSTMNT05_3223032,complete,,EM,2023,Spring,0,2023-04-12 20:21:20,1,13.06,5,Blue,sup,Lekcyc,oe:player:74f3f60a44ee916ecc257a5381be756,Unicorns of Love Sexy Edition,oe:team:6a060bd74c9041bf0aa89adf9d15d12,Nautilus,Maokai,Gragas,Sejuani,Lulu,Sion,,,,,,1526,1,2,0,15,24,7,0.0,0.0,0.0,0.0,1.0,0.0,1.0,0.0,0.9436,1.2189,,,,,,,,,,,,,,,,,,,,,0.0,0.0,,,,,,,,0.0,0.0,4915.0,193.2503,0.0700632,321.9004,528.7156,42.0,1.6514,8.0,0.3145,9.0,74.0,2.9096,7735,4346,170.8781,0.107736,6475.0,,,35.0,35.0,0.0,,,1.3761,2842.0,2691.0,15.0,2299.0,2545.0,22.0,543.0,146.0,-7.0,1.0,4.0,0.0,0.0,1.0,1.0,4407.0,4175.0,23.0,3449.0,3879.0,27.0,958.0,296.0,-4.0,2.0,6.0,0.0,0.0,4.0,2.0,5879.0,6016.0,30.0,4640.0,5803.0,37.0,1239.0,213.0,-7.0,2.0,12.0,0.0,0.0,5.0,3.0,7506.0,8098.0,33.0,5583.0,7504.0,39.0,1923.0,594.0,-6.0,2.0,13.0,0.0,0.0,6.0,4.0
ESPORTSTMNT05_3223032,complete,,EM,2023,Spring,0,2023-04-12 20:21:20,1,13.06,6,Red,top,bobista,oe:player:8486d94ef23b38c67c76b647613d881,eSuba,oe:team:3faefd9245a4ef6ba347fbcf2a51515,K'Sante,Rakan,Annie,LeBlanc,Gwen,Olaf,,,,,,1526,0,0,3,1,7,24,0.0,0.0,0.0,0.0,0.0,0.0,0.0,0.0,0.2752,1.2189,,,,,,,,,,,,,,,,,,,,,0.0,0.0,,,,,,,,0.0,2.0,7409.0,291.3106,0.169612,717.9948,876.9987,9.0,0.3539,2.0,0.0786,1.0,14.0,0.5505,7520,4131,162.4246,0.175178,7625.0,,,198.0,198.0,0.0,,,7.7851,3109.0,4640.0,78.0,3038.0,4795.0,78.0,71.0,-155.0,0.0,0.0,0.0,0.0,0.0,0.0,0.0,4605.0,7214.0,124.0,4845.0,7167.0,126.0,-240.0,47.0,-2.0,0.0,1.0,0.0,0.0,0.0,1.0,6319.0,9925.0,170.0,6809.0,9922.0,176.0,-490.0,3.0,-6.0,0.0,1.0,0.0,0.0,0.0,1.0,7453.0,11656.0,197.0,9681.0,13081.0,218.0,-2228.0,-1425.0,-21.0,0.0,1.0,2.0,1.0,2.0,2.0
ESPORTSTMNT05_3223032,complete,,EM,2023,Spring,0,2023-04-12 20:21:20,1,13.06,7,Red,jng,TynX,oe:player:36607221f848a15f6a1f11961027d7c,eSuba,oe:team:3faefd9245a4ef6ba347fbcf2a51515,Vi,Rakan,Annie,LeBlanc,Gwen,Olaf,,,,,,1526,0,5,5,1,7,24,0.0,0.0,0.0,0.0,0.0,0.0,0.0,1.0,0.2752,1.2189,,,,,,,,,,,,,,,,,,,,,0.0,1.0,,,,,,,,0.0,0.0,9884.0,388.6239,0.226272,916.3565,1025.0328,9.0,0.3539,8.0,0.3145,10.0,39.0,1.5334,8669,5280,207.6016,0.223898,8350.0,,,133.0,20.0,113.0,,,5.2294,3288.0,3298.0,55.0,4080.0,3848.0,67.0,-792.0,-550.0,-12.0,1.0,0.0,1.0,2.0,1.0,1.0,5510.0,5467.0,86.0,6429.0,5977.0,99.0,-919.0,-510.0,-13.0,4.0,0.0,2.0,4.0,3.0,2.0,7018.0,7604.0,114.0,9394.0,9698.0,141.0,-2376.0,-2094.0,-27.0,4.0,1.0,3.0,6.0,7.0,2.0,8616.0,9804.0,133.0,11954.0,13490.0,175.0,-3338.0,-3686.0,-42.0,5.0,1.0,4.0,6.0,12.0,2.0
ESPORTSTMNT05_3223032,complete,,EM,2023,Spring,0,2023-04-12 20:21:20,1,13.06,8,Red,mid,Warszi,oe:player:5a23766ce46653d2b63ac4a40cd61c1,eSuba,oe:team:3faefd9245a4ef6ba347fbcf2a51515,Lissandra,Rakan,Annie,LeBlanc,Gwen,Olaf,,,,,,1526,0,1,6,4,7,24,0.0,0.0,0.0,0.0,0.0,0.0,0.0,0.0,0.2752,1.2189,,,,,,,,,,,,,,,,,,,,,0.0,0.0,,,,,,,,0.0,0.0,9101.0,357.8375,0.208347,729.2398,397.5885,9.0,0.3539,5.0,0.1966,6.0,20.0,0.7864,9713,6324,248.6501,0.268165,9750.0,,,220.0,220.0,0.0,,,8.6501,3008.0,4602.0,77.0,3710.0,5012.0,88.0,-702.0,-410.0,-11.0,0.0,1.0,1.0,0.0,1.0,0.0,4749.0,6934.0,124.0,6209.0,8020.0,138.0,-1460.0,-1086.0,-14.0,0.0,3.0,3.0,1.0,4.0,1.0,7525.0,9377.0,169.0,10638.0,11442.0,195.0,-3113.0,-2065.0,-26.0,1.0,3.0,5.0,4.0,7.0,1.0,9660.0,11928.0,220.0,14262.0,15044.0,244.0,-4602.0,-3116.0,-24.0,1.0,4.0,6.0,7.0,9.0,1.0
ESPORTSTMNT05_3223032,complete,,EM,2023,Spring,0,2023-04-12 20:21:20,1,13.06,9,Red,bot,DANY,oe:player:f72af12f47362bdec4b0ca91070cf43,eSuba,oe:team:3faefd9245a4ef6ba347fbcf2a51515,Zeri,Rakan,Annie,LeBlanc,Gwen,Olaf,,,,,,1526,0,1,5,1,7,24,0.0,0.0,0.0,0.0,0.0,0.0,0.0,0.0,0.2752,1.2189,,,,,,,,,,,,,,,,,,,,,0.0,0.0,,,,,,,,0.0,0.0,10205.0,401.2451,0.23362,459.8296,372.7785,8.0,0.3145,17.0,0.6684,2.0,44.0,1.73,8939,5550,218.2176,0.235346,8675.0,,,217.0,209.0,8.0,,,8.5321,3134.0,3085.0,76.0,3921.0,3531.0,80.0,-787.0,-446.0,-4.0,0.0,0.0,2.0,2.0,2.0,0.0,5231.0,5569.0,126.0,6061.0,6532.0,140.0,-830.0,-963.0,-14.0,0.0,1.0,2.0,2.0,5.0,0.0,6961.0,7731.0,174.0,8734.0,9311.0,189.0,-1773.0,-1580.0,-15.0,0.0,1.0,4.0,3.0,9.0,1.0,8830.0,10037.0,214.0,11145.0,12011.0,217.0,-2315.0,-1974.0,-3.0,1.0,1.0,4.0,4.0,12.0,2.0
ESPORTSTMNT05_3223032,complete,,EM,2023,Spring,0,2023-04-12 20:21:20,1,13.06,10,Red,sup,FGG,oe:player:dcd93cc48ba71890cc0580de524f536,eSuba,oe:team:3faefd9245a4ef6ba347fbcf2a51515,Rell,Rakan,Annie,LeBlanc,Gwen,Olaf,,,,,,1526,0,0,5,6,7,24,0.0,0.0,0.0,0.0,0.0,0.0,0.0,0.0,0.2752,1.2189,,,,,,,,,,,,,,,,,,,,,0.0,0.0,,,,,,,,0.0,0.0,7083.0,278.4928,0.162149,498.9908,541.6121,35.0,1.3761,11.0,0.4325,9.0,72.0,2.8309,5686,2297,90.3145,0.0974126,5325.0,,,42.0,38.0,4.0,,,1.6514,2299.0,2545.0,22.0,2842.0,2691.0,15.0,-543.0,-146.0,7.0,0.0,1.0,1.0,1.0,4.0,0.0,3449.0,3879.0,27.0,4407.0,4175.0,23.0,-958.0,-296.0,4.0,0.0,4.0,2.0,2.0,6.0,0.0,4640.0,5803.0,37.0,5879.0,6016.0,30.0,-1239.0,-213.0,7.0,0.0,5.0,3.0,2.0,12.0,0.0,5583.0,7504.0,39.0,7506.0,8098.0,33.0,-1923.0,-594.0,6.0,0.0,6.0,4.0,2.0,13.0,0.0
ESPORTSTMNT05_3223032,complete,,EM,2023,Spring,0,2023-04-12 20:21:20,1,13.06,100,Blue,team,,,Unicorns of Love Sexy Edition,oe:team:6a060bd74c9041bf0aa89adf9d15d12,,Maokai,Gragas,Sejuani,Lulu,Sion,Xayah,Ahri,Wukong,Fiora,Nautilus,1526,1,24,7,61,24,7,3.0,0.0,0.0,0.0,1.0,,,,0.9436,1.2189,0.0,1.0,2.0,1.0,2.0,0.0,0.0,0.0,0.0,1.0,0.0,,0.0,0.0,1.0,2.0,0.0,,,1.0,1.0,0.0,1.0,11.0,1.0,1.0,1.0,7.0,1.0,2.0,0.0,70151.0,2758.2307,,3011.2451,2488.6239,91.0,3.578,35.0,1.3761,22.0,215.0,8.4535,57286,40343,1586.2254,,49650.0,0.222098,4.53,,715.0,189.0,,,35.5439,17591.0,19877.0,328.0,14838.0,18170.0,308.0,2753.0,1707.0,20.0,5.0,8.0,1.0,1.0,2.0,5.0,27951.0,31871.0,526.0,23544.0,29063.0,487.0,4407.0,2808.0,39.0,9.0,18.0,4.0,4.0,9.0,9.0,41454.0,46389.0,731.0,32463.0,40440.0,664.0,8991.0,5949.0,67.0,15.0,35.0,5.0,5.0,11.0,15.0,54548.0,61724.0,887.0,40142.0,50929.0,803.0,14406.0,10795.0,84.0,20.0,48.0,7.0,7.0,13.0,20.0
ESPORTSTMNT05_3223032,complete,,EM,2023,Spring,0,2023-04-12 20:21:20,1,13.06,200,Red,team,,,eSuba,oe:team:3faefd9245a4ef6ba347fbcf2a51515,,Rakan,Annie,LeBlanc,Gwen,Olaf,Zeri,Vi,Lissandra,K'Sante,Rell,1526,0,7,24,13,7,24,0.0,0.0,0.0,0.0,0.0,,,,0.2752,1.2189,1.0,2.0,1.0,2.0,1.0,0.0,0.0,1.0,1.0,0.0,0.0,,0.0,0.0,0.0,0.0,2.0,,,0.0,0.0,1.0,0.0,1.0,11.0,0.0,0.0,1.0,7.0,0.0,2.0,43682.0,1717.5098,,3322.4115,3214.0105,70.0,2.7523,43.0,1.6907,28.0,189.0,7.4312,40527,23584,927.287,,39725.0,-0.222098,-4.53,,685.0,125.0,,,31.848,14838.0,18170.0,308.0,17591.0,19877.0,328.0,-2753.0,-1707.0,-20.0,1.0,2.0,5.0,5.0,8.0,1.0,23544.0,29063.0,487.0,27951.0,31871.0,526.0,-4407.0,-2808.0,-39.0,4.0,9.0,9.0,9.0,18.0,4.0,32463.0,40440.0,664.0,41454.0,46389.0,731.0,-8991.0,-5949.0,-67.0,5.0,11.0,15.0,15.0,35.0,5.0,40142.0,50929.0,803.0,54548.0,61724.0,887.0,-14406.0,-10795.0,-84.0,7.0,13.0,20.0,20.0,48.0,7.0
ESPORTSTMNT05_3222333,complete,,EM,2023,Spring,0,2023-04-13 15:00:14,1,13.06,1,Blue,top,Eyliph,oe:player:4b20700639bada36a5a58cc4a8e7135,Anorthosis Famagusta Esports,oe:team:5f1bc4a914b49c7b7ff4c2f1b8d8df9,Gwen,Lee Sin,Xayah,Viego,Ornn,Sion,,,,,,2140,0,1,3,2,10,25,0.0,0.0,0.0,0.0,0.0,0.0,0.0,0.0,0.2804,0.9813,,,,,,,,,,,,,,,,,,,,,0.0,0.0,,,,,,,,0.0,0.0,18104.0,507.5888,0.256137,852.5047,732.5607,8.0,0.2243,8.0,0.2243,4.0,39.0,1.0935,13922,9281,260.215,0.247805,12850.0,,,321.0,315.0,6.0,,,9.0,3357.0,5174.0,95.0,3221.0,4989.0,90.0,136.0,185.0,5.0,0.0,0.0,0.0,0.0,0.0,0.0,5946.0,8126.0,150.0,4957.0,7425.0,131.0,989.0,701.0,19.0,1.0,0.0,0.0,0.0,0.0,1.0,7571.0,10491.0,193.0,6813.0,9851.0,168.0,758.0,640.0,25.0,1.0,0.0,0.0,1.0,0.0,1.0,9198.0,12908.0,237.0,8491.0,12539.0,210.0,707.0,369.0,27.0,1.0,1.0,0.0,1.0,2.0,1.0
ESPORTSTMNT05_3222333,complete,,EM,2023,Spring,0,2023-04-13 15:00:14,1,13.06,2,Blue,jng,SPOOKY,oe:player:11389d6d8a29729807c3cf528a98050,Anorthosis Famagusta Esports,oe:team:5f1bc4a914b49c7b7ff4c2f1b8d8df9,Jarvan IV,Lee Sin,Xayah,Viego,Ornn,Sion,,,,,,2140,0,1,6,9,10,25,0.0,0.0,0.0,0.0,0.0,0.0,0.0,1.0,0.2804,0.9813,,,,,,,,,,,,,,,,,,,,,0.0,0.0,,,,,,,,0.0,1.0,13054.0,366.0,0.184689,929.3832,1085.9439,11.0,0.3084,12.0,0.3364,8.0,54.0,1.514,11469,6828,191.4393,0.182308,11300.0,,,202.0,27.0,175.0,,,5.6636,3352.0,2962.0,57.0,3382.0,3307.0,59.0,-30.0,-345.0,-2.0,1.0,1.0,1.0,1.0,1.0,0.0,5653.0,5799.0,98.0,4912.0,5252.0,94.0,741.0,547.0,4.0,1.0,2.0,1.0,1.0,2.0,0.0,7144.0,7926.0,128.0,6669.0,7524.0,120.0,475.0,402.0,8.0,1.0,4.0,2.0,2.0,3.0,1.0,8562.0,9970.0,155.0,8802.0,9918.0,152.0,-240.0,52.0,3.0,1.0,6.0,3.0,4.0,3.0,2.0
ESPORTSTMNT05_3222333,complete,,EM,2023,Spring,0,2023-04-13 15:00:14,1,13.06,3,Blue,mid,HAWHAW,oe:player:ae06413dcf80aa496ab8448d8ea586f,Anorthosis Famagusta Esports,oe:team:5f1bc4a914b49c7b7ff4c2f1b8d8df9,Gragas,Lee Sin,Xayah,Viego,Ornn,Sion,,,,,,2140,0,1,5,1,10,25,0.0,0.0,0.0,0.0,0.0,0.0,0.0,0.0,0.2804,0.9813,,,,,,,,,,,,,,,,,,,,,0.0,0.0,,,,,,,,0.0,0.0,9432.0,264.4486,0.133445,990.2243,864.5888,14.0,0.3925,1.0,0.028,4.0,22.0,0.6168,10945,6304,176.7477,0.168317,10550.0,,,253.0,249.0,4.0,,,7.0935,3060.0,4911.0,80.0,3513.0,5089.0,96.0,-453.0,-178.0,-16.0,0.0,0.0,0.0,0.0,0.0,0.0,4788.0,7716.0,130.0,5642.0,8209.0,154.0,-854.0,-493.0,-24.0,0.0,0.0,0.0,0.0,0.0,0.0,6382.0,9730.0,158.0,7638.0,10615.0,180.0,-1256.0,-885.0,-22.0,1.0,0.0,1.0,2.0,1.0,0.0,7925.0,12095.0,198.0,9923.0,13524.0,228.0,-1998.0,-1429.0,-30.0,1.0,1.0,2.0,2.0,1.0,1.0
ESPORTSTMNT05_3222333,complete,,EM,2023,Spring,0,2023-04-13 15:00:14,1,13.06,4,Blue,bot,GOLDENTO4ST,oe:player:5c58c2e986e8aec0ee6f2465823349a,Anorthosis Famagusta Esports,oe:team:5f1bc4a914b49c7b7ff4c2f1b8d8df9,Kai'Sa,Lee Sin,Xayah,Viego,Ornn,Sion,,,,,,2140,0,5,5,2,10,25,0.0,0.0,0.0,0.0,0.0,0.0,0.0,0.0,0.2804,0.9813,,,,,,,,,,,,,,,,,,,,,0.0,1.0,,,,,,,,0.0,1.0,22653.0,635.1308,0.320496,500.7196,308.972,17.0,0.4766,7.0,0.1963,8.0,31.0,0.8692,14414,9773,274.0093,0.260942,14350.0,,,328.0,308.0,20.0,,,9.1963,3457.0,2976.0,79.0,4099.0,3088.0,88.0,-642.0,-112.0,-9.0,1.0,0.0,1.0,1.0,0.0,1.0,5346.0,5236.0,135.0,6501.0,5444.0,142.0,-1155.0,-208.0,-7.0,1.0,0.0,1.0,1.0,1.0,1.0,7305.0,7324.0,175.0,8250.0,7236.0,187.0,-945.0,88.0,-12.0,2.0,1.0,2.0,1.0,3.0,2.0,9836.0,10004.0,223.0,10371.0,10057.0,248.0,-535.0,-53.0,-25.0,4.0,1.0,2.0,1.0,5.0,2.0
ESPORTSTMNT05_3222333,complete,,EM,2023,Spring,0,2023-04-13 15:00:14,1,13.06,5,Blue,sup,iLEVI,oe:player:b226880189cb11f7da7a0c86544b556,Anorthosis Famagusta Esports,oe:team:5f1bc4a914b49c7b7ff4c2f1b8d8df9,Pyke,Lee Sin,Xayah,Viego,Ornn,Sion,,,,,,2140,0,2,6,7,10,25,0.0,0.0,0.0,0.0,0.0,0.0,0.0,0.0,0.2804,0.9813,,,,,,,,,,,,,,,,,,,,,0.0,0.0,,,,,,,,0.0,0.0,7438.0,208.5421,0.105233,461.0748,338.0748,95.0,2.6636,34.0,0.9533,14.0,184.0,5.1589,9908,5267,147.6729,0.140628,8150.0,,,59.0,59.0,0.0,,,1.6542,2179.0,2776.0,13.0,2117.0,2436.0,15.0,62.0,340.0,-2.0,0.0,1.0,0.0,0.0,1.0,1.0,4070.0,4140.0,23.0,3401.0,3743.0,22.0,669.0,397.0,1.0,0.0,2.0,1.0,1.0,1.0,1.0,5210.0,5358.0,33.0,4677.0,5318.0,32.0,533.0,40.0,1.0,0.0,4.0,2.0,1.0,3.0,1.0,6454.0,6744.0,45.0,5675.0,7121.0,36.0,779.0,-377.0,9.0,0.0,6.0,2.0,1.0,5.0,1.0
ESPORTSTMNT05_3222333,complete,,EM,2023,Spring,0,2023-04-13 15:00:14,1,13.06,6,Red,top,Banderas,oe:player:57abe5a8958c15444e9103873f8565a,Riddle Esports,oe:team:9eb531c72890b1ae7e50122f0884f37,K'Sante,Zilean,Rakan,Vi,Ekko,Olaf,,,,,,2140,1,6,1,10,25,10,2.0,0.0,0.0,0.0,0.0,0.0,0.0,0.0,0.7009,0.9813,,,,,,,,,,,,,,,,,,,,,0.0,0.0,,,,,,,,0.0,0.0,23654.0,663.1963,0.22978,752.4953,1537.7664,13.0,0.3645,10.0,0.2804,9.0,39.0,1.0935,14873,10232,286.8785,0.205776,14050.0,,,292.0,292.0,0.0,,,8.1869,3221.0,4989.0,90.0,3357.0,5174.0,95.0,-136.0,-185.0,-5.0,0.0,0.0,0.0,0.0,0.0,0.0,4957.0,7425.0,131.0,5946.0,8126.0,150.0,-989.0,-701.0,-19.0,0.0,0.0,1.0,1.0,0.0,0.0,6813.0,9851.0,168.0,7571.0,10491.0,193.0,-758.0,-640.0,-25.0,1.0,0.0,1.0,1.0,0.0,0.0,8491.0,12539.0,210.0,9198.0,12908.0,237.0,-707.0,-369.0,-27.0,1.0,2.0,1.0,1.0,1.0,0.0
ESPORTSTMNT05_3222333,complete,,EM,2023,Spring,0,2023-04-13 15:00:14,1,13.06,7,Red,jng,Yohan,oe:player:cc00384e754d3b4db840275587813eb,Riddle Esports,oe:team:9eb531c72890b1ae7e50122f0884f37,Wukong,Zilean,Rakan,Vi,Ekko,Olaf,,,,,,2140,1,6,3,10,25,10,2.0,0.0,0.0,0.0,1.0,0.0,1.0,0.0,0.7009,0.9813,,,,,,,,,,,,,,,,,,,,,0.0,0.0,,,,,,,,1.0,0.0,15375.0,431.0748,0.149356,833.5234,1128.8972,12.0,0.3364,19.0,0.5327,10.0,70.0,1.9626,14084,9443,264.757,0.189908,13300.0,,,212.0,29.0,183.0,,,5.9439,3382.0,3307.0,59.0,3352.0,2962.0,57.0,30.0,345.0,2.0,1.0,1.0,0.0,1.0,1.0,1.0,4912.0,5252.0,94.0,5653.0,5799.0,98.0,-741.0,-547.0,-4.0,1.0,2.0,0.0,1.0,2.0,1.0,6669.0,7524.0,120.0,7144.0,7926.0,128.0,-475.0,-402.0,-8.0,2.0,3.0,1.0,1.0,4.0,2.0,8802.0,9918.0,152.0,8562.0,9970.0,155.0,240.0,-52.0,-3.0,4.0,3.0,2.0,1.0,6.0,3.0
ESPORTSTMNT05_3222333,complete,,EM,2023,Spring,0,2023-04-13 15:00:14,1,13.06,8,Red,mid,FireRain,oe:player:ee8d313390db21907037cef1c8d6f81,Riddle Esports,oe:team:9eb531c72890b1ae7e50122f0884f37,LeBlanc,Zilean,Rakan,Vi,Ekko,Olaf,,,,,,2140,1,5,2,6,25,10,0.0,0.0,0.0,0.0,0.0,0.0,0.0,0.0,0.7009,0.9813,,,,,,,,,,,,,,,,,,,,,0.0,0.0,,,,,,,,0.0,0.0,32077.0,899.3551,0.311603,549.8972,356.1869,7.0,0.1963,17.0,0.4766,5.0,56.0,1.5701,15935,11294,316.6542,0.227134,14925.0,,,301.0,288.0,13.0,,,8.4393,3513.0,5089.0,96.0,3060.0,4911.0,80.0,453.0,178.0,16.0,0.0,0.0,0.0,0.0,0.0,0.0,5642.0,8209.0,154.0,4788.0,7716.0,130.0,854.0,493.0,24.0,0.0,0.0,0.0,0.0,0.0,0.0,7638.0,10615.0,180.0,6382.0,9730.0,158.0,1256.0,885.0,22.0,2.0,1.0,0.0,1.0,0.0,1.0,9923.0,13524.0,228.0,7925.0,12095.0,198.0,1998.0,1429.0,30.0,2.0,1.0,1.0,1.0,1.0,2.0
ESPORTSTMNT05_3222333,complete,,EM,2023,Spring,0,2023-04-13 15:00:14,1,13.06,9,Red,bot,jinjo,oe:player:23f5249382ade4216547b5e109c5414,Riddle Esports,oe:team:9eb531c72890b1ae7e50122f0884f37,Aphelios,Zilean,Rakan,Vi,Ekko,Olaf,,,,,,2140,1,7,2,10,25,10,2.0,0.0,0.0,0.0,1.0,1.0,0.0,0.0,0.7009,0.9813,,,,,,,,,,,,,,,,,,,,,1.0,0.0,,,,,,,,1.0,0.0,25403.0,712.2336,0.24677,246.9533,429.9533,15.0,0.4206,21.0,0.5888,5.0,55.0,1.5421,19304,14663,411.1121,0.29489,16275.0,,,395.0,363.0,32.0,,,11.0748,4099.0,3088.0,88.0,3457.0,2976.0,79.0,642.0,112.0,9.0,1.0,0.0,1.0,1.0,0.0,1.0,6501.0,5444.0,142.0,5346.0,5236.0,135.0,1155.0,208.0,7.0,1.0,1.0,1.0,1.0,0.0,1.0,8250.0,7236.0,187.0,7305.0,7324.0,175.0,945.0,-88.0,12.0,1.0,3.0,2.0,2.0,1.0,2.0,10371.0,10057.0,248.0,9836.0,10004.0,223.0,535.0,53.0,25.0,1.0,5.0,2.0,4.0,1.0,2.0
ESPORTSTMNT05_3222333,complete,,EM,2023,Spring,0,2023-04-13 15:00:14,1,13.06,10,Red,sup,kibah,oe:player:9f65f7ff237a92d74cf2bf2420f2751,Riddle Esports,oe:team:9eb531c72890b1ae7e50122f0884f37,Braum,Zilean,Rakan,Vi,Ekko,Olaf,,,,,,2140,1,1,2,16,25,10,0.0,0.0,0.0,0.0,1.0,0.0,1.0,0.0,0.7009,0.9813,,,,,,,,,,,,,,,,,,,,,0.0,0.0,,,,,,,,0.0,0.0,6433.0,180.3645,0.0624915,504.5607,550.6822,58.0,1.6262,11.0,0.3084,15.0,92.0,2.5794,8733,4092,114.729,0.0822919,7825.0,,,39.0,39.0,0.0,,,1.0935,2117.0,2436.0,15.0,2179.0,2776.0,13.0,-62.0,-340.0,2.0,0.0,1.0,1.0,0.0,1.0,0.0,3401.0,3743.0,22.0,4070.0,4140.0,23.0,-669.0,-397.0,-1.0,1.0,1.0,1.0,0.0,2.0,1.0,4677.0,5318.0,32.0,5210.0,5358.0,33.0,-533.0,-40.0,-1.0,1.0,3.0,1.0,0.0,4.0,2.0,5675.0,7121.0,36.0,6454.0,6744.0,45.0,-779.0,377.0,-9.0,1.0,5.0,1.0,0.0,6.0,2.0
ESPORTSTMNT05_3222333,complete,,EM,2023,Spring,0,2023-04-13 15:00:14,1,13.06,100,Blue,team,,,Anorthosis Famagusta Esports,oe:team:5f1bc4a914b49c7b7ff4c2f1b8d8df9,,Lee Sin,Xayah,Viego,Ornn,Sion,Gragas,Kai'Sa,Pyke,Gwen,Jarvan IV,2140,0,10,25,21,10,25,0.0,0.0,0.0,0.0,0.0,,,,0.2804,0.9813,0.0,1.0,4.0,1.0,4.0,0.0,0.0,0.0,0.0,1.0,0.0,,0.0,0.0,1.0,1.0,0.0,,,0.0,0.0,1.0,1.0,3.0,10.0,0.0,0.0,6.0,6.0,0.0,2.0,70681.0,1981.7103,,3733.9065,3330.1402,145.0,4.0654,62.0,1.7383,38.0,330.0,9.2523,60658,37452,1050.0561,,57200.0,-0.148493,-1.02,,958.0,205.0,,,32.6075,15405.0,18799.0,324.0,16332.0,18909.0,348.0,-927.0,-110.0,-24.0,2.0,2.0,2.0,2.0,2.0,2.0,25803.0,31017.0,536.0,25413.0,30073.0,543.0,390.0,944.0,-7.0,3.0,4.0,3.0,3.0,4.0,3.0,33612.0,40829.0,687.0,34047.0,40544.0,687.0,-435.0,285.0,0.0,5.0,9.0,7.0,7.0,10.0,5.0,41975.0,51721.0,858.0,43262.0,53159.0,874.0,-1287.0,-1438.0,-16.0,7.0,15.0,9.0,9.0,16.0,7.0
ESPORTSTMNT05_3222333,complete,,EM,2023,Spring,0,2023-04-13 15:00:14,1,13.06,200,Red,team,,,Riddle Esports,oe:team:9eb531c72890b1ae7e50122f0884f37,,Zilean,Rakan,Vi,Ekko,Olaf,Aphelios,Wukong,Braum,K'Sante,LeBlanc,2140,1,25,10,52,25,10,6.0,0.0,0.0,0.0,1.0,,,,0.7009,0.9813,1.0,4.0,1.0,4.0,1.0,0.0,1.0,1.0,0.0,2.0,0.0,,0.0,0.0,0.0,0.0,1.0,,,1.0,1.0,0.0,0.0,10.0,3.0,1.0,1.0,6.0,6.0,2.0,0.0,102942.0,2886.2243,,2887.4299,4003.486,105.0,2.9439,78.0,2.1869,44.0,312.0,8.7477,72929,49723,1394.1028,,66375.0,0.148493,1.02,,1011.0,228.0,,,34.7383,16332.0,18909.0,348.0,15405.0,18799.0,324.0,927.0,110.0,24.0,2.0,2.0,2.0,2.0,2.0,2.0,25413.0,30073.0,543.0,25803.0,31017.0,536.0,-390.0,-944.0,7.0,3.0,4.0,3.0,3.0,4.0,3.0,34047.0,40544.0,687.0,33612.0,40829.0,687.0,435.0,-285.0,0.0,7.0,10.0,5.0,5.0,9.0,7.0,43262.0,53159.0,874.0,41975.0,51721.0,858.0,1287.0,1438.0,16.0,9.0,16.0,7.0,7.0,15.0,9.0
ESPORTSTMNT05_3220344,complete,,EM,2023,Spring,0,2023-04-13 15:00:21,1,13.06,1,Blue,top,Destroy,oe:player:21846207612858fb49a468b43e56dd3,İstanbul Wildcats,oe:team:a65adb2808377018a2a7832eb2bd7f4,Ornn,Elise,Sejuani,Vi,Irelia,Tristana,,,,,,1827,1,2,1,8,22,9,0.0,0.0,0.0,0.0,0.0,0.0,0.0,0.0,0.7225,1.0181,,,,,,,,,,,,,,,,,,,,,0.0,0.0,,,,,,,,0.0,0.0,11386.0,373.9245,0.137252,724.1708,1103.1199,15.0,0.4926,10.0,0.3284,10.0,47.0,1.5435,12612,8609,282.7258,0.19735,11850.0,,,243.0,235.0,8.0,,,7.9803,3379.0,4611.0,84.0,3426.0,4333.0,82.0,-47.0,278.0,2.0,0.0,1.0,1.0,1.0,1.0,0.0,5369.0,7370.0,135.0,4737.0,6538.0,117.0,632.0,832.0,18.0,0.0,1.0,1.0,1.0,1.0,0.0,7777.0,9830.0,166.0,5969.0,7573.0,129.0,1808.0,2257.0,37.0,2.0,2.0,1.0,2.0,1.0,1.0,9905.0,13132.0,206.0,7407.0,9347.0,157.0,2498.0,3785.0,49.0,2.0,3.0,1.0,2.0,3.0,1.0
ESPORTSTMNT05_3220344,complete,,EM,2023,Spring,0,2023-04-13 15:00:21,1,13.06,2,Blue,jng,Elramir,oe:player:de442faff7b7cdc0fba7d6d5caff5e1,İstanbul Wildcats,oe:team:a65adb2808377018a2a7832eb2bd7f4,Gragas,Elise,Sejuani,Vi,Irelia,Tristana,,,,,,1827,1,2,4,13,22,9,0.0,0.0,0.0,0.0,1.0,1.0,0.0,0.0,0.7225,1.0181,,,,,,,,,,,,,,,,,,,,,0.0,0.0,,,,,,,,0.0,0.0,16350.0,536.9458,0.19709,913.1034,940.0,23.0,0.7553,8.0,0.2627,10.0,49.0,1.6092,11379,7376,242.2332,0.169086,9850.0,,,164.0,22.0,142.0,,,5.3859,3439.0,3025.0,52.0,2991.0,3248.0,61.0,448.0,-223.0,-9.0,1.0,2.0,1.0,0.0,1.0,1.0,5555.0,5641.0,94.0,4388.0,5058.0,92.0,1167.0,583.0,2.0,2.0,3.0,1.0,0.0,2.0,1.0,7730.0,8149.0,125.0,5651.0,6418.0,115.0,2079.0,1731.0,10.0,2.0,7.0,2.0,0.0,2.0,3.0,9251.0,10373.0,145.0,7233.0,8540.0,132.0,2018.0,1833.0,13.0,2.0,8.0,3.0,1.0,3.0,3.0
ESPORTSTMNT05_3220344,complete,,EM,2023,Spring,0,2023-04-13 15:00:21,1,13.06,3,Blue,mid,Kofte,oe:player:db0cbdc72184ad44ab905be61fc0756,İstanbul Wildcats,oe:team:a65adb2808377018a2a7832eb2bd7f4,Jayce,Elise,Sejuani,Vi,Irelia,Tristana,,,,,,1827,1,9,0,9,22,9,2.0,2.0,0.0,0.0,0.0,0.0,0.0,0.0,0.7225,1.0181,,,,,,,,,,,,,,,,,,,,,0.0,0.0,,,,,,,,1.0,0.0,19778.0,649.5238,0.238413,390.8703,299.9343,20.0,0.6568,9.0,0.2956,9.0,52.0,1.7077,13680,9677,317.7997,0.221832,11750.0,,,227.0,207.0,20.0,,,7.4548,3171.0,4387.0,81.0,3293.0,4647.0,81.0,-122.0,-260.0,0.0,0.0,2.0,0.0,0.0,2.0,0.0,4891.0,6964.0,132.0,5908.0,7755.0,145.0,-1017.0,-791.0,-13.0,0.0,3.0,0.0,1.0,2.0,0.0,7118.0,9139.0,159.0,8179.0,10787.0,202.0,-1061.0,-1648.0,-43.0,2.0,6.0,0.0,1.0,3.0,1.0,9262.0,11891.0,198.0,10614.0,13625.0,263.0,-1352.0,-1734.0,-65.0,2.0,7.0,0.0,1.0,5.0,1.0
ESPORTSTMNT05_3220344,complete,,EM,2023,Spring,0,2023-04-13 15:00:21,1,13.06,4,Blue,bot,BAO,oe:player:6c1d0c529e73fe4c8b9a5306867c4bf,İstanbul Wildcats,oe:team:a65adb2808377018a2a7832eb2bd7f4,Xayah,Elise,Sejuani,Vi,Irelia,Tristana,,,,,,1827,1,9,1,9,22,9,1.0,0.0,0.0,0.0,1.0,0.0,1.0,0.0,0.7225,1.0181,,,,,,,,,,,,,,,,,,,,,2.0,0.0,,,,,,,,1.0,0.0,30009.0,985.5172,0.361742,333.6946,293.7931,18.0,0.5911,15.0,0.4926,7.0,46.0,1.5107,17491,13488,442.9557,0.309191,16175.0,,,322.0,279.0,43.0,,,10.5747,4101.0,3376.0,76.0,3111.0,3299.0,64.0,990.0,77.0,12.0,2.0,1.0,0.0,1.0,0.0,1.0,7244.0,6304.0,139.0,4509.0,4964.0,103.0,2735.0,1340.0,36.0,3.0,2.0,0.0,1.0,1.0,2.0,10324.0,9296.0,201.0,6091.0,6833.0,139.0,4233.0,2463.0,62.0,5.0,3.0,0.0,1.0,2.0,3.0,13269.0,12553.0,262.0,8512.0,9641.0,197.0,4757.0,2912.0,65.0,6.0,3.0,0.0,2.0,3.0,3.0
ESPORTSTMNT05_3220344,complete,,EM,2023,Spring,0,2023-04-13 15:00:21,1,13.06,5,Blue,sup,Parus,oe:player:a9cfbc13e22eefdd22af7b346ce2af4,İstanbul Wildcats,oe:team:a65adb2808377018a2a7832eb2bd7f4,Nautilus,Elise,Sejuani,Vi,Irelia,Tristana,,,,,,1827,1,0,3,15,22,9,0.0,0.0,0.0,0.0,1.0,0.0,1.0,0.0,0.7225,1.0181,,,,,,,,,,,,,,,,,,,,,0.0,0.0,,,,,,,,0.0,0.0,5434.0,178.4565,0.0655038,396.8801,756.289,45.0,1.4778,16.0,0.5255,15.0,102.0,3.3498,8476,4473,146.8966,0.102541,7125.0,,,43.0,43.0,0.0,,,1.4122,2164.0,1721.0,16.0,2171.0,2474.0,19.0,-7.0,-753.0,-3.0,0.0,2.0,0.0,0.0,2.0,1.0,3455.0,3031.0,23.0,3108.0,3338.0,25.0,347.0,-307.0,-2.0,0.0,4.0,1.0,0.0,3.0,2.0,4831.0,4565.0,31.0,4123.0,4172.0,31.0,708.0,393.0,0.0,0.0,8.0,1.0,0.0,4.0,3.0,6349.0,6409.0,35.0,5307.0,6515.0,38.0,1042.0,-106.0,-3.0,0.0,9.0,2.0,0.0,6.0,4.0
ESPORTSTMNT05_3220344,complete,,EM,2023,Spring,0,2023-04-13 15:00:21,1,13.06,6,Red,top,Satorius,oe:player:422d7cc4063f8801a9427860bfd855b,Geekay Esports,oe:team:1ff3f5c94edd806e1fed4105fc48995,Malphite,Rumble,Wukong,Annie,Sylas,Olaf,,,,,,1827,0,2,3,6,9,22,0.0,0.0,0.0,0.0,0.0,0.0,0.0,0.0,0.2956,1.0181,,,,,,,,,,,,,,,,,,,,,0.0,0.0,,,,,,,,0.0,0.0,11982.0,393.4975,0.217597,606.1084,1146.7652,14.0,0.4598,8.0,0.2627,6.0,30.0,0.9852,8838,4835,158.7849,0.1675,8400.0,,,175.0,175.0,0.0,,,5.7471,3426.0,4333.0,82.0,3379.0,4611.0,84.0,47.0,-278.0,-2.0,1.0,1.0,0.0,0.0,1.0,1.0,4737.0,6538.0,117.0,5369.0,7370.0,135.0,-632.0,-832.0,-18.0,1.0,1.0,0.0,0.0,1.0,1.0,5969.0,7573.0,129.0,7777.0,9830.0,166.0,-1808.0,-2257.0,-37.0,2.0,1.0,1.0,2.0,2.0,1.0,7407.0,9347.0,157.0,9905.0,13132.0,206.0,-2498.0,-3785.0,-49.0,2.0,3.0,1.0,2.0,3.0,1.0
ESPORTSTMNT05_3220344,complete,,EM,2023,Spring,0,2023-04-13 15:00:21,1,13.06,7,Red,jng,Viking,oe:player:f48a8f161502989fca609408a80bd75,Geekay Esports,oe:team:1ff3f5c94edd806e1fed4105fc48995,Maokai,Rumble,Wukong,Annie,Sylas,Olaf,,,,,,1827,0,1,5,6,9,22,0.0,0.0,0.0,0.0,0.0,0.0,0.0,0.0,0.2956,1.0181,,,,,,,,,,,,,,,,,,,,,0.0,0.0,,,,,,,,0.0,0.0,9225.0,302.9557,0.167529,1031.954,1219.3103,4.0,0.1314,10.0,0.3284,2.0,34.0,1.1166,8805,4802,157.7011,0.166357,7900.0,,,161.0,26.0,135.0,,,5.2874,2991.0,3248.0,61.0,3439.0,3025.0,52.0,-448.0,223.0,9.0,0.0,1.0,1.0,1.0,2.0,1.0,4388.0,5058.0,92.0,5555.0,5641.0,94.0,-1167.0,-583.0,-2.0,0.0,2.0,1.0,2.0,3.0,1.0,5651.0,6418.0,115.0,7730.0,8149.0,125.0,-2079.0,-1731.0,-10.0,0.0,2.0,3.0,2.0,7.0,2.0,7233.0,8540.0,132.0,9251.0,10373.0,145.0,-2018.0,-1833.0,-13.0,1.0,3.0,3.0,2.0,8.0,3.0
ESPORTSTMNT05_3220344,complete,,EM,2023,Spring,0,2023-04-13 15:00:21,1,13.06,8,Red,mid,Giyuu,oe:player:e6f5a7e37185c25a363d031ef5eafa9,Geekay Esports,oe:team:1ff3f5c94edd806e1fed4105fc48995,Yone,Rumble,Wukong,Annie,Sylas,Olaf,,,,,,1827,0,2,3,6,9,22,0.0,0.0,0.0,0.0,0.0,0.0,0.0,0.0,0.2956,1.0181,,,,,,,,,,,,,,,,,,,,,0.0,0.0,,,,,,,,0.0,1.0,15425.0,506.5681,0.280124,572.0197,822.3974,19.0,0.624,10.0,0.3284,10.0,55.0,1.8062,13719,9716,319.0805,0.336582,13235.0,,,312.0,300.0,12.0,,,10.2463,3293.0,4647.0,81.0,3171.0,4387.0,81.0,122.0,260.0,0.0,0.0,2.0,0.0,0.0,2.0,0.0,5908.0,7755.0,145.0,4891.0,6964.0,132.0,1017.0,791.0,13.0,1.0,2.0,0.0,0.0,3.0,0.0,8179.0,10787.0,202.0,7118.0,9139.0,159.0,1061.0,1648.0,43.0,1.0,3.0,1.0,2.0,6.0,0.0,10614.0,13625.0,263.0,9262.0,11891.0,198.0,1352.0,1734.0,65.0,1.0,5.0,1.0,2.0,7.0,0.0
ESPORTSTMNT05_3220344,complete,,EM,2023,Spring,0,2023-04-13 15:00:21,1,13.06,9,Red,bot,Rin,oe:player:ee4894bcff1cfaa4ffbf71b7b8d8921,Geekay Esports,oe:team:1ff3f5c94edd806e1fed4105fc48995,Varus,Rumble,Wukong,Annie,Sylas,Olaf,,,,,,1827,0,4,5,3,9,22,0.0,0.0,0.0,0.0,0.0,0.0,0.0,1.0,0.2956,1.0181,,,,,,,,,,,,,,,,,,,,,0.0,2.0,,,,,,,,0.0,1.0,14220.0,466.9951,0.25824,492.6765,523.3498,11.0,0.3612,12.0,0.3941,4.0,39.0,1.2808,11149,7146,234.6798,0.247555,11250.0,,,245.0,235.0,10.0,,,8.046,3111.0,3299.0,64.0,4101.0,3376.0,76.0,-990.0,-77.0,-12.0,1.0,0.0,1.0,2.0,1.0,0.0,4509.0,4964.0,103.0,7244.0,6304.0,139.0,-2735.0,-1340.0,-36.0,1.0,1.0,2.0,3.0,2.0,0.0,6091.0,6833.0,139.0,10324.0,9296.0,201.0,-4233.0,-2463.0,-62.0,1.0,2.0,3.0,5.0,3.0,0.0,8512.0,9641.0,197.0,13269.0,12553.0,262.0,-4757.0,-2912.0,-65.0,2.0,3.0,3.0,6.0,3.0,0.0
ESPORTSTMNT05_3220344,complete,,EM,2023,Spring,0,2023-04-13 15:00:21,1,13.06,10,Red,sup,Dekap,oe:player:be85b3d65508c757ac9af1d54310520,Geekay Esports,oe:team:1ff3f5c94edd806e1fed4105fc48995,Rakan,Rumble,Wukong,Annie,Sylas,Olaf,,,,,,1827,0,0,6,9,9,22,0.0,0.0,0.0,0.0,0.0,0.0,0.0,0.0,0.2956,1.0181,,,,,,,,,,,,,,,,,,,,,0.0,0.0,,,,,,,,0.0,0.0,4213.0,138.358,0.0765096,592.0525,632.4795,44.0,1.445,19.0,0.624,10.0,87.0,2.8571,6370,2367,77.734,0.0820061,6350.0,,,41.0,41.0,0.0,,,1.3465,2171.0,2474.0,19.0,2164.0,1721.0,16.0,7.0,753.0,3.0,0.0,2.0,1.0,0.0,2.0,0.0,3108.0,3338.0,25.0,3455.0,3031.0,23.0,-347.0,307.0,2.0,0.0,3.0,2.0,0.0,4.0,1.0,4123.0,4172.0,31.0,4831.0,4565.0,31.0,-708.0,-393.0,0.0,0.0,4.0,3.0,0.0,8.0,1.0,5307.0,6515.0,38.0,6349.0,6409.0,35.0,-1042.0,106.0,3.0,0.0,6.0,4.0,0.0,9.0,2.0
ESPORTSTMNT05_3220344,complete,,EM,2023,Spring,0,2023-04-13 15:00:21,1,13.06,100,Blue,team,,,İstanbul Wildcats,oe:team:a65adb2808377018a2a7832eb2bd7f4,,Elise,Sejuani,Vi,Irelia,Tristana,Xayah,Gragas,Jayce,Nautilus,Ornn,1827,1,22,9,54,22,9,3.0,2.0,0.0,0.0,1.0,,,,0.7225,1.0181,0.0,3.0,2.0,3.0,2.0,0.0,0.0,3.0,0.0,0.0,0.0,,0.0,0.0,0.0,1.0,1.0,,,1.0,2.0,0.0,1.0,10.0,2.0,1.0,1.0,4.0,3.0,2.0,0.0,82957.0,2724.3678,,2758.7192,3393.1363,121.0,3.9737,58.0,1.9048,51.0,296.0,9.7209,63638,43625,1432.6765,,56750.0,0.185109,4.01,,786.0,213.0,,,32.8079,16254.0,17120.0,309.0,14992.0,18001.0,307.0,1262.0,-881.0,2.0,3.0,8.0,2.0,2.0,6.0,3.0,26514.0,29310.0,523.0,22650.0,27653.0,482.0,3864.0,1657.0,41.0,5.0,13.0,3.0,3.0,9.0,5.0,37780.0,40979.0,682.0,30013.0,35783.0,616.0,7767.0,5196.0,66.0,11.0,26.0,4.0,4.0,12.0,11.0,48036.0,54358.0,846.0,39073.0,47668.0,787.0,8963.0,6690.0,59.0,12.0,30.0,6.0,6.0,20.0,12.0
ESPORTSTMNT05_3220344,complete,,EM,2023,Spring,0,2023-04-13 15:00:21,1,13.06,200,Red,team,,,Geekay Esports,oe:team:1ff3f5c94edd806e1fed4105fc48995,,Rumble,Wukong,Annie,Sylas,Olaf,Varus,Maokai,Malphite,Rakan,Yone,1827,0,9,22,30,9,22,0.0,0.0,0.0,0.0,0.0,,,,0.2956,1.0181,1.0,2.0,3.0,2.0,3.0,1.0,0.0,0.0,0.0,0.0,1.0,,0.0,0.0,1.0,1.0,1.0,,,0.0,0.0,2.0,0.0,2.0,10.0,0.0,0.0,3.0,4.0,0.0,2.0,55065.0,1808.3744,,3294.8112,4344.3021,92.0,3.0213,59.0,1.9376,32.0,245.0,8.046,48881,28868,948.046,,47135.0,-0.185109,-4.01,,777.0,157.0,,,30.6732,14992.0,18001.0,307.0,16254.0,17120.0,309.0,-1262.0,881.0,-2.0,2.0,6.0,3.0,3.0,8.0,2.0,22650.0,27653.0,482.0,26514.0,29310.0,523.0,-3864.0,-1657.0,-41.0,3.0,9.0,5.0,5.0,13.0,3.0,30013.0,35783.0,616.0,37780.0,40979.0,682.0,-7767.0,-5196.0,-66.0,4.0,12.0,11.0,11.0,26.0,4.0,39073.0,47668.0,787.0,48036.0,54358.0,846.0,-8963.0,-6690.0,-59.0,6.0,20.0,12.0,12.0,30.0,6.0
ESPORTSTMNT05_3222335,complete,,EM,2023,Spring,0,2023-04-13 15:55:53,1,13.06,1,Blue,top,Ragner,oe:player:c0f78343a2ad4ba1463245d53a3b440,Team GO,oe:team:8d538207b9de9d20e1a525aae593515,Kennen,Kalista,Malphite,Rakan,Sion,Renata Glasc,,,,,,1989,1,2,3,9,15,6,0.0,0.0,0.0,0.0,0.0,0.0,0.0,1.0,0.4525,0.6335,,,,,,,,,,,,,,,,,,,,,0.0,0.0,,,,,,,,0.0,0.0,15986.0,482.2323,0.247699,647.6018,518.7934,15.0,0.4525,7.0,0.2112,5.0,48.0,1.448,12721,8388,253.0317,0.214182,11125.0,,,214.0,206.0,8.0,,,6.4555,3261.0,4621.0,78.0,3282.0,4917.0,86.0,-21.0,-296.0,-8.0,0.0,0.0,1.0,0.0,1.0,0.0,5459.0,7311.0,123.0,5173.0,7702.0,133.0,286.0,-391.0,-10.0,0.0,0.0,2.0,1.0,1.0,0.0,7110.0,9590.0,154.0,6682.0,9671.0,163.0,428.0,-81.0,-9.0,0.0,2.0,2.0,1.0,2.0,1.0,9768.0,12589.0,180.0,8250.0,13516.0,197.0,1518.0,-927.0,-17.0,1.0,5.0,3.0,1.0,3.0,2.0
ESPORTSTMNT05_3222335,complete,,EM,2023,Spring,0,2023-04-13 15:55:53,1,13.06,2,Blue,jng,Lyncas,oe:player:ca9701f085966dfca32e31b1b1e9d55,Team GO,oe:team:8d538207b9de9d20e1a525aae593515,Vi,Kalista,Malphite,Rakan,Sion,Renata Glasc,,,,,,1989,1,2,2,5,15,6,0.0,0.0,0.0,0.0,0.0,0.0,0.0,0.0,0.4525,0.6335,,,,,,,,,,,,,,,,,,,,,1.0,0.0,,,,,,,,0.0,0.0,5701.0,171.9759,0.0883356,726.5762,1225.0377,14.0,0.4223,14.0,0.4223,12.0,55.0,1.6591,10151,5818,175.5053,0.148558,9250.0,,,145.0,21.0,124.0,,,4.3741,3165.0,3256.0,66.0,3270.0,3425.0,70.0,-105.0,-169.0,-4.0,0.0,1.0,0.0,0.0,1.0,0.0,4493.0,4755.0,92.0,4729.0,5494.0,100.0,-236.0,-739.0,-8.0,0.0,1.0,0.0,0.0,2.0,0.0,5900.0,6408.0,108.0,7185.0,7507.0,130.0,-1285.0,-1099.0,-22.0,1.0,1.0,2.0,2.0,2.0,0.0,7846.0,9104.0,125.0,8855.0,9357.0,152.0,-1009.0,-253.0,-27.0,2.0,3.0,2.0,3.0,3.0,1.0
ESPORTSTMNT05_3222335,complete,,EM,2023,Spring,0,2023-04-13 15:55:53,1,13.06,3,Blue,mid,Toucouille,oe:player:525ac233cf71bc36a611e27a324144f,Team GO,oe:team:8d538207b9de9d20e1a525aae593515,Ahri,Kalista,Malphite,Rakan,Sion,Renata Glasc,,,,,,1989,1,4,0,10,15,6,1.0,0.0,0.0,0.0,0.0,0.0,0.0,0.0,0.4525,0.6335,,,,,,,,,,,,,,,,,,,,,0.0,0.0,,,,,,,,0.0,0.0,13820.0,416.8929,0.214137,338.0392,230.1056,7.0,0.2112,8.0,0.2413,5.0,32.0,0.9653,13159,8826,266.2443,0.225366,10550.0,,,272.0,263.0,9.0,,,8.2051,3597.0,4703.0,87.0,3290.0,4445.0,76.0,307.0,258.0,11.0,1.0,0.0,0.0,1.0,0.0,1.0,5493.0,8027.0,148.0,5069.0,7302.0,126.0,424.0,725.0,22.0,1.0,0.0,0.0,1.0,1.0,1.0,7195.0,10588.0,191.0,7003.0,9777.0,169.0,192.0,811.0,22.0,1.0,1.0,0.0,1.0,2.0,2.0,9340.0,13657.0,215.0,8741.0,11611.0,204.0,599.0,2046.0,11.0,2.0,6.0,0.0,1.0,2.0,4.0
ESPORTSTMNT05_3222335,complete,,EM,2023,Spring,0,2023-04-13 15:55:53,1,13.06,4,Blue,bot,Jezu,oe:player:4817d93e8f26002377aec42233b3fc2,Team GO,oe:team:8d538207b9de9d20e1a525aae593515,Jinx,Kalista,Malphite,Rakan,Sion,Renata Glasc,,,,,,1989,1,7,0,7,15,6,2.0,0.0,0.0,0.0,0.0,0.0,0.0,0.0,0.4525,0.6335,,,,,,,,,,,,,,,,,,,,,0.0,0.0,,,,,,,,1.0,0.0,24822.0,748.7783,0.384611,264.3439,151.4329,16.0,0.4827,10.0,0.3017,4.0,40.0,1.2066,16727,12394,373.8763,0.316475,14800.0,,,347.0,316.0,31.0,,,10.4676,3580.0,3677.0,96.0,3494.0,3293.0,92.0,86.0,384.0,4.0,0.0,0.0,0.0,0.0,0.0,0.0,5280.0,5610.0,141.0,5414.0,5955.0,153.0,-134.0,-345.0,-12.0,0.0,0.0,0.0,0.0,0.0,0.0,7643.0,8081.0,195.0,7378.0,8224.0,200.0,265.0,-143.0,-5.0,1.0,1.0,0.0,0.0,2.0,0.0,11661.0,12422.0,263.0,9661.0,10868.0,261.0,2000.0,1554.0,2.0,4.0,4.0,0.0,1.0,2.0,1.0
ESPORTSTMNT05_3222335,complete,,EM,2023,Spring,0,2023-04-13 15:55:53,1,13.06,5,Blue,sup,kamilius,oe:player:7aa0aebd379414d25f1fcdc396407f1,Team GO,oe:team:8d538207b9de9d20e1a525aae593515,Thresh,Kalista,Malphite,Rakan,Sion,Renata Glasc,,,,,,1989,1,0,1,14,15,6,0.0,0.0,0.0,0.0,0.0,0.0,0.0,0.0,0.4525,0.6335,,,,,,,,,,,,,,,,,,,,,0.0,0.0,,,,,,,,0.0,0.0,4209.0,126.9683,0.0652174,276.1991,182.5038,52.0,1.5686,16.0,0.4827,13.0,113.0,3.4087,8070,3737,112.73,0.0954196,7375.0,,,37.0,37.0,0.0,,,1.1161,2112.0,2421.0,16.0,2051.0,2461.0,13.0,61.0,-40.0,3.0,0.0,1.0,0.0,0.0,0.0,0.0,3263.0,3341.0,26.0,2909.0,3220.0,17.0,354.0,121.0,9.0,0.0,1.0,0.0,0.0,0.0,0.0,4367.0,4375.0,32.0,4287.0,4599.0,25.0,80.0,-224.0,7.0,0.0,3.0,0.0,0.0,2.0,0.0,5813.0,6730.0,33.0,5399.0,6325.0,27.0,414.0,405.0,6.0,0.0,8.0,1.0,0.0,4.0,1.0
ESPORTSTMNT05_3222335,complete,,EM,2023,Spring,0,2023-04-13 15:55:53,1,13.06,6,Red,top,JNX,oe:player:4bb53c6fa9f5d75901136feb8bdf817,SK Gaming Prime,oe:team:aa8c3b781d96ddb7a24ab3240918988,Gragas,Annie,Jayce,Xayah,Nautilus,Nami,,,,,,1989,0,1,3,3,6,15,0.0,0.0,0.0,0.0,1.0,0.0,1.0,0.0,0.181,0.6335,,,,,,,,,,,,,,,,,,,,,0.0,0.0,,,,,,,,0.0,0.0,11759.0,354.721,0.306711,694.54,606.003,13.0,0.3922,5.0,0.1508,2.0,28.0,0.8446,9928,5595,168.7783,0.187947,9450.0,,,215.0,211.0,4.0,,,6.4857,3282.0,4917.0,86.0,3261.0,4621.0,78.0,21.0,296.0,8.0,0.0,1.0,0.0,0.0,0.0,1.0,5173.0,7702.0,133.0,5459.0,7311.0,123.0,-286.0,391.0,10.0,1.0,1.0,0.0,0.0,0.0,2.0,6682.0,9671.0,163.0,7110.0,9590.0,154.0,-428.0,81.0,9.0,1.0,2.0,1.0,0.0,2.0,2.0,8250.0,13516.0,197.0,9768.0,12589.0,180.0,-1518.0,927.0,17.0,1.0,3.0,2.0,1.0,5.0,3.0
ESPORTSTMNT05_3222335,complete,,EM,2023,Spring,0,2023-04-13 15:55:53,1,13.06,7,Red,jng,Lurox,oe:player:6fc5fe723eed4ba4c230292be365c66,SK Gaming Prime,oe:team:aa8c3b781d96ddb7a24ab3240918988,Wukong,Annie,Jayce,Xayah,Nautilus,Nami,,,,,,1989,0,3,2,3,6,15,0.0,0.0,0.0,0.0,1.0,0.0,1.0,0.0,0.181,0.6335,,,,,,,,,,,,,,,,,,,,,0.0,1.0,,,,,,,,0.0,0.0,5785.0,174.5098,0.150891,691.0106,691.9457,12.0,0.362,18.0,0.543,11.0,67.0,2.0211,10324,5991,180.724,0.20125,9825.0,,,168.0,32.0,136.0,,,5.0679,3270.0,3425.0,70.0,3165.0,3256.0,66.0,105.0,169.0,4.0,0.0,1.0,0.0,0.0,1.0,0.0,4729.0,5494.0,100.0,4493.0,4755.0,92.0,236.0,739.0,8.0,0.0,2.0,0.0,0.0,1.0,0.0,7185.0,7507.0,130.0,5900.0,6408.0,108.0,1285.0,1099.0,22.0,2.0,2.0,0.0,1.0,1.0,2.0,8855.0,9357.0,152.0,7846.0,9104.0,125.0,1009.0,253.0,27.0,3.0,3.0,1.0,2.0,3.0,2.0
ESPORTSTMNT05_3222335,complete,,EM,2023,Spring,0,2023-04-13 15:55:53,1,13.06,8,Red,mid,FEBIVEN,oe:player:d62421836c8b27dc3ffaffa058b8098,SK Gaming Prime,oe:team:aa8c3b781d96ddb7a24ab3240918988,Lissandra,Annie,Jayce,Xayah,Nautilus,Nami,,,,,,1989,0,1,5,2,6,15,0.0,0.0,0.0,0.0,1.0,1.0,0.0,0.0,0.181,0.6335,,,,,,,,,,,,,,,,,,,,,0.0,0.0,,,,,,,,0.0,0.0,5658.0,170.6787,0.147578,530.1659,325.7617,6.0,0.181,4.0,0.1207,2.0,29.0,0.8748,10961,6628,199.9397,0.222648,10000.0,,,248.0,244.0,4.0,,,7.4811,3290.0,4445.0,76.0,3597.0,4703.0,87.0,-307.0,-258.0,-11.0,1.0,0.0,1.0,1.0,0.0,0.0,5069.0,7302.0,126.0,5493.0,8027.0,148.0,-424.0,-725.0,-22.0,1.0,1.0,1.0,1.0,0.0,0.0,7003.0,9777.0,169.0,7195.0,10588.0,191.0,-192.0,-811.0,-22.0,1.0,2.0,2.0,1.0,1.0,0.0,8741.0,11611.0,204.0,9340.0,13657.0,215.0,-599.0,-2046.0,-11.0,1.0,2.0,4.0,2.0,6.0,0.0
ESPORTSTMNT05_3222335,complete,,EM,2023,Spring,0,2023-04-13 15:55:53,1,13.06,9,Red,bot,Keduii,oe:player:44189e6dc3089dbf9520de800fa705a,SK Gaming Prime,oe:team:aa8c3b781d96ddb7a24ab3240918988,Zeri,Annie,Jayce,Xayah,Nautilus,Nami,,,,,,1989,0,1,2,2,6,15,0.0,0.0,0.0,0.0,0.0,0.0,0.0,0.0,0.181,0.6335,,,,,,,,,,,,,,,,,,,,,0.0,0.0,,,,,,,,0.0,1.0,12902.0,389.2006,0.336524,356.8326,523.8612,15.0,0.4525,14.0,0.4223,5.0,54.0,1.629,13553,9220,278.1297,0.309721,13475.0,,,368.0,314.0,54.0,,,11.1011,3494.0,3293.0,92.0,3580.0,3677.0,96.0,-86.0,-384.0,-4.0,0.0,0.0,0.0,0.0,0.0,0.0,5414.0,5955.0,153.0,5280.0,5610.0,141.0,134.0,345.0,12.0,0.0,0.0,0.0,0.0,0.0,0.0,7378.0,8224.0,200.0,7643.0,8081.0,195.0,-265.0,143.0,5.0,0.0,2.0,0.0,1.0,1.0,0.0,9661.0,10868.0,261.0,11661.0,12422.0,263.0,-2000.0,-1554.0,-2.0,1.0,2.0,1.0,4.0,4.0,0.0
ESPORTSTMNT05_3222335,complete,,EM,2023,Spring,0,2023-04-13 15:55:53,1,13.06,10,Red,sup,Prime,oe:player:e038414b765a8bda52e602f7eaeff04,SK Gaming Prime,oe:team:aa8c3b781d96ddb7a24ab3240918988,Lulu,Annie,Jayce,Xayah,Nautilus,Nami,,,,,,1989,0,0,3,4,6,15,0.0,0.0,0.0,0.0,0.0,0.0,0.0,0.0,0.181,0.6335,,,,,,,,,,,,,,,,,,,,,0.0,0.0,,,,,,,,0.0,0.0,2235.0,67.4208,0.0582957,259.2459,145.3695,47.0,1.4178,7.0,0.2112,15.0,76.0,2.2926,6668,2335,70.4374,0.078434,6475.0,,,28.0,28.0,0.0,,,0.8446,2051.0,2461.0,13.0,2112.0,2421.0,16.0,-61.0,40.0,-3.0,0.0,0.0,0.0,0.0,1.0,0.0,2909.0,3220.0,17.0,3263.0,3341.0,26.0,-354.0,-121.0,-9.0,0.0,0.0,0.0,0.0,1.0,0.0,4287.0,4599.0,25.0,4367.0,4375.0,32.0,-80.0,224.0,-7.0,0.0,2.0,0.0,0.0,3.0,0.0,5399.0,6325.0,27.0,5813.0,6730.0,33.0,-414.0,-405.0,-6.0,0.0,4.0,1.0,0.0,8.0,1.0
ESPORTSTMNT05_3222335,complete,,EM,2023,Spring,0,2023-04-13 15:55:53,1,13.06,100,Blue,team,,,Team GO,oe:team:8d538207b9de9d20e1a525aae593515,,Kalista,Malphite,Rakan,Sion,Renata Glasc,Vi,Ahri,Kennen,Jinx,Thresh,1989,1,15,6,45,15,6,3.0,0.0,0.0,0.0,0.0,,,,0.4525,0.6335,1.0,2.0,3.0,2.0,3.0,1.0,0.0,0.0,0.0,1.0,0.0,,0.0,0.0,1.0,1.0,1.0,,,1.0,1.0,0.0,0.0,9.0,4.0,0.0,1.0,5.0,2.0,1.0,0.0,64538.0,1946.8477,,2252.7602,2307.8733,104.0,3.1373,55.0,1.6591,39.0,288.0,8.6878,60828,39162,1181.3575,,53100.0,0.0757391,1.25,,843.0,172.0,,,30.6184,15715.0,18678.0,343.0,15387.0,18541.0,337.0,328.0,137.0,6.0,1.0,2.0,1.0,1.0,2.0,1.0,23988.0,29044.0,530.0,23294.0,29673.0,529.0,694.0,-629.0,1.0,1.0,2.0,2.0,2.0,4.0,1.0,32215.0,39042.0,680.0,32535.0,39778.0,687.0,-320.0,-736.0,-7.0,3.0,8.0,4.0,4.0,10.0,3.0,44428.0,54502.0,816.0,40906.0,51677.0,841.0,3522.0,2825.0,-25.0,9.0,26.0,6.0,6.0,14.0,9.0
ESPORTSTMNT05_3222335,complete,,EM,2023,Spring,0,2023-04-13 15:55:53,1,13.06,200,Red,team,,,SK Gaming Prime,oe:team:aa8c3b781d96ddb7a24ab3240918988,,Annie,Jayce,Xayah,Nautilus,Nami,Zeri,Wukong,Lissandra,Gragas,Lulu,1989,0,6,15,14,6,15,0.0,0.0,0.0,0.0,1.0,,,,0.181,0.6335,0.0,3.0,2.0,3.0,2.0,0.0,0.0,3.0,0.0,0.0,0.0,,0.0,0.0,0.0,1.0,1.0,,,0.0,0.0,1.0,1.0,4.0,9.0,1.0,0.0,2.0,5.0,0.0,1.0,38339.0,1156.5309,,2531.7949,2292.9412,93.0,2.8054,48.0,1.448,35.0,254.0,7.6621,51434,29768,897.9789,,49225.0,-0.0757391,-1.25,,829.0,198.0,,,30.9804,15387.0,18541.0,337.0,15715.0,18678.0,343.0,-328.0,-137.0,-6.0,1.0,2.0,1.0,1.0,2.0,1.0,23294.0,29673.0,529.0,23988.0,29044.0,530.0,-694.0,629.0,-1.0,2.0,4.0,1.0,1.0,2.0,2.0,32535.0,39778.0,687.0,32215.0,39042.0,680.0,320.0,736.0,7.0,4.0,10.0,3.0,3.0,8.0,4.0,40906.0,51677.0,841.0,44428.0,54502.0,816.0,-3522.0,-2825.0,25.0,6.0,14.0,9.0,9.0,26.0,6.0
ESPORTSTMNT05_3223046,complete,,EM,2023,Spring,0,2023-04-13 15:56:06,1,13.06,1,Blue,top,Color,oe:player:cb5feb1b7314637725a2e73bdc9f729,Zero Tenacity,oe:team:125fc4d6b0dc1b21596f4f06a207d62,Sion,Lissandra,Thresh,Rakan,Nautilus,Rumble,,,,,,1469,0,0,4,1,2,20,0.0,0.0,0.0,0.0,0.0,0.0,0.0,1.0,0.0817,0.8986,,,,,,,,,,,,,,,,,,,,,0.0,0.0,,,,,,,,0.0,0.0,9364.0,382.4643,0.246447,955.0987,1362.3145,7.0,0.2859,3.0,0.1225,0.0,18.0,0.7352,7622,4350,177.6719,0.217948,6900.0,,,167.0,167.0,0.0,,,6.821,3170.0,4927.0,79.0,3558.0,4855.0,76.0,-388.0,72.0,3.0,0.0,0.0,1.0,1.0,0.0,0.0,4638.0,7050.0,116.0,5907.0,7724.0,130.0,-1269.0,-674.0,-14.0,0.0,0.0,2.0,1.0,1.0,0.0,6371.0,8787.0,147.0,7811.0,9884.0,156.0,-1440.0,-1097.0,-9.0,0.0,1.0,3.0,1.0,6.0,1.0,7622.0,10002.0,167.0,11087.0,13005.0,189.0,-3465.0,-3003.0,-22.0,0.0,1.0,4.0,3.0,10.0,1.0
ESPORTSTMNT05_3223046,complete,,EM,2023,Spring,0,2023-04-13 15:56:06,1,13.06,2,Blue,jng,Ryuzaki,oe:player:9312bfc44c1e0686971d076d1364713,Zero Tenacity,oe:team:125fc4d6b0dc1b21596f4f06a207d62,Lee Sin,Lissandra,Thresh,Rakan,Nautilus,Rumble,,,,,,1469,0,0,5,1,2,20,0.0,0.0,0.0,0.0,0.0,0.0,0.0,0.0,0.0817,0.8986,,,,,,,,,,,,,,,,,,,,,0.0,1.0,,,,,,,,0.0,0.0,5820.0,237.7127,0.153174,966.7801,756.5555,7.0,0.2859,3.0,0.1225,4.0,15.0,0.6127,6532,3260,133.1518,0.163332,6050.0,,,117.0,10.0,107.0,,,4.7788,2711.0,2958.0,48.0,3042.0,3044.0,53.0,-331.0,-86.0,-5.0,0.0,0.0,0.0,0.0,1.0,0.0,4045.0,4749.0,76.0,5118.0,5001.0,83.0,-1073.0,-252.0,-7.0,0.0,0.0,1.0,2.0,1.0,0.0,5519.0,6566.0,104.0,7718.0,8135.0,126.0,-2199.0,-1569.0,-22.0,0.0,1.0,3.0,3.0,5.0,0.0,6532.0,7818.0,117.0,10038.0,11984.0,152.0,-3506.0,-4166.0,-35.0,0.0,1.0,5.0,4.0,8.0,0.0
ESPORTSTMNT05_3223046,complete,,EM,2023,Spring,0,2023-04-13 15:56:06,1,13.06,3,Blue,mid,SlowQ,oe:player:613a571a4b0b674547093130f2e4093,Zero Tenacity,oe:team:125fc4d6b0dc1b21596f4f06a207d62,LeBlanc,Lissandra,Thresh,Rakan,Nautilus,Rumble,,,,,,1469,0,1,2,0,2,20,0.0,0.0,0.0,0.0,0.0,0.0,0.0,0.0,0.0817,0.8986,,,,,,,,,,,,,,,,,,,,,0.0,0.0,,,,,,,,0.0,0.0,10375.0,423.7577,0.273055,670.6603,284.03,18.0,0.7352,9.0,0.3676,4.0,32.0,1.307,7923,4651,189.966,0.233031,7800.0,,,201.0,201.0,0.0,,,8.2097,2906.0,4670.0,77.0,2992.0,4244.0,78.0,-86.0,426.0,-1.0,0.0,0.0,0.0,0.0,0.0,0.0,4448.0,6973.0,125.0,4993.0,7112.0,130.0,-545.0,-139.0,-5.0,0.0,0.0,0.0,0.0,2.0,0.0,6218.0,9028.0,161.0,8347.0,10056.0,175.0,-2129.0,-1028.0,-14.0,1.0,0.0,0.0,2.0,3.0,0.0,7923.0,11028.0,201.0,11246.0,12878.0,198.0,-3323.0,-1850.0,3.0,1.0,0.0,2.0,5.0,6.0,0.0
ESPORTSTMNT05_3223046,complete,,EM,2023,Spring,0,2023-04-13 15:56:06,1,13.06,4,Blue,bot,Noah,oe:player:95d286ec0a5d750d09e848a4e630c56,Zero Tenacity,oe:team:125fc4d6b0dc1b21596f4f06a207d62,Xayah,Lissandra,Thresh,Rakan,Nautilus,Rumble,,,,,,1469,0,1,4,1,2,20,0.0,0.0,0.0,0.0,0.0,0.0,0.0,0.0,0.0817,0.8986,,,,,,,,,,,,,,,,,,,,,0.0,0.0,,,,,,,,0.0,0.0,10350.0,422.7366,0.272397,463.8666,262.4234,13.0,0.531,8.0,0.3268,5.0,32.0,1.307,9207,5935,242.4098,0.297368,9175.0,,,219.0,211.0,8.0,,,8.9449,4010.0,3319.0,92.0,3325.0,2975.0,87.0,685.0,344.0,5.0,1.0,0.0,0.0,0.0,0.0,0.0,5919.0,5879.0,150.0,5935.0,5586.0,136.0,-16.0,293.0,14.0,1.0,0.0,0.0,1.0,2.0,0.0,7802.0,7540.0,187.0,8570.0,7840.0,169.0,-768.0,-300.0,18.0,1.0,1.0,2.0,3.0,5.0,0.0,9207.0,8852.0,219.0,11270.0,10807.0,197.0,-2063.0,-1955.0,22.0,1.0,1.0,4.0,5.0,8.0,0.0
ESPORTSTMNT05_3223046,complete,,EM,2023,Spring,0,2023-04-13 15:56:06,1,13.06,5,Blue,sup,sanghyeon,oe:player:750126a9b77f68942d7f412ad74b67d,Zero Tenacity,oe:team:125fc4d6b0dc1b21596f4f06a207d62,Leona,Lissandra,Thresh,Rakan,Nautilus,Rumble,,,,,,1469,0,0,5,2,2,20,0.0,0.0,0.0,0.0,0.0,0.0,0.0,0.0,0.0817,0.8986,,,,,,,,,,,,,,,,,,,,,0.0,0.0,,,,,,,,0.0,1.0,2087.0,85.2417,0.0549268,758.1076,700.599,33.0,1.3479,3.0,0.1225,12.0,51.0,2.083,5035,1763,72.0082,0.088321,4550.0,,,25.0,25.0,0.0,,,1.0211,2268.0,2519.0,13.0,2090.0,2444.0,14.0,178.0,75.0,-1.0,0.0,1.0,0.0,0.0,0.0,1.0,3309.0,3350.0,21.0,3234.0,3685.0,19.0,75.0,-335.0,2.0,0.0,1.0,1.0,0.0,3.0,1.0,4185.0,4360.0,23.0,5290.0,5433.0,29.0,-1105.0,-1073.0,-6.0,0.0,2.0,3.0,2.0,7.0,1.0,5035.0,4761.0,25.0,7213.0,8098.0,36.0,-2178.0,-3337.0,-11.0,0.0,2.0,5.0,3.0,12.0,1.0
ESPORTSTMNT05_3223046,complete,,EM,2023,Spring,0,2023-04-13 15:56:06,1,13.06,6,Red,top,iBo,oe:player:4bdb80c84e25651b3d62742c0b61f6d,Los Heretics,oe:team:2dfc66b98002c5afad2a98dbf86e350,Gnar,Annie,Vi,Zeri,Braum,Malphite,,,,,,1469,1,3,1,10,20,2,0.0,0.0,0.0,0.0,1.0,1.0,0.0,0.0,0.8169,0.8986,,,,,,,,,,,,,,,,,,,,,0.0,0.0,,,,,,,,0.0,0.0,23244.0,949.3805,0.29337,799.115,659.1831,12.0,0.4901,3.0,0.1225,4.0,26.0,1.0619,11087,7815,319.1967,0.226563,9333.0,,,189.0,185.0,4.0,,,7.7195,3558.0,4855.0,76.0,3170.0,4927.0,79.0,388.0,-72.0,-3.0,1.0,0.0,0.0,0.0,0.0,1.0,5907.0,7724.0,130.0,4638.0,7050.0,116.0,1269.0,674.0,14.0,1.0,1.0,0.0,0.0,0.0,2.0,7811.0,9884.0,156.0,6371.0,8787.0,147.0,1440.0,1097.0,9.0,1.0,6.0,1.0,0.0,1.0,3.0,11087.0,13005.0,189.0,7622.0,10002.0,167.0,3465.0,3003.0,22.0,3.0,10.0,1.0,0.0,1.0,4.0
ESPORTSTMNT05_3223046,complete,,EM,2023,Spring,0,2023-04-13 15:56:06,1,13.06,7,Red,jng,bluerzor,oe:player:0973ddfd8ce96a62e85badbe503d163,Los Heretics,oe:team:2dfc66b98002c5afad2a98dbf86e350,Wukong,Annie,Vi,Zeri,Braum,Malphite,,,,,,1469,1,4,0,8,20,2,1.0,0.0,0.0,0.0,1.0,0.0,1.0,0.0,0.8169,0.8986,,,,,,,,,,,,,,,,,,,,,1.0,0.0,,,,,,,,0.0,0.0,8558.0,349.5439,0.108013,846.4942,820.5582,8.0,0.3268,14.0,0.5718,6.0,43.0,1.7563,10038,6766,276.3513,0.19615,8800.0,,,152.0,38.0,114.0,,,6.2083,3042.0,3044.0,53.0,2711.0,2958.0,48.0,331.0,86.0,5.0,0.0,1.0,0.0,0.0,0.0,0.0,5118.0,5001.0,83.0,4045.0,4749.0,76.0,1073.0,252.0,7.0,2.0,1.0,0.0,0.0,0.0,1.0,7718.0,8135.0,126.0,5519.0,6566.0,104.0,2199.0,1569.0,22.0,3.0,5.0,0.0,0.0,1.0,3.0,10038.0,11984.0,152.0,6532.0,7818.0,117.0,3506.0,4166.0,35.0,4.0,8.0,0.0,0.0,1.0,5.0
ESPORTSTMNT05_3223046,complete,,EM,2023,Spring,0,2023-04-13 15:56:06,1,13.06,8,Red,mid,Zwyroo,oe:player:1806cb4175771800d1d1ace2817103c,Los Heretics,oe:team:2dfc66b98002c5afad2a98dbf86e350,Viktor,Annie,Vi,Zeri,Braum,Malphite,,,,,,1469,1,5,0,6,20,2,1.0,0.0,0.0,0.0,0.0,0.0,0.0,0.0,0.8169,0.8986,,,,,,,,,,,,,,,,,,,,,0.0,0.0,,,,,,,,0.0,0.0,25770.0,1052.5528,0.325251,340.4357,391.5725,12.0,0.4901,5.0,0.2042,4.0,27.0,1.1028,11246,7974,325.6909,0.231172,9700.0,,,198.0,193.0,5.0,,,8.0871,2992.0,4244.0,78.0,2906.0,4670.0,77.0,86.0,-426.0,1.0,0.0,0.0,0.0,0.0,0.0,0.0,4993.0,7112.0,130.0,4448.0,6973.0,125.0,545.0,139.0,5.0,0.0,2.0,0.0,0.0,0.0,0.0,8347.0,10056.0,175.0,6218.0,9028.0,161.0,2129.0,1028.0,14.0,2.0,3.0,0.0,1.0,0.0,0.0,11246.0,12878.0,198.0,7923.0,11028.0,201.0,3323.0,1850.0,-3.0,5.0,6.0,0.0,1.0,0.0,2.0
ESPORTSTMNT05_3223046,complete,,EM,2023,Spring,0,2023-04-13 15:56:06,1,13.06,9,Red,bot,Flakked,oe:player:717bb4d71a2dab54e7020b1a8fde420,Los Heretics,oe:team:2dfc66b98002c5afad2a98dbf86e350,Varus,Annie,Vi,Zeri,Braum,Malphite,,,,,,1469,1,5,0,8,20,2,0.0,0.0,0.0,0.0,0.0,0.0,0.0,0.0,0.8169,0.8986,,,,,,,,,,,,,,,,,,,,,0.0,0.0,,,,,,,,0.0,0.0,15446.0,630.8781,0.194949,258.2573,140.9939,14.0,0.5718,13.0,0.531,6.0,43.0,1.7563,11270,7998,326.6712,0.231868,9350.0,,,197.0,197.0,0.0,,,8.0463,3325.0,2975.0,87.0,4010.0,3319.0,92.0,-685.0,-344.0,-5.0,0.0,0.0,0.0,1.0,0.0,0.0,5935.0,5586.0,136.0,5919.0,5879.0,150.0,16.0,-293.0,-14.0,1.0,2.0,0.0,1.0,0.0,0.0,8570.0,7840.0,169.0,7802.0,7540.0,187.0,768.0,300.0,-18.0,3.0,5.0,0.0,1.0,1.0,2.0,11270.0,10807.0,197.0,9207.0,8852.0,219.0,2063.0,1955.0,-22.0,5.0,8.0,0.0,1.0,1.0,4.0
ESPORTSTMNT05_3223046,complete,,EM,2023,Spring,0,2023-04-13 15:56:06,1,13.06,10,Red,sup,marlon,oe:player:e1ddc411cd92f26392b707a48e5c700,Los Heretics,oe:team:2dfc66b98002c5afad2a98dbf86e350,Renata Glasc,Annie,Vi,Zeri,Braum,Malphite,,,,,,1469,1,3,1,12,20,2,0.0,0.0,0.0,0.0,0.0,0.0,0.0,0.0,0.8169,0.8986,,,,,,,,,,,,,,,,,,,,,0.0,0.0,,,,,,,,1.0,0.0,6213.0,253.7645,0.0784163,357.3043,292.0762,31.0,1.2662,12.0,0.4901,14.0,70.0,2.8591,7213,3941,160.9666,0.114247,6000.0,,,36.0,36.0,0.0,,,1.4704,2090.0,2444.0,14.0,2268.0,2519.0,13.0,-178.0,-75.0,1.0,0.0,0.0,1.0,0.0,1.0,0.0,3234.0,3685.0,19.0,3309.0,3350.0,21.0,-75.0,335.0,-2.0,0.0,3.0,1.0,0.0,1.0,1.0,5290.0,5433.0,29.0,4185.0,4360.0,23.0,1105.0,1073.0,6.0,2.0,7.0,1.0,0.0,2.0,3.0,7213.0,8098.0,36.0,5035.0,4761.0,25.0,2178.0,3337.0,11.0,3.0,12.0,1.0,0.0,2.0,5.0
ESPORTSTMNT05_3223046,complete,,EM,2023,Spring,0,2023-04-13 15:56:06,1,13.06,100,Blue,team,,,Zero Tenacity,oe:team:125fc4d6b0dc1b21596f4f06a207d62,,Lissandra,Thresh,Rakan,Nautilus,Rumble,Xayah,Lee Sin,LeBlanc,Leona,Sion,1469,0,2,20,5,2,20,0.0,0.0,0.0,0.0,0.0,,,,0.0817,0.8986,0.0,0.0,4.0,0.0,4.0,0.0,0.0,0.0,0.0,0.0,0.0,,0.0,0.0,0.0,0.0,2.0,,,0.0,0.0,1.0,1.0,2.0,10.0,0.0,0.0,3.0,6.0,0.0,1.0,37996.0,1551.9129,,3814.5133,3365.9224,78.0,3.1858,26.0,1.0619,25.0,148.0,6.0449,36319,19957,815.1259,,34475.0,-0.224265,-2.84,,614.0,115.0,,,29.7754,15065.0,18393.0,309.0,15007.0,17562.0,308.0,58.0,831.0,1.0,1.0,1.0,1.0,1.0,1.0,1.0,22359.0,28001.0,488.0,25187.0,29108.0,498.0,-2828.0,-1107.0,-10.0,1.0,1.0,4.0,4.0,9.0,1.0,30095.0,36281.0,622.0,37736.0,41348.0,655.0,-7641.0,-5067.0,-33.0,2.0,5.0,11.0,11.0,26.0,2.0,36319.0,42461.0,729.0,50854.0,56772.0,772.0,-14535.0,-14311.0,-43.0,2.0,5.0,20.0,20.0,44.0,2.0
ESPORTSTMNT05_3223046,complete,,EM,2023,Spring,0,2023-04-13 15:56:06,1,13.06,200,Red,team,,,Los Heretics,oe:team:2dfc66b98002c5afad2a98dbf86e350,,Annie,Vi,Zeri,Braum,Malphite,Varus,Wukong,Viktor,Gnar,Renata Glasc,1469,1,20,2,44,20,2,2.0,0.0,0.0,0.0,1.0,,,,0.8169,0.8986,1.0,4.0,0.0,4.0,0.0,1.0,0.0,2.0,0.0,1.0,0.0,,0.0,0.0,1.0,2.0,0.0,,,1.0,1.0,0.0,0.0,10.0,2.0,1.0,1.0,6.0,3.0,1.0,0.0,79231.0,3236.1198,,2601.6065,2304.3839,77.0,3.145,47.0,1.9197,34.0,209.0,8.5364,50854,34492,1408.7951,,43183.0,0.224265,2.84,,649.0,123.0,,,31.5317,15007.0,17562.0,308.0,15065.0,18393.0,309.0,-58.0,-831.0,-1.0,1.0,1.0,1.0,1.0,1.0,1.0,25187.0,29108.0,498.0,22359.0,28001.0,488.0,2828.0,1107.0,10.0,4.0,9.0,1.0,1.0,1.0,4.0,37736.0,41348.0,655.0,30095.0,36281.0,622.0,7641.0,5067.0,33.0,11.0,26.0,2.0,2.0,5.0,11.0,50854.0,56772.0,772.0,36319.0,42461.0,729.0,14535.0,14311.0,43.0,20.0,44.0,2.0,2.0,5.0,20.0
ESPORTSTMNT05_3223049,complete,,EM,2023,Spring,0,2023-04-13 16:44:26,1,13.06,1,Blue,top,Color,oe:player:cb5feb1b7314637725a2e73bdc9f729,Zero Tenacity,oe:team:125fc4d6b0dc1b21596f4f06a207d62,Kled,Jinx,Rakan,Thresh,Renata Glasc,Braum,,,,,,2124,0,2,6,7,13,18,1.0,0.0,0.0,0.0,0.0,0.0,0.0,1.0,0.3672,0.8757,,,,,,,,,,,,,,,,,,,,,0.0,0.0,,,,,,,,0.0,0.0,15764.0,445.3107,0.237689,1050.7062,956.1299,14.0,0.3955,7.0,0.1977,1.0,38.0,1.0734,12603,7994,225.8192,0.225932,12575.0,,,243.0,243.0,0.0,,,6.8644,3187.0,3685.0,63.0,3617.0,4587.0,67.0,-430.0,-902.0,-4.0,0.0,2.0,2.0,2.0,0.0,2.0,4866.0,6342.0,113.0,5727.0,7262.0,122.0,-861.0,-920.0,-9.0,0.0,2.0,2.0,2.0,0.0,2.0,6893.0,8861.0,157.0,6989.0,8789.0,154.0,-96.0,72.0,3.0,0.0,3.0,2.0,2.0,0.0,3.0,8357.0,10467.0,187.0,8724.0,11420.0,203.0,-367.0,-953.0,-16.0,0.0,4.0,3.0,2.0,0.0,3.0
ESPORTSTMNT05_3223049,complete,,EM,2023,Spring,0,2023-04-13 16:44:26,1,13.06,2,Blue,jng,Ryuzaki,oe:player:9312bfc44c1e0686971d076d1364713,Zero Tenacity,oe:team:125fc4d6b0dc1b21596f4f06a207d62,Sejuani,Jinx,Rakan,Thresh,Renata Glasc,Braum,,,,,,2124,0,2,2,4,13,18,0.0,0.0,0.0,0.0,0.0,0.0,0.0,0.0,0.3672,0.8757,,,,,,,,,,,,,,,,,,,,,0.0,2.0,,,,,,,,0.0,0.0,9671.0,273.1921,0.145819,935.5932,1667.0056,6.0,0.1695,14.0,0.3955,4.0,46.0,1.2994,11025,6416,181.2429,0.181336,10450.0,,,209.0,39.0,170.0,,,5.904,3080.0,2985.0,55.0,2861.0,2848.0,58.0,219.0,137.0,-3.0,1.0,0.0,0.0,0.0,0.0,0.0,5079.0,5364.0,95.0,4715.0,5347.0,92.0,364.0,17.0,3.0,2.0,0.0,0.0,0.0,1.0,0.0,7056.0,8006.0,132.0,5947.0,7457.0,120.0,1109.0,549.0,12.0,2.0,0.0,0.0,0.0,1.0,0.0,8523.0,10048.0,166.0,7029.0,8678.0,136.0,1494.0,1370.0,30.0,2.0,1.0,0.0,0.0,2.0,0.0
ESPORTSTMNT05_3223049,complete,,EM,2023,Spring,0,2023-04-13 16:44:26,1,13.06,3,Blue,mid,SlowQ,oe:player:613a571a4b0b674547093130f2e4093,Zero Tenacity,oe:team:125fc4d6b0dc1b21596f4f06a207d62,Sylas,Jinx,Rakan,Thresh,Renata Glasc,Braum,,,,,,2124,0,3,4,5,13,18,0.0,0.0,0.0,0.0,0.0,0.0,0.0,0.0,0.3672,0.8757,,,,,,,,,,,,,,,,,,,,,0.0,0.0,,,,,,,,0.0,0.0,13443.0,379.7458,0.202693,965.4802,640.0847,19.0,0.5367,11.0,0.3107,8.0,43.0,1.2147,11670,7061,199.4633,0.199565,11515.0,,,226.0,222.0,4.0,,,6.3842,3060.0,4659.0,78.0,3314.0,4718.0,95.0,-254.0,-59.0,-17.0,0.0,0.0,0.0,0.0,0.0,0.0,4736.0,7373.0,128.0,5331.0,7109.0,141.0,-595.0,264.0,-13.0,0.0,0.0,0.0,0.0,1.0,1.0,6632.0,9283.0,161.0,7150.0,9238.0,183.0,-518.0,45.0,-22.0,0.0,1.0,0.0,0.0,1.0,1.0,8246.0,12332.0,186.0,9094.0,11628.0,224.0,-848.0,704.0,-38.0,1.0,1.0,0.0,1.0,1.0,1.0
ESPORTSTMNT05_3223049,complete,,EM,2023,Spring,0,2023-04-13 16:44:26,1,13.06,4,Blue,bot,Noah,oe:player:95d286ec0a5d750d09e848a4e630c56,Zero Tenacity,oe:team:125fc4d6b0dc1b21596f4f06a207d62,Xayah,Jinx,Rakan,Thresh,Renata Glasc,Braum,,,,,,2124,0,4,1,5,13,18,1.0,0.0,0.0,0.0,0.0,0.0,0.0,0.0,0.3672,0.8757,,,,,,,,,,,,,,,,,,,,,0.0,0.0,,,,,,,,0.0,2.0,23263.0,657.1469,0.350758,436.1017,506.6949,15.0,0.4237,10.0,0.2825,4.0,39.0,1.1017,15243,10634,300.3955,0.300542,15025.0,,,367.0,303.0,64.0,,,10.3672,3091.0,3217.0,77.0,3560.0,3865.0,97.0,-469.0,-648.0,-20.0,0.0,0.0,0.0,0.0,0.0,0.0,5217.0,5687.0,131.0,6435.0,5833.0,147.0,-1218.0,-146.0,-16.0,0.0,0.0,0.0,1.0,0.0,0.0,7678.0,8201.0,186.0,8481.0,8154.0,208.0,-803.0,47.0,-22.0,1.0,1.0,0.0,1.0,0.0,0.0,9742.0,10794.0,248.0,10576.0,10648.0,270.0,-834.0,146.0,-22.0,1.0,2.0,0.0,1.0,1.0,0.0
ESPORTSTMNT05_3223049,complete,,EM,2023,Spring,0,2023-04-13 16:44:26,1,13.06,5,Blue,sup,sanghyeon,oe:player:750126a9b77f68942d7f412ad74b67d,Zero Tenacity,oe:team:125fc4d6b0dc1b21596f4f06a207d62,Leona,Jinx,Rakan,Thresh,Renata Glasc,Braum,,,,,,2124,0,2,5,9,13,18,0.0,0.0,0.0,0.0,0.0,0.0,0.0,0.0,0.3672,0.8757,,,,,,,,,,,,,,,,,,,,,0.0,0.0,,,,,,,,0.0,0.0,4181.0,118.1073,0.0630409,636.7514,691.1299,57.0,1.6102,13.0,0.3672,20.0,98.0,2.7684,7886,3277,92.5706,0.0926244,7300.0,,,38.0,38.0,0.0,,,1.0734,2248.0,2461.0,14.0,2180.0,2220.0,14.0,68.0,241.0,0.0,1.0,0.0,0.0,0.0,0.0,0.0,3425.0,3898.0,22.0,3454.0,3477.0,26.0,-29.0,421.0,-4.0,1.0,1.0,1.0,0.0,1.0,0.0,4883.0,5196.0,27.0,4361.0,4470.0,27.0,522.0,726.0,0.0,2.0,2.0,1.0,0.0,1.0,1.0,5732.0,6322.0,31.0,5153.0,5923.0,30.0,579.0,399.0,1.0,2.0,3.0,1.0,0.0,1.0,2.0
ESPORTSTMNT05_3223049,complete,,EM,2023,Spring,0,2023-04-13 16:44:26,1,13.06,6,Red,top,Destroy,oe:player:21846207612858fb49a468b43e56dd3,İstanbul Wildcats,oe:team:a65adb2808377018a2a7832eb2bd7f4,Rumble,Annie,Vi,Zeri,Malphite,Sion,,,,,,2124,1,7,4,5,18,13,1.0,0.0,0.0,0.0,1.0,1.0,0.0,0.0,0.5085,0.8757,,,,,,,,,,,,,,,,,,,,,0.0,0.0,,,,,,,,0.0,0.0,29861.0,843.5311,0.256849,527.5424,589.0395,7.0,0.1977,5.0,0.1412,3.0,26.0,0.7345,15753,11144,314.8023,0.247554,14675.0,,,265.0,253.0,12.0,,,7.4859,3617.0,4587.0,67.0,3187.0,3685.0,63.0,430.0,902.0,4.0,2.0,0.0,2.0,0.0,2.0,2.0,5727.0,7262.0,122.0,4866.0,6342.0,113.0,861.0,920.0,9.0,2.0,0.0,2.0,0.0,2.0,2.0,6989.0,8789.0,154.0,6893.0,8861.0,157.0,96.0,-72.0,-3.0,2.0,0.0,3.0,0.0,3.0,2.0,8724.0,11420.0,203.0,8357.0,10467.0,187.0,367.0,953.0,16.0,2.0,0.0,3.0,0.0,4.0,3.0
ESPORTSTMNT05_3223049,complete,,EM,2023,Spring,0,2023-04-13 16:44:26,1,13.06,7,Red,jng,Elramir,oe:player:de442faff7b7cdc0fba7d6d5caff5e1,İstanbul Wildcats,oe:team:a65adb2808377018a2a7832eb2bd7f4,Maokai,Annie,Vi,Zeri,Malphite,Sion,,,,,,2124,1,2,1,10,18,13,0.0,0.0,0.0,0.0,0.0,0.0,0.0,0.0,0.5085,0.8757,,,,,,,,,,,,,,,,,,,,,2.0,0.0,,,,,,,,0.0,0.0,14763.0,417.0339,0.126984,1005.0282,1356.7514,19.0,0.5367,19.0,0.5367,17.0,72.0,2.0339,11426,6817,192.5706,0.151437,10075.0,,,175.0,39.0,136.0,,,4.9435,2861.0,2848.0,58.0,3080.0,2985.0,55.0,-219.0,-137.0,3.0,0.0,0.0,0.0,1.0,0.0,0.0,4715.0,5347.0,92.0,5079.0,5364.0,95.0,-364.0,-17.0,-3.0,0.0,1.0,0.0,2.0,0.0,0.0,5947.0,7457.0,120.0,7056.0,8006.0,132.0,-1109.0,-549.0,-12.0,0.0,1.0,0.0,2.0,0.0,0.0,7029.0,8678.0,136.0,8523.0,10048.0,166.0,-1494.0,-1370.0,-30.0,0.0,2.0,0.0,2.0,1.0,0.0
ESPORTSTMNT05_3223049,complete,,EM,2023,Spring,0,2023-04-13 16:44:26,1,13.06,8,Red,mid,Kofte,oe:player:db0cbdc72184ad44ab905be61fc0756,İstanbul Wildcats,oe:team:a65adb2808377018a2a7832eb2bd7f4,Jayce,Annie,Vi,Zeri,Malphite,Sion,,,,,,2124,1,8,1,7,18,13,2.0,1.0,0.0,0.0,0.0,0.0,0.0,0.0,0.5085,0.8757,,,,,,,,,,,,,,,,,,,,,0.0,0.0,,,,,,,,0.0,0.0,38786.0,1095.6497,0.333617,378.7006,423.0226,18.0,0.5085,12.0,0.339,5.0,68.0,1.9209,16173,11564,326.6667,0.256884,14725.0,,,282.0,254.0,28.0,,,7.9661,3314.0,4718.0,95.0,3060.0,4659.0,78.0,254.0,59.0,17.0,0.0,0.0,0.0,0.0,0.0,0.0,5331.0,7109.0,141.0,4736.0,7373.0,128.0,595.0,-264.0,13.0,0.0,1.0,1.0,0.0,0.0,0.0,7150.0,9238.0,183.0,6632.0,9283.0,161.0,518.0,-45.0,22.0,0.0,1.0,1.0,0.0,1.0,0.0,9094.0,11628.0,224.0,8246.0,12332.0,186.0,848.0,-704.0,38.0,1.0,1.0,1.0,1.0,1.0,0.0
ESPORTSTMNT05_3223049,complete,,EM,2023,Spring,0,2023-04-13 16:44:26,1,13.06,9,Red,bot,BAO,oe:player:6c1d0c529e73fe4c8b9a5306867c4bf,İstanbul Wildcats,oe:team:a65adb2808377018a2a7832eb2bd7f4,Varus,Annie,Vi,Zeri,Malphite,Sion,,,,,,2124,1,1,2,11,18,13,0.0,0.0,0.0,0.0,0.0,0.0,0.0,0.0,0.5085,0.8757,,,,,,,,,,,,,,,,,,,,,0.0,0.0,,,,,,,,2.0,0.0,28007.0,791.1582,0.240902,301.5537,683.3051,13.0,0.3672,14.0,0.3955,0.0,42.0,1.1864,16216,11607,327.8814,0.257839,15000.0,,,367.0,347.0,20.0,,,10.3672,3560.0,3865.0,97.0,3091.0,3217.0,77.0,469.0,648.0,20.0,0.0,0.0,0.0,0.0,0.0,0.0,6435.0,5833.0,147.0,5217.0,5687.0,131.0,1218.0,146.0,16.0,1.0,0.0,0.0,0.0,0.0,0.0,8481.0,8154.0,208.0,7678.0,8201.0,186.0,803.0,-47.0,22.0,1.0,0.0,0.0,1.0,1.0,0.0,10576.0,10648.0,270.0,9742.0,10794.0,248.0,834.0,-146.0,22.0,1.0,1.0,0.0,1.0,2.0,0.0
ESPORTSTMNT05_3223049,complete,,EM,2023,Spring,0,2023-04-13 16:44:26,1,13.06,10,Red,sup,Parus,oe:player:a9cfbc13e22eefdd22af7b346ce2af4,İstanbul Wildcats,oe:team:a65adb2808377018a2a7832eb2bd7f4,Tahm Kench,Annie,Vi,Zeri,Malphite,Sion,,,,,,2124,1,0,5,10,18,13,0.0,0.0,0.0,0.0,0.0,0.0,0.0,0.0,0.5085,0.8757,,,,,,,,,,,,,,,,,,,,,0.0,0.0,,,,,,,,0.0,0.0,4842.0,136.7797,0.0416484,587.5141,894.774,58.0,1.6384,14.0,0.3955,16.0,116.0,3.2768,8493,3884,109.7175,0.086286,7075.0,,,36.0,36.0,0.0,,,1.0169,2180.0,2220.0,14.0,2248.0,2461.0,14.0,-68.0,-241.0,0.0,0.0,0.0,0.0,1.0,0.0,0.0,3454.0,3477.0,26.0,3425.0,3898.0,22.0,29.0,-421.0,4.0,0.0,1.0,0.0,1.0,1.0,1.0,4361.0,4470.0,27.0,4883.0,5196.0,27.0,-522.0,-726.0,0.0,0.0,1.0,1.0,2.0,2.0,1.0,5153.0,5923.0,30.0,5732.0,6322.0,31.0,-579.0,-399.0,-1.0,0.0,1.0,2.0,2.0,3.0,1.0
ESPORTSTMNT05_3223049,complete,,EM,2023,Spring,0,2023-04-13 16:44:26,1,13.06,100,Blue,team,,,Zero Tenacity,oe:team:125fc4d6b0dc1b21596f4f06a207d62,,Jinx,Rakan,Thresh,Renata Glasc,Braum,Xayah,Sejuani,Sylas,Kled,Leona,2124,0,13,18,30,13,18,2.0,0.0,0.0,0.0,0.0,,,,0.3672,0.8757,0.0,0.0,4.0,0.0,4.0,0.0,0.0,0.0,0.0,0.0,0.0,,0.0,0.0,0.0,1.0,1.0,,,0.0,0.0,2.0,0.0,4.0,10.0,0.0,0.0,2.0,7.0,0.0,2.0,66322.0,1873.5028,,4024.6328,4461.0452,111.0,3.1356,55.0,1.5537,37.0,264.0,7.4576,58427,35384,999.548,,56865.0,-0.0791285,-1.23,,845.0,238.0,,,30.5932,14666.0,17007.0,287.0,15532.0,18238.0,331.0,-866.0,-1231.0,-44.0,2.0,2.0,2.0,2.0,0.0,2.0,23323.0,28664.0,489.0,25662.0,29028.0,528.0,-2339.0,-364.0,-39.0,3.0,3.0,3.0,3.0,3.0,3.0,33142.0,39547.0,663.0,32928.0,38108.0,692.0,214.0,1439.0,-29.0,5.0,7.0,3.0,3.0,3.0,5.0,40600.0,49963.0,818.0,40576.0,48297.0,863.0,24.0,1666.0,-45.0,6.0,11.0,4.0,4.0,5.0,6.0
ESPORTSTMNT05_3223049,complete,,EM,2023,Spring,0,2023-04-13 16:44:26,1,13.06,200,Red,team,,,İstanbul Wildcats,oe:team:a65adb2808377018a2a7832eb2bd7f4,,Annie,Vi,Zeri,Malphite,Sion,Varus,Maokai,Jayce,Rumble,Tahm Kench,2124,1,18,13,43,18,13,3.0,1.0,0.0,0.0,1.0,,,,0.5085,0.8757,1.0,4.0,0.0,4.0,0.0,0.0,1.0,2.0,0.0,1.0,0.0,,0.0,0.0,1.0,1.0,1.0,,,1.0,2.0,0.0,1.0,10.0,4.0,1.0,1.0,7.0,2.0,2.0,0.0,116259.0,3284.1525,,2800.339,3946.8927,115.0,3.2486,64.0,1.8079,41.0,324.0,9.1525,68061,45018,1271.6949,,61550.0,0.0791285,1.23,,929.0,196.0,,,31.7797,15532.0,18238.0,331.0,14666.0,17007.0,287.0,866.0,1231.0,44.0,2.0,0.0,2.0,2.0,2.0,2.0,25662.0,29028.0,528.0,23323.0,28664.0,489.0,2339.0,364.0,39.0,3.0,3.0,3.0,3.0,3.0,3.0,32928.0,38108.0,692.0,33142.0,39547.0,663.0,-214.0,-1439.0,29.0,3.0,3.0,5.0,5.0,7.0,3.0,40576.0,48297.0,863.0,40600.0,49963.0,818.0,-24.0,-1666.0,45.0,4.0,5.0,6.0,6.0,11.0,4.0
ESPORTSTMNT05_3222338,complete,,EM,2023,Spring,0,2023-04-13 16:55:22,1,13.06,1,Blue,top,Eyliph,oe:player:4b20700639bada36a5a58cc4a8e7135,Anorthosis Famagusta Esports,oe:team:5f1bc4a914b49c7b7ff4c2f1b8d8df9,Malphite,LeBlanc,Annie,Lee Sin,Olaf,Sylas,,,,,,2515,1,2,2,10,17,22,0.0,0.0,0.0,0.0,0.0,0.0,0.0,0.0,0.4056,0.9304,,,,,,,,,,,,,,,,,,,,,0.0,0.0,,,,,,,,0.0,0.0,16573.0,395.3797,0.152599,693.4473,2190.4652,22.0,0.5249,13.0,0.3101,7.0,64.0,1.5268,15902,10496,250.4016,0.193353,15025.0,,,305.0,299.0,6.0,,,7.2763,3533.0,4653.0,75.0,3202.0,4775.0,77.0,331.0,-122.0,-2.0,1.0,1.0,0.0,0.0,0.0,1.0,5122.0,7297.0,122.0,4800.0,7704.0,124.0,322.0,-407.0,-2.0,1.0,1.0,0.0,0.0,0.0,1.0,6992.0,10158.0,171.0,6927.0,10668.0,166.0,65.0,-510.0,5.0,1.0,1.0,0.0,1.0,2.0,2.0,8454.0,11950.0,200.0,8251.0,12468.0,196.0,203.0,-518.0,4.0,1.0,2.0,0.0,1.0,2.0,2.0
ESPORTSTMNT05_3222338,complete,,EM,2023,Spring,0,2023-04-13 16:55:22,1,13.06,2,Blue,jng,SPOOKY,oe:player:11389d6d8a29729807c3cf528a98050,Anorthosis Famagusta Esports,oe:team:5f1bc4a914b49c7b7ff4c2f1b8d8df9,Kindred,LeBlanc,Annie,Lee Sin,Olaf,Sylas,,,,,,2515,1,4,9,10,17,22,0.0,0.0,0.0,0.0,0.0,0.0,0.0,1.0,0.4056,0.9304,,,,,,,,,,,,,,,,,,,,,2.0,0.0,,,,,,,,0.0,0.0,22896.0,546.2266,0.210819,991.8966,705.996,9.0,0.2147,31.0,0.7396,8.0,101.0,2.4095,15363,9957,237.5427,0.183424,13800.0,,,267.0,47.0,220.0,,,6.3698,3038.0,3122.0,61.0,3539.0,3621.0,63.0,-501.0,-499.0,-2.0,0.0,2.0,1.0,1.0,0.0,1.0,4914.0,6023.0,109.0,5140.0,5275.0,91.0,-226.0,748.0,18.0,0.0,2.0,2.0,1.0,0.0,1.0,6783.0,8644.0,150.0,7411.0,8154.0,127.0,-628.0,490.0,23.0,0.0,3.0,3.0,3.0,0.0,1.0,8268.0,10405.0,183.0,8774.0,9378.0,142.0,-506.0,1027.0,41.0,0.0,4.0,4.0,4.0,0.0,2.0
ESPORTSTMNT05_3222338,complete,,EM,2023,Spring,0,2023-04-13 16:55:22,1,13.06,3,Blue,mid,HAWHAW,oe:player:ae06413dcf80aa496ab8448d8ea586f,Anorthosis Famagusta Esports,oe:team:5f1bc4a914b49c7b7ff4c2f1b8d8df9,Veigar,LeBlanc,Annie,Lee Sin,Olaf,Sylas,,,,,,2515,1,5,2,8,17,22,0.0,0.0,0.0,0.0,0.0,0.0,0.0,0.0,0.4056,0.9304,,,,,,,,,,,,,,,,,,,,,0.0,0.0,,,,,,,,1.0,0.0,25042.0,597.4235,0.230579,395.5467,316.9384,15.0,0.3579,7.0,0.167,4.0,46.0,1.0974,18912,13506,322.2107,0.248803,18000.0,,,385.0,357.0,28.0,,,9.1849,3568.0,4874.0,88.0,3125.0,4788.0,88.0,443.0,86.0,0.0,1.0,1.0,0.0,0.0,0.0,1.0,5513.0,8134.0,152.0,5114.0,7728.0,148.0,399.0,406.0,4.0,1.0,1.0,0.0,0.0,1.0,1.0,8011.0,11244.0,209.0,7024.0,10494.0,200.0,987.0,750.0,9.0,2.0,1.0,0.0,0.0,1.0,1.0,9988.0,13466.0,255.0,8812.0,12963.0,241.0,1176.0,503.0,14.0,2.0,2.0,0.0,0.0,2.0,1.0
ESPORTSTMNT05_3222338,complete,,EM,2023,Spring,0,2023-04-13 16:55:22,1,13.06,4,Blue,bot,GOLDENTO4ST,oe:player:5c58c2e986e8aec0ee6f2465823349a,Anorthosis Famagusta Esports,oe:team:5f1bc4a914b49c7b7ff4c2f1b8d8df9,Xayah,LeBlanc,Annie,Lee Sin,Olaf,Sylas,,,,,,2515,1,5,3,7,17,22,0.0,0.0,0.0,0.0,0.0,0.0,0.0,0.0,0.4056,0.9304,,,,,,,,,,,,,,,,,,,,,0.0,0.0,,,,,,,,0.0,0.0,38573.0,920.2306,0.355168,474.0596,399.6501,18.0,0.4294,18.0,0.4294,5.0,53.0,1.2644,20439,15033,358.6402,0.276934,19395.0,,,425.0,393.0,32.0,,,10.1392,3490.0,3497.0,91.0,3475.0,3585.0,99.0,15.0,-88.0,-8.0,0.0,0.0,0.0,0.0,0.0,0.0,6233.0,5751.0,148.0,5469.0,6368.0,157.0,764.0,-617.0,-9.0,0.0,0.0,0.0,0.0,0.0,0.0,8225.0,8159.0,205.0,7694.0,9527.0,227.0,531.0,-1368.0,-22.0,0.0,0.0,1.0,0.0,0.0,0.0,10696.0,10704.0,260.0,9714.0,12193.0,282.0,982.0,-1489.0,-22.0,1.0,0.0,1.0,0.0,1.0,0.0
ESPORTSTMNT05_3222338,complete,,EM,2023,Spring,0,2023-04-13 16:55:22,1,13.06,5,Blue,sup,iLEVI,oe:player:b226880189cb11f7da7a0c86544b556,Anorthosis Famagusta Esports,oe:team:5f1bc4a914b49c7b7ff4c2f1b8d8df9,Rell,LeBlanc,Annie,Lee Sin,Olaf,Sylas,,,,,,2515,1,1,6,15,17,22,0.0,0.0,0.0,0.0,0.0,0.0,0.0,0.0,0.4056,0.9304,,,,,,,,,,,,,,,,,,,,,0.0,0.0,,,,,,,,0.0,0.0,5521.0,131.7137,0.0508356,812.326,1012.1272,72.0,1.7177,11.0,0.2624,24.0,139.0,3.3161,10698,5292,126.2505,0.0974854,10400.0,,,39.0,39.0,0.0,,,0.9304,2594.0,2588.0,13.0,2013.0,2238.0,14.0,581.0,350.0,-1.0,1.0,2.0,0.0,0.0,0.0,0.0,4235.0,4020.0,27.0,3367.0,3351.0,22.0,868.0,669.0,5.0,1.0,2.0,0.0,1.0,0.0,0.0,5383.0,5612.0,32.0,4658.0,4919.0,29.0,725.0,693.0,3.0,1.0,3.0,1.0,1.0,3.0,0.0,6436.0,7015.0,34.0,5610.0,6115.0,35.0,826.0,900.0,-1.0,1.0,4.0,1.0,1.0,4.0,0.0
ESPORTSTMNT05_3222338,complete,,EM,2023,Spring,0,2023-04-13 16:55:22,1,13.06,6,Red,top,Ragner,oe:player:c0f78343a2ad4ba1463245d53a3b440,Team GO,oe:team:8d538207b9de9d20e1a525aae593515,Mordekaiser,Gragas,Vi,Hecarim,Galio,Cho'Gath,,,,,,2515,0,3,4,7,22,17,1.0,0.0,0.0,0.0,0.0,0.0,0.0,0.0,0.5249,0.9304,,,,,,,,,,,,,,,,,,,,,0.0,0.0,,,,,,,,0.0,0.0,15804.0,377.0338,0.14587,889.8131,1576.5089,21.0,0.501,9.0,0.2147,6.0,42.0,1.002,14855,9449,225.4235,0.19959,14650.0,,,312.0,287.0,25.0,,,7.4433,3202.0,4775.0,77.0,3533.0,4653.0,75.0,-331.0,122.0,2.0,0.0,0.0,1.0,1.0,1.0,0.0,4800.0,7704.0,124.0,5122.0,7297.0,122.0,-322.0,407.0,2.0,0.0,0.0,1.0,1.0,1.0,0.0,6927.0,10668.0,166.0,6992.0,10158.0,171.0,-65.0,510.0,-5.0,1.0,2.0,2.0,1.0,1.0,0.0,8251.0,12468.0,196.0,8454.0,11950.0,200.0,-203.0,518.0,-4.0,1.0,2.0,2.0,1.0,2.0,0.0
ESPORTSTMNT05_3222338,complete,,EM,2023,Spring,0,2023-04-13 16:55:22,1,13.06,7,Red,jng,Lyncas,oe:player:ca9701f085966dfca32e31b1b1e9d55,Team GO,oe:team:8d538207b9de9d20e1a525aae593515,Wukong,Gragas,Vi,Hecarim,Galio,Cho'Gath,,,,,,2515,0,8,5,6,22,17,2.0,0.0,0.0,0.0,1.0,1.0,0.0,0.0,0.5249,0.9304,,,,,,,,,,,,,,,,,,,,,0.0,2.0,,,,,,,,0.0,0.0,18179.0,433.6938,0.167791,1060.008,1020.1193,16.0,0.3817,6.0,0.1431,15.0,48.0,1.1451,14462,9056,216.0477,0.191289,13900.0,,,200.0,37.0,163.0,,,4.7714,3539.0,3621.0,63.0,3038.0,3122.0,61.0,501.0,499.0,2.0,1.0,0.0,1.0,0.0,2.0,1.0,5140.0,5275.0,91.0,4914.0,6023.0,109.0,226.0,-748.0,-18.0,1.0,0.0,1.0,0.0,2.0,2.0,7411.0,8154.0,127.0,6783.0,8644.0,150.0,628.0,-490.0,-23.0,3.0,0.0,1.0,0.0,3.0,3.0,8774.0,9378.0,142.0,8268.0,10405.0,183.0,506.0,-1027.0,-41.0,4.0,0.0,2.0,0.0,4.0,4.0
ESPORTSTMNT05_3222338,complete,,EM,2023,Spring,0,2023-04-13 16:55:22,1,13.06,8,Red,mid,Toucouille,oe:player:525ac233cf71bc36a611e27a324144f,Team GO,oe:team:8d538207b9de9d20e1a525aae593515,Ahri,Gragas,Vi,Hecarim,Galio,Cho'Gath,,,,,,2515,0,3,3,9,22,17,0.0,0.0,0.0,0.0,0.0,0.0,0.0,0.0,0.5249,0.9304,,,,,,,,,,,,,,,,,,,,,0.0,0.0,,,,,,,,0.0,1.0,28883.0,689.0577,0.266589,432.8111,329.9881,8.0,0.1909,6.0,0.1431,4.0,32.0,0.7634,15854,10448,249.2565,0.220692,17320.0,,,336.0,335.0,1.0,,,8.0159,3125.0,4788.0,88.0,3568.0,4874.0,88.0,-443.0,-86.0,0.0,0.0,0.0,1.0,1.0,1.0,0.0,5114.0,7728.0,148.0,5513.0,8134.0,152.0,-399.0,-406.0,-4.0,0.0,1.0,1.0,1.0,1.0,0.0,7024.0,10494.0,200.0,8011.0,11244.0,209.0,-987.0,-750.0,-9.0,0.0,1.0,1.0,2.0,1.0,0.0,8812.0,12963.0,241.0,9988.0,13466.0,255.0,-1176.0,-503.0,-14.0,0.0,2.0,1.0,2.0,2.0,0.0
ESPORTSTMNT05_3222338,complete,,EM,2023,Spring,0,2023-04-13 16:55:22,1,13.06,9,Red,bot,Jezu,oe:player:4817d93e8f26002377aec42233b3fc2,Team GO,oe:team:8d538207b9de9d20e1a525aae593515,Zeri,Gragas,Vi,Hecarim,Galio,Cho'Gath,,,,,,2515,0,7,2,9,22,17,1.0,0.0,0.0,0.0,0.0,0.0,0.0,0.0,0.5249,0.9304,,,,,,,,,,,,,,,,,,,,,0.0,0.0,,,,,,,,0.0,0.0,40305.0,961.5507,0.372013,623.2127,611.0219,20.0,0.4771,14.0,0.334,9.0,62.0,1.4791,19853,14447,344.66,0.305165,18375.0,,,443.0,391.0,52.0,,,10.5686,3475.0,3585.0,99.0,3490.0,3497.0,91.0,-15.0,88.0,8.0,0.0,0.0,0.0,0.0,0.0,0.0,5469.0,6368.0,157.0,6233.0,5751.0,148.0,-764.0,617.0,9.0,0.0,0.0,0.0,0.0,0.0,0.0,7694.0,9527.0,227.0,8225.0,8159.0,205.0,-531.0,1368.0,22.0,0.0,0.0,0.0,0.0,0.0,1.0,9714.0,12193.0,282.0,10696.0,10704.0,260.0,-982.0,1489.0,22.0,0.0,1.0,0.0,1.0,0.0,1.0
ESPORTSTMNT05_3222338,complete,,EM,2023,Spring,0,2023-04-13 16:55:22,1,13.06,10,Red,sup,kamilius,oe:player:7aa0aebd379414d25f1fcdc396407f1,Team GO,oe:team:8d538207b9de9d20e1a525aae593515,Rakan,Gragas,Vi,Hecarim,Galio,Cho'Gath,,,,,,2515,0,1,3,15,22,17,0.0,0.0,0.0,0.0,0.0,0.0,0.0,0.0,0.5249,0.9304,,,,,,,,,,,,,,,,,,,,,0.0,0.0,,,,,,,,0.0,0.0,5172.0,123.3877,0.0477373,447.4592,593.7018,71.0,1.6938,27.0,0.6441,16.0,156.0,3.7217,9348,3942,94.0437,0.083264,8625.0,,,49.0,49.0,0.0,,,1.169,2013.0,2238.0,14.0,2594.0,2588.0,13.0,-581.0,-350.0,1.0,0.0,0.0,0.0,1.0,2.0,0.0,3367.0,3351.0,22.0,4235.0,4020.0,27.0,-868.0,-669.0,-5.0,1.0,0.0,0.0,1.0,2.0,0.0,4658.0,4919.0,29.0,5383.0,5612.0,32.0,-725.0,-693.0,-3.0,1.0,3.0,0.0,1.0,3.0,1.0,5610.0,6115.0,35.0,6436.0,7015.0,34.0,-826.0,-900.0,1.0,1.0,4.0,0.0,1.0,4.0,1.0
ESPORTSTMNT05_3222338,complete,,EM,2023,Spring,0,2023-04-13 16:55:22,1,13.06,100,Blue,team,,,Anorthosis Famagusta Esports,oe:team:5f1bc4a914b49c7b7ff4c2f1b8d8df9,,LeBlanc,Annie,Lee Sin,Olaf,Sylas,Xayah,Kindred,Rell,Veigar,Malphite,2515,1,17,22,50,17,22,0.0,0.0,0.0,0.0,0.0,,,,0.4056,0.9304,1.0,4.0,3.0,4.0,3.0,0.0,0.0,0.0,1.0,0.0,3.0,,0.0,0.0,0.0,0.0,2.0,,,1.0,2.0,0.0,1.0,9.0,4.0,0.0,1.0,4.0,3.0,1.0,0.0,108605.0,2590.9742,,3367.2763,4625.1769,136.0,3.2445,80.0,1.9085,48.0,403.0,9.6143,81314,54283,1295.0219,,76620.0,0.0501706,1.59,,1135.0,286.0,,,33.9006,16223.0,18734.0,328.0,15354.0,19007.0,341.0,869.0,-273.0,-13.0,3.0,6.0,1.0,1.0,0.0,3.0,26017.0,31225.0,558.0,23890.0,30426.0,542.0,2127.0,799.0,16.0,3.0,6.0,2.0,2.0,1.0,3.0,35394.0,43817.0,767.0,33714.0,43762.0,749.0,1680.0,55.0,18.0,4.0,8.0,5.0,5.0,6.0,4.0,43842.0,53540.0,932.0,41161.0,53117.0,896.0,2681.0,423.0,36.0,5.0,12.0,6.0,6.0,9.0,5.0
ESPORTSTMNT05_3222338,complete,,EM,2023,Spring,0,2023-04-13 16:55:22,1,13.06,200,Red,team,,,Team GO,oe:team:8d538207b9de9d20e1a525aae593515,,Gragas,Vi,Hecarim,Galio,Cho'Gath,Rakan,Wukong,Zeri,Ahri,Mordekaiser,2515,0,22,17,46,22,17,4.0,0.0,0.0,0.0,1.0,,,,0.5249,0.9304,0.0,3.0,4.0,3.0,4.0,1.0,0.0,0.0,0.0,0.0,2.0,,0.0,0.0,1.0,2.0,0.0,,,0.0,0.0,2.0,0.0,4.0,9.0,1.0,0.0,3.0,4.0,0.0,1.0,108343.0,2584.7237,,3453.3042,4131.34,136.0,3.2445,62.0,1.4791,50.0,340.0,8.1113,74372,47341,1129.4076,,72870.0,-0.0501706,-1.59,,1099.0,241.0,,,31.9682,15354.0,19007.0,341.0,16223.0,18734.0,328.0,-869.0,273.0,13.0,1.0,0.0,3.0,3.0,6.0,1.0,23890.0,30426.0,542.0,26017.0,31225.0,558.0,-2127.0,-799.0,-16.0,2.0,1.0,3.0,3.0,6.0,2.0,33714.0,43762.0,749.0,35394.0,43817.0,767.0,-1680.0,-55.0,-18.0,5.0,6.0,4.0,4.0,8.0,5.0,41161.0,53117.0,896.0,43842.0,53540.0,932.0,-2681.0,-423.0,-36.0,6.0,9.0,5.0,5.0,12.0,6.0
ESPORTSTMNT05_3223052,complete,,EM,2023,Spring,0,2023-04-13 17:58:02,1,13.06,1,Blue,top,iBo,oe:player:4bdb80c84e25651b3d62742c0b61f6d,Los Heretics,oe:team:2dfc66b98002c5afad2a98dbf86e350,Gwen,Sejuani,Maokai,Annie,Cassiopeia,Syndra,,,,,,1681,1,9,1,9,20,12,2.0,1.0,0.0,0.0,0.0,0.0,0.0,0.0,0.7139,1.1422,,,,,,,,,,,,,,,,,,,,,0.0,0.0,,,,,,,,1.0,0.0,30067.0,1073.1826,0.434162,908.8876,843.7478,14.0,0.4997,14.0,0.4997,4.0,56.0,1.9988,15970,12265,437.7751,0.321685,13550.0,,,281.0,263.0,18.0,,,10.0297,3811.0,5174.0,98.0,3059.0,4524.0,80.0,752.0,650.0,18.0,0.0,0.0,0.0,0.0,0.0,0.0,6977.0,8333.0,154.0,4689.0,7298.0,129.0,2288.0,1035.0,25.0,1.0,0.0,0.0,0.0,0.0,0.0,10202.0,11899.0,213.0,6059.0,9159.0,158.0,4143.0,2740.0,55.0,4.0,2.0,0.0,0.0,2.0,2.0,13405.0,15180.0,248.0,7521.0,11496.0,186.0,5884.0,3684.0,62.0,6.0,7.0,1.0,0.0,4.0,3.0
ESPORTSTMNT05_3223052,complete,,EM,2023,Spring,0,2023-04-13 17:58:02,1,13.06,2,Blue,jng,bluerzor,oe:player:0973ddfd8ce96a62e85badbe503d163,Los Heretics,oe:team:2dfc66b98002c5afad2a98dbf86e350,Lee Sin,Sejuani,Maokai,Annie,Cassiopeia,Syndra,,,,,,1681,1,1,3,4,20,12,0.0,0.0,0.0,0.0,0.0,0.0,0.0,0.0,0.7139,1.1422,,,,,,,,,,,,,,,,,,,,,1.0,0.0,,,,,,,,0.0,0.0,3625.0,129.3873,0.0523443,875.6573,909.53,15.0,0.5354,6.0,0.2142,8.0,35.0,1.2493,8540,4835,172.5758,0.126815,8225.0,,,145.0,10.0,135.0,,,5.1755,2815.0,3092.0,54.0,3067.0,3434.0,64.0,-252.0,-342.0,-10.0,0.0,0.0,0.0,0.0,1.0,0.0,4402.0,5454.0,83.0,4629.0,5452.0,99.0,-227.0,2.0,-16.0,0.0,2.0,0.0,0.0,2.0,1.0,6029.0,7454.0,105.0,6145.0,7730.0,131.0,-116.0,-276.0,-26.0,1.0,2.0,1.0,0.0,4.0,2.0,7860.0,10259.0,137.0,8113.0,9279.0,140.0,-253.0,980.0,-3.0,1.0,4.0,2.0,1.0,7.0,4.0
ESPORTSTMNT05_3223052,complete,,EM,2023,Spring,0,2023-04-13 17:58:02,1,13.06,3,Blue,mid,Zwyroo,oe:player:1806cb4175771800d1d1ace2817103c,Los Heretics,oe:team:2dfc66b98002c5afad2a98dbf86e350,Lissandra,Sejuani,Maokai,Annie,Cassiopeia,Syndra,,,,,,1681,1,3,4,13,20,12,1.0,0.0,0.0,0.0,0.0,0.0,0.0,1.0,0.7139,1.1422,,,,,,,,,,,,,,,,,,,,,0.0,0.0,,,,,,,,0.0,0.0,16756.0,598.0726,0.241953,526.972,308.3522,7.0,0.2499,8.0,0.2855,4.0,38.0,1.3563,11573,7868,280.8328,0.206363,11740.0,,,239.0,226.0,13.0,,,8.5306,3476.0,4998.0,92.0,3794.0,4917.0,88.0,-318.0,81.0,4.0,0.0,0.0,1.0,1.0,0.0,0.0,5348.0,8060.0,146.0,5572.0,7741.0,148.0,-224.0,319.0,-2.0,0.0,1.0,1.0,1.0,0.0,1.0,7607.0,11534.0,193.0,7686.0,10483.0,189.0,-79.0,1051.0,4.0,0.0,6.0,2.0,3.0,0.0,2.0,9952.0,14960.0,227.0,9024.0,11974.0,204.0,928.0,2986.0,23.0,1.0,10.0,3.0,3.0,3.0,4.0
ESPORTSTMNT05_3223052,complete,,EM,2023,Spring,0,2023-04-13 17:58:02,1,13.06,4,Blue,bot,Flakked,oe:player:717bb4d71a2dab54e7020b1a8fde420,Los Heretics,oe:team:2dfc66b98002c5afad2a98dbf86e350,Varus,Sejuani,Maokai,Annie,Cassiopeia,Syndra,,,,,,1681,1,5,1,7,20,12,2.0,1.0,0.0,0.0,0.0,0.0,0.0,0.0,0.7139,1.1422,,,,,,,,,,,,,,,,,,,,,0.0,0.0,,,,,,,,0.0,0.0,15451.0,551.4932,0.223109,357.6086,326.6627,13.0,0.464,13.0,0.464,3.0,40.0,1.4277,12699,8994,321.0232,0.235895,10875.0,,,269.0,253.0,16.0,,,9.6014,3360.0,3476.0,93.0,3856.0,3385.0,84.0,-496.0,91.0,9.0,0.0,0.0,0.0,1.0,0.0,0.0,5400.0,5604.0,152.0,6082.0,5923.0,136.0,-682.0,-319.0,16.0,0.0,1.0,0.0,2.0,0.0,0.0,8157.0,8240.0,201.0,7895.0,8462.0,189.0,262.0,-222.0,12.0,2.0,2.0,0.0,2.0,1.0,1.0,11117.0,11786.0,233.0,11219.0,11368.0,246.0,-102.0,418.0,-13.0,5.0,5.0,1.0,5.0,2.0,2.0
ESPORTSTMNT05_3223052,complete,,EM,2023,Spring,0,2023-04-13 17:58:02,1,13.06,5,Blue,sup,marlon,oe:player:e1ddc411cd92f26392b707a48e5c700,Los Heretics,oe:team:2dfc66b98002c5afad2a98dbf86e350,Thresh,Sejuani,Maokai,Annie,Cassiopeia,Syndra,,,,,,1681,1,2,3,16,20,12,0.0,0.0,0.0,0.0,0.0,0.0,0.0,0.0,0.7139,1.1422,,,,,,,,,,,,,,,,,,,,,0.0,0.0,,,,,,,,0.0,0.0,3354.0,119.7145,0.0484311,327.0553,269.4468,45.0,1.6062,7.0,0.2499,15.0,81.0,2.8911,7870,4165,148.6615,0.109242,7125.0,,,28.0,28.0,0.0,,,0.9994,1996.0,2248.0,12.0,2217.0,2613.0,14.0,-221.0,-365.0,-2.0,0.0,0.0,1.0,0.0,1.0,0.0,3442.0,3558.0,20.0,3334.0,3785.0,24.0,108.0,-227.0,-4.0,1.0,0.0,2.0,0.0,2.0,0.0,5031.0,5182.0,25.0,4552.0,5580.0,28.0,479.0,-398.0,-3.0,1.0,5.0,3.0,1.0,3.0,1.0,6955.0,7896.0,28.0,5668.0,7677.0,33.0,1287.0,219.0,-5.0,2.0,11.0,3.0,1.0,6.0,2.0
ESPORTSTMNT05_3223052,complete,,EM,2023,Spring,0,2023-04-13 17:58:02,1,13.06,6,Red,top,Satorius,oe:player:422d7cc4063f8801a9427860bfd855b,Geekay Esports,oe:team:1ff3f5c94edd806e1fed4105fc48995,Malphite,Wukong,Vi,Xayah,Renata Glasc,Sylas,,,,,,1681,0,0,4,4,12,20,0.0,0.0,0.0,0.0,0.0,0.0,0.0,0.0,0.4283,1.1422,,,,,,,,,,,,,,,,,,,,,0.0,0.0,,,,,,,,0.0,1.0,4651.0,166.0083,0.091997,707.9001,1105.3421,12.0,0.4283,2.0,0.0714,4.0,21.0,0.7496,8412,4707,168.0071,0.170224,8300.0,,,207.0,207.0,0.0,,,7.3885,3059.0,4524.0,80.0,3811.0,5174.0,98.0,-752.0,-650.0,-18.0,0.0,0.0,0.0,0.0,0.0,0.0,4689.0,7298.0,129.0,6977.0,8333.0,154.0,-2288.0,-1035.0,-25.0,0.0,0.0,0.0,1.0,0.0,0.0,6059.0,9159.0,158.0,10202.0,11899.0,213.0,-4143.0,-2740.0,-55.0,0.0,2.0,2.0,4.0,2.0,0.0,7521.0,11496.0,186.0,13405.0,15180.0,248.0,-5884.0,-3684.0,-62.0,0.0,4.0,3.0,6.0,7.0,1.0
ESPORTSTMNT05_3223052,complete,,EM,2023,Spring,0,2023-04-13 17:58:02,1,13.06,7,Red,jng,Viking,oe:player:f48a8f161502989fca609408a80bd75,Geekay Esports,oe:team:1ff3f5c94edd806e1fed4105fc48995,Jarvan IV,Wukong,Vi,Xayah,Renata Glasc,Sylas,,,,,,1681,0,1,5,9,12,20,0.0,0.0,0.0,0.0,0.0,0.0,0.0,0.0,0.4283,1.1422,,,,,,,,,,,,,,,,,,,,,0.0,1.0,,,,,,,,0.0,0.0,5995.0,213.9798,0.118581,806.2344,945.4372,6.0,0.2142,9.0,0.3212,5.0,35.0,1.2493,8673,4968,177.323,0.179662,8550.0,,,142.0,28.0,114.0,,,5.0684,3067.0,3434.0,64.0,2815.0,3092.0,54.0,252.0,342.0,10.0,0.0,1.0,0.0,0.0,0.0,0.0,4629.0,5452.0,99.0,4402.0,5454.0,83.0,227.0,-2.0,16.0,0.0,2.0,1.0,0.0,2.0,0.0,6145.0,7730.0,131.0,6029.0,7454.0,105.0,116.0,276.0,26.0,0.0,4.0,2.0,1.0,2.0,1.0,8113.0,9279.0,140.0,7860.0,10259.0,137.0,253.0,-980.0,3.0,1.0,7.0,4.0,1.0,4.0,2.0
ESPORTSTMNT05_3223052,complete,,EM,2023,Spring,0,2023-04-13 17:58:02,1,13.06,8,Red,mid,Giyuu,oe:player:e6f5a7e37185c25a363d031ef5eafa9,Geekay Esports,oe:team:1ff3f5c94edd806e1fed4105fc48995,Swain,Wukong,Vi,Xayah,Renata Glasc,Sylas,,,,,,1681,0,3,5,5,12,20,0.0,0.0,0.0,0.0,1.0,1.0,0.0,0.0,0.4283,1.1422,,,,,,,,,,,,,,,,,,,,,0.0,0.0,,,,,,,,0.0,0.0,12312.0,439.4527,0.243532,896.8947,794.9911,13.0,0.464,4.0,0.1428,5.0,31.0,1.1065,9618,5913,211.0529,0.213836,9685.0,,,210.0,198.0,12.0,,,7.4955,3794.0,4917.0,88.0,3476.0,4998.0,92.0,318.0,-81.0,-4.0,1.0,0.0,0.0,0.0,0.0,1.0,5572.0,7741.0,148.0,5348.0,8060.0,146.0,224.0,-319.0,2.0,1.0,0.0,1.0,0.0,1.0,1.0,7686.0,10483.0,189.0,7607.0,11534.0,193.0,79.0,-1051.0,-4.0,3.0,0.0,2.0,0.0,6.0,2.0,9024.0,11974.0,204.0,9952.0,14960.0,227.0,-928.0,-2986.0,-23.0,3.0,3.0,4.0,1.0,10.0,3.0
ESPORTSTMNT05_3223052,complete,,EM,2023,Spring,0,2023-04-13 17:58:02,1,13.06,9,Red,bot,Rin,oe:player:ee4894bcff1cfaa4ffbf71b7b8d8921,Geekay Esports,oe:team:1ff3f5c94edd806e1fed4105fc48995,Jinx,Wukong,Vi,Xayah,Renata Glasc,Sylas,,,,,,1681,0,7,3,2,12,20,0.0,0.0,0.0,0.0,0.0,0.0,0.0,0.0,0.4283,1.1422,,,,,,,,,,,,,,,,,,,,,0.0,0.0,,,,,,,,0.0,0.0,22008.0,785.5324,0.435319,409.8989,194.4557,16.0,0.5711,13.0,0.464,6.0,54.0,1.9274,13267,9562,341.2968,0.345794,13000.0,,,287.0,269.0,18.0,,,10.2439,3856.0,3385.0,84.0,3360.0,3476.0,93.0,496.0,-91.0,-9.0,1.0,0.0,0.0,0.0,0.0,0.0,6082.0,5923.0,136.0,5400.0,5604.0,152.0,682.0,319.0,-16.0,2.0,0.0,0.0,0.0,1.0,0.0,7895.0,8462.0,189.0,8157.0,8240.0,201.0,-262.0,222.0,-12.0,2.0,1.0,1.0,2.0,2.0,0.0,11219.0,11368.0,246.0,11117.0,11786.0,233.0,102.0,-418.0,13.0,5.0,2.0,2.0,5.0,5.0,1.0
ESPORTSTMNT05_3223052,complete,,EM,2023,Spring,0,2023-04-13 17:58:02,1,13.06,10,Red,sup,Dekap,oe:player:be85b3d65508c757ac9af1d54310520,Geekay Esports,oe:team:1ff3f5c94edd806e1fed4105fc48995,Blitzcrank,Wukong,Vi,Xayah,Renata Glasc,Sylas,,,,,,1681,0,1,3,8,12,20,0.0,0.0,0.0,0.0,0.0,0.0,0.0,0.0,0.4283,1.1422,,,,,,,,,,,,,,,,,,,,,0.0,0.0,,,,,,,,0.0,0.0,5590.0,199.5241,0.11057,334.9078,307.4955,42.0,1.4991,11.0,0.3926,8.0,75.0,2.677,6207,2502,89.304,0.0904849,5600.0,,,34.0,34.0,0.0,,,1.2136,2217.0,2613.0,14.0,1996.0,2248.0,12.0,221.0,365.0,2.0,0.0,1.0,0.0,0.0,0.0,1.0,3334.0,3785.0,24.0,3442.0,3558.0,20.0,-108.0,227.0,4.0,0.0,2.0,0.0,1.0,0.0,2.0,4552.0,5580.0,28.0,5031.0,5182.0,25.0,-479.0,398.0,3.0,1.0,3.0,1.0,1.0,5.0,3.0,5668.0,7677.0,33.0,6955.0,7896.0,28.0,-1287.0,-219.0,5.0,1.0,6.0,2.0,2.0,11.0,3.0
ESPORTSTMNT05_3223052,complete,,EM,2023,Spring,0,2023-04-13 17:58:02,1,13.06,100,Blue,team,,,Los Heretics,oe:team:2dfc66b98002c5afad2a98dbf86e350,,Sejuani,Maokai,Annie,Cassiopeia,Syndra,Varus,Lee Sin,Lissandra,Gwen,Thresh,1681,1,20,12,49,20,12,5.0,2.0,0.0,0.0,0.0,,,,0.7139,1.1422,0.0,2.0,2.0,2.0,2.0,0.0,0.0,2.0,0.0,0.0,0.0,,0.0,0.0,0.0,1.0,1.0,,,1.0,1.0,0.0,1.0,8.0,1.0,1.0,1.0,7.0,3.0,1.0,0.0,69253.0,2471.8501,,2996.1808,2657.7394,94.0,3.3551,48.0,1.7133,34.0,250.0,8.9233,56652,38128,1360.9042,,51515.0,0.132023,1.48,,780.0,182.0,,,34.3367,15458.0,18988.0,349.0,15993.0,18873.0,330.0,-535.0,115.0,19.0,0.0,0.0,2.0,2.0,2.0,0.0,25569.0,31009.0,555.0,24306.0,30199.0,536.0,1263.0,810.0,19.0,2.0,4.0,3.0,3.0,4.0,2.0,37026.0,44309.0,737.0,32337.0,41414.0,695.0,4689.0,2895.0,42.0,8.0,17.0,6.0,6.0,10.0,8.0,49289.0,60081.0,873.0,41545.0,51794.0,809.0,7744.0,8287.0,64.0,15.0,37.0,10.0,10.0,22.0,15.0
ESPORTSTMNT05_3223052,complete,,EM,2023,Spring,0,2023-04-13 17:58:02,1,13.06,200,Red,team,,,Geekay Esports,oe:team:1ff3f5c94edd806e1fed4105fc48995,,Wukong,Vi,Xayah,Renata Glasc,Sylas,Jarvan IV,Jinx,Malphite,Swain,Blitzcrank,1681,0,12,20,28,12,20,0.0,0.0,0.0,0.0,1.0,,,,0.4283,1.1422,1.0,2.0,2.0,2.0,2.0,0.0,0.0,0.0,1.0,1.0,0.0,,0.0,0.0,1.0,1.0,1.0,,,0.0,0.0,1.0,0.0,1.0,8.0,0.0,0.0,3.0,7.0,0.0,1.0,50556.0,1804.4973,,3155.8358,3347.7216,89.0,3.1767,39.0,1.392,28.0,216.0,7.7097,46177,27653,987.0196,,45135.0,-0.132023,-1.48,,736.0,144.0,,,31.4099,15993.0,18873.0,330.0,15458.0,18988.0,349.0,535.0,-115.0,-19.0,2.0,2.0,0.0,0.0,0.0,2.0,24306.0,30199.0,536.0,25569.0,31009.0,555.0,-1263.0,-810.0,-19.0,3.0,4.0,2.0,2.0,4.0,3.0,32337.0,41414.0,695.0,37026.0,44309.0,737.0,-4689.0,-2895.0,-42.0,6.0,10.0,8.0,8.0,17.0,6.0,41545.0,51794.0,809.0,49289.0,60081.0,873.0,-7744.0,-8287.0,-64.0,10.0,22.0,15.0,15.0,37.0,10.0
ESPORTSTMNT05_3220351,complete,,EM,2023,Spring,0,2023-04-13 17:59:54,1,13.06,1,Blue,top,Banderas,oe:player:57abe5a8958c15444e9103873f8565a,Riddle Esports,oe:team:9eb531c72890b1ae7e50122f0884f37,Malphite,Olaf,Rakan,Annie,Renata Glasc,Sylas,,,,,,2000,0,1,3,4,8,18,0.0,0.0,0.0,0.0,0.0,0.0,0.0,0.0,0.24,0.78,,,,,,,,,,,,,,,,,,,,,0.0,0.0,,,,,,,,0.0,1.0,14372.0,431.16,0.203327,907.71,2098.95,9.0,0.27,4.0,0.12,6.0,20.0,0.6,13140,8784,263.52,0.243788,12375.0,,,260.0,260.0,0.0,,,7.8,3020.0,4559.0,73.0,3984.0,5205.0,103.0,-964.0,-646.0,-30.0,0.0,0.0,0.0,0.0,0.0,0.0,4902.0,7178.0,126.0,6198.0,8202.0,160.0,-1296.0,-1024.0,-34.0,0.0,0.0,0.0,0.0,0.0,0.0,7519.0,10129.0,187.0,8760.0,10640.0,208.0,-1241.0,-511.0,-21.0,0.0,0.0,0.0,0.0,0.0,0.0,9045.0,11818.0,210.0,10144.0,12524.0,236.0,-1099.0,-706.0,-26.0,0.0,1.0,0.0,0.0,0.0,0.0
ESPORTSTMNT05_3220351,complete,,EM,2023,Spring,0,2023-04-13 17:59:54,1,13.06,2,Blue,jng,Yohan,oe:player:cc00384e754d3b4db840275587813eb,Riddle Esports,oe:team:9eb531c72890b1ae7e50122f0884f37,Gragas,Olaf,Rakan,Annie,Renata Glasc,Sylas,,,,,,2000,0,1,2,7,8,18,0.0,0.0,0.0,0.0,0.0,0.0,0.0,1.0,0.24,0.78,,,,,,,,,,,,,,,,,,,,,1.0,1.0,,,,,,,,0.0,0.0,14513.0,435.39,0.205322,915.03,664.02,20.0,0.6,8.0,0.24,7.0,56.0,1.68,10593,6237,187.11,0.173102,9575.0,,,179.0,12.0,167.0,,,5.37,2945.0,3145.0,60.0,3322.0,3007.0,62.0,-377.0,138.0,-2.0,0.0,0.0,1.0,1.0,0.0,0.0,4390.0,5386.0,89.0,4974.0,5615.0,99.0,-584.0,-229.0,-10.0,0.0,1.0,1.0,1.0,0.0,0.0,6198.0,7353.0,117.0,7051.0,7824.0,126.0,-853.0,-471.0,-9.0,0.0,1.0,1.0,2.0,0.0,0.0,7614.0,9401.0,141.0,8410.0,9769.0,157.0,-796.0,-368.0,-16.0,0.0,3.0,1.0,2.0,0.0,1.0
ESPORTSTMNT05_3220351,complete,,EM,2023,Spring,0,2023-04-13 17:59:54,1,13.06,3,Blue,mid,FireRain,oe:player:ee8d313390db21907037cef1c8d6f81,Riddle Esports,oe:team:9eb531c72890b1ae7e50122f0884f37,Jayce,Olaf,Rakan,Annie,Renata Glasc,Sylas,,,,,,2000,0,1,5,3,8,18,0.0,0.0,0.0,0.0,0.0,0.0,0.0,0.0,0.24,0.78,,,,,,,,,,,,,,,,,,,,,0.0,0.0,,,,,,,,0.0,0.0,12838.0,385.14,0.181625,546.6,415.14,17.0,0.51,8.0,0.24,6.0,51.0,1.53,12254,7898,236.94,0.219199,12200.0,,,280.0,272.0,8.0,,,8.4,3030.0,4307.0,79.0,3447.0,4945.0,91.0,-417.0,-638.0,-12.0,0.0,0.0,0.0,0.0,1.0,0.0,4974.0,7261.0,145.0,5309.0,7943.0,150.0,-335.0,-682.0,-5.0,0.0,1.0,0.0,0.0,1.0,0.0,6719.0,9756.0,192.0,7529.0,11631.0,212.0,-810.0,-1875.0,-20.0,0.0,1.0,1.0,0.0,2.0,0.0,8633.0,12760.0,247.0,9329.0,14195.0,262.0,-696.0,-1435.0,-15.0,0.0,1.0,1.0,0.0,2.0,0.0
ESPORTSTMNT05_3220351,complete,,EM,2023,Spring,0,2023-04-13 17:59:54,1,13.06,4,Blue,bot,jinjo,oe:player:23f5249382ade4216547b5e109c5414,Riddle Esports,oe:team:9eb531c72890b1ae7e50122f0884f37,Miss Fortune,Olaf,Rakan,Annie,Renata Glasc,Sylas,,,,,,2000,0,5,4,1,8,18,0.0,0.0,0.0,0.0,0.0,0.0,0.0,0.0,0.24,0.78,,,,,,,,,,,,,,,,,,,,,0.0,0.0,,,,,,,,0.0,0.0,25425.0,762.75,0.3597,462.51,237.03,14.0,0.42,9.0,0.27,6.0,40.0,1.2,14456,10100,303.0,0.28031,14335.0,,,312.0,296.0,16.0,,,9.36,3273.0,3487.0,92.0,3091.0,2909.0,81.0,182.0,578.0,11.0,0.0,0.0,0.0,0.0,0.0,0.0,5598.0,5840.0,149.0,5073.0,5355.0,134.0,525.0,485.0,15.0,1.0,0.0,0.0,0.0,0.0,0.0,7913.0,7987.0,202.0,7219.0,7656.0,192.0,694.0,331.0,10.0,1.0,0.0,0.0,0.0,0.0,0.0,10535.0,10131.0,256.0,9102.0,10126.0,247.0,1433.0,5.0,9.0,3.0,0.0,0.0,0.0,0.0,0.0
ESPORTSTMNT05_3220351,complete,,EM,2023,Spring,0,2023-04-13 17:59:54,1,13.06,5,Blue,sup,kibah,oe:player:9f65f7ff237a92d74cf2bf2420f2751,Riddle Esports,oe:team:9eb531c72890b1ae7e50122f0884f37,Leona,Olaf,Rakan,Annie,Renata Glasc,Sylas,,,,,,2000,0,0,4,7,8,18,0.0,0.0,0.0,0.0,0.0,0.0,0.0,0.0,0.24,0.78,,,,,,,,,,,,,,,,,,,,,0.0,0.0,,,,,,,,0.0,0.0,3536.0,106.08,0.0500255,429.0,505.71,50.0,1.5,13.0,0.39,14.0,96.0,2.88,7368,3012,90.36,0.0836011,6850.0,,,36.0,36.0,0.0,,,1.08,2032.0,2141.0,14.0,2062.0,2257.0,13.0,-30.0,-116.0,1.0,0.0,0.0,0.0,0.0,0.0,0.0,3263.0,3692.0,26.0,2953.0,3070.0,20.0,310.0,622.0,6.0,0.0,1.0,0.0,0.0,0.0,1.0,4268.0,5121.0,29.0,4228.0,5008.0,27.0,40.0,113.0,2.0,0.0,1.0,0.0,0.0,1.0,1.0,5266.0,6431.0,33.0,5370.0,6222.0,30.0,-104.0,209.0,3.0,0.0,3.0,0.0,0.0,1.0,2.0
ESPORTSTMNT05_3220351,complete,,EM,2023,Spring,0,2023-04-13 17:59:54,1,13.06,6,Red,top,JNX,oe:player:4bb53c6fa9f5d75901136feb8bdf817,SK Gaming Prime,oe:team:aa8c3b781d96ddb7a24ab3240918988,Sion,Lee Sin,Vi,Xayah,Fiora,Viego,,,,,,2000,1,4,0,11,18,8,2.0,0.0,0.0,0.0,0.0,0.0,0.0,0.0,0.54,0.78,,,,,,,,,,,,,,,,,,,,,0.0,0.0,,,,,,,,1.0,0.0,24107.0,723.21,0.293372,738.54,1656.51,15.0,0.45,12.0,0.36,4.0,43.0,1.29,16280,11924,357.72,0.266104,14250.0,,,287.0,287.0,0.0,,,8.61,3984.0,5205.0,103.0,3020.0,4559.0,73.0,964.0,646.0,30.0,0.0,0.0,0.0,0.0,0.0,0.0,6198.0,8202.0,160.0,4902.0,7178.0,126.0,1296.0,1024.0,34.0,0.0,0.0,0.0,0.0,0.0,0.0,8760.0,10640.0,208.0,7519.0,10129.0,187.0,1241.0,511.0,21.0,0.0,0.0,0.0,0.0,0.0,0.0,10144.0,12524.0,236.0,9045.0,11818.0,210.0,1099.0,706.0,26.0,0.0,0.0,0.0,0.0,1.0,0.0
ESPORTSTMNT05_3220351,complete,,EM,2023,Spring,0,2023-04-13 17:59:54,1,13.06,7,Red,jng,Lurox,oe:player:6fc5fe723eed4ba4c230292be365c66,SK Gaming Prime,oe:team:aa8c3b781d96ddb7a24ab3240918988,Wukong,Lee Sin,Vi,Xayah,Fiora,Viego,,,,,,2000,1,3,2,9,18,8,0.0,0.0,0.0,0.0,1.0,1.0,0.0,0.0,0.54,0.78,,,,,,,,,,,,,,,,,,,,,1.0,1.0,,,,,,,,0.0,0.0,11934.0,358.02,0.145232,884.16,867.48,12.0,0.36,12.0,0.36,13.0,52.0,1.56,12019,7663,229.89,0.171016,10575.0,,,175.0,20.0,155.0,,,5.25,3322.0,3007.0,62.0,2945.0,3145.0,60.0,377.0,-138.0,2.0,1.0,0.0,0.0,0.0,0.0,1.0,4974.0,5615.0,99.0,4390.0,5386.0,89.0,584.0,229.0,10.0,1.0,0.0,0.0,0.0,1.0,1.0,7051.0,7824.0,126.0,6198.0,7353.0,117.0,853.0,471.0,9.0,2.0,0.0,0.0,0.0,1.0,1.0,8410.0,9769.0,157.0,7614.0,9401.0,141.0,796.0,368.0,16.0,2.0,0.0,1.0,0.0,3.0,1.0
ESPORTSTMNT05_3220351,complete,,EM,2023,Spring,0,2023-04-13 17:59:54,1,13.06,8,Red,mid,FEBIVEN,oe:player:d62421836c8b27dc3ffaffa058b8098,SK Gaming Prime,oe:team:aa8c3b781d96ddb7a24ab3240918988,LeBlanc,Lee Sin,Vi,Xayah,Fiora,Viego,,,,,,2000,1,8,1,7,18,8,2.0,1.0,0.0,0.0,1.0,0.0,1.0,0.0,0.54,0.78,,,,,,,,,,,,,,,,,,,,,0.0,0.0,,,,,,,,0.0,0.0,28731.0,861.93,0.349645,545.07,345.81,26.0,0.78,12.0,0.36,6.0,67.0,2.01,15937,11581,347.43,0.25845,15200.0,,,327.0,311.0,16.0,,,9.81,3447.0,4945.0,91.0,3030.0,4307.0,79.0,417.0,638.0,12.0,0.0,1.0,0.0,0.0,0.0,0.0,5309.0,7943.0,150.0,4974.0,7261.0,145.0,335.0,682.0,5.0,0.0,1.0,0.0,0.0,1.0,0.0,7529.0,11631.0,212.0,6719.0,9756.0,192.0,810.0,1875.0,20.0,0.0,2.0,0.0,0.0,1.0,1.0,9329.0,14195.0,262.0,8633.0,12760.0,247.0,696.0,1435.0,15.0,0.0,2.0,0.0,0.0,1.0,1.0
ESPORTSTMNT05_3220351,complete,,EM,2023,Spring,0,2023-04-13 17:59:54,1,13.06,9,Red,bot,Keduii,oe:player:44189e6dc3089dbf9520de800fa705a,SK Gaming Prime,oe:team:aa8c3b781d96ddb7a24ab3240918988,Kalista,Lee Sin,Vi,Xayah,Fiora,Viego,,,,,,2000,1,2,2,3,18,8,0.0,0.0,0.0,0.0,0.0,0.0,0.0,0.0,0.54,0.78,,,,,,,,,,,,,,,,,,,,,0.0,0.0,,,,,,,,0.0,0.0,10959.0,328.77,0.133367,499.35,380.58,15.0,0.45,10.0,0.3,5.0,55.0,1.65,13998,9642,289.26,0.215179,13675.0,,,324.0,272.0,52.0,,,9.72,3091.0,2909.0,81.0,3273.0,3487.0,92.0,-182.0,-578.0,-11.0,0.0,0.0,0.0,0.0,0.0,0.0,5073.0,5355.0,134.0,5598.0,5840.0,149.0,-525.0,-485.0,-15.0,0.0,0.0,0.0,1.0,0.0,0.0,7219.0,7656.0,192.0,7913.0,7987.0,202.0,-694.0,-331.0,-10.0,0.0,0.0,0.0,1.0,0.0,0.0,9102.0,10126.0,247.0,10535.0,10131.0,256.0,-1433.0,-5.0,-9.0,0.0,0.0,0.0,3.0,0.0,0.0
ESPORTSTMNT05_3220351,complete,,EM,2023,Spring,0,2023-04-13 17:59:54,1,13.06,10,Red,sup,Prime,oe:player:e038414b765a8bda52e602f7eaeff04,SK Gaming Prime,oe:team:aa8c3b781d96ddb7a24ab3240918988,Thresh,Lee Sin,Vi,Xayah,Fiora,Viego,,,,,,2000,1,1,3,12,18,8,0.0,0.0,0.0,0.0,0.0,0.0,0.0,0.0,0.54,0.78,,,,,,,,,,,,,,,,,,,,,0.0,0.0,,,,,,,,0.0,0.0,6441.0,193.23,0.0783844,349.53,160.86,47.0,1.41,13.0,0.39,13.0,103.0,3.09,8355,3999,119.97,0.0892504,6625.0,,,36.0,36.0,0.0,,,1.08,2062.0,2257.0,13.0,2032.0,2141.0,14.0,30.0,116.0,-1.0,0.0,0.0,0.0,0.0,0.0,0.0,2953.0,3070.0,20.0,3263.0,3692.0,26.0,-310.0,-622.0,-6.0,0.0,0.0,1.0,0.0,1.0,0.0,4228.0,5008.0,27.0,4268.0,5121.0,29.0,-40.0,-113.0,-2.0,0.0,1.0,1.0,0.0,1.0,0.0,5370.0,6222.0,30.0,5266.0,6431.0,33.0,104.0,-209.0,-3.0,0.0,1.0,2.0,0.0,3.0,0.0
ESPORTSTMNT05_3220351,complete,,EM,2023,Spring,0,2023-04-13 17:59:54,1,13.06,100,Blue,team,,,Riddle Esports,oe:team:9eb531c72890b1ae7e50122f0884f37,,Olaf,Rakan,Annie,Renata Glasc,Sylas,Gragas,Miss Fortune,Leona,Malphite,Jayce,2000,0,8,18,22,8,18,0.0,0.0,0.0,0.0,0.0,,,,0.24,0.78,0.0,0.0,5.0,0.0,4.0,0.0,0.0,0.0,0.0,0.0,0.0,,0.0,1.0,0.0,0.0,2.0,,,1.0,1.0,1.0,0.0,6.0,9.0,0.0,1.0,2.0,4.0,0.0,1.0,70684.0,2120.52,,3260.85,3920.85,110.0,3.3,42.0,1.26,39.0,263.0,7.89,57811,36033,1080.99,,55335.0,-0.0862874,-1.56,,876.0,191.0,,,32.01,14300.0,17639.0,318.0,15906.0,18323.0,350.0,-1606.0,-684.0,-32.0,0.0,0.0,1.0,1.0,1.0,0.0,23127.0,29357.0,535.0,24507.0,30185.0,563.0,-1380.0,-828.0,-28.0,1.0,3.0,1.0,1.0,1.0,1.0,32617.0,40346.0,727.0,34787.0,42759.0,765.0,-2170.0,-2413.0,-38.0,1.0,3.0,2.0,2.0,3.0,1.0,41093.0,50541.0,887.0,42355.0,52836.0,932.0,-1262.0,-2295.0,-45.0,3.0,8.0,2.0,2.0,3.0,3.0
ESPORTSTMNT05_3220351,complete,,EM,2023,Spring,0,2023-04-13 17:59:54,1,13.06,200,Red,team,,,SK Gaming Prime,oe:team:aa8c3b781d96ddb7a24ab3240918988,,Lee Sin,Vi,Xayah,Fiora,Viego,Wukong,Kalista,Sion,Thresh,LeBlanc,2000,1,18,8,42,18,8,4.0,1.0,0.0,0.0,1.0,,,,0.54,0.78,1.0,5.0,0.0,4.0,0.0,1.0,0.0,0.0,0.0,2.0,1.0,,1.0,0.0,1.0,2.0,0.0,,,0.0,1.0,1.0,1.0,9.0,6.0,1.0,0.0,4.0,2.0,1.0,0.0,82172.0,2465.16,,3016.65,3411.24,115.0,3.45,59.0,1.77,41.0,320.0,9.6,66589,44811,1344.33,,60325.0,0.0862874,1.56,,926.0,223.0,,,34.47,15906.0,18323.0,350.0,14300.0,17639.0,318.0,1606.0,684.0,32.0,1.0,1.0,0.0,0.0,0.0,1.0,24507.0,30185.0,563.0,23127.0,29357.0,535.0,1380.0,828.0,28.0,1.0,1.0,1.0,1.0,3.0,1.0,34787.0,42759.0,765.0,32617.0,40346.0,727.0,2170.0,2413.0,38.0,2.0,3.0,1.0,1.0,3.0,2.0,42355.0,52836.0,932.0,41093.0,50541.0,887.0,1262.0,2295.0,45.0,2.0,3.0,3.0,3.0,8.0,2.0
ESPORTSTMNT05_3220354,complete,,EM,2023,Spring,0,2023-04-13 18:52:20,1,13.06,1,Blue,top,Destroy,oe:player:21846207612858fb49a468b43e56dd3,İstanbul Wildcats,oe:team:a65adb2808377018a2a7832eb2bd7f4,Kennen,Draven,Vi,Lee Sin,Malphite,Sion,,,,,,2652,1,2,3,12,37,23,0.0,0.0,0.0,0.0,0.0,0.0,0.0,0.0,0.8371,1.3122,,,,,,,,,,,,,,,,,,,,,0.0,0.0,,,,,,,,1.0,0.0,32020.0,724.4344,0.199795,579.2308,512.4208,19.0,0.4299,24.0,0.543,14.0,77.0,1.7421,17963,12277,277.7602,0.206235,17900.0,,,360.0,340.0,20.0,,,8.1448,3308.0,5059.0,90.0,2800.0,4373.0,62.0,508.0,686.0,28.0,0.0,0.0,0.0,0.0,0.0,0.0,5436.0,7994.0,142.0,4407.0,6812.0,105.0,1029.0,1182.0,37.0,0.0,1.0,0.0,0.0,0.0,1.0,7876.0,11157.0,198.0,6597.0,9439.0,155.0,1279.0,1718.0,43.0,0.0,1.0,0.0,0.0,0.0,1.0,9986.0,13706.0,225.0,8879.0,11506.0,165.0,1107.0,2200.0,60.0,1.0,4.0,1.0,3.0,2.0,4.0
ESPORTSTMNT05_3220354,complete,,EM,2023,Spring,0,2023-04-13 18:52:20,1,13.06,2,Blue,jng,Elramir,oe:player:de442faff7b7cdc0fba7d6d5caff5e1,İstanbul Wildcats,oe:team:a65adb2808377018a2a7832eb2bd7f4,Wukong,Draven,Vi,Lee Sin,Malphite,Sion,,,,,,2652,1,7,8,16,37,23,1.0,0.0,0.0,0.0,1.0,0.0,1.0,0.0,0.8371,1.3122,,,,,,,,,,,,,,,,,,,,,2.0,0.0,,,,,,,,0.0,0.0,24853.0,562.2851,0.155075,1145.7919,1688.914,14.0,0.3167,28.0,0.6335,12.0,88.0,1.991,15833,10147,229.5701,0.170456,15600.0,,,224.0,45.0,179.0,,,5.0679,3732.0,3174.0,59.0,3070.0,3031.0,64.0,662.0,143.0,-5.0,2.0,2.0,1.0,0.0,2.0,0.0,5736.0,5314.0,85.0,4567.0,5176.0,93.0,1169.0,138.0,-8.0,4.0,5.0,2.0,0.0,4.0,1.0,7145.0,6863.0,114.0,6129.0,7532.0,124.0,1016.0,-669.0,-10.0,4.0,5.0,3.0,0.0,4.0,1.0,9546.0,10162.0,132.0,7483.0,9608.0,147.0,2063.0,554.0,-15.0,6.0,9.0,5.0,0.0,5.0,2.0
ESPORTSTMNT05_3220354,complete,,EM,2023,Spring,0,2023-04-13 18:52:20,1,13.06,3,Blue,mid,Kofte,oe:player:db0cbdc72184ad44ab905be61fc0756,İstanbul Wildcats,oe:team:a65adb2808377018a2a7832eb2bd7f4,Gragas,Draven,Vi,Lee Sin,Malphite,Sion,,,,,,2652,1,3,2,20,37,23,0.0,0.0,0.0,0.0,1.0,0.0,1.0,0.0,0.8371,1.3122,,,,,,,,,,,,,,,,,,,,,0.0,0.0,,,,,,,,0.0,0.0,30946.0,700.1357,0.193094,935.5656,1074.6833,18.0,0.4072,8.0,0.181,10.0,51.0,1.1538,16047,10361,234.4118,0.17405,15550.0,,,295.0,271.0,24.0,,,6.6742,3661.0,5103.0,86.0,3351.0,4351.0,76.0,310.0,752.0,10.0,0.0,3.0,0.0,1.0,0.0,2.0,5313.0,7661.0,125.0,6225.0,7090.0,126.0,-912.0,571.0,-1.0,0.0,7.0,1.0,4.0,1.0,3.0,6885.0,10146.0,164.0,8737.0,9591.0,169.0,-1852.0,555.0,-5.0,0.0,7.0,1.0,5.0,1.0,3.0,9407.0,15668.0,195.0,10886.0,12726.0,219.0,-1479.0,2942.0,-24.0,2.0,8.0,1.0,5.0,4.0,4.0
ESPORTSTMNT05_3220354,complete,,EM,2023,Spring,0,2023-04-13 18:52:20,1,13.06,4,Blue,bot,BAO,oe:player:6c1d0c529e73fe4c8b9a5306867c4bf,İstanbul Wildcats,oe:team:a65adb2808377018a2a7832eb2bd7f4,Jinx,Draven,Vi,Lee Sin,Malphite,Sion,,,,,,2652,1,19,5,7,37,23,4.0,2.0,1.0,1.0,0.0,0.0,0.0,0.0,0.8371,1.3122,,,,,,,,,,,,,,,,,,,,,0.0,0.0,,,,,,,,2.0,0.0,61527.0,1392.0136,0.38391,524.4118,585.2941,21.0,0.4751,15.0,0.3394,4.0,57.0,1.2896,25282,19596,443.3484,0.329181,22150.0,,,408.0,356.0,52.0,,,9.2308,3859.0,4016.0,94.0,3523.0,3503.0,85.0,336.0,513.0,9.0,0.0,1.0,0.0,1.0,0.0,0.0,6531.0,6016.0,133.0,5366.0,5688.0,126.0,1165.0,328.0,7.0,2.0,2.0,1.0,2.0,2.0,2.0,8777.0,8062.0,183.0,7861.0,8405.0,186.0,916.0,-343.0,-3.0,3.0,2.0,1.0,2.0,2.0,2.0,11944.0,11358.0,218.0,9999.0,10798.0,235.0,1945.0,560.0,-17.0,6.0,5.0,2.0,3.0,2.0,3.0
ESPORTSTMNT05_3220354,complete,,EM,2023,Spring,0,2023-04-13 18:52:20,1,13.06,5,Blue,sup,Parus,oe:player:a9cfbc13e22eefdd22af7b346ce2af4,İstanbul Wildcats,oe:team:a65adb2808377018a2a7832eb2bd7f4,Thresh,Draven,Vi,Lee Sin,Malphite,Sion,,,,,,2652,1,6,5,25,37,23,0.0,0.0,0.0,0.0,1.0,1.0,0.0,0.0,0.8371,1.3122,,,,,,,,,,,,,,,,,,,,,0.0,1.0,,,,,,,,0.0,0.0,10918.0,247.0136,0.0681251,491.6742,467.0362,61.0,1.3801,16.0,0.362,18.0,126.0,2.8507,12834,7148,161.7195,0.120078,11500.0,,,39.0,39.0,0.0,,,0.8824,2903.0,2232.0,12.0,2205.0,2300.0,11.0,698.0,-68.0,1.0,2.0,2.0,1.0,0.0,2.0,2.0,4628.0,4057.0,19.0,3239.0,3514.0,16.0,1389.0,543.0,3.0,4.0,4.0,2.0,0.0,5.0,3.0,5725.0,4796.0,24.0,4307.0,4268.0,20.0,1418.0,528.0,4.0,4.0,4.0,2.0,0.0,5.0,4.0,7394.0,7650.0,28.0,5636.0,6074.0,25.0,1758.0,1576.0,3.0,4.0,11.0,3.0,1.0,5.0,6.0
ESPORTSTMNT05_3220354,complete,,EM,2023,Spring,0,2023-04-13 18:52:20,1,13.06,6,Red,top,iBo,oe:player:4bdb80c84e25651b3d62742c0b61f6d,Los Heretics,oe:team:2dfc66b98002c5afad2a98dbf86e350,Gnar,Annie,Xayah,Jayce,Fiora,Renekton,,,,,,2652,0,5,8,4,21,37,1.0,0.0,0.0,0.0,0.0,0.0,0.0,0.0,0.4751,1.3122,,,,,,,,,,,,,,,,,,,,,0.0,0.0,,,,,,,,0.0,1.0,25695.0,581.3348,0.215506,1072.8281,1129.2081,20.0,0.4525,11.0,0.2489,6.0,80.0,1.81,15480,9794,221.5837,0.189322,14908.0,,,258.0,233.0,25.0,,,5.8371,2800.0,4373.0,62.0,3308.0,5059.0,90.0,-508.0,-686.0,-28.0,0.0,0.0,0.0,0.0,0.0,0.0,4407.0,6812.0,105.0,5436.0,7994.0,142.0,-1029.0,-1182.0,-37.0,0.0,0.0,1.0,0.0,1.0,0.0,6597.0,9439.0,155.0,7876.0,11157.0,198.0,-1279.0,-1718.0,-43.0,0.0,0.0,1.0,0.0,1.0,0.0,8879.0,11506.0,165.0,9986.0,13706.0,225.0,-1107.0,-2200.0,-60.0,3.0,2.0,4.0,1.0,4.0,1.0
ESPORTSTMNT05_3220354,complete,,EM,2023,Spring,0,2023-04-13 18:52:20,1,13.06,7,Red,jng,bluerzor,oe:player:0973ddfd8ce96a62e85badbe503d163,Los Heretics,oe:team:2dfc66b98002c5afad2a98dbf86e350,Sejuani,Annie,Xayah,Jayce,Fiora,Renekton,,,,,,2652,0,1,6,11,21,37,0.0,0.0,0.0,0.0,0.0,0.0,0.0,0.0,0.4751,1.3122,,,,,,,,,,,,,,,,,,,,,0.0,2.0,,,,,,,,0.0,0.0,10013.0,226.5385,0.0839798,1081.9005,1633.1448,19.0,0.4299,12.0,0.2715,21.0,60.0,1.3575,12835,7149,161.7421,0.138195,12700.0,,,180.0,48.0,132.0,,,4.0724,3070.0,3031.0,64.0,3732.0,3174.0,59.0,-662.0,-143.0,5.0,0.0,2.0,0.0,2.0,2.0,1.0,4567.0,5176.0,93.0,5736.0,5314.0,85.0,-1169.0,-138.0,8.0,0.0,4.0,1.0,4.0,5.0,2.0,6129.0,7532.0,124.0,7145.0,6863.0,114.0,-1016.0,669.0,10.0,0.0,4.0,1.0,4.0,5.0,3.0,7483.0,9608.0,147.0,9546.0,10162.0,132.0,-2063.0,-554.0,15.0,0.0,5.0,2.0,6.0,9.0,5.0
ESPORTSTMNT05_3220354,complete,,EM,2023,Spring,0,2023-04-13 18:52:20,1,13.06,8,Red,mid,Zwyroo,oe:player:1806cb4175771800d1d1ace2817103c,Los Heretics,oe:team:2dfc66b98002c5afad2a98dbf86e350,Taliyah,Annie,Xayah,Jayce,Fiora,Renekton,,,,,,2652,0,7,7,6,21,37,1.0,0.0,0.0,0.0,0.0,0.0,0.0,1.0,0.4751,1.3122,,,,,,,,,,,,,,,,,,,,,0.0,0.0,,,,,,,,0.0,0.0,32800.0,742.0814,0.275096,570.4751,467.1267,15.0,0.3394,8.0,0.181,10.0,45.0,1.0181,21411,15725,355.7692,0.303967,21475.0,,,400.0,380.0,20.0,,,9.0498,3351.0,4351.0,76.0,3661.0,5103.0,86.0,-310.0,-752.0,-10.0,1.0,0.0,2.0,0.0,3.0,0.0,6225.0,7090.0,126.0,5313.0,7661.0,125.0,912.0,-571.0,1.0,4.0,1.0,3.0,0.0,7.0,1.0,8737.0,9591.0,169.0,6885.0,10146.0,164.0,1852.0,-555.0,5.0,5.0,1.0,3.0,0.0,7.0,1.0,10886.0,12726.0,219.0,9407.0,15668.0,195.0,1479.0,-2942.0,24.0,5.0,4.0,4.0,2.0,8.0,1.0
ESPORTSTMNT05_3220354,complete,,EM,2023,Spring,0,2023-04-13 18:52:20,1,13.06,9,Red,bot,Flakked,oe:player:717bb4d71a2dab54e7020b1a8fde420,Los Heretics,oe:team:2dfc66b98002c5afad2a98dbf86e350,Zeri,Annie,Xayah,Jayce,Fiora,Renekton,,,,,,2652,0,7,5,6,21,37,1.0,1.0,0.0,0.0,0.0,0.0,0.0,0.0,0.4751,1.3122,,,,,,,,,,,,,,,,,,,,,0.0,0.0,,,,,,,,0.0,2.0,42030.0,950.905,0.352509,771.0633,1009.5475,17.0,0.3846,28.0,0.6335,2.0,98.0,2.2172,20699,15013,339.6606,0.290204,18500.0,,,445.0,383.0,62.0,,,10.0679,3523.0,3503.0,85.0,3859.0,4016.0,94.0,-336.0,-513.0,-9.0,1.0,0.0,0.0,0.0,1.0,0.0,5366.0,5688.0,126.0,6531.0,6016.0,133.0,-1165.0,-328.0,-7.0,2.0,2.0,2.0,2.0,2.0,1.0,7861.0,8405.0,186.0,8777.0,8062.0,183.0,-916.0,343.0,3.0,2.0,2.0,2.0,3.0,2.0,1.0,9999.0,10798.0,235.0,11944.0,11358.0,218.0,-1945.0,-560.0,17.0,3.0,2.0,3.0,6.0,5.0,2.0
ESPORTSTMNT05_3220354,complete,,EM,2023,Spring,0,2023-04-13 18:52:20,1,13.06,10,Red,sup,marlon,oe:player:e1ddc411cd92f26392b707a48e5c700,Los Heretics,oe:team:2dfc66b98002c5afad2a98dbf86e350,Blitzcrank,Annie,Xayah,Jayce,Fiora,Renekton,,,,,,2652,0,1,11,9,21,37,0.0,0.0,0.0,0.0,0.0,0.0,0.0,0.0,0.4751,1.3122,,,,,,,,,,,,,,,,,,,,,1.0,0.0,,,,,,,,0.0,0.0,8693.0,196.6742,0.0729089,779.819,557.1719,115.0,2.6018,11.0,0.2489,28.0,167.0,3.7783,9737,4051,91.6516,0.0783112,9350.0,,,32.0,28.0,4.0,,,0.724,2205.0,2300.0,11.0,2903.0,2232.0,12.0,-698.0,68.0,-1.0,0.0,2.0,2.0,2.0,2.0,1.0,3239.0,3514.0,16.0,4628.0,4057.0,19.0,-1389.0,-543.0,-3.0,0.0,5.0,3.0,4.0,4.0,2.0,4307.0,4268.0,20.0,5725.0,4796.0,24.0,-1418.0,-528.0,-4.0,0.0,5.0,4.0,4.0,4.0,2.0,5636.0,6074.0,25.0,7394.0,7650.0,28.0,-1758.0,-1576.0,-3.0,1.0,5.0,6.0,4.0,11.0,3.0
ESPORTSTMNT05_3220354,complete,,EM,2023,Spring,0,2023-04-13 18:52:20,1,13.06,100,Blue,team,,,İstanbul Wildcats,oe:team:a65adb2808377018a2a7832eb2bd7f4,,Draven,Vi,Lee Sin,Malphite,Sion,Gragas,Jinx,Thresh,Kennen,Wukong,2652,1,37,23,80,37,23,5.0,2.0,1.0,1.0,1.0,,,,0.8371,1.3122,0.0,4.0,3.0,4.0,3.0,3.0,0.0,0.0,0.0,1.0,0.0,,0.0,0.0,1.0,1.0,1.0,,,1.0,2.0,1.0,1.0,10.0,5.0,1.0,0.0,5.0,2.0,3.0,0.0,160264.0,3625.8824,,3676.6742,4328.3484,133.0,3.009,91.0,2.0588,58.0,399.0,9.0271,87959,59531,1346.8552,,82700.0,0.0722532,2.06,,1051.0,275.0,,,30.0,17463.0,19584.0,341.0,14949.0,17558.0,298.0,2514.0,2026.0,43.0,4.0,8.0,2.0,2.0,4.0,4.0,27644.0,31042.0,504.0,23804.0,28280.0,466.0,3840.0,2762.0,38.0,10.0,19.0,6.0,6.0,12.0,10.0,36408.0,41024.0,683.0,33631.0,39235.0,654.0,2777.0,1789.0,29.0,11.0,19.0,7.0,7.0,12.0,11.0,48277.0,58544.0,798.0,42883.0,50712.0,791.0,5394.0,7832.0,7.0,19.0,37.0,12.0,12.0,18.0,19.0
ESPORTSTMNT05_3220354,complete,,EM,2023,Spring,0,2023-04-13 18:52:20,1,13.06,200,Red,team,,,Los Heretics,oe:team:2dfc66b98002c5afad2a98dbf86e350,,Annie,Xayah,Jayce,Fiora,Renekton,Zeri,Sejuani,Blitzcrank,Gnar,Taliyah,2652,0,21,37,36,21,37,3.0,1.0,0.0,0.0,0.0,,,,0.4751,1.3122,1.0,3.0,4.0,3.0,4.0,2.0,0.0,0.0,0.0,0.0,1.0,,0.0,0.0,0.0,1.0,1.0,,,0.0,1.0,2.0,0.0,5.0,10.0,0.0,1.0,2.0,5.0,0.0,3.0,119231.0,2697.5339,,4276.086,4796.1991,186.0,4.2081,70.0,1.5837,67.0,450.0,10.181,80162,51734,1170.4525,,76933.0,-0.0722532,-2.06,,1072.0,243.0,,,29.7511,14949.0,17558.0,298.0,17463.0,19584.0,341.0,-2514.0,-2026.0,-43.0,2.0,4.0,4.0,4.0,8.0,2.0,23804.0,28280.0,466.0,27644.0,31042.0,504.0,-3840.0,-2762.0,-38.0,6.0,12.0,10.0,10.0,19.0,6.0,33631.0,39235.0,654.0,36408.0,41024.0,683.0,-2777.0,-1789.0,-29.0,7.0,12.0,11.0,11.0,19.0,7.0,42883.0,50712.0,791.0,48277.0,58544.0,798.0,-5394.0,-7832.0,-7.0,12.0,18.0,19.0,19.0,37.0,12.0
ESPORTSTMNT05_3223055,complete,,EM,2023,Spring,0,2023-04-13 18:58:26,1,13.06,1,Blue,top,Ragner,oe:player:c0f78343a2ad4ba1463245d53a3b440,Team GO,oe:team:8d538207b9de9d20e1a525aae593515,Gragas,Sejuani,Malphite,Veigar,Sion,Ornn,,,,,,1761,1,4,1,9,22,5,0.0,0.0,0.0,0.0,0.0,0.0,0.0,0.0,0.7496,0.9199,,,,,,,,,,,,,,,,,,,,,0.0,0.0,,,,,,,,0.0,0.0,19776.0,673.799,0.25311,466.167,405.0426,16.0,0.5451,6.0,0.2044,5.0,25.0,0.8518,12082,8214,279.8637,0.21355,11325.0,,,229.0,225.0,4.0,,,7.8024,3058.0,4433.0,71.0,3289.0,4593.0,74.0,-231.0,-160.0,-3.0,0.0,0.0,1.0,1.0,0.0,1.0,4747.0,7269.0,120.0,5424.0,7419.0,129.0,-677.0,-150.0,-9.0,0.0,0.0,1.0,1.0,0.0,1.0,6802.0,9737.0,155.0,7582.0,10115.0,176.0,-780.0,-378.0,-21.0,1.0,3.0,1.0,1.0,0.0,2.0,9550.0,14512.0,189.0,8781.0,11986.0,202.0,769.0,2526.0,-13.0,3.0,6.0,1.0,1.0,1.0,3.0
ESPORTSTMNT05_3223055,complete,,EM,2023,Spring,0,2023-04-13 18:58:26,1,13.06,2,Blue,jng,Lyncas,oe:player:ca9701f085966dfca32e31b1b1e9d55,Team GO,oe:team:8d538207b9de9d20e1a525aae593515,Vi,Sejuani,Malphite,Veigar,Sion,Ornn,,,,,,1761,1,4,0,13,22,5,0.0,0.0,0.0,0.0,0.0,0.0,0.0,0.0,0.7496,0.9199,,,,,,,,,,,,,,,,,,,,,1.0,0.0,,,,,,,,0.0,0.0,8908.0,303.5094,0.114012,799.2845,1489.1993,9.0,0.3066,14.0,0.477,8.0,44.0,1.4991,10607,6739,229.6082,0.175203,9800.0,,,169.0,16.0,153.0,,,5.7581,3475.0,3451.0,58.0,3292.0,3022.0,50.0,183.0,429.0,8.0,1.0,3.0,0.0,1.0,1.0,2.0,5335.0,5467.0,93.0,4893.0,4838.0,78.0,442.0,629.0,15.0,2.0,3.0,0.0,2.0,1.0,2.0,6679.0,7678.0,121.0,6729.0,7567.0,119.0,-50.0,111.0,2.0,2.0,4.0,0.0,2.0,1.0,2.0,8396.0,10731.0,150.0,8676.0,9146.0,140.0,-280.0,1585.0,10.0,2.0,8.0,0.0,3.0,1.0,3.0
ESPORTSTMNT05_3223055,complete,,EM,2023,Spring,0,2023-04-13 18:58:26,1,13.06,3,Blue,mid,Toucouille,oe:player:525ac233cf71bc36a611e27a324144f,Team GO,oe:team:8d538207b9de9d20e1a525aae593515,Vex,Sejuani,Malphite,Veigar,Sion,Ornn,,,,,,1761,1,5,3,11,22,5,1.0,0.0,0.0,0.0,0.0,0.0,0.0,1.0,0.7496,0.9199,,,,,,,,,,,,,,,,,,,,,0.0,0.0,,,,,,,,1.0,0.0,22727.0,774.3441,0.29088,345.8944,280.3066,9.0,0.3066,8.0,0.2726,5.0,20.0,0.6814,11913,8045,274.1056,0.209157,11150.0,,,214.0,213.0,1.0,,,7.2913,3823.0,4885.0,79.0,3244.0,4494.0,79.0,579.0,391.0,0.0,2.0,2.0,1.0,0.0,1.0,0.0,5696.0,7807.0,135.0,5103.0,7760.0,142.0,593.0,47.0,-7.0,2.0,2.0,1.0,0.0,1.0,0.0,7740.0,9627.0,160.0,7433.0,10742.0,206.0,307.0,-1115.0,-46.0,4.0,4.0,1.0,0.0,1.0,0.0,10152.0,12597.0,196.0,9010.0,12983.0,250.0,1142.0,-386.0,-54.0,5.0,7.0,2.0,0.0,2.0,0.0
ESPORTSTMNT05_3223055,complete,,EM,2023,Spring,0,2023-04-13 18:58:26,1,13.06,4,Blue,bot,Jezu,oe:player:4817d93e8f26002377aec42233b3fc2,Team GO,oe:team:8d538207b9de9d20e1a525aae593515,Zeri,Sejuani,Malphite,Veigar,Sion,Ornn,,,,,,1761,1,9,0,7,22,5,2.0,1.0,1.0,0.0,0.0,0.0,0.0,0.0,0.7496,0.9199,,,,,,,,,,,,,,,,,,,,,0.0,0.0,,,,,,,,0.0,0.0,21324.0,726.5417,0.272923,357.9557,339.8978,11.0,0.3748,7.0,0.2385,4.0,36.0,1.2266,15638,11770,401.0221,0.306001,13400.0,,,296.0,279.0,17.0,,,10.0852,3736.0,2966.0,90.0,3308.0,3224.0,91.0,428.0,-258.0,-1.0,1.0,1.0,0.0,0.0,0.0,0.0,6129.0,4992.0,139.0,4976.0,5110.0,140.0,1153.0,-118.0,-1.0,1.0,2.0,0.0,0.0,1.0,0.0,8742.0,8019.0,191.0,7204.0,6997.0,183.0,1538.0,1022.0,8.0,2.0,3.0,0.0,0.0,1.0,2.0,11940.0,11606.0,248.0,9057.0,8931.0,236.0,2883.0,2675.0,12.0,5.0,5.0,0.0,0.0,2.0,4.0
ESPORTSTMNT05_3223055,complete,,EM,2023,Spring,0,2023-04-13 18:58:26,1,13.06,5,Blue,sup,kamilius,oe:player:7aa0aebd379414d25f1fcdc396407f1,Team GO,oe:team:8d538207b9de9d20e1a525aae593515,Lulu,Sejuani,Malphite,Veigar,Sion,Ornn,,,,,,1761,1,0,1,19,22,5,0.0,0.0,0.0,0.0,0.0,0.0,0.0,0.0,0.7496,0.9199,,,,,,,,,,,,,,,,,,,,,0.0,0.0,,,,,,,,0.0,0.0,5397.0,183.8842,0.0690754,227.7342,126.678,39.0,1.3288,14.0,0.477,9.0,74.0,2.5213,7564,3696,125.9284,0.0960893,6975.0,,,14.0,14.0,0.0,,,0.477,2263.0,2558.0,0.0,1988.0,2208.0,11.0,275.0,350.0,-11.0,0.0,3.0,0.0,0.0,0.0,1.0,3219.0,3470.0,4.0,3074.0,3593.0,20.0,145.0,-123.0,-16.0,0.0,4.0,1.0,0.0,1.0,2.0,4576.0,4843.0,9.0,4184.0,4842.0,25.0,392.0,1.0,-16.0,0.0,6.0,1.0,0.0,1.0,3.0,6095.0,7606.0,11.0,4999.0,6122.0,26.0,1096.0,1484.0,-15.0,0.0,12.0,1.0,0.0,2.0,5.0
ESPORTSTMNT05_3223055,complete,,EM,2023,Spring,0,2023-04-13 18:58:26,1,13.06,6,Red,top,Banderas,oe:player:57abe5a8958c15444e9103873f8565a,Riddle Esports,oe:team:9eb531c72890b1ae7e50122f0884f37,K'Sante,Rakan,Annie,Jayce,Lissandra,Ahri,,,,,,1761,0,1,4,2,5,22,0.0,0.0,0.0,0.0,0.0,0.0,0.0,0.0,0.1704,0.9199,,,,,,,,,,,,,,,,,,,,,0.0,0.0,,,,,,,,0.0,0.0,7938.0,270.46,0.170395,861.8739,1375.4003,8.0,0.2726,6.0,0.2044,6.0,30.0,1.0221,9745,5877,200.2385,0.205958,9650.0,,,212.0,208.0,4.0,,,7.2232,3289.0,4593.0,74.0,3058.0,4433.0,71.0,231.0,160.0,3.0,1.0,0.0,1.0,0.0,0.0,1.0,5424.0,7419.0,129.0,4747.0,7269.0,120.0,677.0,150.0,9.0,1.0,0.0,1.0,0.0,0.0,1.0,7582.0,10115.0,176.0,6802.0,9737.0,155.0,780.0,378.0,21.0,1.0,0.0,2.0,1.0,3.0,1.0,8781.0,11986.0,202.0,9550.0,14512.0,189.0,-769.0,-2526.0,13.0,1.0,1.0,3.0,3.0,6.0,1.0
ESPORTSTMNT05_3223055,complete,,EM,2023,Spring,0,2023-04-13 18:58:26,1,13.06,7,Red,jng,Yohan,oe:player:cc00384e754d3b4db840275587813eb,Riddle Esports,oe:team:9eb531c72890b1ae7e50122f0884f37,Lee Sin,Rakan,Annie,Jayce,Lissandra,Ahri,,,,,,1761,0,4,5,1,5,22,0.0,0.0,0.0,0.0,1.0,1.0,0.0,0.0,0.1704,0.9199,,,,,,,,,,,,,,,,,,,,,0.0,1.0,,,,,,,,0.0,0.0,11389.0,388.0409,0.244473,1028.3475,1120.8518,14.0,0.477,4.0,0.1363,6.0,34.0,1.1584,10210,6342,216.0818,0.222254,9700.0,,,159.0,13.0,146.0,,,5.4174,3292.0,3022.0,50.0,3475.0,3451.0,58.0,-183.0,-429.0,-8.0,1.0,1.0,2.0,1.0,3.0,0.0,4893.0,4838.0,78.0,5335.0,5467.0,93.0,-442.0,-629.0,-15.0,2.0,1.0,2.0,2.0,3.0,0.0,6729.0,7567.0,119.0,6679.0,7678.0,121.0,50.0,-111.0,-2.0,2.0,1.0,2.0,2.0,4.0,0.0,8676.0,9146.0,140.0,8396.0,10731.0,150.0,280.0,-1585.0,-10.0,3.0,1.0,3.0,2.0,8.0,0.0
ESPORTSTMNT05_3223055,complete,,EM,2023,Spring,0,2023-04-13 18:58:26,1,13.06,8,Red,mid,FireRain,oe:player:ee8d313390db21907037cef1c8d6f81,Riddle Esports,oe:team:9eb531c72890b1ae7e50122f0884f37,LeBlanc,Rakan,Annie,Jayce,Lissandra,Ahri,,,,,,1761,0,0,1,3,5,22,0.0,0.0,0.0,0.0,1.0,0.0,1.0,0.0,0.1704,0.9199,,,,,,,,,,,,,,,,,,,,,0.0,0.0,,,,,,,,0.0,1.0,12836.0,437.3424,0.275533,649.2334,380.6474,34.0,1.1584,23.0,0.7836,8.0,81.0,2.7598,10456,6588,224.4634,0.230875,10850.0,,,276.0,271.0,5.0,,,9.4037,3244.0,4494.0,79.0,3823.0,4885.0,79.0,-579.0,-391.0,0.0,0.0,1.0,0.0,2.0,2.0,1.0,5103.0,7760.0,142.0,5696.0,7807.0,135.0,-593.0,-47.0,7.0,0.0,1.0,0.0,2.0,2.0,1.0,7433.0,10742.0,206.0,7740.0,9627.0,160.0,-307.0,1115.0,46.0,0.0,1.0,0.0,4.0,4.0,1.0,9010.0,12983.0,250.0,10152.0,12597.0,196.0,-1142.0,386.0,54.0,0.0,2.0,0.0,5.0,7.0,2.0
ESPORTSTMNT05_3223055,complete,,EM,2023,Spring,0,2023-04-13 18:58:26,1,13.06,9,Red,bot,jinjo,oe:player:23f5249382ade4216547b5e109c5414,Riddle Esports,oe:team:9eb531c72890b1ae7e50122f0884f37,Jinx,Rakan,Annie,Jayce,Lissandra,Ahri,,,,,,1761,0,0,5,2,5,22,0.0,0.0,0.0,0.0,0.0,0.0,0.0,0.0,0.1704,0.9199,,,,,,,,,,,,,,,,,,,,,0.0,0.0,,,,,,,,0.0,0.0,10026.0,341.6014,0.215215,553.9693,289.2675,12.0,0.4089,6.0,0.2044,4.0,26.0,0.8859,11638,7770,264.7359,0.272298,11550.0,,,288.0,272.0,16.0,,,9.8126,3308.0,3224.0,91.0,3736.0,2966.0,90.0,-428.0,258.0,1.0,0.0,0.0,0.0,1.0,1.0,0.0,4976.0,5110.0,140.0,6129.0,4992.0,139.0,-1153.0,118.0,1.0,0.0,1.0,0.0,1.0,2.0,0.0,7204.0,6997.0,183.0,8742.0,8019.0,191.0,-1538.0,-1022.0,-8.0,0.0,1.0,2.0,2.0,3.0,0.0,9057.0,8931.0,236.0,11940.0,11606.0,248.0,-2883.0,-2675.0,-12.0,0.0,2.0,4.0,5.0,5.0,0.0
ESPORTSTMNT05_3223055,complete,,EM,2023,Spring,0,2023-04-13 18:58:26,1,13.06,10,Red,sup,kibah,oe:player:9f65f7ff237a92d74cf2bf2420f2751,Riddle Esports,oe:team:9eb531c72890b1ae7e50122f0884f37,Renata Glasc,Rakan,Annie,Jayce,Lissandra,Ahri,,,,,,1761,0,0,7,3,5,22,0.0,0.0,0.0,0.0,0.0,0.0,0.0,0.0,0.1704,0.9199,,,,,,,,,,,,,,,,,,,,,0.0,0.0,,,,,,,,0.0,0.0,4397.0,149.8126,0.0943846,538.8075,364.2589,35.0,1.1925,6.0,0.2044,6.0,64.0,2.1806,5826,1958,66.7121,0.0686166,5450.0,,,28.0,28.0,0.0,,,0.954,1988.0,2208.0,11.0,2263.0,2558.0,0.0,-275.0,-350.0,11.0,0.0,0.0,1.0,0.0,3.0,0.0,3074.0,3593.0,20.0,3219.0,3470.0,4.0,-145.0,123.0,16.0,0.0,1.0,2.0,0.0,4.0,1.0,4184.0,4842.0,25.0,4576.0,4843.0,9.0,-392.0,-1.0,16.0,0.0,1.0,3.0,0.0,6.0,1.0,4999.0,6122.0,26.0,6095.0,7606.0,11.0,-1096.0,-1484.0,15.0,0.0,2.0,5.0,0.0,12.0,1.0
ESPORTSTMNT05_3223055,complete,,EM,2023,Spring,0,2023-04-13 18:58:26,1,13.06,100,Blue,team,,,Team GO,oe:team:8d538207b9de9d20e1a525aae593515,,Sejuani,Malphite,Veigar,Sion,Ornn,Gragas,Vi,Zeri,Vex,Lulu,1761,1,22,5,59,22,5,3.0,1.0,1.0,0.0,0.0,,,,0.7496,0.9199,0.0,3.0,1.0,3.0,1.0,0.0,0.0,0.0,0.0,1.0,2.0,,0.0,0.0,1.0,1.0,1.0,,,1.0,1.0,0.0,1.0,8.0,3.0,1.0,1.0,3.0,2.0,1.0,0.0,78132.0,2662.0784,,2197.0358,2641.1244,84.0,2.862,49.0,1.6695,31.0,199.0,6.7802,57804,38464,1310.5281,,52650.0,0.109164,1.43,,747.0,175.0,,,31.414,16355.0,18293.0,298.0,15121.0,17541.0,305.0,1234.0,752.0,-7.0,4.0,9.0,2.0,2.0,2.0,4.0,25126.0,29005.0,491.0,23470.0,28720.0,509.0,1656.0,285.0,-18.0,5.0,11.0,3.0,3.0,4.0,5.0,34539.0,39904.0,636.0,33132.0,40263.0,709.0,1407.0,-359.0,-73.0,9.0,20.0,3.0,3.0,4.0,9.0,46133.0,57052.0,794.0,40523.0,49168.0,854.0,5610.0,7884.0,-60.0,15.0,38.0,4.0,4.0,8.0,15.0
ESPORTSTMNT05_3223055,complete,,EM,2023,Spring,0,2023-04-13 18:58:26,1,13.06,200,Red,team,,,Riddle Esports,oe:team:9eb531c72890b1ae7e50122f0884f37,,Rakan,Annie,Jayce,Lissandra,Ahri,Lee Sin,Jinx,LeBlanc,Renata Glasc,K'Sante,1761,0,5,22,11,5,22,0.0,0.0,0.0,0.0,1.0,,,,0.1704,0.9199,1.0,1.0,3.0,1.0,3.0,0.0,1.0,0.0,0.0,0.0,0.0,,0.0,0.0,0.0,1.0,1.0,,,0.0,0.0,1.0,0.0,3.0,8.0,0.0,0.0,2.0,3.0,0.0,1.0,46586.0,1587.2572,,3632.2317,3530.4259,103.0,3.5094,45.0,1.5332,30.0,235.0,8.0068,47875,28535,972.2317,,47200.0,-0.109164,-1.43,,792.0,171.0,,,32.8109,15121.0,17541.0,305.0,16355.0,18293.0,298.0,-1234.0,-752.0,7.0,2.0,2.0,4.0,4.0,9.0,2.0,23470.0,28720.0,509.0,25126.0,29005.0,491.0,-1656.0,-285.0,18.0,3.0,4.0,5.0,5.0,11.0,3.0,33132.0,40263.0,709.0,34539.0,39904.0,636.0,-1407.0,359.0,73.0,3.0,4.0,9.0,9.0,20.0,3.0,40523.0,49168.0,854.0,46133.0,57052.0,794.0,-5610.0,-7884.0,60.0,4.0,8.0,15.0,15.0,38.0,4.0
ESPORTSTMNT05_3220355,complete,,EM,2023,Spring,0,2023-04-13 19:55:50,1,13.06,1,Blue,top,JNX,oe:player:4bb53c6fa9f5d75901136feb8bdf817,SK Gaming Prime,oe:team:aa8c3b781d96ddb7a24ab3240918988,Sion,Zilean,Rell,Gragas,Ekko,Veigar,,,,,,1961,1,1,0,9,17,7,0.0,0.0,0.0,0.0,0.0,0.0,0.0,0.0,0.5201,0.7343,,,,,,,,,,,,,,,,,,,,,0.0,0.0,,,,,,,,1.0,0.0,15609.0,477.5829,0.187687,344.7017,983.3452,20.0,0.6119,6.0,0.1836,8.0,52.0,1.591,11939,7663,234.462,0.173516,11450.0,,,227.0,223.0,4.0,,,6.9454,3383.0,4842.0,91.0,3483.0,5052.0,92.0,-100.0,-210.0,-1.0,0.0,1.0,0.0,0.0,0.0,0.0,5030.0,7220.0,135.0,5196.0,7891.0,143.0,-166.0,-671.0,-8.0,0.0,1.0,0.0,0.0,1.0,0.0,7018.0,9697.0,173.0,6828.0,11385.0,184.0,190.0,-1688.0,-11.0,1.0,2.0,0.0,0.0,3.0,1.0,9311.0,13318.0,216.0,8560.0,14120.0,223.0,751.0,-802.0,-7.0,1.0,2.0,0.0,0.0,4.0,1.0
ESPORTSTMNT05_3220355,complete,,EM,2023,Spring,0,2023-04-13 19:55:50,1,13.06,2,Blue,jng,Lurox,oe:player:6fc5fe723eed4ba4c230292be365c66,SK Gaming Prime,oe:team:aa8c3b781d96ddb7a24ab3240918988,Lee Sin,Zilean,Rell,Gragas,Ekko,Veigar,,,,,,1961,1,5,2,8,17,7,1.0,0.0,0.0,0.0,0.0,0.0,0.0,0.0,0.5201,0.7343,,,,,,,,,,,,,,,,,,,,,1.0,0.0,,,,,,,,0.0,0.0,11011.0,336.8995,0.132399,819.1943,1214.411,19.0,0.5813,8.0,0.2448,9.0,54.0,1.6522,12692,8416,257.5013,0.190567,11825.0,,,186.0,22.0,164.0,,,5.691,3641.0,3495.0,61.0,2839.0,2979.0,56.0,802.0,516.0,5.0,2.0,0.0,0.0,0.0,0.0,1.0,5762.0,5974.0,105.0,4381.0,4718.0,81.0,1381.0,1256.0,24.0,3.0,0.0,0.0,1.0,0.0,1.0,7356.0,7992.0,129.0,5993.0,7275.0,107.0,1363.0,717.0,22.0,3.0,2.0,1.0,2.0,1.0,2.0,9226.0,10605.0,155.0,7669.0,10116.0,142.0,1557.0,489.0,13.0,4.0,2.0,1.0,2.0,2.0,3.0
ESPORTSTMNT05_3220355,complete,,EM,2023,Spring,0,2023-04-13 19:55:50,1,13.06,3,Blue,mid,FEBIVEN,oe:player:d62421836c8b27dc3ffaffa058b8098,SK Gaming Prime,oe:team:aa8c3b781d96ddb7a24ab3240918988,Ahri,Zilean,Rell,Gragas,Ekko,Veigar,,,,,,1961,1,3,0,8,17,7,1.0,0.0,0.0,0.0,0.0,0.0,0.0,0.0,0.5201,0.7343,,,,,,,,,,,,,,,,,,,,,0.0,0.0,,,,,,,,0.0,0.0,22382.0,684.8139,0.269128,402.8965,331.2392,14.0,0.4284,5.0,0.153,3.0,49.0,1.4992,13868,9592,293.4829,0.217195,12475.0,,,303.0,299.0,4.0,,,9.2708,3667.0,4960.0,97.0,3366.0,4901.0,98.0,301.0,59.0,-1.0,0.0,2.0,0.0,0.0,0.0,0.0,5616.0,8033.0,160.0,5456.0,7541.0,151.0,160.0,492.0,9.0,0.0,2.0,0.0,1.0,1.0,0.0,7819.0,10932.0,215.0,7973.0,10332.0,205.0,-154.0,600.0,10.0,0.0,3.0,0.0,2.0,2.0,0.0,9781.0,14803.0,265.0,10667.0,14186.0,247.0,-886.0,617.0,18.0,0.0,4.0,0.0,3.0,2.0,0.0
ESPORTSTMNT05_3220355,complete,,EM,2023,Spring,0,2023-04-13 19:55:50,1,13.06,4,Blue,bot,Keduii,oe:player:44189e6dc3089dbf9520de800fa705a,SK Gaming Prime,oe:team:aa8c3b781d96ddb7a24ab3240918988,Tristana,Zilean,Rell,Gragas,Ekko,Veigar,,,,,,1961,1,8,2,6,17,7,1.0,0.0,0.0,0.0,1.0,1.0,0.0,0.0,0.5201,0.7343,,,,,,,,,,,,,,,,,,,,,1.0,0.0,,,,,,,,1.0,0.0,28846.0,882.5905,0.346853,418.1642,220.8159,14.0,0.4284,11.0,0.3366,3.0,41.0,1.2545,18368,14092,431.1678,0.319091,16175.0,,,344.0,295.0,49.0,,,10.5252,3932.0,3703.0,85.0,3395.0,2930.0,78.0,537.0,773.0,7.0,1.0,0.0,1.0,1.0,0.0,1.0,5837.0,6004.0,136.0,5525.0,5262.0,135.0,312.0,742.0,1.0,1.0,1.0,1.0,1.0,0.0,1.0,8830.0,8782.0,188.0,7561.0,7764.0,194.0,1269.0,1018.0,-6.0,2.0,2.0,1.0,1.0,2.0,1.0,11092.0,11810.0,246.0,9441.0,10327.0,245.0,1651.0,1483.0,1.0,2.0,2.0,2.0,1.0,2.0,1.0
ESPORTSTMNT05_3220355,complete,,EM,2023,Spring,0,2023-04-13 19:55:50,1,13.06,5,Blue,sup,Prime,oe:player:e038414b765a8bda52e602f7eaeff04,SK Gaming Prime,oe:team:aa8c3b781d96ddb7a24ab3240918988,Rakan,Zilean,Rell,Gragas,Ekko,Veigar,,,,,,1961,1,0,3,15,17,7,0.0,0.0,0.0,0.0,1.0,0.0,1.0,0.0,0.5201,0.7343,,,,,,,,,,,,,,,,,,,,,0.0,0.0,,,,,,,,0.0,0.0,5317.0,162.6823,0.0639331,295.1963,382.4273,51.0,1.5604,10.0,0.306,14.0,93.0,2.8455,8676,4400,134.6252,0.0996305,7850.0,,,30.0,30.0,0.0,,,0.9179,2341.0,2151.0,11.0,2121.0,2852.0,15.0,220.0,-701.0,-4.0,0.0,3.0,0.0,0.0,1.0,1.0,3590.0,3428.0,20.0,3284.0,4074.0,23.0,306.0,-646.0,-3.0,0.0,4.0,2.0,0.0,2.0,2.0,4768.0,4133.0,26.0,4354.0,5025.0,31.0,414.0,-892.0,-5.0,0.0,5.0,3.0,0.0,4.0,2.0,5915.0,6266.0,26.0,5272.0,6374.0,33.0,643.0,-108.0,-7.0,0.0,6.0,3.0,0.0,4.0,2.0
ESPORTSTMNT05_3220355,complete,,EM,2023,Spring,0,2023-04-13 19:55:50,1,13.06,6,Red,top,Eyliph,oe:player:4b20700639bada36a5a58cc4a8e7135,Anorthosis Famagusta Esports,oe:team:5f1bc4a914b49c7b7ff4c2f1b8d8df9,Cho'Gath,Kalista,Vi,Xayah,LeBlanc,Wukong,,,,,,1961,0,0,3,5,7,17,0.0,0.0,0.0,0.0,0.0,0.0,0.0,0.0,0.2142,0.7343,,,,,,,,,,,,,,,,,,,,,0.0,0.0,,,,,,,,0.0,1.0,12213.0,373.6767,0.287007,887.9143,837.9194,13.0,0.3978,9.0,0.2754,5.0,49.0,1.4992,11056,6780,207.4452,0.218105,10975.0,,,276.0,271.0,5.0,,,8.4447,3483.0,5052.0,92.0,3383.0,4842.0,91.0,100.0,210.0,1.0,0.0,0.0,0.0,0.0,1.0,0.0,5196.0,7891.0,143.0,5030.0,7220.0,135.0,166.0,671.0,8.0,0.0,1.0,0.0,0.0,1.0,0.0,6828.0,11385.0,184.0,7018.0,9697.0,173.0,-190.0,1688.0,11.0,0.0,3.0,1.0,1.0,2.0,0.0,8560.0,14120.0,223.0,9311.0,13318.0,216.0,-751.0,802.0,7.0,0.0,4.0,1.0,1.0,2.0,0.0
ESPORTSTMNT05_3220355,complete,,EM,2023,Spring,0,2023-04-13 19:55:50,1,13.06,7,Red,jng,SPOOKY,oe:player:11389d6d8a29729807c3cf528a98050,Anorthosis Famagusta Esports,oe:team:5f1bc4a914b49c7b7ff4c2f1b8d8df9,Viego,Kalista,Vi,Xayah,LeBlanc,Wukong,,,,,,1961,0,2,5,3,7,17,0.0,0.0,0.0,0.0,0.0,0.0,0.0,0.0,0.2142,0.7343,,,,,,,,,,,,,,,,,,,,,0.0,1.0,,,,,,,,0.0,0.0,5095.0,155.8899,0.119733,916.7364,851.3514,11.0,0.3366,7.0,0.2142,9.0,40.0,1.2239,9183,4907,150.1377,0.157852,8300.0,,,164.0,28.0,136.0,,,5.0178,2839.0,2979.0,56.0,3641.0,3495.0,61.0,-802.0,-516.0,-5.0,0.0,0.0,1.0,2.0,0.0,0.0,4381.0,4718.0,81.0,5762.0,5974.0,105.0,-1381.0,-1256.0,-24.0,1.0,0.0,1.0,3.0,0.0,0.0,5993.0,7275.0,107.0,7356.0,7992.0,129.0,-1363.0,-717.0,-22.0,2.0,1.0,2.0,3.0,2.0,1.0,7669.0,10116.0,142.0,9226.0,10605.0,155.0,-1557.0,-489.0,-13.0,2.0,2.0,3.0,4.0,2.0,1.0
ESPORTSTMNT05_3220355,complete,,EM,2023,Spring,0,2023-04-13 19:55:50,1,13.06,8,Red,mid,HAWHAW,oe:player:ae06413dcf80aa496ab8448d8ea586f,Anorthosis Famagusta Esports,oe:team:5f1bc4a914b49c7b7ff4c2f1b8d8df9,Cassiopeia,Kalista,Vi,Xayah,LeBlanc,Wukong,,,,,,1961,0,3,2,3,7,17,0.0,0.0,0.0,0.0,0.0,0.0,0.0,0.0,0.2142,0.7343,,,,,,,,,,,,,,,,,,,,,0.0,0.0,,,,,,,,0.0,0.0,13449.0,411.4941,0.316053,662.05,467.8531,15.0,0.4589,4.0,0.1224,5.0,25.0,0.7649,12739,8463,258.9393,0.272245,12475.0,,,285.0,261.0,24.0,,,8.72,3366.0,4901.0,98.0,3667.0,4960.0,97.0,-301.0,-59.0,1.0,0.0,0.0,0.0,0.0,2.0,0.0,5456.0,7541.0,151.0,5616.0,8033.0,160.0,-160.0,-492.0,-9.0,1.0,1.0,0.0,0.0,2.0,0.0,7973.0,10332.0,205.0,7819.0,10932.0,215.0,154.0,-600.0,-10.0,2.0,2.0,0.0,0.0,3.0,0.0,10667.0,14186.0,247.0,9781.0,14803.0,265.0,886.0,-617.0,-18.0,3.0,2.0,0.0,0.0,4.0,0.0
ESPORTSTMNT05_3220355,complete,,EM,2023,Spring,0,2023-04-13 19:55:50,1,13.06,9,Red,bot,GOLDENTO4ST,oe:player:5c58c2e986e8aec0ee6f2465823349a,Anorthosis Famagusta Esports,oe:team:5f1bc4a914b49c7b7ff4c2f1b8d8df9,Zeri,Kalista,Vi,Xayah,LeBlanc,Wukong,,,,,,1961,0,2,3,2,7,17,0.0,0.0,0.0,0.0,0.0,0.0,0.0,1.0,0.2142,0.7343,,,,,,,,,,,,,,,,,,,,,0.0,1.0,,,,,,,,0.0,1.0,9576.0,292.9934,0.225037,380.4997,489.5156,11.0,0.3366,17.0,0.5201,2.0,47.0,1.438,12916,8640,264.3549,0.277939,12350.0,,,324.0,308.0,16.0,,,9.9133,3395.0,2930.0,78.0,3932.0,3703.0,85.0,-537.0,-773.0,-7.0,1.0,0.0,1.0,1.0,0.0,1.0,5525.0,5262.0,135.0,5837.0,6004.0,136.0,-312.0,-742.0,-1.0,1.0,0.0,1.0,1.0,1.0,1.0,7561.0,7764.0,194.0,8830.0,8782.0,188.0,-1269.0,-1018.0,6.0,1.0,2.0,1.0,2.0,2.0,1.0,9441.0,10327.0,245.0,11092.0,11810.0,246.0,-1651.0,-1483.0,-1.0,1.0,2.0,1.0,2.0,2.0,2.0
ESPORTSTMNT05_3220355,complete,,EM,2023,Spring,0,2023-04-13 19:55:50,1,13.06,10,Red,sup,iLEVI,oe:player:b226880189cb11f7da7a0c86544b556,Anorthosis Famagusta Esports,oe:team:5f1bc4a914b49c7b7ff4c2f1b8d8df9,Amumu,Kalista,Vi,Xayah,LeBlanc,Wukong,,,,,,1961,0,0,4,4,7,17,0.0,0.0,0.0,0.0,0.0,0.0,0.0,0.0,0.2142,0.7343,,,,,,,,,,,,,,,,,,,,,0.0,0.0,,,,,,,,0.0,0.0,2220.0,67.9245,0.0521702,511.0556,351.2494,56.0,1.7134,16.0,0.4895,15.0,112.0,3.4268,6572,2296,70.2499,0.0738588,6275.0,,,38.0,38.0,0.0,,,1.1627,2121.0,2852.0,15.0,2341.0,2151.0,11.0,-220.0,701.0,4.0,0.0,1.0,1.0,0.0,3.0,0.0,3284.0,4074.0,23.0,3590.0,3428.0,20.0,-306.0,646.0,3.0,0.0,2.0,2.0,0.0,4.0,2.0,4354.0,5025.0,31.0,4768.0,4133.0,26.0,-414.0,892.0,5.0,0.0,4.0,2.0,0.0,5.0,3.0,5272.0,6374.0,33.0,5915.0,6266.0,26.0,-643.0,108.0,7.0,0.0,4.0,2.0,0.0,6.0,3.0
ESPORTSTMNT05_3220355,complete,,EM,2023,Spring,0,2023-04-13 19:55:50,1,13.06,100,Blue,team,,,SK Gaming Prime,oe:team:aa8c3b781d96ddb7a24ab3240918988,,Zilean,Rell,Gragas,Ekko,Veigar,Rakan,Tristana,Sion,Lee Sin,Ahri,1961,1,17,7,46,17,7,3.0,0.0,0.0,0.0,1.0,,,,0.5201,0.7343,1.0,5.0,0.0,4.0,0.0,1.0,0.0,0.0,0.0,2.0,1.0,,1.0,0.0,1.0,2.0,0.0,,,1.0,2.0,0.0,1.0,10.0,1.0,1.0,1.0,6.0,2.0,2.0,0.0,83165.0,2544.5691,,2280.153,3132.2387,118.0,3.6104,40.0,1.2239,37.0,289.0,8.8424,65543,44163,1351.2392,,59775.0,0.170676,2.34,,869.0,221.0,,,33.3503,16964.0,19151.0,345.0,15204.0,18714.0,339.0,1760.0,437.0,6.0,3.0,6.0,1.0,1.0,1.0,3.0,25835.0,30659.0,556.0,23842.0,29486.0,533.0,1993.0,1173.0,23.0,4.0,8.0,3.0,3.0,4.0,4.0,35791.0,41536.0,731.0,32709.0,41781.0,721.0,3082.0,-245.0,10.0,6.0,14.0,5.0,5.0,12.0,6.0,45325.0,56802.0,908.0,41609.0,55123.0,890.0,3716.0,1679.0,18.0,7.0,16.0,6.0,6.0,14.0,7.0
ESPORTSTMNT05_3220355,complete,,EM,2023,Spring,0,2023-04-13 19:55:50,1,13.06,200,Red,team,,,Anorthosis Famagusta Esports,oe:team:5f1bc4a914b49c7b7ff4c2f1b8d8df9,,Kalista,Vi,Xayah,LeBlanc,Wukong,Zeri,Amumu,Cho'Gath,Viego,Cassiopeia,1961,0,7,17,17,7,17,0.0,0.0,0.0,0.0,0.0,,,,0.2142,0.7343,0.0,0.0,5.0,0.0,4.0,0.0,0.0,0.0,0.0,0.0,0.0,,0.0,1.0,0.0,0.0,2.0,,,0.0,0.0,2.0,0.0,1.0,10.0,0.0,0.0,2.0,6.0,0.0,2.0,42553.0,1301.9786,,3358.256,2997.8888,106.0,3.2432,53.0,1.6216,36.0,273.0,8.3529,52466,31086,951.127,,50375.0,-0.170676,-2.34,,906.0,181.0,,,33.2585,15204.0,18714.0,339.0,16964.0,19151.0,345.0,-1760.0,-437.0,-6.0,1.0,1.0,3.0,3.0,6.0,1.0,23842.0,29486.0,533.0,25835.0,30659.0,556.0,-1993.0,-1173.0,-23.0,3.0,4.0,4.0,4.0,8.0,3.0,32709.0,41781.0,721.0,35791.0,41536.0,731.0,-3082.0,245.0,-10.0,5.0,12.0,6.0,6.0,14.0,5.0,41609.0,55123.0,890.0,45325.0,56802.0,908.0,-3716.0,-1679.0,-18.0,6.0,14.0,7.0,7.0,16.0,6.0
ESPORTSTMNT05_3223058,complete,,EM,2023,Spring,0,2023-04-13 19:57:39,1,13.06,1,Blue,top,Satorius,oe:player:422d7cc4063f8801a9427860bfd855b,Geekay Esports,oe:team:1ff3f5c94edd806e1fed4105fc48995,Rumble,Zeri,Akali,Wukong,Lissandra,LeBlanc,,,,,,2132,0,3,5,11,18,33,0.0,0.0,0.0,0.0,0.0,0.0,0.0,0.0,0.5066,1.4353,,,,,,,,,,,,,,,,,,,,,0.0,0.0,,,,,,,,0.0,1.0,23943.0,673.818,0.245124,820.1032,690.0563,18.0,0.5066,2.0,0.0563,6.0,33.0,0.9287,12870,8245,232.0356,0.2192,12835.0,,,251.0,247.0,4.0,,,7.0638,3264.0,4923.0,89.0,3229.0,4362.0,70.0,35.0,561.0,19.0,0.0,0.0,0.0,1.0,0.0,0.0,5116.0,7583.0,132.0,4996.0,7259.0,112.0,120.0,324.0,20.0,1.0,1.0,1.0,2.0,0.0,0.0,7018.0,9750.0,154.0,6895.0,9045.0,140.0,123.0,705.0,14.0,2.0,6.0,1.0,3.0,1.0,1.0,8323.0,11532.0,178.0,9863.0,12602.0,174.0,-1540.0,-1070.0,4.0,2.0,7.0,3.0,3.0,6.0,1.0
ESPORTSTMNT05_3223058,complete,,EM,2023,Spring,0,2023-04-13 19:57:39,1,13.06,2,Blue,jng,Viking,oe:player:f48a8f161502989fca609408a80bd75,Geekay Esports,oe:team:1ff3f5c94edd806e1fed4105fc48995,Sejuani,Zeri,Akali,Wukong,Lissandra,LeBlanc,,,,,,2132,0,3,6,11,18,33,0.0,0.0,0.0,0.0,0.0,0.0,0.0,0.0,0.5066,1.4353,,,,,,,,,,,,,,,,,,,,,0.0,1.0,,,,,,,,0.0,0.0,9528.0,268.1426,0.097546,987.6923,1947.8893,8.0,0.2251,9.0,0.2533,8.0,40.0,1.1257,10071,5446,153.2645,0.144787,9950.0,,,134.0,21.0,113.0,,,3.7711,2767.0,2718.0,49.0,3126.0,3051.0,49.0,-359.0,-333.0,0.0,0.0,0.0,0.0,1.0,0.0,0.0,4615.0,4537.0,66.0,4960.0,5720.0,79.0,-345.0,-1183.0,-13.0,2.0,2.0,1.0,2.0,3.0,1.0,6163.0,7077.0,86.0,6532.0,7813.0,107.0,-369.0,-736.0,-21.0,2.0,6.0,2.0,2.0,5.0,3.0,7859.0,8930.0,107.0,9268.0,11847.0,147.0,-1409.0,-2917.0,-40.0,3.0,6.0,3.0,4.0,8.0,3.0
ESPORTSTMNT05_3223058,complete,,EM,2023,Spring,0,2023-04-13 19:57:39,1,13.06,3,Blue,mid,Giyuu,oe:player:e6f5a7e37185c25a363d031ef5eafa9,Geekay Esports,oe:team:1ff3f5c94edd806e1fed4105fc48995,Irelia,Zeri,Akali,Wukong,Lissandra,LeBlanc,,,,,,2132,0,5,6,4,18,33,2.0,0.0,0.0,0.0,0.0,0.0,0.0,0.0,0.5066,1.4353,,,,,,,,,,,,,,,,,,,,,0.0,0.0,,,,,,,,0.0,1.0,30839.0,867.8893,0.315724,1071.3321,1329.7936,20.0,0.5629,4.0,0.1126,10.0,50.0,1.4071,14972,10347,291.1914,0.275083,15795.0,,,284.0,280.0,4.0,,,7.9925,2902.0,3759.0,68.0,3120.0,4459.0,82.0,-218.0,-700.0,-14.0,0.0,0.0,1.0,0.0,0.0,0.0,4998.0,6532.0,123.0,5814.0,6999.0,123.0,-816.0,-467.0,0.0,0.0,0.0,2.0,3.0,2.0,1.0,7293.0,9550.0,168.0,7875.0,9192.0,169.0,-582.0,358.0,-1.0,1.0,3.0,2.0,4.0,2.0,2.0,9887.0,11825.0,216.0,10646.0,11894.0,197.0,-759.0,-69.0,19.0,1.0,3.0,3.0,5.0,2.0,3.0
ESPORTSTMNT05_3223058,complete,,EM,2023,Spring,0,2023-04-13 19:57:39,1,13.06,4,Blue,bot,Rin,oe:player:ee4894bcff1cfaa4ffbf71b7b8d8921,Geekay Esports,oe:team:1ff3f5c94edd806e1fed4105fc48995,Varus,Zeri,Akali,Wukong,Lissandra,LeBlanc,,,,,,2132,0,6,8,6,18,33,2.0,0.0,0.0,0.0,0.0,0.0,0.0,0.0,0.5066,1.4353,,,,,,,,,,,,,,,,,,,,,0.0,1.0,,,,,,,,0.0,1.0,25977.0,731.06,0.265948,611.5103,577.4859,19.0,0.5347,20.0,0.5629,7.0,81.0,2.2795,15079,10454,294.2026,0.277927,14675.0,,,289.0,273.0,16.0,,,8.1332,3002.0,3109.0,66.0,4080.0,3569.0,86.0,-1078.0,-460.0,-20.0,0.0,1.0,1.0,2.0,1.0,0.0,4887.0,4814.0,101.0,6805.0,6000.0,135.0,-1918.0,-1186.0,-34.0,1.0,2.0,3.0,4.0,3.0,0.0,9163.0,7640.0,159.0,9054.0,8565.0,189.0,109.0,-925.0,-30.0,5.0,3.0,3.0,4.0,4.0,0.0,11037.0,9676.0,206.0,12620.0,11970.0,234.0,-1583.0,-2294.0,-28.0,5.0,4.0,5.0,8.0,6.0,0.0
ESPORTSTMNT05_3223058,complete,,EM,2023,Spring,0,2023-04-13 19:57:39,1,13.06,5,Blue,sup,Dekap,oe:player:be85b3d65508c757ac9af1d54310520,Geekay Esports,oe:team:1ff3f5c94edd806e1fed4105fc48995,Thresh,Zeri,Akali,Wukong,Lissandra,LeBlanc,,,,,,2132,0,1,8,14,18,33,0.0,0.0,0.0,0.0,0.0,0.0,0.0,1.0,0.5066,1.4353,,,,,,,,,,,,,,,,,,,,,0.0,0.0,,,,,,,,0.0,0.0,7390.0,207.9737,0.0756575,693.0957,596.2289,48.0,1.3508,14.0,0.394,13.0,98.0,2.758,7747,3122,87.8612,0.0830029,7125.0,,,33.0,33.0,0.0,,,0.9287,2383.0,2603.0,14.0,2698.0,2655.0,16.0,-315.0,-52.0,-2.0,1.0,0.0,2.0,0.0,3.0,1.0,3528.0,3666.0,19.0,3957.0,4147.0,21.0,-429.0,-481.0,-2.0,1.0,3.0,4.0,0.0,8.0,3.0,4983.0,5254.0,26.0,5224.0,5296.0,25.0,-241.0,-42.0,1.0,1.0,9.0,5.0,0.0,10.0,5.0,5885.0,5838.0,28.0,6987.0,8327.0,27.0,-1102.0,-2489.0,1.0,1.0,10.0,6.0,0.0,15.0,5.0
ESPORTSTMNT05_3223058,complete,,EM,2023,Spring,0,2023-04-13 19:57:39,1,13.06,6,Red,top,Color,oe:player:cb5feb1b7314637725a2e73bdc9f729,Zero Tenacity,oe:team:125fc4d6b0dc1b21596f4f06a207d62,Kled,Xayah,Annie,Vi,Yone,,,,,,,2132,1,5,2,16,33,18,0.0,0.0,0.0,0.0,0.0,0.0,0.0,0.0,0.9287,1.4353,,,,,,,,,,,,,,,,,,,,,0.0,0.0,,,,,,,,1.0,0.0,26717.0,751.8856,0.206384,1295.4597,1338.3771,16.0,0.4503,9.0,0.2533,5.0,39.0,1.0976,15674,11049,310.9475,0.209595,12780.0,,,252.0,224.0,28.0,,,7.0919,3229.0,4362.0,70.0,3264.0,4923.0,89.0,-35.0,-561.0,-19.0,1.0,0.0,0.0,0.0,0.0,0.0,4996.0,7259.0,112.0,5116.0,7583.0,132.0,-120.0,-324.0,-20.0,2.0,0.0,0.0,1.0,1.0,1.0,6895.0,9045.0,140.0,7018.0,9750.0,154.0,-123.0,-705.0,-14.0,3.0,1.0,1.0,2.0,6.0,1.0,9863.0,12602.0,174.0,8323.0,11532.0,178.0,1540.0,1070.0,-4.0,3.0,6.0,1.0,2.0,7.0,3.0
ESPORTSTMNT05_3223058,complete,,EM,2023,Spring,0,2023-04-13 19:57:39,1,13.06,7,Red,jng,Ryuzaki,oe:player:9312bfc44c1e0686971d076d1364713,Zero Tenacity,oe:team:125fc4d6b0dc1b21596f4f06a207d62,Viego,Xayah,Annie,Vi,Yone,,,,,,,2132,1,6,4,14,33,18,1.0,0.0,0.0,0.0,1.0,1.0,0.0,0.0,0.9287,1.4353,,,,,,,,,,,,,,,,,,,,,1.0,0.0,,,,,,,,0.0,0.0,19475.0,548.0769,0.150441,1040.2345,1241.5947,9.0,0.2533,3.0,0.0844,14.0,42.0,1.182,13996,9371,263.7242,0.177764,12525.0,,,198.0,27.0,171.0,,,5.5722,3126.0,3051.0,49.0,2767.0,2718.0,49.0,359.0,333.0,0.0,1.0,0.0,0.0,0.0,0.0,0.0,4960.0,5720.0,79.0,4615.0,4537.0,66.0,345.0,1183.0,13.0,2.0,3.0,1.0,2.0,2.0,1.0,6532.0,7813.0,107.0,6163.0,7077.0,86.0,369.0,736.0,21.0,2.0,5.0,3.0,2.0,6.0,2.0,9268.0,11847.0,147.0,7859.0,8930.0,107.0,1409.0,2917.0,40.0,4.0,8.0,3.0,3.0,6.0,3.0
ESPORTSTMNT05_3223058,complete,,EM,2023,Spring,0,2023-04-13 19:57:39,1,13.06,8,Red,mid,SlowQ,oe:player:613a571a4b0b674547093130f2e4093,Zero Tenacity,oe:team:125fc4d6b0dc1b21596f4f06a207d62,Ahri,Xayah,Annie,Vi,Yone,,,,,,,2132,1,7,4,11,33,18,1.0,0.0,0.0,0.0,0.0,0.0,0.0,0.0,0.9287,1.4353,,,,,,,,,,,,,,,,,,,,,0.0,0.0,,,,,,,,1.0,0.0,30970.0,871.576,0.239237,525.1689,325.9756,7.0,0.197,13.0,0.3659,5.0,47.0,1.3227,16470,11845,333.349,0.224694,15470.0,,,280.0,272.0,8.0,,,7.8799,3120.0,4459.0,82.0,2902.0,3759.0,68.0,218.0,700.0,14.0,0.0,0.0,0.0,0.0,0.0,1.0,5814.0,6999.0,123.0,4998.0,6532.0,123.0,816.0,467.0,0.0,3.0,2.0,1.0,0.0,0.0,2.0,7875.0,9192.0,169.0,7293.0,9550.0,168.0,582.0,-358.0,1.0,4.0,2.0,2.0,1.0,3.0,2.0,10646.0,11894.0,197.0,9887.0,11825.0,216.0,759.0,69.0,-19.0,5.0,2.0,3.0,1.0,3.0,3.0
ESPORTSTMNT05_3223058,complete,,EM,2023,Spring,0,2023-04-13 19:57:39,1,13.06,9,Red,bot,Noah,oe:player:95d286ec0a5d750d09e848a4e630c56,Zero Tenacity,oe:team:125fc4d6b0dc1b21596f4f06a207d62,Jinx,Xayah,Annie,Vi,Yone,,,,,,,2132,1,13,2,14,33,18,3.0,2.0,0.0,0.0,1.0,0.0,1.0,0.0,0.9287,1.4353,,,,,,,,,,,,,,,,,,,,,1.0,0.0,,,,,,,,1.0,0.0,41140.0,1157.7861,0.317799,476.1163,268.4803,20.0,0.5629,23.0,0.6473,7.0,74.0,2.0826,18932,14307,402.636,0.271397,20575.0,,,322.0,291.0,31.0,,,9.0619,4080.0,3569.0,86.0,3002.0,3109.0,66.0,1078.0,460.0,20.0,2.0,1.0,0.0,0.0,1.0,1.0,6805.0,6000.0,135.0,4887.0,4814.0,101.0,1918.0,1186.0,34.0,4.0,3.0,0.0,1.0,2.0,3.0,9054.0,8565.0,189.0,9163.0,7640.0,159.0,-109.0,925.0,30.0,4.0,4.0,0.0,5.0,3.0,3.0,12620.0,11970.0,234.0,11037.0,9676.0,206.0,1583.0,2294.0,28.0,8.0,6.0,0.0,5.0,4.0,5.0
ESPORTSTMNT05_3223058,complete,,EM,2023,Spring,0,2023-04-13 19:57:39,1,13.06,10,Red,sup,sanghyeon,oe:player:750126a9b77f68942d7f412ad74b67d,Zero Tenacity,oe:team:125fc4d6b0dc1b21596f4f06a207d62,Blitzcrank,Xayah,Annie,Vi,Yone,,,,,,,2132,1,2,6,21,33,18,1.0,0.0,0.0,0.0,1.0,0.0,1.0,0.0,0.9287,1.4353,,,,,,,,,,,,,,,,,,,,,0.0,0.0,,,,,,,,0.0,0.0,11151.0,313.818,0.0861394,577.0919,510.9568,56.0,1.576,5.0,0.1407,19.0,92.0,2.5891,10769,6144,172.9081,0.11655,9275.0,,,32.0,32.0,0.0,,,0.9006,2698.0,2655.0,16.0,2383.0,2603.0,14.0,315.0,52.0,2.0,0.0,3.0,1.0,1.0,0.0,2.0,3957.0,4147.0,21.0,3528.0,3666.0,19.0,429.0,481.0,2.0,0.0,8.0,3.0,1.0,3.0,4.0,5224.0,5296.0,25.0,4983.0,5254.0,26.0,241.0,42.0,-1.0,0.0,10.0,5.0,1.0,9.0,5.0,6987.0,8327.0,27.0,5885.0,5838.0,28.0,1102.0,2489.0,-1.0,0.0,15.0,5.0,1.0,10.0,6.0
ESPORTSTMNT05_3223058,complete,,EM,2023,Spring,0,2023-04-13 19:57:39,1,13.06,100,Blue,team,,,Geekay Esports,oe:team:1ff3f5c94edd806e1fed4105fc48995,,Zeri,Akali,Wukong,Lissandra,LeBlanc,Sejuani,Varus,Thresh,Rumble,Irelia,2132,0,18,33,46,18,33,4.0,0.0,0.0,0.0,0.0,,,,0.5066,1.4353,0.0,0.0,5.0,0.0,4.0,0.0,0.0,0.0,0.0,0.0,0.0,,0.0,1.0,1.0,2.0,0.0,,,0.0,0.0,2.0,1.0,3.0,11.0,0.0,0.0,2.0,2.0,0.0,3.0,97677.0,2748.8837,,4183.7336,5141.454,113.0,3.1801,49.0,1.379,44.0,302.0,8.4991,60739,37615,1058.5835,,60380.0,-0.156406,-2.29,,854.0,137.0,,,27.8893,14318.0,17112.0,286.0,16253.0,18096.0,303.0,-1935.0,-984.0,-17.0,1.0,1.0,4.0,4.0,4.0,1.0,23144.0,27132.0,441.0,26532.0,30125.0,470.0,-3388.0,-2993.0,-29.0,5.0,8.0,11.0,11.0,16.0,5.0,34620.0,39271.0,593.0,35580.0,39911.0,630.0,-960.0,-640.0,-37.0,11.0,27.0,13.0,13.0,22.0,11.0,42991.0,47801.0,735.0,49384.0,56640.0,779.0,-6393.0,-8839.0,-44.0,12.0,30.0,20.0,20.0,37.0,12.0
ESPORTSTMNT05_3223058,complete,,EM,2023,Spring,0,2023-04-13 19:57:39,1,13.06,200,Red,team,,,Zero Tenacity,oe:team:125fc4d6b0dc1b21596f4f06a207d62,,Xayah,Annie,Vi,Yone,,Jinx,Viego,Blitzcrank,Ahri,Kled,2132,1,33,18,76,33,18,6.0,2.0,0.0,0.0,1.0,,,,0.9287,1.4353,1.0,5.0,0.0,4.0,0.0,0.0,1.0,2.0,0.0,1.0,0.0,,1.0,0.0,0.0,0.0,2.0,,,1.0,2.0,0.0,0.0,11.0,3.0,1.0,1.0,2.0,2.0,3.0,0.0,129453.0,3643.1426,,3914.0713,3685.3846,108.0,3.0394,53.0,1.4916,50.0,294.0,8.2739,75841,52717,1483.5929,,70625.0,0.156406,2.29,,846.0,238.0,,,30.5066,16253.0,18096.0,303.0,14318.0,17112.0,286.0,1935.0,984.0,17.0,4.0,4.0,1.0,1.0,1.0,4.0,26532.0,30125.0,470.0,23144.0,27132.0,441.0,3388.0,2993.0,29.0,11.0,16.0,5.0,5.0,8.0,11.0,35580.0,39911.0,630.0,34620.0,39271.0,593.0,960.0,640.0,37.0,13.0,22.0,11.0,11.0,27.0,13.0,49384.0,56640.0,779.0,42991.0,47801.0,735.0,6393.0,8839.0,44.0,20.0,37.0,12.0,12.0,30.0,20.0
ESPORTSTMNT05_3223066,complete,,EM,2023,Spring,0,2023-04-14 14:58:02,1,13.06,1,Blue,top,Lot,oe:player:eeec6c7a9d2b475c23650b202208b89,Aegis,oe:team:e3a29387c70230d76837b86c2aefd14,Gnar,Varus,Jinx,Sejuani,Kled,Olaf,,,,,,2196,0,3,4,3,9,19,0.0,0.0,0.0,0.0,0.0,0.0,0.0,0.0,0.2459,0.765,,,,,,,,,,,,,,,,,,,,,0.0,0.0,,,,,,,,0.0,0.0,18318.0,500.4918,0.3133,741.5847,907.7869,16.0,0.4372,13.0,0.3552,6.0,51.0,1.3934,12402,7647,208.9344,0.2207,12183.0,,,269.0,260.0,9.0,,,7.3497,3773.0,5039.0,92.0,3296.0,5118.0,75.0,477.0,-79.0,17.0,1.0,1.0,0.0,0.0,1.0,0.0,5654.0,8024.0,140.0,5580.0,7602.0,113.0,74.0,422.0,27.0,2.0,1.0,1.0,1.0,2.0,1.0,8084.0,10351.0,184.0,8820.0,10805.0,167.0,-736.0,-454.0,17.0,3.0,2.0,1.0,3.0,2.0,1.0,9620.0,12592.0,221.0,12905.0,14778.0,224.0,-3285.0,-2186.0,-3.0,3.0,3.0,3.0,6.0,2.0,1.0
ESPORTSTMNT05_3223066,complete,,EM,2023,Spring,0,2023-04-14 14:58:02,1,13.06,2,Blue,jng,SkewMond,oe:player:ab15060e5225b51592cd04b3aed1e09,Aegis,oe:team:e3a29387c70230d76837b86c2aefd14,Xin Zhao,Varus,Jinx,Sejuani,Kled,Olaf,,,,,,2196,0,3,5,3,9,19,0.0,0.0,0.0,0.0,0.0,0.0,0.0,0.0,0.2459,0.765,,,,,,,,,,,,,,,,,,,,,0.0,2.0,,,,,,,,0.0,1.0,10610.0,289.8907,0.181467,1058.9344,705.6557,9.0,0.2459,10.0,0.2732,7.0,54.0,1.4754,11228,6473,176.8579,0.186816,10275.0,,,189.0,27.0,162.0,,,5.1639,3503.0,3458.0,64.0,3345.0,3498.0,62.0,158.0,-40.0,2.0,1.0,1.0,2.0,0.0,2.0,2.0,4919.0,5520.0,97.0,5124.0,5771.0,93.0,-205.0,-251.0,4.0,1.0,1.0,3.0,0.0,4.0,2.0,7376.0,8039.0,129.0,6244.0,7436.0,114.0,1132.0,603.0,15.0,2.0,3.0,3.0,0.0,4.0,3.0,8829.0,9991.0,151.0,8152.0,10610.0,148.0,677.0,-619.0,3.0,3.0,3.0,3.0,0.0,6.0,4.0
ESPORTSTMNT05_3223066,complete,,EM,2023,Spring,0,2023-04-14 14:58:02,1,13.06,3,Blue,mid,Eika,oe:player:adfab52b74587bc5acc4201c140451a,Aegis,oe:team:e3a29387c70230d76837b86c2aefd14,Veigar,Varus,Jinx,Sejuani,Kled,Olaf,,,,,,2196,0,1,4,3,9,19,0.0,0.0,0.0,0.0,0.0,0.0,0.0,0.0,0.2459,0.765,,,,,,,,,,,,,,,,,,,,,0.0,0.0,,,,,,,,0.0,1.0,10966.0,299.6175,0.187556,558.3607,337.9781,23.0,0.6284,5.0,0.1366,5.0,52.0,1.4208,13156,8401,229.5355,0.242463,12625.0,,,315.0,303.0,12.0,,,8.6066,3167.0,4494.0,86.0,3762.0,4459.0,91.0,-595.0,35.0,-5.0,0.0,1.0,0.0,2.0,0.0,0.0,5661.0,7645.0,148.0,6363.0,7259.0,140.0,-702.0,386.0,8.0,1.0,1.0,0.0,3.0,1.0,1.0,7953.0,9941.0,193.0,8474.0,9785.0,177.0,-521.0,156.0,16.0,1.0,2.0,1.0,3.0,3.0,1.0,9199.0,11425.0,219.0,10456.0,12726.0,213.0,-1257.0,-1301.0,6.0,1.0,3.0,2.0,3.0,5.0,1.0
ESPORTSTMNT05_3223066,complete,,EM,2023,Spring,0,2023-04-14 14:58:02,1,13.06,4,Blue,bot,Shiganari,oe:player:90704735ca9fc01f2244f23f6e5d635,Aegis,oe:team:e3a29387c70230d76837b86c2aefd14,Xayah,Varus,Jinx,Sejuani,Kled,Olaf,,,,,,2196,0,0,4,4,9,19,0.0,0.0,0.0,0.0,1.0,0.0,1.0,0.0,0.2459,0.765,,,,,,,,,,,,,,,,,,,,,0.0,0.0,,,,,,,,0.0,0.0,16115.0,440.3005,0.275621,495.5464,397.1585,15.0,0.4098,9.0,0.2459,4.0,33.0,0.9016,13632,8877,242.541,0.256201,12800.0,,,351.0,331.0,20.0,,,9.5902,3612.0,3480.0,93.0,3659.0,3742.0,96.0,-47.0,-262.0,-3.0,0.0,1.0,0.0,0.0,0.0,0.0,5464.0,6126.0,145.0,5937.0,5970.0,156.0,-473.0,156.0,-11.0,0.0,1.0,0.0,0.0,0.0,0.0,7375.0,8465.0,194.0,8253.0,8817.0,209.0,-878.0,-352.0,-15.0,0.0,3.0,2.0,1.0,1.0,0.0,9283.0,10984.0,250.0,10493.0,11952.0,250.0,-1210.0,-968.0,0.0,0.0,4.0,2.0,1.0,3.0,0.0
ESPORTSTMNT05_3223066,complete,,EM,2023,Spring,0,2023-04-14 14:58:02,1,13.06,5,Blue,sup,Hantera,oe:player:de1fb222dafded7d06b10df578fdd0e,Aegis,oe:team:e3a29387c70230d76837b86c2aefd14,Rakan,Varus,Jinx,Sejuani,Kled,Olaf,,,,,,2196,0,2,2,5,9,19,0.0,0.0,0.0,0.0,1.0,1.0,0.0,0.0,0.2459,0.765,,,,,,,,,,,,,,,,,,,,,0.0,0.0,,,,,,,,0.0,0.0,2459.0,67.1858,0.0420572,399.235,493.8525,60.0,1.6393,15.0,0.4098,16.0,103.0,2.8142,8006,3251,88.8251,0.0938199,7640.0,,,36.0,36.0,0.0,,,0.9836,2583.0,2274.0,12.0,2201.0,2446.0,14.0,382.0,-172.0,-2.0,1.0,1.0,0.0,0.0,2.0,1.0,3782.0,3504.0,18.0,3378.0,3978.0,25.0,404.0,-474.0,-7.0,1.0,2.0,0.0,0.0,2.0,1.0,5332.0,4840.0,25.0,4340.0,5415.0,29.0,992.0,-575.0,-4.0,2.0,4.0,0.0,0.0,3.0,3.0,6161.0,5533.0,28.0,5651.0,7918.0,33.0,510.0,-2385.0,-5.0,2.0,5.0,0.0,0.0,5.0,3.0
ESPORTSTMNT05_3223066,complete,,EM,2023,Spring,0,2023-04-14 14:58:02,1,13.06,6,Red,top,ACD,oe:player:72c5cc0e2586935d16539f31a2a4fec,Macko Esports,oe:team:a2e63aee03585f0b37ff4cad936e349,Gangplank,Aphelios,Annie,Vi,Orianna,Syndra,,,,,,2196,1,9,1,7,19,9,3.0,0.0,0.0,0.0,0.0,0.0,0.0,0.0,0.5191,0.765,,,,,,,,,,,,,,,,,,,,,0.0,0.0,,,,,,,,0.0,0.0,30501.0,833.3607,0.353323,541.3115,592.3497,17.0,0.4645,3.0,0.082,3.0,39.0,1.0656,18793,14038,383.5519,0.289441,17305.0,,,291.0,263.0,28.0,,,7.9508,3296.0,5118.0,75.0,3773.0,5039.0,92.0,-477.0,79.0,-17.0,0.0,1.0,0.0,1.0,1.0,0.0,5580.0,7602.0,113.0,5654.0,8024.0,140.0,-74.0,-422.0,-27.0,1.0,2.0,1.0,2.0,1.0,1.0,8820.0,10805.0,167.0,8084.0,10351.0,184.0,736.0,454.0,-17.0,3.0,2.0,1.0,3.0,2.0,1.0,12905.0,14778.0,224.0,9620.0,12592.0,221.0,3285.0,2186.0,3.0,6.0,2.0,1.0,3.0,3.0,3.0
ESPORTSTMNT05_3223066,complete,,EM,2023,Spring,0,2023-04-14 14:58:02,1,13.06,7,Red,jng,Cboi,oe:player:702efc23873d774e479682ef680d911,Macko Esports,oe:team:a2e63aee03585f0b37ff4cad936e349,Wukong,Aphelios,Annie,Vi,Orianna,Syndra,,,,,,2196,1,0,4,10,19,9,0.0,0.0,0.0,0.0,0.0,0.0,0.0,0.0,0.5191,0.765,,,,,,,,,,,,,,,,,,,,,2.0,0.0,,,,,,,,1.0,0.0,13635.0,372.541,0.157948,956.6393,988.5519,13.0,0.3552,10.0,0.2732,11.0,57.0,1.5574,11940,7185,196.3115,0.148139,11075.0,,,184.0,27.0,157.0,,,5.0273,3345.0,3498.0,62.0,3503.0,3458.0,64.0,-158.0,40.0,-2.0,0.0,2.0,2.0,1.0,1.0,2.0,5124.0,5771.0,93.0,4919.0,5520.0,97.0,205.0,251.0,-4.0,0.0,4.0,2.0,1.0,1.0,3.0,6244.0,7436.0,114.0,7376.0,8039.0,129.0,-1132.0,-603.0,-15.0,0.0,4.0,3.0,2.0,3.0,3.0,8152.0,10610.0,148.0,8829.0,9991.0,151.0,-677.0,619.0,-3.0,0.0,6.0,4.0,3.0,3.0,3.0
ESPORTSTMNT05_3223066,complete,,EM,2023,Spring,0,2023-04-14 14:58:02,1,13.06,8,Red,mid,Six10,oe:player:325397710b4294aeb7a18881c34f33b,Macko Esports,oe:team:a2e63aee03585f0b37ff4cad936e349,Ahri,Aphelios,Annie,Vi,Orianna,Syndra,,,,,,2196,1,6,1,8,19,9,0.0,0.0,0.0,0.0,0.0,0.0,0.0,0.0,0.5191,0.765,,,,,,,,,,,,,,,,,,,,,0.0,0.0,,,,,,,,1.0,0.0,19494.0,532.623,0.225818,388.9344,411.612,26.0,0.7104,13.0,0.3552,8.0,69.0,1.8852,16132,11377,310.847,0.234574,14250.0,,,311.0,299.0,12.0,,,8.4973,3762.0,4459.0,91.0,3167.0,4494.0,86.0,595.0,-35.0,5.0,2.0,0.0,0.0,0.0,1.0,0.0,6363.0,7259.0,140.0,5661.0,7645.0,148.0,702.0,-386.0,-8.0,3.0,1.0,1.0,1.0,1.0,0.0,8474.0,9785.0,177.0,7953.0,9941.0,193.0,521.0,-156.0,-16.0,3.0,3.0,1.0,1.0,2.0,1.0,10456.0,12726.0,213.0,9199.0,11425.0,219.0,1257.0,1301.0,-6.0,3.0,5.0,1.0,1.0,3.0,2.0
ESPORTSTMNT05_3223066,complete,,EM,2023,Spring,0,2023-04-14 14:58:02,1,13.06,9,Red,bot,Vzz,oe:player:ba6e76e259419420ddff269bb6ef074,Macko Esports,oe:team:a2e63aee03585f0b37ff4cad936e349,Zeri,Aphelios,Annie,Vi,Orianna,Syndra,,,,,,2196,1,4,0,7,19,9,1.0,0.0,0.0,0.0,0.0,0.0,0.0,0.0,0.5191,0.765,,,,,,,,,,,,,,,,,,,,,0.0,0.0,,,,,,,,0.0,0.0,16910.0,462.0219,0.195885,405.4098,570.2459,16.0,0.4372,21.0,0.5738,5.0,76.0,2.0765,16567,11812,322.7322,0.243543,14475.0,,,344.0,325.0,19.0,,,9.3989,3659.0,3742.0,96.0,3612.0,3480.0,93.0,47.0,262.0,3.0,0.0,0.0,0.0,0.0,1.0,0.0,5937.0,5970.0,156.0,5464.0,6126.0,145.0,473.0,-156.0,11.0,0.0,0.0,0.0,0.0,1.0,0.0,8253.0,8817.0,209.0,7375.0,8465.0,194.0,878.0,352.0,15.0,1.0,1.0,0.0,0.0,3.0,2.0,10493.0,11952.0,250.0,9283.0,10984.0,250.0,1210.0,968.0,0.0,1.0,3.0,0.0,0.0,4.0,2.0
ESPORTSTMNT05_3223066,complete,,EM,2023,Spring,0,2023-04-14 14:58:02,1,13.06,10,Red,sup,Click,oe:player:1e249a5688255bde7f7213b5d257b3c,Macko Esports,oe:team:a2e63aee03585f0b37ff4cad936e349,Renata Glasc,Aphelios,Annie,Vi,Orianna,Syndra,,,,,,2196,1,0,3,13,19,9,0.0,0.0,0.0,0.0,0.0,0.0,0.0,1.0,0.5191,0.765,,,,,,,,,,,,,,,,,,,,,0.0,0.0,,,,,,,,0.0,0.0,5786.0,158.0874,0.067025,251.694,300.0,59.0,1.612,16.0,0.4372,13.0,115.0,3.1421,8844,4089,111.7213,0.0843023,8075.0,,,41.0,41.0,0.0,,,1.1202,2201.0,2446.0,14.0,2583.0,2274.0,12.0,-382.0,172.0,2.0,0.0,2.0,1.0,1.0,1.0,0.0,3378.0,3978.0,25.0,3782.0,3504.0,18.0,-404.0,474.0,7.0,0.0,2.0,1.0,1.0,2.0,0.0,4340.0,5415.0,29.0,5332.0,4840.0,25.0,-992.0,575.0,4.0,0.0,3.0,3.0,2.0,4.0,0.0,5651.0,7918.0,33.0,6161.0,5533.0,28.0,-510.0,2385.0,5.0,0.0,5.0,3.0,2.0,5.0,0.0
ESPORTSTMNT05_3223066,complete,,EM,2023,Spring,0,2023-04-14 14:58:02,1,13.06,100,Blue,team,,,Aegis,oe:team:e3a29387c70230d76837b86c2aefd14,,Varus,Jinx,Sejuani,Kled,Olaf,Xayah,Rakan,Xin Zhao,Veigar,Gnar,2196,0,9,19,18,9,19,0.0,0.0,0.0,0.0,1.0,,,,0.2459,0.765,0.0,1.0,4.0,1.0,4.0,0.0,0.0,0.0,1.0,0.0,0.0,,0.0,0.0,0.0,1.0,1.0,,,0.0,0.0,2.0,1.0,3.0,9.0,1.0,1.0,2.0,7.0,0.0,2.0,58468.0,1597.4863,,3253.6612,2842.4317,123.0,3.3607,52.0,1.4208,38.0,293.0,8.0055,58424,34647,946.6393,,55523.0,-0.160013,-1.26,,957.0,203.0,,,31.694,16638.0,18745.0,347.0,16263.0,19263.0,338.0,375.0,-518.0,9.0,3.0,5.0,2.0,2.0,5.0,3.0,25480.0,30819.0,548.0,26382.0,30580.0,527.0,-902.0,239.0,21.0,5.0,6.0,4.0,4.0,9.0,5.0,36120.0,41636.0,725.0,36131.0,42258.0,696.0,-11.0,-622.0,29.0,8.0,14.0,7.0,7.0,13.0,8.0,43092.0,50525.0,869.0,47657.0,57984.0,868.0,-4565.0,-7459.0,1.0,9.0,18.0,10.0,10.0,21.0,9.0
ESPORTSTMNT05_3223066,complete,,EM,2023,Spring,0,2023-04-14 14:58:02,1,13.06,200,Red,team,,,Macko Esports,oe:team:a2e63aee03585f0b37ff4cad936e349,,Aphelios,Annie,Vi,Orianna,Syndra,Zeri,Wukong,Ahri,Renata Glasc,Gangplank,2196,1,19,9,45,19,9,4.0,0.0,0.0,0.0,0.0,,,,0.5191,0.765,1.0,4.0,1.0,4.0,1.0,0.0,3.0,1.0,0.0,0.0,0.0,,0.0,0.0,1.0,1.0,1.0,,,1.0,2.0,0.0,0.0,9.0,3.0,0.0,0.0,7.0,2.0,2.0,0.0,86326.0,2358.6339,,2543.9891,2862.7596,131.0,3.5792,63.0,1.7213,40.0,356.0,9.7268,72276,48499,1325.1093,,65180.0,0.160013,1.26,,955.0,216.0,,,31.9945,16263.0,19263.0,338.0,16638.0,18745.0,347.0,-375.0,518.0,-9.0,2.0,5.0,3.0,3.0,5.0,2.0,26382.0,30580.0,527.0,25480.0,30819.0,548.0,902.0,-239.0,-21.0,4.0,9.0,5.0,5.0,6.0,4.0,36131.0,42258.0,696.0,36120.0,41636.0,725.0,11.0,622.0,-29.0,7.0,13.0,8.0,8.0,14.0,7.0,47657.0,57984.0,868.0,43092.0,50525.0,869.0,4565.0,7459.0,-1.0,10.0,21.0,9.0,9.0,18.0,10.0
ESPORTSTMNT05_3220363,complete,,EM,2023,Spring,0,2023-04-14 14:59:14,1,13.06,1,Blue,top,bobista,oe:player:8486d94ef23b38c67c76b647613d881,eSuba,oe:team:3faefd9245a4ef6ba347fbcf2a51515,Camille,Annie,Xayah,Gnar,Seraphine,Veigar,,,,,,2525,0,6,10,18,31,27,0.0,0.0,0.0,0.0,1.0,1.0,0.0,0.0,0.7366,1.3782,,,,,,,,,,,,,,,,,,,,,0.0,0.0,,,,,,,,0.0,0.0,31906.0,758.1624,0.254787,1307.1683,1195.699,16.0,0.3802,5.0,0.1188,3.0,41.0,0.9743,15732,10305,244.8713,0.197577,15575.0,,,261.0,253.0,8.0,,,6.202,3598.0,4459.0,70.0,2930.0,4247.0,63.0,668.0,212.0,7.0,2.0,0.0,1.0,0.0,1.0,2.0,5065.0,6843.0,104.0,4795.0,7376.0,106.0,270.0,-533.0,-2.0,2.0,1.0,2.0,1.0,1.0,3.0,6582.0,8503.0,120.0,6849.0,10628.0,152.0,-267.0,-2125.0,-32.0,3.0,3.0,4.0,2.0,1.0,4.0,8568.0,11011.0,140.0,9163.0,13829.0,194.0,-595.0,-2818.0,-54.0,4.0,9.0,6.0,3.0,1.0,5.0
ESPORTSTMNT05_3220363,complete,,EM,2023,Spring,0,2023-04-14 14:59:14,1,13.06,2,Blue,jng,TynX,oe:player:36607221f848a15f6a1f11961027d7c,eSuba,oe:team:3faefd9245a4ef6ba347fbcf2a51515,Wukong,Annie,Xayah,Gnar,Seraphine,Veigar,,,,,,2525,0,6,6,14,31,27,0.0,0.0,0.0,0.0,1.0,0.0,1.0,0.0,0.7366,1.3782,,,,,,,,,,,,,,,,,,,,,0.0,1.0,,,,,,,,0.0,1.0,24975.0,593.4653,0.199439,1212.2139,1359.9208,13.0,0.3089,21.0,0.499,11.0,82.0,1.9485,16658,11231,266.8752,0.21533,16275.0,,,251.0,67.0,184.0,,,5.9644,3738.0,3393.0,63.0,3359.0,3384.0,65.0,379.0,9.0,-2.0,1.0,1.0,0.0,1.0,0.0,1.0,6110.0,6301.0,108.0,5004.0,5510.0,103.0,1106.0,791.0,5.0,3.0,1.0,0.0,1.0,0.0,1.0,8539.0,8765.0,140.0,6613.0,7941.0,140.0,1926.0,824.0,0.0,3.0,4.0,0.0,1.0,1.0,1.0,10440.0,11234.0,169.0,9411.0,10797.0,164.0,1029.0,437.0,5.0,4.0,8.0,2.0,4.0,2.0,2.0
ESPORTSTMNT05_3220363,complete,,EM,2023,Spring,0,2023-04-14 14:59:14,1,13.06,3,Blue,mid,Warszi,oe:player:5a23766ce46653d2b63ac4a40cd61c1,eSuba,oe:team:3faefd9245a4ef6ba347fbcf2a51515,Galio,Annie,Xayah,Gnar,Seraphine,Veigar,,,,,,2525,0,4,3,16,31,27,1.0,0.0,0.0,0.0,0.0,0.0,0.0,0.0,0.7366,1.3782,,,,,,,,,,,,,,,,,,,,,0.0,0.0,,,,,,,,0.0,0.0,26044.0,618.8673,0.207976,794.4713,1200.0475,9.0,0.2139,3.0,0.0713,10.0,35.0,0.8317,15072,9645,229.1881,0.184923,15285.0,,,290.0,285.0,5.0,,,6.8911,3262.0,4861.0,87.0,3713.0,5078.0,98.0,-451.0,-217.0,-11.0,0.0,1.0,0.0,0.0,0.0,0.0,4890.0,7596.0,135.0,5775.0,8384.0,160.0,-885.0,-788.0,-25.0,0.0,1.0,0.0,0.0,0.0,0.0,6395.0,9833.0,167.0,7888.0,11179.0,212.0,-1493.0,-1346.0,-45.0,0.0,3.0,0.0,1.0,0.0,1.0,8512.0,13884.0,203.0,10593.0,14555.0,256.0,-2081.0,-671.0,-53.0,1.0,9.0,0.0,2.0,3.0,2.0
ESPORTSTMNT05_3220363,complete,,EM,2023,Spring,0,2023-04-14 14:59:14,1,13.06,4,Blue,bot,DANY,oe:player:f72af12f47362bdec4b0ca91070cf43,eSuba,oe:team:3faefd9245a4ef6ba347fbcf2a51515,Zeri,Annie,Xayah,Gnar,Seraphine,Veigar,,,,,,2525,0,11,3,4,31,27,1.0,1.0,1.0,0.0,0.0,0.0,0.0,0.0,0.7366,1.3782,,,,,,,,,,,,,,,,,,,,,1.0,0.0,,,,,,,,0.0,0.0,31884.0,757.6396,0.254612,567.7545,854.9465,13.0,0.3089,24.0,0.5703,5.0,71.0,1.6871,20544,15117,359.2158,0.289833,21625.0,,,412.0,372.0,40.0,,,9.7901,3286.0,3285.0,84.0,3952.0,3321.0,89.0,-666.0,-36.0,-5.0,0.0,0.0,0.0,1.0,0.0,0.0,5728.0,5783.0,142.0,6807.0,5584.0,147.0,-1079.0,199.0,-5.0,0.0,1.0,0.0,1.0,0.0,1.0,7941.0,8443.0,190.0,8545.0,7425.0,189.0,-604.0,1018.0,1.0,1.0,1.0,0.0,1.0,0.0,2.0,10511.0,11109.0,233.0,10368.0,9998.0,217.0,143.0,1111.0,16.0,4.0,1.0,1.0,1.0,4.0,5.0
ESPORTSTMNT05_3220363,complete,,EM,2023,Spring,0,2023-04-14 14:59:14,1,13.06,5,Blue,sup,FGG,oe:player:dcd93cc48ba71890cc0580de524f536,eSuba,oe:team:3faefd9245a4ef6ba347fbcf2a51515,Rakan,Annie,Xayah,Gnar,Seraphine,Veigar,,,,,,2525,0,4,5,18,31,27,0.0,0.0,0.0,0.0,0.0,0.0,0.0,0.0,0.7366,1.3782,,,,,,,,,,,,,,,,,,,,,0.0,0.0,,,,,,,,0.0,0.0,10417.0,247.5327,0.0831856,543.8257,462.7485,111.0,2.6376,24.0,0.5703,20.0,210.0,4.9901,11286,5859,139.2238,0.112337,10550.0,,,50.0,50.0,0.0,,,1.1881,2081.0,2217.0,14.0,2284.0,2173.0,16.0,-203.0,44.0,-2.0,0.0,0.0,1.0,0.0,1.0,0.0,3171.0,3638.0,24.0,3424.0,3667.0,26.0,-253.0,-29.0,-2.0,0.0,1.0,1.0,0.0,1.0,0.0,4960.0,5877.0,34.0,4605.0,5020.0,31.0,355.0,857.0,3.0,2.0,2.0,1.0,0.0,2.0,1.0,7115.0,8134.0,39.0,6170.0,7654.0,34.0,945.0,480.0,5.0,4.0,7.0,1.0,0.0,7.0,3.0
ESPORTSTMNT05_3220363,complete,,EM,2023,Spring,0,2023-04-14 14:59:14,1,13.06,6,Red,top,Hiro,oe:player:6a52e8fc387411c38ae76e77ffe6b15,Orbit Anonymo Esports,oe:team:f9f16e15a84c85d050aa09b4a21c757,Mordekaiser,Gragas,Maokai,Vi,Ahri,Lissandra,,,,,,2525,1,5,9,8,27,31,0.0,0.0,0.0,0.0,0.0,0.0,0.0,1.0,0.6416,1.3782,,,,,,,,,,,,,,,,,,,,,0.0,0.0,,,,,,,,0.0,0.0,38771.0,921.2911,0.27174,1161.1485,1330.1228,20.0,0.4752,15.0,0.3564,4.0,54.0,1.2832,14832,9405,223.4851,0.17264,14600.0,,,274.0,248.0,26.0,,,6.5109,2930.0,4247.0,63.0,3598.0,4459.0,70.0,-668.0,-212.0,-7.0,0.0,1.0,2.0,2.0,0.0,1.0,4795.0,7376.0,106.0,5065.0,6843.0,104.0,-270.0,533.0,2.0,1.0,1.0,3.0,2.0,1.0,2.0,6849.0,10628.0,152.0,6582.0,8503.0,120.0,267.0,2125.0,32.0,2.0,1.0,4.0,3.0,3.0,4.0,9163.0,13829.0,194.0,8568.0,11011.0,140.0,595.0,2818.0,54.0,3.0,1.0,5.0,4.0,9.0,6.0
ESPORTSTMNT05_3220363,complete,,EM,2023,Spring,0,2023-04-14 14:59:14,1,13.06,7,Red,jng,Savero,oe:player:565edcb58e76115e571f38521946e41,Orbit Anonymo Esports,oe:team:f9f16e15a84c85d050aa09b4a21c757,Lee Sin,Gragas,Maokai,Vi,Ahri,Lissandra,,,,,,2525,1,11,2,8,27,31,2.0,0.0,0.0,0.0,0.0,0.0,0.0,0.0,0.6416,1.3782,,,,,,,,,,,,,,,,,,,,,1.0,0.0,,,,,,,,1.0,0.0,24371.0,579.1129,0.170812,988.5149,1639.6515,18.0,0.4277,23.0,0.5465,5.0,71.0,1.6871,18983,13556,322.1228,0.248833,15675.0,,,240.0,35.0,205.0,,,5.703,3359.0,3384.0,65.0,3738.0,3393.0,63.0,-379.0,-9.0,2.0,1.0,0.0,1.0,1.0,1.0,0.0,5004.0,5510.0,103.0,6110.0,6301.0,108.0,-1106.0,-791.0,-5.0,1.0,0.0,1.0,3.0,1.0,0.0,6613.0,7941.0,140.0,8539.0,8765.0,140.0,-1926.0,-824.0,0.0,1.0,1.0,1.0,3.0,4.0,0.0,9411.0,10797.0,164.0,10440.0,11234.0,169.0,-1029.0,-437.0,-5.0,4.0,2.0,2.0,4.0,8.0,2.0
ESPORTSTMNT05_3220363,complete,,EM,2023,Spring,0,2023-04-14 14:59:14,1,13.06,8,Red,mid,Roison,oe:player:1428134d4ece3f00321b6b870ca2152,Orbit Anonymo Esports,oe:team:f9f16e15a84c85d050aa09b4a21c757,Viktor,Gragas,Maokai,Vi,Ahri,Lissandra,,,,,,2525,1,3,6,14,27,31,0.0,0.0,0.0,0.0,0.0,0.0,0.0,0.0,0.6416,1.3782,,,,,,,,,,,,,,,,,,,,,0.0,0.0,,,,,,,,0.0,0.0,31854.0,756.9267,0.22326,567.4931,687.9208,9.0,0.2139,6.0,0.1426,3.0,19.0,0.4515,17118,11691,277.8059,0.2146,17525.0,,,346.0,329.0,17.0,,,8.2218,3713.0,5078.0,98.0,3262.0,4861.0,87.0,451.0,217.0,11.0,0.0,0.0,0.0,0.0,1.0,0.0,5775.0,8384.0,160.0,4890.0,7596.0,135.0,885.0,788.0,25.0,0.0,0.0,0.0,0.0,1.0,0.0,7888.0,11179.0,212.0,6395.0,9833.0,167.0,1493.0,1346.0,45.0,1.0,0.0,1.0,0.0,3.0,0.0,10593.0,14555.0,256.0,8512.0,13884.0,203.0,2081.0,671.0,53.0,2.0,3.0,2.0,1.0,9.0,0.0
ESPORTSTMNT05_3220363,complete,,EM,2023,Spring,0,2023-04-14 14:59:14,1,13.06,9,Red,bot,Neramin,oe:player:c032df73970ffb2f2b585d912f6b20d,Orbit Anonymo Esports,oe:team:f9f16e15a84c85d050aa09b4a21c757,Jinx,Gragas,Maokai,Vi,Ahri,Lissandra,,,,,,2525,1,8,7,9,27,31,1.0,1.0,1.0,0.0,0.0,0.0,0.0,0.0,0.6416,1.3782,,,,,,,,,,,,,,,,,,,,,0.0,1.0,,,,,,,,0.0,0.0,41228.0,979.6752,0.28896,513.8614,320.8634,14.0,0.3327,12.0,0.2851,1.0,24.0,0.5703,20800,15373,365.299,0.282184,18585.0,,,422.0,379.0,43.0,,,10.0277,3952.0,3321.0,89.0,3286.0,3285.0,84.0,666.0,36.0,5.0,1.0,0.0,0.0,0.0,0.0,0.0,6807.0,5584.0,147.0,5728.0,5783.0,142.0,1079.0,-199.0,5.0,1.0,0.0,1.0,0.0,1.0,0.0,8545.0,7425.0,189.0,7941.0,8443.0,190.0,604.0,-1018.0,-1.0,1.0,0.0,2.0,1.0,1.0,0.0,10368.0,9998.0,217.0,10511.0,11109.0,233.0,-143.0,-1111.0,-16.0,1.0,4.0,5.0,4.0,1.0,1.0
ESPORTSTMNT05_3220363,complete,,EM,2023,Spring,0,2023-04-14 14:59:14,1,13.06,10,Red,sup,Czypsy,oe:player:df5866d3078c786ce03084b78b1f5d9,Orbit Anonymo Esports,oe:team:f9f16e15a84c85d050aa09b4a21c757,Nautilus,Gragas,Maokai,Vi,Ahri,Lissandra,,,,,,2525,1,0,7,17,27,31,0.0,0.0,0.0,0.0,0.0,0.0,0.0,0.0,0.6416,1.3782,,,,,,,,,,,,,,,,,,,,,0.0,0.0,,,,,,,,0.0,0.0,6453.0,153.3386,0.045228,633.0297,999.0416,80.0,1.901,17.0,0.404,20.0,140.0,3.3267,9880,4453,105.8139,0.0817438,9150.0,,,44.0,44.0,0.0,,,1.0455,2284.0,2173.0,16.0,2081.0,2217.0,14.0,203.0,-44.0,2.0,0.0,1.0,0.0,0.0,0.0,1.0,3424.0,3667.0,26.0,3171.0,3638.0,24.0,253.0,29.0,2.0,0.0,1.0,0.0,0.0,1.0,1.0,4605.0,5020.0,31.0,4960.0,5877.0,34.0,-355.0,-857.0,-3.0,0.0,2.0,1.0,2.0,2.0,1.0,6170.0,7654.0,34.0,7115.0,8134.0,39.0,-945.0,-480.0,-5.0,0.0,7.0,3.0,4.0,7.0,1.0
ESPORTSTMNT05_3220363,complete,,EM,2023,Spring,0,2023-04-14 14:59:14,1,13.06,100,Blue,team,,,eSuba,oe:team:3faefd9245a4ef6ba347fbcf2a51515,,Annie,Xayah,Gnar,Seraphine,Veigar,Wukong,Zeri,Rakan,Camille,Galio,2525,0,31,27,70,31,27,2.0,1.0,1.0,0.0,1.0,,,,0.7366,1.3782,0.0,2.0,5.0,2.0,4.0,0.0,0.0,1.0,0.0,1.0,0.0,,0.0,1.0,1.0,2.0,0.0,,,0.0,1.0,1.0,0.0,7.0,7.0,0.0,0.0,1.0,4.0,0.0,1.0,125226.0,2975.6673,,4425.4337,5073.3624,162.0,3.8495,77.0,1.8297,49.0,439.0,10.4317,79292,52159,1239.4218,,79310.0,0.0487584,0.1,,1027.0,237.0,,,30.0356,15965.0,18215.0,318.0,16238.0,18203.0,331.0,-273.0,12.0,-13.0,3.0,2.0,2.0,2.0,2.0,3.0,24964.0,30161.0,513.0,25805.0,30521.0,542.0,-841.0,-360.0,-29.0,5.0,5.0,3.0,3.0,2.0,5.0,34417.0,41421.0,651.0,34500.0,42193.0,724.0,-83.0,-772.0,-73.0,9.0,13.0,5.0,5.0,4.0,9.0,45146.0,55372.0,784.0,45705.0,56833.0,865.0,-559.0,-1461.0,-81.0,17.0,34.0,10.0,10.0,17.0,17.0
ESPORTSTMNT05_3220363,complete,,EM,2023,Spring,0,2023-04-14 14:59:14,1,13.06,200,Red,team,,,Orbit Anonymo Esports,oe:team:f9f16e15a84c85d050aa09b4a21c757,,Gragas,Maokai,Vi,Ahri,Lissandra,Lee Sin,Jinx,Nautilus,Viktor,Mordekaiser,2525,1,27,31,56,27,31,3.0,1.0,1.0,0.0,0.0,,,,0.6416,1.3782,1.0,5.0,2.0,4.0,2.0,1.0,0.0,3.0,0.0,0.0,0.0,,1.0,0.0,0.0,0.0,2.0,,,1.0,1.0,1.0,1.0,7.0,7.0,1.0,1.0,4.0,1.0,1.0,0.0,142677.0,3390.3446,,3864.0475,4977.6,141.0,3.3505,73.0,1.7347,33.0,308.0,7.3188,81613,54480,1294.5743,,75535.0,-0.0487584,-0.1,,1035.0,291.0,,,31.5089,16238.0,18203.0,331.0,15965.0,18215.0,318.0,273.0,-12.0,13.0,2.0,2.0,3.0,3.0,2.0,2.0,25805.0,30521.0,542.0,24964.0,30161.0,513.0,841.0,360.0,29.0,3.0,2.0,5.0,5.0,5.0,3.0,34500.0,42193.0,724.0,34417.0,41421.0,651.0,83.0,772.0,73.0,5.0,4.0,9.0,9.0,13.0,5.0,45705.0,56833.0,865.0,45146.0,55372.0,784.0,559.0,1461.0,81.0,10.0,17.0,17.0,17.0,34.0,10.0
ESPORTSTMNT05_3223070,complete,,EM,2023,Spring,0,2023-04-14 16:01:16,1,13.06,1,Blue,top,StarScreen,oe:player:1bc0756ba9102abb5a7cd13d2b618aa,FUT Esports,oe:team:8df5e2c8825f60f136b2cbed5633a81,Jarvan IV,Xin Zhao,Zeri,Caitlyn,Camille,Gragas,,,,,,1627,0,4,3,2,13,23,0.0,0.0,0.0,0.0,0.0,0.0,0.0,0.0,0.4794,1.3276,,,,,,,,,,,,,,,,,,,,,0.0,0.0,,,,,,,,0.0,0.0,15084.0,556.2631,0.242738,634.4438,728.8875,10.0,0.3688,5.0,0.1844,7.0,26.0,0.9588,10756,7161,264.0811,0.253224,10275.0,,,194.0,192.0,2.0,,,7.1543,3240.0,4720.0,85.0,2756.0,3978.0,62.0,484.0,742.0,23.0,0.0,0.0,0.0,0.0,0.0,0.0,6114.0,7687.0,135.0,4503.0,6170.0,97.0,1611.0,1517.0,38.0,0.0,1.0,0.0,1.0,0.0,1.0,7765.0,9880.0,165.0,6316.0,8278.0,128.0,1449.0,1602.0,37.0,1.0,2.0,1.0,2.0,2.0,2.0,10022.0,11930.0,183.0,8249.0,10850.0,149.0,1773.0,1080.0,34.0,3.0,2.0,2.0,2.0,4.0,4.0
ESPORTSTMNT05_3223070,complete,,EM,2023,Spring,0,2023-04-14 16:01:16,1,13.06,2,Blue,jng,Mojito,oe:player:d92b0904aa4f08f128aa8c6d2775056,FUT Esports,oe:team:8df5e2c8825f60f136b2cbed5633a81,Wukong,Xin Zhao,Zeri,Caitlyn,Camille,Gragas,,,,,,1627,0,1,7,10,13,23,0.0,0.0,0.0,0.0,0.0,0.0,0.0,0.0,0.4794,1.3276,,,,,,,,,,,,,,,,,,,,,0.0,1.0,,,,,,,,0.0,1.0,11167.0,411.8132,0.179704,1091.5796,819.2379,9.0,0.3319,3.0,0.1106,8.0,28.0,1.0326,8564,4969,183.2452,0.175715,8320.0,,,134.0,15.0,119.0,,,4.9416,3069.0,3087.0,54.0,2898.0,2832.0,54.0,171.0,255.0,0.0,0.0,2.0,0.0,0.0,1.0,1.0,5047.0,4895.0,81.0,4389.0,5074.0,89.0,658.0,-179.0,-8.0,1.0,3.0,1.0,0.0,3.0,1.0,6396.0,6735.0,101.0,5822.0,7184.0,105.0,574.0,-449.0,-4.0,1.0,6.0,4.0,0.0,8.0,1.0,8225.0,10085.0,130.0,8273.0,9788.0,127.0,-48.0,297.0,3.0,1.0,10.0,6.0,1.0,10.0,2.0
ESPORTSTMNT05_3223070,complete,,EM,2023,Spring,0,2023-04-14 16:01:16,1,13.06,3,Blue,mid,Tempt,oe:player:2861898294dd867b05fd28dca284e57,FUT Esports,oe:team:8df5e2c8825f60f136b2cbed5633a81,Ahri,Xin Zhao,Zeri,Caitlyn,Camille,Gragas,,,,,,1627,0,6,6,3,13,23,0.0,0.0,0.0,0.0,0.0,0.0,0.0,0.0,0.4794,1.3276,,,,,,,,,,,,,,,,,,,,,0.0,0.0,,,,,,,,0.0,0.0,19076.0,703.4788,0.306979,590.338,351.9238,16.0,0.59,4.0,0.1475,9.0,37.0,1.3645,11229,7634,281.5243,0.269949,11090.0,,,207.0,207.0,0.0,,,7.6337,4033.0,4996.0,91.0,3054.0,4271.0,83.0,979.0,725.0,8.0,1.0,1.0,0.0,0.0,0.0,1.0,6127.0,7684.0,140.0,5483.0,7180.0,134.0,644.0,504.0,6.0,2.0,1.0,1.0,1.0,1.0,1.0,8550.0,10410.0,184.0,7944.0,9982.0,174.0,606.0,428.0,10.0,4.0,2.0,2.0,3.0,3.0,1.0,10622.0,11739.0,198.0,11300.0,12381.0,188.0,-678.0,-642.0,10.0,6.0,3.0,4.0,8.0,4.0,3.0
ESPORTSTMNT05_3223070,complete,,EM,2023,Spring,0,2023-04-14 16:01:16,1,13.06,4,Blue,bot,Fatihcan,oe:player:4a8a150d1497b3daa66c2bdaffe2c43,FUT Esports,oe:team:8df5e2c8825f60f136b2cbed5633a81,Xayah,Xin Zhao,Zeri,Caitlyn,Camille,Gragas,,,,,,1627,0,2,4,6,13,23,0.0,0.0,0.0,0.0,0.0,0.0,0.0,1.0,0.4794,1.3276,,,,,,,,,,,,,,,,,,,,,0.0,0.0,,,,,,,,0.0,0.0,13348.0,492.2434,0.214802,416.2016,187.4124,7.0,0.2581,6.0,0.2213,2.0,20.0,0.7376,9700,6105,225.1383,0.215884,9300.0,,,214.0,210.0,4.0,,,7.8918,3443.0,3085.0,81.0,3795.0,3713.0,102.0,-352.0,-628.0,-21.0,1.0,1.0,1.0,0.0,1.0,0.0,5403.0,5263.0,141.0,5245.0,5684.0,138.0,158.0,-421.0,3.0,1.0,1.0,1.0,0.0,3.0,0.0,6881.0,6666.0,161.0,8505.0,8587.0,186.0,-1624.0,-1921.0,-25.0,1.0,4.0,2.0,3.0,5.0,1.0,9126.0,9211.0,200.0,12241.0,12782.0,253.0,-3115.0,-3571.0,-53.0,2.0,6.0,3.0,4.0,10.0,1.0
ESPORTSTMNT05_3223070,complete,,EM,2023,Spring,0,2023-04-14 16:01:16,1,13.06,5,Blue,sup,Asper,oe:player:29e873916dcb14c9feb6b85d253cb87,FUT Esports,oe:team:8df5e2c8825f60f136b2cbed5633a81,Nautilus,Xin Zhao,Zeri,Caitlyn,Camille,Gragas,,,,,,1627,0,0,3,8,13,23,0.0,0.0,0.0,0.0,0.0,0.0,0.0,0.0,0.4794,1.3276,,,,,,,,,,,,,,,,,,,,,0.0,0.0,,,,,,,,0.0,0.0,3466.0,127.8181,0.0557764,431.469,651.4444,38.0,1.4014,6.0,0.2213,13.0,67.0,2.4708,6005,2410,88.8752,0.0852287,5675.0,,,35.0,35.0,0.0,,,1.2907,2242.0,2633.0,18.0,2449.0,2329.0,14.0,-207.0,304.0,4.0,0.0,2.0,0.0,1.0,0.0,0.0,3460.0,4058.0,29.0,3474.0,3652.0,20.0,-14.0,406.0,9.0,0.0,3.0,0.0,1.0,2.0,1.0,4421.0,4877.0,33.0,5110.0,5395.0,26.0,-689.0,-518.0,7.0,0.0,5.0,1.0,2.0,7.0,2.0,5653.0,6666.0,34.0,7445.0,8895.0,31.0,-1792.0,-2229.0,3.0,0.0,8.0,2.0,2.0,14.0,2.0
ESPORTSTMNT05_3223070,complete,,EM,2023,Spring,0,2023-04-14 16:01:16,1,13.06,6,Red,top,Marky,oe:player:197e012fb5163375e24dbbfdae34911,Movistar KOI,oe:team:4acc40654379b4da680be1bd3129dfa,Kennen,Vi,Olaf,Rumble,Malphite,Pantheon,,,,,,1627,1,3,5,5,23,13,0.0,0.0,0.0,0.0,0.0,0.0,0.0,0.0,0.8482,1.3276,,,,,,,,,,,,,,,,,,,,,0.0,0.0,,,,,,,,0.0,0.0,11862.0,437.4431,0.171858,706.9453,510.0184,13.0,0.4794,3.0,0.1106,8.0,32.0,1.1801,9147,5552,204.7449,0.15477,8275.0,,,158.0,154.0,4.0,,,5.8267,2756.0,3978.0,62.0,3240.0,4720.0,85.0,-484.0,-742.0,-23.0,0.0,0.0,0.0,0.0,0.0,0.0,4503.0,6170.0,97.0,6114.0,7687.0,135.0,-1611.0,-1517.0,-38.0,1.0,0.0,1.0,0.0,1.0,0.0,6316.0,8278.0,128.0,7765.0,9880.0,165.0,-1449.0,-1602.0,-37.0,2.0,2.0,2.0,1.0,2.0,1.0,8249.0,10850.0,149.0,10022.0,11930.0,183.0,-1773.0,-1080.0,-34.0,2.0,4.0,4.0,3.0,2.0,2.0
ESPORTSTMNT05_3223070,complete,,EM,2023,Spring,0,2023-04-14 16:01:16,1,13.06,7,Red,jng,ISMA,oe:player:5450c7731de19c131ce20ea74933cc2,Movistar KOI,oe:team:4acc40654379b4da680be1bd3129dfa,Sejuani,Vi,Olaf,Rumble,Malphite,Pantheon,,,,,,1627,1,1,2,15,23,13,0.0,0.0,0.0,0.0,1.0,0.0,1.0,0.0,0.8482,1.3276,,,,,,,,,,,,,,,,,,,,,1.0,0.0,,,,,,,,1.0,0.0,10423.0,384.3762,0.15101,880.0123,926.5888,8.0,0.295,7.0,0.2581,5.0,38.0,1.4014,9212,5617,207.142,0.156582,8375.0,,,135.0,24.0,111.0,,,4.9785,2898.0,2832.0,54.0,3069.0,3087.0,54.0,-171.0,-255.0,0.0,0.0,1.0,1.0,0.0,2.0,0.0,4389.0,5074.0,89.0,5047.0,4895.0,81.0,-658.0,179.0,8.0,0.0,3.0,1.0,1.0,3.0,1.0,5822.0,7184.0,105.0,6396.0,6735.0,101.0,-574.0,449.0,4.0,0.0,8.0,1.0,1.0,6.0,4.0,8273.0,9788.0,127.0,8225.0,10085.0,130.0,48.0,-297.0,-3.0,1.0,10.0,2.0,1.0,10.0,6.0
ESPORTSTMNT05_3223070,complete,,EM,2023,Spring,0,2023-04-14 16:01:16,1,13.06,8,Red,mid,Fresskowy,oe:player:cda093b28f577696b82604fb20037ad,Movistar KOI,oe:team:4acc40654379b4da680be1bd3129dfa,Lee Sin,Vi,Olaf,Rumble,Malphite,Pantheon,,,,,,1627,1,11,3,6,23,13,2.0,1.0,0.0,0.0,0.0,0.0,0.0,0.0,0.8482,1.3276,,,,,,,,,,,,,,,,,,,,,0.0,0.0,,,,,,,,0.0,0.0,18634.0,687.1789,0.269972,963.3559,825.9496,13.0,0.4794,3.0,0.1106,9.0,20.0,0.7376,13003,9408,346.9453,0.262256,11705.0,,,198.0,194.0,4.0,,,7.3018,3054.0,4271.0,83.0,4033.0,4996.0,91.0,-979.0,-725.0,-8.0,0.0,0.0,1.0,1.0,1.0,0.0,5483.0,7180.0,134.0,6127.0,7684.0,140.0,-644.0,-504.0,-6.0,1.0,1.0,1.0,2.0,1.0,1.0,7944.0,9982.0,174.0,8550.0,10410.0,184.0,-606.0,-428.0,-10.0,3.0,3.0,1.0,4.0,2.0,2.0,11300.0,12381.0,188.0,10622.0,11739.0,198.0,678.0,642.0,-10.0,8.0,4.0,3.0,6.0,3.0,4.0
ESPORTSTMNT05_3223070,complete,,EM,2023,Spring,0,2023-04-14 16:01:16,1,13.06,9,Red,bot,Supa,oe:player:1223a0ed2bfab9b714c72d965df8133,Movistar KOI,oe:team:4acc40654379b4da680be1bd3129dfa,Jinx,Vi,Olaf,Rumble,Malphite,Pantheon,,,,,,1627,1,6,1,13,23,13,1.0,0.0,0.0,0.0,1.0,0.0,1.0,0.0,0.8482,1.3276,,,,,,,,,,,,,,,,,,,,,0.0,0.0,,,,,,,,0.0,0.0,21727.0,801.2415,0.314784,368.4819,243.0608,9.0,0.3319,11.0,0.4057,2.0,42.0,1.5489,14156,10561,389.4653,0.294395,12500.0,,,277.0,247.0,30.0,,,10.2151,3795.0,3713.0,102.0,3443.0,3085.0,81.0,352.0,628.0,21.0,0.0,1.0,0.0,1.0,1.0,1.0,5245.0,5684.0,138.0,5403.0,5263.0,141.0,-158.0,421.0,-3.0,0.0,3.0,0.0,1.0,1.0,1.0,8505.0,8587.0,186.0,6881.0,6666.0,161.0,1624.0,1921.0,25.0,3.0,5.0,1.0,1.0,4.0,2.0,12241.0,12782.0,253.0,9126.0,9211.0,200.0,3115.0,3571.0,53.0,4.0,10.0,1.0,2.0,6.0,3.0
ESPORTSTMNT05_3223070,complete,,EM,2023,Spring,0,2023-04-14 16:01:16,1,13.06,10,Red,sup,Alvaro,oe:player:f5bf9bd732b85e4dcab5121e4769ae4,Movistar KOI,oe:team:4acc40654379b4da680be1bd3129dfa,Rakan,Vi,Olaf,Rumble,Malphite,Pantheon,,,,,,1627,1,2,2,20,23,13,0.0,0.0,0.0,0.0,1.0,1.0,0.0,0.0,0.8482,1.3276,,,,,,,,,,,,,,,,,,,,,0.0,0.0,,,,,,,,0.0,0.0,6376.0,235.1321,0.0923763,543.4296,575.0707,36.0,1.3276,10.0,0.3688,10.0,81.0,2.9871,8330,4735,174.6159,0.131996,7350.0,,,32.0,32.0,0.0,,,1.1801,2449.0,2329.0,14.0,2242.0,2633.0,18.0,207.0,-304.0,-4.0,1.0,0.0,0.0,0.0,2.0,0.0,3474.0,3652.0,20.0,3460.0,4058.0,29.0,14.0,-406.0,-9.0,1.0,2.0,1.0,0.0,3.0,0.0,5110.0,5395.0,26.0,4421.0,4877.0,33.0,689.0,518.0,-7.0,2.0,7.0,2.0,0.0,5.0,1.0,7445.0,8895.0,31.0,5653.0,6666.0,34.0,1792.0,2229.0,-3.0,2.0,14.0,2.0,0.0,8.0,2.0
ESPORTSTMNT05_3223070,complete,,EM,2023,Spring,0,2023-04-14 16:01:16,1,13.06,100,Blue,team,,,FUT Esports,oe:team:8df5e2c8825f60f136b2cbed5633a81,,Xin Zhao,Zeri,Caitlyn,Camille,Gragas,Xayah,Wukong,Nautilus,Jarvan IV,Ahri,1627,0,13,23,29,13,23,0.0,0.0,0.0,0.0,0.0,,,,0.4794,1.3276,0.0,0.0,3.0,0.0,3.0,0.0,0.0,0.0,0.0,0.0,0.0,,0.0,0.0,1.0,1.0,0.0,,,0.0,0.0,1.0,1.0,3.0,9.0,0.0,0.0,6.0,4.0,0.0,1.0,62141.0,2291.6165,,3164.032,2738.906,80.0,2.9502,24.0,0.8851,39.0,178.0,6.5642,46254,28281,1042.9379,,44660.0,-0.0763474,0.02,,659.0,125.0,,,28.9121,16027.0,18521.0,329.0,14952.0,17123.0,315.0,1075.0,1398.0,14.0,2.0,6.0,1.0,1.0,2.0,2.0,26151.0,29587.0,526.0,23094.0,27760.0,478.0,3057.0,1827.0,48.0,4.0,9.0,3.0,3.0,9.0,4.0,34013.0,38568.0,644.0,33697.0,39426.0,619.0,316.0,-858.0,25.0,7.0,19.0,10.0,10.0,25.0,7.0,43648.0,49631.0,745.0,47508.0,54696.0,748.0,-3860.0,-5065.0,-3.0,12.0,29.0,17.0,17.0,42.0,12.0
ESPORTSTMNT05_3223070,complete,,EM,2023,Spring,0,2023-04-14 16:01:16,1,13.06,200,Red,team,,,Movistar KOI,oe:team:4acc40654379b4da680be1bd3129dfa,,Vi,Olaf,Rumble,Malphite,Pantheon,Sejuani,Rakan,Jinx,Kennen,Lee Sin,1627,1,23,13,59,23,13,3.0,1.0,0.0,0.0,1.0,,,,0.8482,1.3276,1.0,3.0,0.0,3.0,0.0,1.0,1.0,0.0,0.0,0.0,1.0,,0.0,0.0,0.0,0.0,1.0,,,1.0,1.0,0.0,0.0,9.0,3.0,1.0,1.0,4.0,6.0,1.0,0.0,69022.0,2545.3719,,3462.225,3080.6884,79.0,2.9133,34.0,1.2538,34.0,213.0,7.8549,53848,35875,1322.9871,,48205.0,0.0763474,-0.02,,651.0,149.0,,,29.5022,14952.0,17123.0,315.0,16027.0,18521.0,329.0,-1075.0,-1398.0,-14.0,1.0,2.0,2.0,2.0,6.0,1.0,23094.0,27760.0,478.0,26151.0,29587.0,526.0,-3057.0,-1827.0,-48.0,3.0,9.0,4.0,4.0,9.0,3.0,33697.0,39426.0,619.0,34013.0,38568.0,644.0,-316.0,858.0,-25.0,10.0,25.0,7.0,7.0,19.0,10.0,47508.0,54696.0,748.0,43648.0,49631.0,745.0,3860.0,5065.0,3.0,17.0,42.0,12.0,12.0,29.0,17.0
ESPORTSTMNT05_3223069,complete,,EM,2023,Spring,0,2023-04-14 16:03:48,1,13.06,1,Blue,top,Venour,oe:player:df13ba84b4ea6932f7e10b5e51e7cf5,Unicorns of Love Sexy Edition,oe:team:6a060bd74c9041bf0aa89adf9d15d12,Gwen,Yone,Rakan,Annie,Jax,LeBlanc,,,,,,1909,1,0,2,6,13,6,0.0,0.0,0.0,0.0,0.0,0.0,0.0,0.0,0.4086,0.5972,,,,,,,,,,,,,,,,,,,,,0.0,0.0,,,,,,,,0.0,0.0,19264.0,605.4688,0.30813,821.4248,766.1708,9.0,0.2829,4.0,0.1257,3.0,21.0,0.66,12314,8144,255.9665,0.193196,12275.0,,,290.0,274.0,16.0,,,9.1147,3304.0,5065.0,86.0,3126.0,4761.0,83.0,178.0,304.0,3.0,0.0,0.0,0.0,0.0,0.0,0.0,5456.0,8284.0,147.0,5460.0,7843.0,145.0,-4.0,441.0,2.0,0.0,0.0,0.0,0.0,0.0,0.0,7281.0,11164.0,198.0,7442.0,10459.0,188.0,-161.0,705.0,10.0,0.0,0.0,0.0,1.0,2.0,0.0,9385.0,14364.0,236.0,9736.0,13456.0,244.0,-351.0,908.0,-8.0,0.0,3.0,1.0,1.0,2.0,1.0
ESPORTSTMNT05_3223069,complete,,EM,2023,Spring,0,2023-04-14 16:03:48,1,13.06,2,Blue,jng,Peach,oe:player:53841c6e42a6ce77b6f3b80133c9342,Unicorns of Love Sexy Edition,oe:team:6a060bd74c9041bf0aa89adf9d15d12,Wukong,Yone,Rakan,Annie,Jax,LeBlanc,,,,,,1909,1,4,1,6,13,6,1.0,1.0,0.0,0.0,0.0,0.0,0.0,0.0,0.4086,0.5972,,,,,,,,,,,,,,,,,,,,,1.0,0.0,,,,,,,,0.0,0.0,5529.0,173.7768,0.0884371,881.6134,912.0691,13.0,0.4086,19.0,0.5972,8.0,68.0,2.1372,12232,8062,253.3892,0.191251,9500.0,,,196.0,23.0,173.0,,,6.1603,3122.0,3630.0,68.0,2958.0,3312.0,61.0,164.0,318.0,7.0,0.0,0.0,0.0,0.0,0.0,0.0,4876.0,6003.0,108.0,4858.0,5937.0,104.0,18.0,66.0,4.0,0.0,2.0,0.0,1.0,0.0,1.0,6456.0,7815.0,138.0,6390.0,8120.0,135.0,66.0,-305.0,3.0,0.0,2.0,1.0,1.0,3.0,1.0,8898.0,11170.0,171.0,7772.0,9542.0,144.0,1126.0,1628.0,27.0,1.0,4.0,1.0,2.0,3.0,2.0
ESPORTSTMNT05_3223069,complete,,EM,2023,Spring,0,2023-04-14 16:03:48,1,13.06,3,Blue,mid,Mask,oe:player:4a18312b5b75f549d5551e5912ad6eb,Unicorns of Love Sexy Edition,oe:team:6a060bd74c9041bf0aa89adf9d15d12,Galio,Yone,Rakan,Annie,Jax,LeBlanc,,,,,,1909,1,2,1,8,13,6,0.0,0.0,0.0,0.0,0.0,0.0,0.0,0.0,0.4086,0.5972,,,,,,,,,,,,,,,,,,,,,0.0,0.0,,,,,,,,0.0,0.0,14629.0,459.7905,0.233993,497.9151,962.6716,9.0,0.2829,6.0,0.1886,3.0,30.0,0.9429,13412,9242,290.4767,0.219244,13025.0,,,323.0,319.0,4.0,,,10.1519,3333.0,4995.0,95.0,3567.0,5165.0,100.0,-234.0,-170.0,-5.0,0.0,0.0,0.0,0.0,0.0,0.0,5134.0,7939.0,144.0,5515.0,8418.0,157.0,-381.0,-479.0,-13.0,0.0,2.0,0.0,0.0,0.0,0.0,6856.0,10782.0,193.0,8044.0,11692.0,217.0,-1188.0,-910.0,-24.0,0.0,2.0,1.0,1.0,2.0,0.0,9657.0,16387.0,250.0,9764.0,13734.0,251.0,-107.0,2653.0,-1.0,0.0,5.0,1.0,1.0,2.0,1.0
ESPORTSTMNT05_3223069,complete,,EM,2023,Spring,0,2023-04-14 16:03:48,1,13.06,4,Blue,bot,Fun K3y,oe:player:9ea5afea85321b13df74acb62bfb530,Unicorns of Love Sexy Edition,oe:team:6a060bd74c9041bf0aa89adf9d15d12,Xayah,Yone,Rakan,Annie,Jax,LeBlanc,,,,,,1909,1,6,0,4,13,6,2.0,0.0,0.0,0.0,1.0,1.0,0.0,0.0,0.4086,0.5972,,,,,,,,,,,,,,,,,,,,,1.0,0.0,,,,,,,,2.0,0.0,19728.0,620.0524,0.315552,156.1131,249.6805,15.0,0.4715,13.0,0.4086,4.0,61.0,1.9172,16819,12649,397.5589,0.300066,14250.0,,,356.0,316.0,40.0,,,11.1891,4006.0,3829.0,91.0,3266.0,3388.0,89.0,740.0,441.0,2.0,2.0,0.0,0.0,0.0,0.0,0.0,7179.0,6260.0,154.0,5003.0,5481.0,137.0,2176.0,779.0,17.0,4.0,0.0,0.0,0.0,1.0,1.0,9264.0,8991.0,217.0,7064.0,8406.0,197.0,2200.0,585.0,20.0,4.0,0.0,0.0,0.0,4.0,1.0,12427.0,12232.0,259.0,9290.0,11292.0,258.0,3137.0,940.0,1.0,6.0,1.0,0.0,0.0,5.0,1.0
ESPORTSTMNT05_3223069,complete,,EM,2023,Spring,0,2023-04-14 16:03:48,1,13.06,5,Blue,sup,Lekcyc,oe:player:74f3f60a44ee916ecc257a5381be756,Unicorns of Love Sexy Edition,oe:team:6a060bd74c9041bf0aa89adf9d15d12,Nautilus,Yone,Rakan,Annie,Jax,LeBlanc,,,,,,1909,1,1,2,8,13,6,0.0,0.0,0.0,0.0,1.0,0.0,1.0,0.0,0.4086,0.5972,,,,,,,,,,,,,,,,,,,,,0.0,0.0,,,,,,,,0.0,0.0,3369.0,105.8879,0.0538876,267.2184,481.9801,64.0,2.0115,10.0,0.3143,19.0,95.0,2.9859,8227,4057,127.5118,0.0962428,6875.0,,,34.0,34.0,0.0,,,1.0686,2524.0,2583.0,15.0,2009.0,2407.0,13.0,515.0,176.0,2.0,0.0,2.0,0.0,0.0,0.0,2.0,3724.0,4148.0,24.0,3204.0,3618.0,23.0,520.0,530.0,1.0,0.0,3.0,1.0,0.0,1.0,2.0,4470.0,5190.0,26.0,4553.0,5085.0,30.0,-83.0,105.0,-4.0,0.0,3.0,2.0,1.0,3.0,2.0,6207.0,7362.0,28.0,5536.0,7330.0,33.0,671.0,32.0,-5.0,0.0,6.0,2.0,1.0,4.0,2.0
ESPORTSTMNT05_3223069,complete,,EM,2023,Spring,0,2023-04-14 16:03:48,1,13.06,6,Red,top,Kryze,oe:player:75414f3b4f03bf449c319eb75f3dd5b,LDLC OL,oe:team:e31c6dcc465e0b94500ef023f42cdc1,Sion,Jayce,Lee Sin,Graves,Fiora,Olaf,,,,,,1909,0,2,2,2,6,13,0.0,0.0,0.0,0.0,0.0,0.0,0.0,0.0,0.1886,0.5972,,,,,,,,,,,,,,,,,,,,,0.0,0.0,,,,,,,,0.0,0.0,11327.0,356.0084,0.227322,948.0566,1551.891,11.0,0.3457,4.0,0.1257,4.0,22.0,0.6915,12626,8456,265.7727,0.257083,12050.0,,,311.0,311.0,0.0,,,9.7748,3126.0,4761.0,83.0,3304.0,5065.0,86.0,-178.0,-304.0,-3.0,0.0,0.0,0.0,0.0,0.0,0.0,5460.0,7843.0,145.0,5456.0,8284.0,147.0,4.0,-441.0,-2.0,0.0,0.0,0.0,0.0,0.0,0.0,7442.0,10459.0,188.0,7281.0,11164.0,198.0,161.0,-705.0,-10.0,1.0,2.0,0.0,0.0,0.0,0.0,9736.0,13456.0,244.0,9385.0,14364.0,236.0,351.0,-908.0,8.0,1.0,2.0,1.0,0.0,3.0,1.0
ESPORTSTMNT05_3223069,complete,,EM,2023,Spring,0,2023-04-14 16:03:48,1,13.06,7,Red,jng,White,oe:player:41ea0ed55fe655184c9073085b85eea,LDLC OL,oe:team:e31c6dcc465e0b94500ef023f42cdc1,Vi,Jayce,Lee Sin,Graves,Fiora,Olaf,,,,,,1909,0,2,4,3,6,13,0.0,0.0,0.0,0.0,0.0,0.0,0.0,0.0,0.1886,0.5972,,,,,,,,,,,,,,,,,,,,,0.0,1.0,,,,,,,,0.0,0.0,5309.0,166.8622,0.106547,719.7486,934.0388,12.0,0.3772,15.0,0.4715,12.0,54.0,1.6972,9170,5000,157.1503,0.152013,8900.0,,,163.0,20.0,143.0,,,5.1231,2958.0,3312.0,61.0,3122.0,3630.0,68.0,-164.0,-318.0,-7.0,0.0,0.0,0.0,0.0,0.0,0.0,4858.0,5937.0,104.0,4876.0,6003.0,108.0,-18.0,-66.0,-4.0,1.0,0.0,1.0,0.0,2.0,0.0,6390.0,8120.0,135.0,6456.0,7815.0,138.0,-66.0,305.0,-3.0,1.0,3.0,1.0,0.0,2.0,1.0,7772.0,9542.0,144.0,8898.0,11170.0,171.0,-1126.0,-1628.0,-27.0,2.0,3.0,2.0,1.0,4.0,1.0
ESPORTSTMNT05_3223069,complete,,EM,2023,Spring,0,2023-04-14 16:03:48,1,13.06,8,Red,mid,Backlund,oe:player:bd0655defa1f5f33c2c8ac34cfd9d36,LDLC OL,oe:team:e31c6dcc465e0b94500ef023f42cdc1,Ahri,Jayce,Lee Sin,Graves,Fiora,Olaf,,,,,,1909,0,1,2,3,6,13,0.0,0.0,0.0,0.0,0.0,0.0,0.0,0.0,0.1886,0.5972,,,,,,,,,,,,,,,,,,,,,0.0,0.0,,,,,,,,0.0,0.0,13709.0,430.8748,0.275126,392.7501,224.3793,8.0,0.2514,7.0,0.22,4.0,39.0,1.2258,12287,8117,255.1179,0.246777,12250.0,,,302.0,294.0,8.0,,,9.4919,3567.0,5165.0,100.0,3333.0,4995.0,95.0,234.0,170.0,5.0,0.0,0.0,0.0,0.0,0.0,0.0,5515.0,8418.0,157.0,5134.0,7939.0,144.0,381.0,479.0,13.0,0.0,0.0,0.0,0.0,2.0,0.0,8044.0,11692.0,217.0,6856.0,10782.0,193.0,1188.0,910.0,24.0,1.0,2.0,0.0,0.0,2.0,1.0,9764.0,13734.0,251.0,9657.0,16387.0,250.0,107.0,-2653.0,1.0,1.0,2.0,1.0,0.0,5.0,1.0
ESPORTSTMNT05_3223069,complete,,EM,2023,Spring,0,2023-04-14 16:03:48,1,13.06,9,Red,bot,Jeskla,oe:player:71b8101d78beb04a089caa90a8d9310,LDLC OL,oe:team:e31c6dcc465e0b94500ef023f42cdc1,Zeri,Jayce,Lee Sin,Graves,Fiora,Olaf,,,,,,1909,0,0,2,6,6,13,0.0,0.0,0.0,0.0,0.0,0.0,0.0,0.0,0.1886,0.5972,,,,,,,,,,,,,,,,,,,,,0.0,1.0,,,,,,,,0.0,2.0,14565.0,457.7789,0.292306,517.2446,591.9539,13.0,0.4086,10.0,0.3143,3.0,35.0,1.1001,12926,8756,275.2017,0.266204,11275.0,,,358.0,326.0,32.0,,,11.252,3266.0,3388.0,89.0,4006.0,3829.0,91.0,-740.0,-441.0,-2.0,0.0,0.0,0.0,2.0,0.0,0.0,5003.0,5481.0,137.0,7179.0,6260.0,154.0,-2176.0,-779.0,-17.0,0.0,1.0,1.0,4.0,0.0,0.0,7064.0,8406.0,197.0,9264.0,8991.0,217.0,-2200.0,-585.0,-20.0,0.0,4.0,1.0,4.0,0.0,0.0,9290.0,11292.0,258.0,12427.0,12232.0,259.0,-3137.0,-940.0,-1.0,0.0,5.0,1.0,6.0,1.0,0.0
ESPORTSTMNT05_3223069,complete,,EM,2023,Spring,0,2023-04-14 16:03:48,1,13.06,10,Red,sup,Zoelys,oe:player:fa22d396503a5a737f2f169943d7241,LDLC OL,oe:team:e31c6dcc465e0b94500ef023f42cdc1,Renata Glasc,Jayce,Lee Sin,Graves,Fiora,Olaf,,,,,,1909,0,1,3,5,6,13,0.0,0.0,0.0,0.0,0.0,0.0,0.0,1.0,0.1886,0.5972,,,,,,,,,,,,,,,,,,,,,0.0,0.0,,,,,,,,0.0,0.0,4918.0,154.5731,0.0986995,228.9366,204.8612,50.0,1.5715,11.0,0.3457,13.0,88.0,2.7658,6733,2563,80.5553,0.0779224,6575.0,,,37.0,37.0,0.0,,,1.1629,2009.0,2407.0,13.0,2524.0,2583.0,15.0,-515.0,-176.0,-2.0,0.0,0.0,2.0,0.0,2.0,0.0,3204.0,3618.0,23.0,3724.0,4148.0,24.0,-520.0,-530.0,-1.0,0.0,1.0,2.0,0.0,3.0,1.0,4553.0,5085.0,30.0,4470.0,5190.0,26.0,83.0,-105.0,4.0,1.0,3.0,2.0,0.0,3.0,2.0,5536.0,7330.0,33.0,6207.0,7362.0,28.0,-671.0,-32.0,5.0,1.0,4.0,2.0,0.0,6.0,2.0
ESPORTSTMNT05_3223069,complete,,EM,2023,Spring,0,2023-04-14 16:03:48,1,13.06,100,Blue,team,,,Unicorns of Love Sexy Edition,oe:team:6a060bd74c9041bf0aa89adf9d15d12,,Yone,Rakan,Annie,Jax,LeBlanc,Xayah,Wukong,Nautilus,Gwen,Galio,1909,1,13,6,32,13,6,3.0,1.0,0.0,0.0,1.0,,,,0.4086,0.5972,1.0,4.0,1.0,4.0,1.0,0.0,2.0,0.0,1.0,1.0,0.0,,0.0,0.0,1.0,2.0,0.0,,,1.0,2.0,0.0,1.0,8.0,1.0,1.0,1.0,4.0,0.0,2.0,0.0,62519.0,1964.9764,,2624.285,3372.572,110.0,3.4573,52.0,1.6344,37.0,275.0,8.6433,63004,42154,1324.9031,,55925.0,0.0911428,1.96,,966.0,233.0,,,37.6847,16289.0,20102.0,355.0,14926.0,19033.0,346.0,1363.0,1069.0,9.0,2.0,2.0,0.0,0.0,0.0,2.0,26369.0,32634.0,577.0,24040.0,31297.0,566.0,2329.0,1337.0,11.0,4.0,7.0,1.0,1.0,2.0,4.0,34327.0,43942.0,772.0,33493.0,43762.0,767.0,834.0,180.0,5.0,4.0,7.0,4.0,4.0,14.0,4.0,46574.0,61515.0,944.0,42098.0,55354.0,930.0,4476.0,6161.0,14.0,7.0,19.0,5.0,5.0,16.0,7.0
ESPORTSTMNT05_3223069,complete,,EM,2023,Spring,0,2023-04-14 16:03:48,1,13.06,200,Red,team,,,LDLC OL,oe:team:e31c6dcc465e0b94500ef023f42cdc1,,Jayce,Lee Sin,Graves,Fiora,Olaf,Zeri,Vi,Renata Glasc,Sion,Ahri,1909,0,6,13,19,6,13,0.0,0.0,0.0,0.0,0.0,,,,0.1886,0.5972,0.0,1.0,4.0,1.0,4.0,0.0,1.0,0.0,0.0,0.0,0.0,,0.0,0.0,0.0,0.0,2.0,,,0.0,0.0,2.0,0.0,1.0,8.0,0.0,0.0,0.0,4.0,0.0,2.0,49828.0,1566.0974,,2806.7365,3507.1241,94.0,2.9544,47.0,1.4772,36.0,238.0,7.4804,53742,32892,1033.7978,,51050.0,-0.0911428,-1.96,,988.0,183.0,,,36.8046,14926.0,19033.0,346.0,16289.0,20102.0,355.0,-1363.0,-1069.0,-9.0,0.0,0.0,2.0,2.0,2.0,0.0,24040.0,31297.0,566.0,26369.0,32634.0,577.0,-2329.0,-1337.0,-11.0,1.0,2.0,4.0,4.0,7.0,1.0,33493.0,43762.0,767.0,34327.0,43942.0,772.0,-834.0,-180.0,-5.0,4.0,14.0,4.0,4.0,7.0,4.0,42098.0,55354.0,930.0,46574.0,61515.0,944.0,-4476.0,-6161.0,-14.0,5.0,16.0,7.0,7.0,19.0,5.0
ESPORTSTMNT05_3222353,complete,,EM,2023,Spring,0,2023-04-14 17:04:01,1,13.06,1,Blue,top,Hiro,oe:player:6a52e8fc387411c38ae76e77ffe6b15,Orbit Anonymo Esports,oe:team:f9f16e15a84c85d050aa09b4a21c757,Gnar,Fiora,Lee Sin,Maokai,Varus,Zeri,,,,,,1439,0,2,5,2,7,26,0.0,0.0,0.0,0.0,0.0,0.0,0.0,0.0,0.2919,1.376,,,,,,,,,,,,,,,,,,,,,0.0,0.0,,,,,,,,0.0,0.0,9860.0,411.1188,0.20496,990.7714,673.968,8.0,0.3336,4.0,0.1668,1.0,18.0,0.7505,8212,5001,208.5198,0.259849,8258.0,,,181.0,181.0,0.0,,,7.5469,3376.0,5258.0,78.0,3078.0,4559.0,80.0,298.0,699.0,-2.0,1.0,0.0,0.0,0.0,0.0,1.0,5736.0,8580.0,131.0,4718.0,6886.0,124.0,1018.0,1694.0,7.0,2.0,0.0,0.0,0.0,0.0,2.0,7398.0,10399.0,170.0,7989.0,10708.0,183.0,-591.0,-309.0,-13.0,2.0,2.0,1.0,3.0,1.0,3.0,,,,,,,,,,,,,,,
ESPORTSTMNT05_3222353,complete,,EM,2023,Spring,0,2023-04-14 17:04:01,1,13.06,2,Blue,jng,Savero,oe:player:565edcb58e76115e571f38521946e41,Orbit Anonymo Esports,oe:team:f9f16e15a84c85d050aa09b4a21c757,Wukong,Fiora,Lee Sin,Maokai,Varus,Zeri,,,,,,1439,0,2,7,2,7,26,0.0,0.0,0.0,0.0,0.0,0.0,0.0,1.0,0.2919,1.376,,,,,,,,,,,,,,,,,,,,,0.0,1.0,,,,,,,,0.0,1.0,6685.0,278.7352,0.138961,1059.4858,708.5337,5.0,0.2085,7.0,0.2919,5.0,28.0,1.1675,7268,4057,169.1591,0.210798,6875.0,,,112.0,33.0,79.0,,,4.6699,2787.0,2872.0,54.0,3748.0,3789.0,71.0,-961.0,-917.0,-17.0,0.0,0.0,1.0,1.0,0.0,0.0,4548.0,5001.0,82.0,6658.0,6598.0,113.0,-2110.0,-1597.0,-31.0,1.0,1.0,3.0,4.0,2.0,0.0,6423.0,6744.0,100.0,8754.0,8793.0,144.0,-2331.0,-2049.0,-44.0,2.0,2.0,4.0,5.0,2.0,1.0,,,,,,,,,,,,,,,
ESPORTSTMNT05_3222353,complete,,EM,2023,Spring,0,2023-04-14 17:04:01,1,13.06,3,Blue,mid,Roison,oe:player:1428134d4ece3f00321b6b870ca2152,Orbit Anonymo Esports,oe:team:f9f16e15a84c85d050aa09b4a21c757,Aurelion Sol,Fiora,Lee Sin,Maokai,Varus,Zeri,,,,,,1439,0,1,4,3,7,26,0.0,0.0,0.0,0.0,0.0,0.0,0.0,0.0,0.2919,1.376,,,,,,,,,,,,,,,,,,,,,0.0,0.0,,,,,,,,0.0,1.0,18598.0,775.4552,0.386597,641.779,324.6004,5.0,0.2085,0.0,0.0,0.0,9.0,0.3753,6784,3573,148.9785,0.185648,6750.0,,,150.0,142.0,8.0,,,6.2543,2799.0,3922.0,69.0,3573.0,5072.0,91.0,-774.0,-1150.0,-22.0,0.0,0.0,0.0,0.0,0.0,0.0,4412.0,6299.0,108.0,5863.0,7572.0,136.0,-1451.0,-1273.0,-28.0,0.0,2.0,1.0,1.0,4.0,2.0,6017.0,8482.0,133.0,9611.0,11510.0,204.0,-3594.0,-3028.0,-71.0,1.0,3.0,2.0,1.0,6.0,2.0,,,,,,,,,,,,,,,
ESPORTSTMNT05_3222353,complete,,EM,2023,Spring,0,2023-04-14 17:04:01,1,13.06,4,Blue,bot,Neramin,oe:player:c032df73970ffb2f2b585d912f6b20d,Orbit Anonymo Esports,oe:team:f9f16e15a84c85d050aa09b4a21c757,Kai'Sa,Fiora,Lee Sin,Maokai,Varus,Zeri,,,,,,1439,0,2,5,2,7,26,0.0,0.0,0.0,0.0,0.0,0.0,0.0,0.0,0.2919,1.376,,,,,,,,,,,,,,,,,,,,,0.0,0.0,,,,,,,,0.0,1.0,8629.0,359.7915,0.179371,544.7533,320.3058,7.0,0.2919,2.0,0.0834,2.0,13.0,0.542,8291,5080,211.8138,0.263954,7800.0,,,189.0,189.0,0.0,,,7.8805,3393.0,3332.0,94.0,3627.0,3357.0,98.0,-234.0,-25.0,-4.0,0.0,0.0,0.0,0.0,0.0,0.0,5497.0,5998.0,148.0,6165.0,5076.0,140.0,-668.0,922.0,8.0,1.0,0.0,1.0,2.0,2.0,0.0,7587.0,8106.0,182.0,8511.0,7808.0,181.0,-924.0,298.0,1.0,2.0,2.0,3.0,3.0,3.0,0.0,,,,,,,,,,,,,,,
ESPORTSTMNT05_3222353,complete,,EM,2023,Spring,0,2023-04-14 17:04:01,1,13.06,5,Blue,sup,Czypsy,oe:player:df5866d3078c786ce03084b78b1f5d9,Orbit Anonymo Esports,oe:team:f9f16e15a84c85d050aa09b4a21c757,Nautilus,Fiora,Lee Sin,Maokai,Varus,Zeri,,,,,,1439,0,0,5,3,7,26,0.0,0.0,0.0,0.0,0.0,0.0,0.0,0.0,0.2919,1.376,,,,,,,,,,,,,,,,,,,,,0.0,0.0,,,,,,,,0.0,0.0,4335.0,180.7505,0.0901116,580.3197,803.6414,32.0,1.3343,3.0,0.1251,7.0,40.0,1.6678,4746,1535,64.0028,0.0797518,4675.0,,,29.0,29.0,0.0,,,1.2092,2122.0,2688.0,14.0,2297.0,2843.0,14.0,-175.0,-155.0,0.0,0.0,0.0,0.0,0.0,0.0,0.0,3106.0,3934.0,19.0,3755.0,4261.0,24.0,-649.0,-327.0,-5.0,0.0,1.0,2.0,0.0,4.0,0.0,4172.0,5561.0,28.0,5082.0,4992.0,26.0,-910.0,569.0,2.0,0.0,3.0,2.0,0.0,5.0,1.0,,,,,,,,,,,,,,,
ESPORTSTMNT05_3222353,complete,,EM,2023,Spring,0,2023-04-14 17:04:01,1,13.06,6,Red,top,Venour,oe:player:df13ba84b4ea6932f7e10b5e51e7cf5,Unicorns of Love Sexy Edition,oe:team:6a060bd74c9041bf0aa89adf9d15d12,Jayce,Vi,Xayah,Annie,Malphite,Sion,,,,,,1439,1,5,3,8,26,7,1.0,0.0,0.0,0.0,0.0,0.0,0.0,0.0,1.0841,1.376,,,,,,,,,,,,,,,,,,,,,0.0,0.0,,,,,,,,0.0,0.0,21065.0,878.3183,0.271628,504.1835,409.9514,10.0,0.417,1.0,0.0417,2.0,20.0,0.8339,11281,8070,336.4837,0.207322,7950.0,,,209.0,186.0,23.0,,,8.7144,3078.0,4559.0,80.0,3376.0,5258.0,78.0,-298.0,-699.0,2.0,0.0,0.0,1.0,1.0,0.0,0.0,4718.0,6886.0,124.0,5736.0,8580.0,131.0,-1018.0,-1694.0,-7.0,0.0,0.0,2.0,2.0,0.0,0.0,7989.0,10708.0,183.0,7398.0,10399.0,170.0,591.0,309.0,13.0,3.0,1.0,3.0,2.0,2.0,1.0,,,,,,,,,,,,,,,
ESPORTSTMNT05_3222353,complete,,EM,2023,Spring,0,2023-04-14 17:04:01,1,13.06,7,Red,jng,Peach,oe:player:53841c6e42a6ce77b6f3b80133c9342,Unicorns of Love Sexy Edition,oe:team:6a060bd74c9041bf0aa89adf9d15d12,Sejuani,Vi,Xayah,Annie,Malphite,Sion,,,,,,1439,1,6,1,11,26,7,0.0,0.0,0.0,0.0,1.0,1.0,0.0,0.0,1.0841,1.376,,,,,,,,,,,,,,,,,,,,,1.0,0.0,,,,,,,,1.0,0.0,10163.0,423.7526,0.131049,1189.6178,1472.8978,4.0,0.1668,7.0,0.2919,2.0,28.0,1.1675,11217,8006,333.8151,0.205678,7150.0,,,168.0,43.0,125.0,,,7.0049,3748.0,3789.0,71.0,2787.0,2872.0,54.0,961.0,917.0,17.0,1.0,0.0,0.0,0.0,0.0,1.0,6658.0,6598.0,113.0,4548.0,5001.0,82.0,2110.0,1597.0,31.0,4.0,2.0,0.0,1.0,1.0,3.0,8754.0,8793.0,144.0,6423.0,6744.0,100.0,2331.0,2049.0,44.0,5.0,2.0,1.0,2.0,2.0,4.0,,,,,,,,,,,,,,,
ESPORTSTMNT05_3222353,complete,,EM,2023,Spring,0,2023-04-14 17:04:01,1,13.06,8,Red,mid,Mask,oe:player:4a18312b5b75f549d5551e5912ad6eb,Unicorns of Love Sexy Edition,oe:team:6a060bd74c9041bf0aa89adf9d15d12,Sylas,Vi,Xayah,Annie,Malphite,Sion,,,,,,1439,1,6,2,13,26,7,2.0,0.0,0.0,0.0,0.0,0.0,0.0,0.0,1.0841,1.376,,,,,,,,,,,,,,,,,,,,,0.0,0.0,,,,,,,,1.0,0.0,23146.0,965.0869,0.298462,753.1063,552.9673,6.0,0.2502,9.0,0.3753,2.0,42.0,1.7512,13570,10359,431.9249,0.266129,10250.0,,,231.0,230.0,1.0,,,9.6317,3573.0,5072.0,91.0,2799.0,3922.0,69.0,774.0,1150.0,22.0,0.0,0.0,0.0,0.0,0.0,0.0,5863.0,7572.0,136.0,4412.0,6299.0,108.0,1451.0,1273.0,28.0,1.0,4.0,2.0,0.0,2.0,1.0,9611.0,11510.0,204.0,6017.0,8482.0,133.0,3594.0,3028.0,71.0,1.0,6.0,2.0,1.0,3.0,2.0,,,,,,,,,,,,,,,
ESPORTSTMNT05_3222353,complete,,EM,2023,Spring,0,2023-04-14 17:04:01,1,13.06,9,Red,bot,Fun K3y,oe:player:9ea5afea85321b13df74acb62bfb530,Unicorns of Love Sexy Edition,oe:team:6a060bd74c9041bf0aa89adf9d15d12,Jinx,Vi,Xayah,Annie,Malphite,Sion,,,,,,1439,1,9,0,7,26,7,1.0,0.0,0.0,0.0,0.0,0.0,0.0,0.0,1.0841,1.376,,,,,,,,,,,,,,,,,,,,,0.0,0.0,,,,,,,,1.0,0.0,19531.0,814.3572,0.251847,394.107,219.3607,10.0,0.417,8.0,0.3336,3.0,35.0,1.4593,12174,8963,373.7179,0.230264,8425.0,,,215.0,194.0,21.0,,,8.9646,3627.0,3357.0,98.0,3393.0,3332.0,94.0,234.0,25.0,4.0,0.0,0.0,0.0,0.0,0.0,0.0,6165.0,5076.0,140.0,5497.0,5998.0,148.0,668.0,-922.0,-8.0,2.0,2.0,0.0,1.0,0.0,1.0,8511.0,7808.0,181.0,7587.0,8106.0,182.0,924.0,-298.0,-1.0,3.0,3.0,0.0,2.0,2.0,3.0,,,,,,,,,,,,,,,
ESPORTSTMNT05_3222353,complete,,EM,2023,Spring,0,2023-04-14 17:04:01,1,13.06,10,Red,sup,Lekcyc,oe:player:74f3f60a44ee916ecc257a5381be756,Unicorns of Love Sexy Edition,oe:team:6a060bd74c9041bf0aa89adf9d15d12,Braum,Vi,Xayah,Annie,Malphite,Sion,,,,,,1439,1,0,1,14,26,7,0.0,0.0,0.0,0.0,0.0,0.0,0.0,0.0,1.0841,1.376,,,,,,,,,,,,,,,,,,,,,0.0,0.0,,,,,,,,0.0,0.0,3646.0,152.0222,0.0470142,459.4441,473.9124,28.0,1.1675,4.0,0.1668,6.0,55.0,2.2933,6738,3527,147.0605,0.0906079,5900.0,,,26.0,26.0,0.0,,,1.0841,2297.0,2843.0,14.0,2122.0,2688.0,14.0,175.0,155.0,0.0,0.0,0.0,0.0,0.0,0.0,0.0,3755.0,4261.0,24.0,3106.0,3934.0,19.0,649.0,327.0,5.0,0.0,4.0,0.0,0.0,1.0,2.0,5082.0,4992.0,26.0,4172.0,5561.0,28.0,910.0,-569.0,-2.0,0.0,5.0,1.0,0.0,3.0,2.0,,,,,,,,,,,,,,,
ESPORTSTMNT05_3222353,complete,,EM,2023,Spring,0,2023-04-14 17:04:01,1,13.06,100,Blue,team,,,Orbit Anonymo Esports,oe:team:f9f16e15a84c85d050aa09b4a21c757,,Fiora,Lee Sin,Maokai,Varus,Zeri,Wukong,Kai'Sa,Nautilus,Gnar,Aurelion Sol,1439,0,7,26,12,7,26,0.0,0.0,0.0,0.0,0.0,,,,0.2919,1.376,0.0,1.0,2.0,1.0,2.0,1.0,0.0,0.0,0.0,0.0,0.0,,0.0,0.0,0.0,0.0,2.0,,,0.0,0.0,1.0,0.0,0.0,11.0,0.0,0.0,2.0,10.0,0.0,3.0,48107.0,2005.8513,,3817.1091,2831.0493,57.0,2.3767,16.0,0.6671,15.0,108.0,4.5031,35301,19245,802.4322,,34358.0,-0.143639,-3.83,,574.0,87.0,,,27.5608,14477.0,18072.0,309.0,16323.0,19620.0,354.0,-1846.0,-1548.0,-45.0,1.0,0.0,1.0,1.0,0.0,1.0,23299.0,29812.0,488.0,27159.0,30393.0,537.0,-3860.0,-581.0,-49.0,4.0,4.0,7.0,7.0,12.0,4.0,31597.0,39292.0,613.0,39947.0,43811.0,738.0,-8350.0,-4519.0,-125.0,7.0,12.0,12.0,12.0,17.0,7.0,,,,,,,,,,,,,,,
ESPORTSTMNT05_3222353,complete,,EM,2023,Spring,0,2023-04-14 17:04:01,1,13.06,200,Red,team,,,Unicorns of Love Sexy Edition,oe:team:6a060bd74c9041bf0aa89adf9d15d12,,Vi,Xayah,Annie,Malphite,Sion,Sejuani,Jayce,Braum,Jinx,Sylas,1439,1,26,7,53,26,7,4.0,0.0,0.0,0.0,1.0,,,,1.0841,1.376,1.0,2.0,1.0,2.0,1.0,0.0,0.0,1.0,0.0,0.0,1.0,,0.0,0.0,1.0,2.0,0.0,,,1.0,1.0,0.0,1.0,11.0,0.0,1.0,1.0,10.0,2.0,3.0,0.0,77551.0,3233.5372,,3300.4587,3129.0896,58.0,2.4183,29.0,1.2092,15.0,180.0,7.5052,54980,38924,1622.9604,,39675.0,0.143639,3.83,,679.0,170.0,,,35.3996,16323.0,19620.0,354.0,14477.0,18072.0,309.0,1846.0,1548.0,45.0,1.0,0.0,1.0,1.0,0.0,1.0,27159.0,30393.0,537.0,23299.0,29812.0,488.0,3860.0,581.0,49.0,7.0,12.0,4.0,4.0,4.0,7.0,39947.0,43811.0,738.0,31597.0,39292.0,613.0,8350.0,4519.0,125.0,12.0,17.0,7.0,7.0,12.0,12.0,,,,,,,,,,,,,,,
ESPORTSTMNT05_3223072,complete,,EM,2023,Spring,0,2023-04-14 17:09:17,1,13.06,1,Blue,top,Marky,oe:player:197e012fb5163375e24dbbfdae34911,Movistar KOI,oe:team:4acc40654379b4da680be1bd3129dfa,Gwen,Aphelios,Vi,Annie,Viego,Sylas,,,,,,1771,0,6,7,6,23,35,0.0,0.0,0.0,0.0,0.0,0.0,0.0,0.0,0.7792,1.965,,,,,,,,,,,,,,,,,,,,,0.0,0.0,,,,,,,,0.0,0.0,22228.0,753.0661,0.264613,1110.7962,917.4816,9.0,0.3049,6.0,0.2033,4.0,29.0,0.9825,11144,7256,245.8272,0.211429,10860.0,,,174.0,174.0,0.0,,,5.895,2929.0,3731.0,46.0,3584.0,4371.0,79.0,-655.0,-640.0,-33.0,1.0,1.0,1.0,1.0,0.0,2.0,4708.0,6721.0,85.0,6547.0,7440.0,133.0,-1839.0,-719.0,-48.0,1.0,3.0,2.0,2.0,0.0,3.0,6699.0,9027.0,130.0,8947.0,10369.0,184.0,-2248.0,-1342.0,-54.0,1.0,3.0,2.0,3.0,2.0,3.0,9458.0,11515.0,157.0,12330.0,14581.0,217.0,-2872.0,-3066.0,-60.0,5.0,5.0,4.0,7.0,7.0,4.0
ESPORTSTMNT05_3223072,complete,,EM,2023,Spring,0,2023-04-14 17:09:17,1,13.06,2,Blue,jng,ISMA,oe:player:5450c7731de19c131ce20ea74933cc2,Movistar KOI,oe:team:4acc40654379b4da680be1bd3129dfa,Xin Zhao,Aphelios,Vi,Annie,Viego,Sylas,,,,,,1771,0,10,6,8,23,35,1.0,0.0,0.0,0.0,1.0,1.0,0.0,0.0,0.7792,1.965,,,,,,,,,,,,,,,,,,,,,0.0,2.0,,,,,,,,0.0,0.0,22342.0,756.9283,0.26597,1313.2242,952.8854,5.0,0.1694,8.0,0.271,4.0,30.0,1.0164,13466,9578,324.4946,0.279092,13250.0,,,164.0,56.0,108.0,,,5.5562,4366.0,2982.0,50.0,3355.0,3017.0,57.0,1011.0,-35.0,-7.0,4.0,1.0,1.0,0.0,7.0,3.0,7248.0,5864.0,90.0,5190.0,4990.0,82.0,2058.0,874.0,8.0,7.0,1.0,2.0,1.0,9.0,3.0,9100.0,7899.0,120.0,6853.0,7496.0,115.0,2247.0,403.0,5.0,7.0,2.0,3.0,1.0,11.0,4.0,12070.0,10442.0,139.0,9101.0,10904.0,125.0,2969.0,-462.0,14.0,10.0,7.0,5.0,3.0,15.0,6.0
ESPORTSTMNT05_3223072,complete,,EM,2023,Spring,0,2023-04-14 17:09:17,1,13.06,3,Blue,mid,Fresskowy,oe:player:cda093b28f577696b82604fb20037ad,Movistar KOI,oe:team:4acc40654379b4da680be1bd3129dfa,Gragas,Aphelios,Vi,Annie,Viego,Sylas,,,,,,1771,0,4,5,10,23,35,0.0,0.0,0.0,0.0,0.0,0.0,0.0,0.0,0.7792,1.965,,,,,,,,,,,,,,,,,,,,,0.0,0.0,,,,,,,,0.0,1.0,20039.0,678.9046,0.238554,849.0119,787.284,13.0,0.4404,2.0,0.0678,3.0,27.0,0.9147,11424,7536,255.3134,0.219588,10625.0,,,202.0,190.0,12.0,,,6.8436,3413.0,4416.0,74.0,3741.0,4324.0,71.0,-328.0,92.0,3.0,1.0,2.0,2.0,2.0,3.0,1.0,5760.0,7130.0,121.0,5855.0,7323.0,117.0,-95.0,-193.0,4.0,2.0,3.0,2.0,2.0,5.0,2.0,8196.0,10066.0,163.0,8007.0,9776.0,166.0,189.0,290.0,-3.0,2.0,4.0,2.0,3.0,6.0,2.0,10246.0,12236.0,183.0,11323.0,13659.0,204.0,-1077.0,-1423.0,-21.0,4.0,9.0,4.0,5.0,10.0,3.0
ESPORTSTMNT05_3223072,complete,,EM,2023,Spring,0,2023-04-14 17:09:17,1,13.06,4,Blue,bot,Supa,oe:player:1223a0ed2bfab9b714c72d965df8133,Movistar KOI,oe:team:4acc40654379b4da680be1bd3129dfa,Xayah,Aphelios,Vi,Annie,Viego,Sylas,,,,,,1771,0,2,7,10,23,35,0.0,0.0,0.0,0.0,1.0,0.0,1.0,0.0,0.7792,1.965,,,,,,,,,,,,,,,,,,,,,0.0,0.0,,,,,,,,0.0,0.0,14515.0,491.7561,0.172794,691.6431,316.3636,7.0,0.2372,8.0,0.271,0.0,28.0,0.9486,10786,6898,233.6985,0.200997,10100.0,,,232.0,195.0,37.0,,,7.86,3410.0,2902.0,71.0,5336.0,3816.0,78.0,-1926.0,-914.0,-7.0,1.0,3.0,0.0,4.0,1.0,1.0,5430.0,5557.0,124.0,7933.0,5676.0,118.0,-2503.0,-119.0,6.0,1.0,5.0,1.0,6.0,2.0,2.0,7754.0,7799.0,173.0,10162.0,8210.0,167.0,-2408.0,-411.0,6.0,2.0,5.0,2.0,6.0,3.0,2.0,9161.0,10118.0,199.0,13259.0,11725.0,205.0,-4098.0,-1607.0,-6.0,2.0,9.0,5.0,9.0,5.0,4.0
ESPORTSTMNT05_3223072,complete,,EM,2023,Spring,0,2023-04-14 17:09:17,1,13.06,5,Blue,sup,Alvaro,oe:player:f5bf9bd732b85e4dcab5121e4769ae4,Movistar KOI,oe:team:4acc40654379b4da680be1bd3129dfa,Braum,Aphelios,Vi,Annie,Viego,Sylas,,,,,,1771,0,1,10,13,23,35,0.0,0.0,0.0,0.0,1.0,0.0,1.0,0.0,0.7792,1.965,,,,,,,,,,,,,,,,,,,,,0.0,0.0,,,,,,,,0.0,0.0,4878.0,165.2626,0.05807,676.3975,688.7973,38.0,1.2874,3.0,0.1016,12.0,72.0,2.4393,6939,3051,103.3653,0.0888941,6625.0,,,27.0,27.0,0.0,,,0.9147,2276.0,2330.0,12.0,2083.0,1921.0,6.0,193.0,409.0,6.0,0.0,4.0,3.0,0.0,5.0,0.0,3248.0,3339.0,16.0,3372.0,3476.0,19.0,-124.0,-137.0,-3.0,0.0,6.0,4.0,0.0,7.0,1.0,4498.0,4696.0,25.0,5028.0,4859.0,23.0,-530.0,-163.0,2.0,0.0,6.0,5.0,1.0,8.0,1.0,5644.0,6622.0,25.0,6777.0,7612.0,26.0,-1133.0,-990.0,-1.0,0.0,12.0,8.0,2.0,12.0,4.0
ESPORTSTMNT05_3223072,complete,,EM,2023,Spring,0,2023-04-14 17:09:17,1,13.06,6,Red,top,Lot,oe:player:eeec6c7a9d2b475c23650b202208b89,Aegis,oe:team:e3a29387c70230d76837b86c2aefd14,Jayce,Rakan,Jinx,Sejuani,Nautilus,Leona,,,,,,1771,1,7,4,13,35,23,0.0,0.0,0.0,0.0,0.0,0.0,0.0,0.0,1.1858,1.965,,,,,,,,,,,,,,,,,,,,,0.0,0.0,,,,,,,,0.0,0.0,32594.0,1104.2575,0.296471,842.3377,553.3484,7.0,0.2372,9.0,0.3049,2.0,32.0,1.0841,14787,10899,369.249,0.227876,12400.0,,,247.0,235.0,12.0,,,8.3682,3584.0,4371.0,79.0,2929.0,3731.0,46.0,655.0,640.0,33.0,1.0,0.0,2.0,1.0,1.0,1.0,6547.0,7440.0,133.0,4708.0,6721.0,85.0,1839.0,719.0,48.0,2.0,0.0,3.0,1.0,3.0,2.0,8947.0,10369.0,184.0,6699.0,9027.0,130.0,2248.0,1342.0,54.0,3.0,2.0,3.0,1.0,3.0,2.0,12330.0,14581.0,217.0,9458.0,11515.0,157.0,2872.0,3066.0,60.0,7.0,7.0,4.0,5.0,5.0,4.0
ESPORTSTMNT05_3223072,complete,,EM,2023,Spring,0,2023-04-14 17:09:17,1,13.06,7,Red,jng,SkewMond,oe:player:ab15060e5225b51592cd04b3aed1e09,Aegis,oe:team:e3a29387c70230d76837b86c2aefd14,Nunu & Willump,Rakan,Jinx,Sejuani,Nautilus,Leona,,,,,,1771,1,3,7,22,35,23,1.0,0.0,0.0,0.0,0.0,0.0,0.0,1.0,1.1858,1.965,,,,,,,,,,,,,,,,,,,,,2.0,0.0,,,,,,,,0.0,0.0,12417.0,420.6776,0.112943,1405.8498,1614.4438,4.0,0.1355,7.0,0.2372,3.0,33.0,1.118,11407,7519,254.7374,0.157204,11325.0,,,148.0,22.0,126.0,,,5.0141,3355.0,3017.0,57.0,4366.0,2982.0,50.0,-1011.0,35.0,7.0,0.0,7.0,3.0,4.0,1.0,1.0,5190.0,4990.0,82.0,7248.0,5864.0,90.0,-2058.0,-874.0,-8.0,1.0,9.0,3.0,7.0,1.0,2.0,6853.0,7496.0,115.0,9100.0,7899.0,120.0,-2247.0,-403.0,-5.0,1.0,11.0,4.0,7.0,2.0,3.0,9101.0,10904.0,125.0,12070.0,10442.0,139.0,-2969.0,462.0,-14.0,3.0,15.0,6.0,10.0,7.0,5.0
ESPORTSTMNT05_3223072,complete,,EM,2023,Spring,0,2023-04-14 17:09:17,1,13.06,8,Red,mid,Eika,oe:player:adfab52b74587bc5acc4201c140451a,Aegis,oe:team:e3a29387c70230d76837b86c2aefd14,Malphite,Rakan,Jinx,Sejuani,Nautilus,Leona,,,,,,1771,1,10,3,14,35,23,1.0,1.0,0.0,0.0,0.0,0.0,0.0,0.0,1.1858,1.965,,,,,,,,,,,,,,,,,,,,,0.0,0.0,,,,,,,,1.0,0.0,33960.0,1150.5364,0.308896,583.5008,789.3506,14.0,0.4743,3.0,0.1016,3.0,31.0,1.0503,15575,11687,395.9458,0.244352,13525.0,,,237.0,229.0,8.0,,,8.0294,3741.0,4324.0,71.0,3413.0,4416.0,74.0,328.0,-92.0,-3.0,2.0,3.0,1.0,1.0,2.0,2.0,5855.0,7323.0,117.0,5760.0,7130.0,121.0,95.0,193.0,-4.0,2.0,5.0,2.0,2.0,3.0,2.0,8007.0,9776.0,166.0,8196.0,10066.0,163.0,-189.0,-290.0,3.0,3.0,6.0,2.0,2.0,4.0,2.0,11323.0,13659.0,204.0,10246.0,12236.0,183.0,1077.0,1423.0,21.0,5.0,10.0,3.0,4.0,9.0,4.0
ESPORTSTMNT05_3223072,complete,,EM,2023,Spring,0,2023-04-14 17:09:17,1,13.06,9,Red,bot,Shiganari,oe:player:90704735ca9fc01f2244f23f6e5d635,Aegis,oe:team:e3a29387c70230d76837b86c2aefd14,Draven,Rakan,Jinx,Sejuani,Nautilus,Leona,,,,,,1771,1,13,4,6,35,23,3.0,2.0,0.0,0.0,0.0,0.0,0.0,0.0,1.1858,1.965,,,,,,,,,,,,,,,,,,,,,0.0,0.0,,,,,,,,0.0,0.0,24719.0,837.4591,0.224841,446.1208,377.6172,12.0,0.4065,11.0,0.3727,4.0,31.0,1.0503,16938,13050,442.1231,0.27285,13500.0,,,230.0,216.0,14.0,,,7.7922,5336.0,3816.0,78.0,3410.0,2902.0,71.0,1926.0,914.0,7.0,4.0,1.0,1.0,1.0,3.0,0.0,7933.0,5676.0,118.0,5430.0,5557.0,124.0,2503.0,119.0,-6.0,6.0,2.0,2.0,1.0,5.0,1.0,10162.0,8210.0,167.0,7754.0,7799.0,173.0,2408.0,411.0,-6.0,6.0,3.0,2.0,2.0,5.0,2.0,13259.0,11725.0,205.0,9161.0,10118.0,199.0,4098.0,1607.0,6.0,9.0,5.0,4.0,2.0,9.0,5.0
ESPORTSTMNT05_3223072,complete,,EM,2023,Spring,0,2023-04-14 17:09:17,1,13.06,10,Red,sup,Hantera,oe:player:de1fb222dafded7d06b10df578fdd0e,Aegis,oe:team:e3a29387c70230d76837b86c2aefd14,Blitzcrank,Rakan,Jinx,Sejuani,Nautilus,Leona,,,,,,1771,1,2,5,17,35,23,0.0,0.0,0.0,0.0,0.0,0.0,0.0,0.0,1.1858,1.965,,,,,,,,,,,,,,,,,,,,,0.0,0.0,,,,,,,,0.0,0.0,6250.0,211.7448,0.0568492,624.8334,416.1378,31.0,1.0503,6.0,0.2033,10.0,64.0,2.1683,8562,4674,158.3512,0.0977184,7475.0,,,27.0,27.0,0.0,,,0.9147,2083.0,1921.0,6.0,2276.0,2330.0,12.0,-193.0,-409.0,-6.0,0.0,5.0,0.0,0.0,4.0,3.0,3372.0,3476.0,19.0,3248.0,3339.0,16.0,124.0,137.0,3.0,0.0,7.0,1.0,0.0,6.0,4.0,5028.0,4859.0,23.0,4498.0,4696.0,25.0,530.0,163.0,-2.0,1.0,8.0,1.0,0.0,6.0,5.0,6777.0,7612.0,26.0,5644.0,6622.0,25.0,1133.0,990.0,1.0,2.0,12.0,4.0,0.0,12.0,8.0
ESPORTSTMNT05_3223072,complete,,EM,2023,Spring,0,2023-04-14 17:09:17,1,13.06,100,Blue,team,,,Movistar KOI,oe:team:4acc40654379b4da680be1bd3129dfa,,Aphelios,Vi,Annie,Viego,Sylas,Xayah,Xin Zhao,Gragas,Gwen,Braum,1771,0,23,35,47,23,35,1.0,0.0,0.0,0.0,1.0,,,,0.7792,1.965,0.0,2.0,2.0,2.0,2.0,0.0,0.0,0.0,1.0,0.0,1.0,,0.0,0.0,1.0,2.0,0.0,,,0.0,0.0,2.0,0.0,6.0,8.0,1.0,1.0,4.0,6.0,0.0,1.0,84002.0,2845.9176,,4641.0728,3662.812,72.0,2.4393,27.0,0.9147,23.0,186.0,6.3015,53759,34317,1162.6313,,51460.0,-0.123353,-1.89,,642.0,157.0,,,27.0695,16394.0,16361.0,253.0,18099.0,17449.0,291.0,-1705.0,-1088.0,-38.0,7.0,11.0,7.0,7.0,16.0,7.0,26394.0,28611.0,436.0,28897.0,28905.0,469.0,-2503.0,-294.0,-33.0,11.0,18.0,11.0,11.0,23.0,11.0,36247.0,39487.0,611.0,38997.0,40710.0,655.0,-2750.0,-1223.0,-44.0,12.0,20.0,14.0,14.0,30.0,12.0,46579.0,50933.0,703.0,52790.0,58481.0,777.0,-6211.0,-7548.0,-74.0,21.0,42.0,26.0,26.0,49.0,21.0
ESPORTSTMNT05_3223072,complete,,EM,2023,Spring,0,2023-04-14 17:09:17,1,13.06,200,Red,team,,,Aegis,oe:team:e3a29387c70230d76837b86c2aefd14,,Rakan,Jinx,Sejuani,Nautilus,Leona,Jayce,Draven,Blitzcrank,Malphite,Nunu & Willump,1771,1,35,23,72,35,23,5.0,3.0,0.0,0.0,0.0,,,,1.1858,1.965,1.0,2.0,2.0,2.0,2.0,1.0,0.0,0.0,0.0,0.0,1.0,,0.0,0.0,0.0,0.0,2.0,,,1.0,2.0,0.0,1.0,8.0,6.0,0.0,0.0,6.0,4.0,1.0,0.0,109940.0,3724.6753,,3902.6426,3750.8978,68.0,2.3038,36.0,1.2196,22.0,191.0,6.4709,67269,47827,1620.3388,,58225.0,0.123353,1.89,,729.0,160.0,,,30.1186,18099.0,17449.0,291.0,16394.0,16361.0,253.0,1705.0,1088.0,38.0,7.0,16.0,7.0,7.0,11.0,7.0,28897.0,28905.0,469.0,26394.0,28611.0,436.0,2503.0,294.0,33.0,11.0,23.0,11.0,11.0,18.0,11.0,38997.0,40710.0,655.0,36247.0,39487.0,611.0,2750.0,1223.0,44.0,14.0,30.0,12.0,12.0,20.0,14.0,52790.0,58481.0,777.0,46579.0,50933.0,703.0,6211.0,7548.0,74.0,26.0,49.0,21.0,21.0,42.0,26.0
ESPORTSTMNT05_3222357,complete,,EM,2023,Spring,0,2023-04-14 17:52:00,1,13.06,1,Blue,top,Kryze,oe:player:75414f3b4f03bf449c319eb75f3dd5b,LDLC OL,oe:team:e31c6dcc465e0b94500ef023f42cdc1,Gnar,Maokai,Vi,Gragas,Malphite,Taliyah,,,,,,1761,1,4,2,4,18,12,1.0,0.0,0.0,0.0,0.0,0.0,0.0,1.0,0.6133,1.0221,,,,,,,,,,,,,,,,,,,,,0.0,0.0,,,,,,,,0.0,0.0,14884.0,507.121,0.219671,449.8467,474.7189,12.0,0.4089,3.0,0.1022,3.0,21.0,0.7155,13193,9325,317.7172,0.226897,11258.0,,,240.0,216.0,24.0,,,8.1772,3200.0,4687.0,80.0,3570.0,4705.0,83.0,-370.0,-18.0,-3.0,0.0,0.0,1.0,1.0,0.0,0.0,5506.0,7028.0,119.0,5795.0,7091.0,122.0,-289.0,-63.0,-3.0,0.0,0.0,2.0,2.0,1.0,1.0,8444.0,10022.0,172.0,8143.0,10171.0,175.0,301.0,-149.0,-3.0,2.0,0.0,2.0,3.0,2.0,1.0,11252.0,13891.0,229.0,10444.0,13221.0,227.0,808.0,670.0,2.0,3.0,0.0,2.0,3.0,3.0,1.0
ESPORTSTMNT05_3222357,complete,,EM,2023,Spring,0,2023-04-14 17:52:00,1,13.06,2,Blue,jng,White,oe:player:41ea0ed55fe655184c9073085b85eea,LDLC OL,oe:team:e31c6dcc465e0b94500ef023f42cdc1,Jarvan IV,Maokai,Vi,Gragas,Malphite,Taliyah,,,,,,1761,1,0,2,16,18,12,0.0,0.0,0.0,0.0,0.0,0.0,0.0,0.0,0.6133,1.0221,,,,,,,,,,,,,,,,,,,,,2.0,0.0,,,,,,,,0.0,0.0,6329.0,215.6388,0.0934087,686.4055,987.2913,9.0,0.3066,10.0,0.3407,9.0,45.0,1.5332,9828,5960,203.0664,0.145019,7925.0,,,136.0,17.0,119.0,,,4.6337,2897.0,3251.0,58.0,3161.0,3446.0,61.0,-264.0,-195.0,-3.0,0.0,0.0,0.0,0.0,0.0,0.0,4355.0,4922.0,82.0,5826.0,5820.0,92.0,-1471.0,-898.0,-10.0,0.0,1.0,1.0,2.0,1.0,0.0,5931.0,7194.0,106.0,7793.0,8299.0,125.0,-1862.0,-1105.0,-19.0,0.0,4.0,1.0,3.0,3.0,1.0,7896.0,9523.0,122.0,9889.0,9952.0,143.0,-1993.0,-429.0,-21.0,0.0,7.0,1.0,4.0,3.0,2.0
ESPORTSTMNT05_3222357,complete,,EM,2023,Spring,0,2023-04-14 17:52:00,1,13.06,3,Blue,mid,Backlund,oe:player:bd0655defa1f5f33c2c8ac34cfd9d36,LDLC OL,oe:team:e31c6dcc465e0b94500ef023f42cdc1,Syndra,Maokai,Vi,Gragas,Malphite,Taliyah,,,,,,1761,1,8,4,5,18,12,1.0,0.0,0.0,0.0,0.0,0.0,0.0,0.0,0.6133,1.0221,,,,,,,,,,,,,,,,,,,,,0.0,0.0,,,,,,,,0.0,0.0,26048.0,887.4957,0.384438,450.1193,257.9216,10.0,0.3407,3.0,0.1022,1.0,38.0,1.2947,14397,10529,358.7394,0.256193,12325.0,,,266.0,261.0,5.0,,,9.063,3739.0,5190.0,100.0,2821.0,4346.0,70.0,918.0,844.0,30.0,0.0,0.0,0.0,0.0,0.0,0.0,6579.0,8237.0,149.0,4582.0,6609.0,101.0,1997.0,1628.0,48.0,2.0,0.0,1.0,0.0,2.0,1.0,8887.0,11555.0,206.0,6193.0,9127.0,145.0,2694.0,2428.0,61.0,3.0,0.0,1.0,0.0,5.0,2.0,11206.0,14302.0,238.0,7898.0,10863.0,179.0,3308.0,3439.0,59.0,4.0,2.0,2.0,0.0,6.0,3.0
ESPORTSTMNT05_3222357,complete,,EM,2023,Spring,0,2023-04-14 17:52:00,1,13.06,4,Blue,bot,Jeskla,oe:player:71b8101d78beb04a089caa90a8d9310,LDLC OL,oe:team:e31c6dcc465e0b94500ef023f42cdc1,Zeri,Maokai,Vi,Gragas,Malphite,Taliyah,,,,,,1761,1,4,2,7,18,12,1.0,1.0,0.0,0.0,0.0,0.0,0.0,0.0,0.6133,1.0221,,,,,,,,,,,,,,,,,,,,,0.0,0.0,,,,,,,,0.0,0.0,15947.0,543.339,0.235359,329.3697,421.9421,18.0,0.6133,8.0,0.2726,7.0,59.0,2.0102,14290,10422,355.0937,0.253589,13025.0,,,289.0,259.0,30.0,,,9.8467,3161.0,3321.0,85.0,3314.0,3250.0,90.0,-153.0,71.0,-5.0,0.0,0.0,0.0,0.0,0.0,0.0,5965.0,6095.0,148.0,4887.0,5049.0,130.0,1078.0,1046.0,18.0,0.0,1.0,1.0,0.0,1.0,1.0,7895.0,8355.0,189.0,6861.0,6851.0,166.0,1034.0,1504.0,23.0,0.0,2.0,2.0,1.0,3.0,2.0,11092.0,11455.0,246.0,9075.0,9759.0,219.0,2017.0,1696.0,27.0,1.0,4.0,2.0,1.0,3.0,2.0
ESPORTSTMNT05_3222357,complete,,EM,2023,Spring,0,2023-04-14 17:52:00,1,13.06,5,Blue,sup,Zoelys,oe:player:fa22d396503a5a737f2f169943d7241,LDLC OL,oe:team:e31c6dcc465e0b94500ef023f42cdc1,Rakan,Maokai,Vi,Gragas,Malphite,Taliyah,,,,,,1761,1,2,2,13,18,12,0.0,0.0,0.0,0.0,0.0,0.0,0.0,0.0,0.6133,1.0221,,,,,,,,,,,,,,,,,,,,,0.0,0.0,,,,,,,,2.0,0.0,4548.0,154.9574,0.0671232,271.5503,425.7922,77.0,2.6235,20.0,0.6814,15.0,145.0,4.9404,8730,4862,165.6559,0.118302,7775.0,,,40.0,40.0,0.0,,,1.3629,2175.0,2523.0,16.0,2172.0,2505.0,14.0,3.0,18.0,2.0,0.0,0.0,0.0,0.0,0.0,0.0,3919.0,3892.0,27.0,3284.0,3309.0,14.0,635.0,583.0,13.0,1.0,1.0,0.0,1.0,1.0,0.0,4981.0,4429.0,33.0,4552.0,4284.0,21.0,429.0,145.0,12.0,1.0,2.0,2.0,1.0,4.0,0.0,6829.0,6814.0,39.0,5644.0,6248.0,29.0,1185.0,566.0,10.0,1.0,5.0,2.0,1.0,5.0,1.0
ESPORTSTMNT05_3222357,complete,,EM,2023,Spring,0,2023-04-14 17:52:00,1,13.06,6,Red,top,bobista,oe:player:8486d94ef23b38c67c76b647613d881,eSuba,oe:team:3faefd9245a4ef6ba347fbcf2a51515,K'Sante,Annie,Sejuani,Wukong,LeBlanc,Veigar,,,,,,1761,0,3,3,5,12,18,0.0,0.0,0.0,0.0,1.0,1.0,0.0,0.0,0.4089,1.0221,,,,,,,,,,,,,,,,,,,,,0.0,0.0,,,,,,,,0.0,0.0,9587.0,326.644,0.266372,680.0341,802.5213,12.0,0.4089,6.0,0.2044,1.0,27.0,0.9199,11878,8010,272.9131,0.259425,12525.0,,,257.0,253.0,4.0,,,8.7564,3570.0,4705.0,83.0,3200.0,4687.0,80.0,370.0,18.0,3.0,1.0,0.0,0.0,0.0,0.0,1.0,5795.0,7091.0,122.0,5506.0,7028.0,119.0,289.0,63.0,3.0,2.0,1.0,1.0,0.0,0.0,2.0,8143.0,10171.0,175.0,8444.0,10022.0,172.0,-301.0,149.0,3.0,3.0,2.0,1.0,2.0,0.0,2.0,10444.0,13221.0,227.0,11252.0,13891.0,229.0,-808.0,-670.0,-2.0,3.0,3.0,1.0,3.0,0.0,2.0
ESPORTSTMNT05_3222357,complete,,EM,2023,Spring,0,2023-04-14 17:52:00,1,13.06,7,Red,jng,TynX,oe:player:36607221f848a15f6a1f11961027d7c,eSuba,oe:team:3faefd9245a4ef6ba347fbcf2a51515,Viego,Annie,Sejuani,Wukong,LeBlanc,Veigar,,,,,,1761,0,5,3,4,12,18,0.0,0.0,0.0,0.0,0.0,0.0,0.0,0.0,0.4089,1.0221,,,,,,,,,,,,,,,,,,,,,0.0,2.0,,,,,,,,0.0,0.0,9014.0,307.121,0.250452,927.8024,599.8978,10.0,0.3407,5.0,0.1704,12.0,33.0,1.1244,11208,7340,250.0852,0.237725,9800.0,,,159.0,24.0,135.0,,,5.4174,3161.0,3446.0,61.0,2897.0,3251.0,58.0,264.0,195.0,3.0,0.0,0.0,0.0,0.0,0.0,0.0,5826.0,5820.0,92.0,4355.0,4922.0,82.0,1471.0,898.0,10.0,2.0,1.0,0.0,0.0,1.0,1.0,7793.0,8299.0,125.0,5931.0,7194.0,106.0,1862.0,1105.0,19.0,3.0,3.0,1.0,0.0,4.0,1.0,9889.0,9952.0,143.0,7896.0,9523.0,122.0,1993.0,429.0,21.0,4.0,3.0,2.0,0.0,7.0,1.0
ESPORTSTMNT05_3222357,complete,,EM,2023,Spring,0,2023-04-14 17:52:00,1,13.06,8,Red,mid,Warszi,oe:player:5a23766ce46653d2b63ac4a40cd61c1,eSuba,oe:team:3faefd9245a4ef6ba347fbcf2a51515,Lissandra,Annie,Sejuani,Wukong,LeBlanc,Veigar,,,,,,1761,0,0,5,8,12,18,0.0,0.0,0.0,0.0,0.0,0.0,0.0,0.0,0.4089,1.0221,,,,,,,,,,,,,,,,,,,,,0.0,0.0,,,,,,,,0.0,0.0,7932.0,270.2555,0.220388,705.2811,502.1806,10.0,0.3407,2.0,0.0681,7.0,16.0,0.5451,9139,5271,179.5911,0.170715,8850.0,,,204.0,200.0,4.0,,,6.9506,2821.0,4346.0,70.0,3739.0,5190.0,100.0,-918.0,-844.0,-30.0,0.0,0.0,0.0,0.0,0.0,0.0,4582.0,6609.0,101.0,6579.0,8237.0,149.0,-1997.0,-1628.0,-48.0,0.0,2.0,1.0,2.0,0.0,1.0,6193.0,9127.0,145.0,8887.0,11555.0,206.0,-2694.0,-2428.0,-61.0,0.0,5.0,2.0,3.0,0.0,1.0,7898.0,10863.0,179.0,11206.0,14302.0,238.0,-3308.0,-3439.0,-59.0,0.0,6.0,3.0,4.0,2.0,2.0
ESPORTSTMNT05_3222357,complete,,EM,2023,Spring,0,2023-04-14 17:52:00,1,13.06,9,Red,bot,DANY,oe:player:f72af12f47362bdec4b0ca91070cf43,eSuba,oe:team:3faefd9245a4ef6ba347fbcf2a51515,Xayah,Annie,Sejuani,Wukong,LeBlanc,Veigar,,,,,,1761,0,3,4,3,12,18,0.0,0.0,0.0,0.0,0.0,0.0,0.0,0.0,0.4089,1.0221,,,,,,,,,,,,,,,,,,,,,0.0,0.0,,,,,,,,0.0,0.0,6593.0,224.6337,0.183185,412.0954,188.1772,11.0,0.3748,5.0,0.1704,3.0,20.0,0.6814,11411,7543,257.0017,0.2443,10075.0,,,249.0,241.0,8.0,,,8.4838,3314.0,3250.0,90.0,3161.0,3321.0,85.0,153.0,-71.0,5.0,0.0,0.0,0.0,0.0,0.0,0.0,4887.0,5049.0,130.0,5965.0,6095.0,148.0,-1078.0,-1046.0,-18.0,0.0,1.0,1.0,0.0,1.0,1.0,6861.0,6851.0,166.0,7895.0,8355.0,189.0,-1034.0,-1504.0,-23.0,1.0,3.0,2.0,0.0,2.0,2.0,9075.0,9759.0,219.0,11092.0,11455.0,246.0,-2017.0,-1696.0,-27.0,1.0,3.0,2.0,1.0,4.0,2.0
ESPORTSTMNT05_3222357,complete,,EM,2023,Spring,0,2023-04-14 17:52:00,1,13.06,10,Red,sup,FGG,oe:player:dcd93cc48ba71890cc0580de524f536,eSuba,oe:team:3faefd9245a4ef6ba347fbcf2a51515,Rell,Annie,Sejuani,Wukong,LeBlanc,Veigar,,,,,,1761,0,1,3,8,12,18,0.0,0.0,0.0,0.0,0.0,0.0,0.0,0.0,0.4089,1.0221,,,,,,,,,,,,,,,,,,,,,0.0,0.0,,,,,,,,0.0,2.0,2865.0,97.615,0.0796032,372.402,310.2896,41.0,1.3969,14.0,0.477,8.0,83.0,2.8279,6580,2712,92.402,0.0878345,6250.0,,,33.0,33.0,0.0,,,1.1244,2172.0,2505.0,14.0,2175.0,2523.0,16.0,-3.0,-18.0,-2.0,0.0,0.0,0.0,0.0,0.0,0.0,3284.0,3309.0,14.0,3919.0,3892.0,27.0,-635.0,-583.0,-13.0,1.0,1.0,0.0,1.0,1.0,0.0,4552.0,4284.0,21.0,4981.0,4429.0,33.0,-429.0,-145.0,-12.0,1.0,4.0,0.0,1.0,2.0,2.0,5644.0,6248.0,29.0,6829.0,6814.0,39.0,-1185.0,-566.0,-10.0,1.0,5.0,1.0,1.0,5.0,2.0
ESPORTSTMNT05_3222357,complete,,EM,2023,Spring,0,2023-04-14 17:52:00,1,13.06,100,Blue,team,,,LDLC OL,oe:team:e31c6dcc465e0b94500ef023f42cdc1,,Maokai,Vi,Gragas,Malphite,Taliyah,Rakan,Jarvan IV,Zeri,Gnar,Syndra,1761,1,18,12,45,18,12,3.0,1.0,0.0,0.0,0.0,,,,0.6133,1.0221,0.0,3.0,1.0,3.0,1.0,0.0,2.0,0.0,0.0,0.0,1.0,,0.0,0.0,0.0,0.0,2.0,,,1.0,2.0,0.0,1.0,10.0,3.0,1.0,1.0,10.0,4.0,2.0,0.0,67756.0,2308.552,,2187.2913,2567.6661,126.0,4.293,44.0,1.4991,35.0,308.0,10.494,60438,41098,1400.2726,,52308.0,0.096345,1.59,,793.0,178.0,,,33.0835,15172.0,18972.0,339.0,15038.0,18252.0,318.0,134.0,720.0,21.0,0.0,0.0,1.0,1.0,0.0,0.0,26324.0,30174.0,525.0,24374.0,27878.0,459.0,1950.0,2296.0,66.0,3.0,3.0,5.0,5.0,6.0,3.0,36138.0,41555.0,706.0,33542.0,38732.0,632.0,2596.0,2823.0,74.0,6.0,8.0,8.0,8.0,17.0,6.0,48275.0,55985.0,874.0,42950.0,50043.0,797.0,5325.0,5942.0,77.0,9.0,18.0,9.0,9.0,20.0,9.0
ESPORTSTMNT05_3222357,complete,,EM,2023,Spring,0,2023-04-14 17:52:00,1,13.06,200,Red,team,,,eSuba,oe:team:3faefd9245a4ef6ba347fbcf2a51515,,Annie,Sejuani,Wukong,LeBlanc,Veigar,Xayah,Viego,Rell,K'Sante,Lissandra,1761,0,12,18,28,12,18,0.0,0.0,0.0,0.0,1.0,,,,0.4089,1.0221,1.0,1.0,3.0,1.0,3.0,1.0,0.0,0.0,0.0,0.0,0.0,,0.0,0.0,1.0,2.0,0.0,,,0.0,0.0,2.0,0.0,3.0,10.0,0.0,0.0,4.0,10.0,0.0,2.0,35991.0,1226.2692,,3097.615,2403.0664,84.0,2.862,32.0,1.0903,31.0,179.0,6.0988,50216,30876,1051.9932,,47500.0,-0.096345,-1.59,,751.0,151.0,,,30.7325,15038.0,18252.0,318.0,15172.0,18972.0,339.0,-134.0,-720.0,-21.0,1.0,0.0,0.0,0.0,0.0,1.0,24374.0,27878.0,459.0,26324.0,30174.0,525.0,-1950.0,-2296.0,-66.0,5.0,6.0,3.0,3.0,3.0,5.0,33542.0,38732.0,632.0,36138.0,41555.0,706.0,-2596.0,-2823.0,-74.0,8.0,17.0,6.0,6.0,8.0,8.0,42950.0,50043.0,797.0,48275.0,55985.0,874.0,-5325.0,-5942.0,-77.0,9.0,20.0,9.0,9.0,18.0,9.0
ESPORTSTMNT05_3223077,complete,,EM,2023,Spring,0,2023-04-14 17:52:11,1,13.06,1,Blue,top,StarScreen,oe:player:1bc0756ba9102abb5a7cd13d2b618aa,FUT Esports,oe:team:8df5e2c8825f60f136b2cbed5633a81,Gragas,Sejuani,Kled,Varus,Gangplank,Nautilus,,,,,,1645,0,0,5,2,8,21,0.0,0.0,0.0,0.0,0.0,0.0,0.0,0.0,0.2918,1.0578,,,,,,,,,,,,,,,,,,,,,0.0,0.0,,,,,,,,0.0,1.0,8774.0,320.0243,0.176585,934.0669,973.2766,7.0,0.2553,4.0,0.1459,2.0,20.0,0.7295,7482,3851,140.462,0.14959,7250.0,,,165.0,165.0,0.0,,,6.0182,3008.0,4629.0,68.0,4200.0,5262.0,93.0,-1192.0,-633.0,-25.0,0.0,0.0,1.0,2.0,1.0,0.0,4625.0,7001.0,110.0,6298.0,7940.0,141.0,-1673.0,-939.0,-31.0,0.0,0.0,1.0,3.0,1.0,0.0,5716.0,8789.0,131.0,8335.0,10695.0,186.0,-2619.0,-1906.0,-55.0,0.0,0.0,2.0,4.0,2.0,0.0,7021.0,10554.0,158.0,11027.0,13944.0,218.0,-4006.0,-3390.0,-60.0,0.0,2.0,3.0,6.0,4.0,0.0
ESPORTSTMNT05_3223077,complete,,EM,2023,Spring,0,2023-04-14 17:52:11,1,13.06,2,Blue,jng,Mojito,oe:player:d92b0904aa4f08f128aa8c6d2775056,FUT Esports,oe:team:8df5e2c8825f60f136b2cbed5633a81,Wukong,Sejuani,Kled,Varus,Gangplank,Nautilus,,,,,,1645,0,4,5,1,8,21,1.0,0.0,0.0,0.0,0.0,0.0,0.0,0.0,0.2918,1.0578,,,,,,,,,,,,,,,,,,,,,0.0,1.0,,,,,,,,0.0,0.0,11705.0,426.9301,0.235575,1057.6778,881.2158,6.0,0.2188,9.0,0.3283,6.0,36.0,1.3131,9748,6117,223.1125,0.237621,9425.0,,,164.0,20.0,144.0,,,5.9818,3565.0,3103.0,67.0,3290.0,3066.0,57.0,275.0,37.0,10.0,1.0,0.0,1.0,0.0,4.0,0.0,5351.0,5106.0,97.0,4603.0,4735.0,82.0,748.0,371.0,15.0,1.0,1.0,2.0,0.0,5.0,0.0,7277.0,7165.0,129.0,6093.0,6934.0,114.0,1184.0,231.0,15.0,2.0,1.0,3.0,0.0,7.0,0.0,9203.0,9145.0,154.0,7871.0,10020.0,132.0,1332.0,-875.0,22.0,4.0,1.0,4.0,0.0,10.0,0.0
ESPORTSTMNT05_3223077,complete,,EM,2023,Spring,0,2023-04-14 17:52:11,1,13.06,3,Blue,mid,Tempt,oe:player:2861898294dd867b05fd28dca284e57,FUT Esports,oe:team:8df5e2c8825f60f136b2cbed5633a81,Lissandra,Sejuani,Kled,Varus,Gangplank,Nautilus,,,,,,1645,0,0,5,4,8,21,0.0,0.0,0.0,0.0,0.0,0.0,0.0,1.0,0.2918,1.0578,,,,,,,,,,,,,,,,,,,,,0.0,0.0,,,,,,,,0.0,0.0,9821.0,358.2128,0.197657,527.4529,336.0,8.0,0.2918,9.0,0.3283,4.0,21.0,0.766,8829,5198,189.5927,0.201919,8900.0,,,237.0,237.0,0.0,,,8.6444,3020.0,3926.0,75.0,4371.0,4700.0,91.0,-1351.0,-774.0,-16.0,0.0,1.0,3.0,3.0,1.0,1.0,4930.0,6991.0,137.0,6091.0,7401.0,145.0,-1161.0,-410.0,-8.0,0.0,1.0,3.0,3.0,2.0,1.0,6620.0,9675.0,184.0,8186.0,10437.0,207.0,-1566.0,-762.0,-23.0,0.0,2.0,3.0,3.0,4.0,1.0,8275.0,11893.0,226.0,10506.0,13722.0,249.0,-2231.0,-1829.0,-23.0,0.0,4.0,4.0,3.0,6.0,2.0
ESPORTSTMNT05_3223077,complete,,EM,2023,Spring,0,2023-04-14 17:52:11,1,13.06,4,Blue,bot,Fatihcan,oe:player:4a8a150d1497b3daa66c2bdaffe2c43,FUT Esports,oe:team:8df5e2c8825f60f136b2cbed5633a81,Xayah,Sejuani,Kled,Varus,Gangplank,Nautilus,,,,,,1645,0,2,4,4,8,21,0.0,0.0,0.0,0.0,0.0,0.0,0.0,0.0,0.2918,1.0578,,,,,,,,,,,,,,,,,,,,,0.0,0.0,,,,,,,,0.0,0.0,13464.0,491.0881,0.270976,427.0395,321.7751,9.0,0.3283,3.0,0.1094,2.0,22.0,0.8024,10729,7098,258.8936,0.275731,10930.0,,,246.0,242.0,4.0,,,8.9726,3998.0,3159.0,84.0,3564.0,3333.0,78.0,434.0,-174.0,6.0,1.0,2.0,1.0,1.0,1.0,1.0,6422.0,5172.0,133.0,5301.0,5587.0,137.0,1121.0,-415.0,-4.0,2.0,2.0,1.0,1.0,1.0,1.0,8345.0,7056.0,187.0,7593.0,8228.0,191.0,752.0,-1172.0,-4.0,2.0,2.0,1.0,2.0,1.0,2.0,10056.0,9342.0,232.0,10814.0,11819.0,253.0,-758.0,-2477.0,-21.0,2.0,4.0,2.0,4.0,3.0,2.0
ESPORTSTMNT05_3223077,complete,,EM,2023,Spring,0,2023-04-14 17:52:11,1,13.06,5,Blue,sup,Asper,oe:player:29e873916dcb14c9feb6b85d253cb87,FUT Esports,oe:team:8df5e2c8825f60f136b2cbed5633a81,Rakan,Sejuani,Kled,Varus,Gangplank,Nautilus,,,,,,1645,0,2,2,6,8,21,1.0,0.0,0.0,0.0,0.0,0.0,0.0,0.0,0.2918,1.0578,,,,,,,,,,,,,,,,,,,,,0.0,0.0,,,,,,,,0.0,0.0,5923.0,216.0365,0.119206,427.9149,457.6413,66.0,2.4073,18.0,0.6565,15.0,117.0,4.2675,7110,3479,126.8936,0.135138,6925.0,,,45.0,45.0,0.0,,,1.6413,2934.0,2938.0,15.0,2707.0,2652.0,14.0,227.0,286.0,1.0,2.0,2.0,1.0,1.0,2.0,2.0,4460.0,4158.0,26.0,3701.0,3569.0,20.0,759.0,589.0,6.0,2.0,3.0,1.0,1.0,3.0,3.0,5702.0,5593.0,37.0,4592.0,4480.0,20.0,1110.0,1113.0,17.0,2.0,4.0,1.0,1.0,5.0,3.0,6666.0,6939.0,42.0,6155.0,6955.0,24.0,511.0,-16.0,18.0,2.0,6.0,1.0,1.0,9.0,4.0
ESPORTSTMNT05_3223077,complete,,EM,2023,Spring,0,2023-04-14 17:52:11,1,13.06,6,Red,top,ACD,oe:player:72c5cc0e2586935d16539f31a2a4fec,Macko Esports,oe:team:a2e63aee03585f0b37ff4cad936e349,K'Sante,Draven,Olaf,Vi,LeBlanc,Rumble,,,,,,1645,1,6,0,11,21,8,1.0,0.0,0.0,0.0,0.0,0.0,0.0,0.0,0.766,1.0578,,,,,,,,,,,,,,,,,,,,,0.0,0.0,,,,,,,,1.0,0.0,19278.0,703.1489,0.264437,846.7112,1338.4559,15.0,0.5471,7.0,0.2553,6.0,33.0,1.2036,12457,8826,321.921,0.239235,12100.0,,,231.0,231.0,0.0,,,8.4255,4200.0,5262.0,93.0,3008.0,4629.0,68.0,1192.0,633.0,25.0,2.0,1.0,0.0,0.0,0.0,1.0,6298.0,7940.0,141.0,4625.0,7001.0,110.0,1673.0,939.0,31.0,3.0,1.0,0.0,0.0,0.0,1.0,8335.0,10695.0,186.0,5716.0,8789.0,131.0,2619.0,1906.0,55.0,4.0,2.0,0.0,0.0,0.0,2.0,11027.0,13944.0,218.0,7021.0,10554.0,158.0,4006.0,3390.0,60.0,6.0,4.0,0.0,0.0,2.0,3.0
ESPORTSTMNT05_3223077,complete,,EM,2023,Spring,0,2023-04-14 17:52:11,1,13.06,7,Red,jng,Cboi,oe:player:702efc23873d774e479682ef680d911,Macko Esports,oe:team:a2e63aee03585f0b37ff4cad936e349,Maokai,Draven,Olaf,Vi,LeBlanc,Rumble,,,,,,1645,1,1,0,15,21,8,0.0,0.0,0.0,0.0,1.0,0.0,1.0,0.0,0.766,1.0578,,,,,,,,,,,,,,,,,,,,,1.0,0.0,,,,,,,,0.0,0.0,7982.0,291.1368,0.109489,899.4894,933.7021,10.0,0.3647,10.0,0.3647,7.0,38.0,1.386,9205,5574,203.307,0.151083,7825.0,,,136.0,20.0,116.0,,,4.9605,3290.0,3066.0,57.0,3565.0,3103.0,67.0,-275.0,-37.0,-10.0,0.0,4.0,0.0,1.0,0.0,1.0,4603.0,4735.0,82.0,5351.0,5106.0,97.0,-748.0,-371.0,-15.0,0.0,5.0,0.0,1.0,1.0,2.0,6093.0,6934.0,114.0,7277.0,7165.0,129.0,-1184.0,-231.0,-15.0,0.0,7.0,0.0,2.0,1.0,3.0,7871.0,10020.0,132.0,9203.0,9145.0,154.0,-1332.0,875.0,-22.0,0.0,10.0,0.0,4.0,1.0,4.0
ESPORTSTMNT05_3223077,complete,,EM,2023,Spring,0,2023-04-14 17:52:11,1,13.06,8,Red,mid,Six10,oe:player:325397710b4294aeb7a18881c34f33b,Macko Esports,oe:team:a2e63aee03585f0b37ff4cad936e349,Ahri,Draven,Olaf,Vi,LeBlanc,Rumble,,,,,,1645,1,5,2,9,21,8,0.0,0.0,0.0,0.0,1.0,1.0,0.0,0.0,0.766,1.0578,,,,,,,,,,,,,,,,,,,,,0.0,0.0,,,,,,,,0.0,0.0,18474.0,673.8237,0.253409,440.2432,271.5866,19.0,0.693,14.0,0.5106,8.0,52.0,1.8967,12816,9185,335.0152,0.248966,10975.0,,,273.0,261.0,12.0,,,9.9574,4371.0,4700.0,91.0,3020.0,3926.0,75.0,1351.0,774.0,16.0,3.0,1.0,1.0,0.0,1.0,3.0,6091.0,7401.0,145.0,4930.0,6991.0,137.0,1161.0,410.0,8.0,3.0,2.0,1.0,0.0,1.0,3.0,8186.0,10437.0,207.0,6620.0,9675.0,184.0,1566.0,762.0,23.0,3.0,4.0,1.0,0.0,2.0,3.0,10506.0,13722.0,249.0,8275.0,11893.0,226.0,2231.0,1829.0,23.0,3.0,6.0,2.0,0.0,4.0,4.0
ESPORTSTMNT05_3223077,complete,,EM,2023,Spring,0,2023-04-14 17:52:11,1,13.06,9,Red,bot,Vzz,oe:player:ba6e76e259419420ddff269bb6ef074,Macko Esports,oe:team:a2e63aee03585f0b37ff4cad936e349,Jinx,Draven,Olaf,Vi,LeBlanc,Rumble,,,,,,1645,1,8,2,6,21,8,2.0,1.0,0.0,0.0,0.0,0.0,0.0,0.0,0.766,1.0578,,,,,,,,,,,,,,,,,,,,,0.0,0.0,,,,,,,,0.0,0.0,20298.0,740.3526,0.278429,382.4316,200.8632,10.0,0.3647,12.0,0.4377,3.0,35.0,1.2766,13309,9678,352.997,0.26233,10475.0,,,267.0,243.0,24.0,,,9.7386,3564.0,3333.0,78.0,3998.0,3159.0,84.0,-434.0,174.0,-6.0,1.0,1.0,1.0,1.0,2.0,1.0,5301.0,5587.0,137.0,6422.0,5172.0,133.0,-1121.0,415.0,4.0,1.0,1.0,1.0,2.0,2.0,1.0,7593.0,8228.0,191.0,8345.0,7056.0,187.0,-752.0,1172.0,4.0,2.0,1.0,2.0,2.0,2.0,1.0,10814.0,11819.0,253.0,10056.0,9342.0,232.0,758.0,2477.0,21.0,4.0,3.0,2.0,2.0,4.0,2.0
ESPORTSTMNT05_3223077,complete,,EM,2023,Spring,0,2023-04-14 17:52:11,1,13.06,10,Red,sup,Click,oe:player:1e249a5688255bde7f7213b5d257b3c,Macko Esports,oe:team:a2e63aee03585f0b37ff4cad936e349,Blitzcrank,Draven,Olaf,Vi,LeBlanc,Rumble,,,,,,1645,1,1,4,14,21,8,0.0,0.0,0.0,0.0,0.0,0.0,0.0,0.0,0.766,1.0578,,,,,,,,,,,,,,,,,,,,,0.0,0.0,,,,,,,,0.0,0.0,6870.0,250.5775,0.0942361,420.2918,341.617,41.0,1.4954,5.0,0.1824,12.0,57.0,2.079,7261,3630,132.4012,0.0983871,5850.0,,,30.0,30.0,0.0,,,1.0942,2707.0,2652.0,14.0,2934.0,2938.0,15.0,-227.0,-286.0,-1.0,1.0,2.0,2.0,2.0,2.0,1.0,3701.0,3569.0,20.0,4460.0,4158.0,26.0,-759.0,-589.0,-6.0,1.0,3.0,3.0,2.0,3.0,1.0,4592.0,4480.0,20.0,5702.0,5593.0,37.0,-1110.0,-1113.0,-17.0,1.0,5.0,3.0,2.0,4.0,1.0,6155.0,6955.0,24.0,6666.0,6939.0,42.0,-511.0,16.0,-18.0,1.0,9.0,4.0,2.0,6.0,1.0
ESPORTSTMNT05_3223077,complete,,EM,2023,Spring,0,2023-04-14 17:52:11,1,13.06,100,Blue,team,,,FUT Esports,oe:team:8df5e2c8825f60f136b2cbed5633a81,,Sejuani,Kled,Varus,Gangplank,Nautilus,Wukong,Xayah,Gragas,Lissandra,Rakan,1645,0,8,21,17,8,21,2.0,0.0,0.0,0.0,0.0,,,,0.2918,1.0578,0.0,1.0,3.0,1.0,3.0,0.0,0.0,0.0,0.0,1.0,0.0,,0.0,0.0,1.0,1.0,1.0,,,0.0,0.0,1.0,1.0,1.0,9.0,0.0,0.0,6.0,3.0,0.0,2.0,49687.0,1812.2918,,3374.152,2969.9088,96.0,3.5015,43.0,1.5684,29.0,216.0,7.8784,43898,25741,938.8815,,43430.0,-0.083724,-1.42,,709.0,148.0,,,31.2584,16525.0,17755.0,309.0,18132.0,19013.0,333.0,-1607.0,-1258.0,-24.0,4.0,5.0,7.0,7.0,9.0,4.0,25788.0,28428.0,503.0,25994.0,29232.0,525.0,-206.0,-804.0,-22.0,5.0,7.0,8.0,8.0,12.0,5.0,33660.0,38278.0,668.0,34799.0,40774.0,718.0,-1139.0,-2496.0,-50.0,6.0,9.0,10.0,10.0,19.0,6.0,41221.0,47873.0,812.0,46373.0,56460.0,876.0,-5152.0,-8587.0,-64.0,8.0,17.0,14.0,14.0,32.0,8.0
ESPORTSTMNT05_3223077,complete,,EM,2023,Spring,0,2023-04-14 17:52:11,1,13.06,200,Red,team,,,Macko Esports,oe:team:a2e63aee03585f0b37ff4cad936e349,,Draven,Olaf,Vi,LeBlanc,Rumble,Jinx,Maokai,Ahri,K'Sante,Blitzcrank,1645,1,21,8,55,21,8,3.0,1.0,0.0,0.0,1.0,,,,0.766,1.0578,1.0,3.0,1.0,3.0,1.0,2.0,0.0,0.0,0.0,0.0,1.0,,0.0,0.0,0.0,1.0,1.0,,,1.0,1.0,0.0,0.0,9.0,1.0,1.0,1.0,3.0,6.0,2.0,0.0,72902.0,2659.0395,,2989.1672,3086.2249,95.0,3.465,48.0,1.7508,36.0,215.0,7.8419,55048,36891,1345.5684,,47225.0,0.083724,1.42,,785.0,152.0,,,34.1763,18132.0,19013.0,333.0,16525.0,17755.0,309.0,1607.0,1258.0,24.0,7.0,9.0,4.0,4.0,5.0,7.0,25994.0,29232.0,525.0,25788.0,28428.0,503.0,206.0,804.0,22.0,8.0,12.0,5.0,5.0,7.0,8.0,34799.0,40774.0,718.0,33660.0,38278.0,668.0,1139.0,2496.0,50.0,10.0,19.0,6.0,6.0,9.0,10.0,46373.0,56460.0,876.0,41221.0,47873.0,812.0,5152.0,8587.0,64.0,14.0,32.0,8.0,8.0,17.0,14.0
ESPORTSTMNT05_3222360,complete,,EM,2023,Spring,0,2023-04-14 18:42:46,1,13.06,1,Blue,top,Lot,oe:player:eeec6c7a9d2b475c23650b202208b89,Aegis,oe:team:e3a29387c70230d76837b86c2aefd14,Gwen,Olaf,Rumble,Draven,Nautilus,Renata Glasc,,,,,,2102,1,7,3,13,29,17,0.0,0.0,0.0,0.0,0.0,0.0,0.0,0.0,0.8278,1.313,,,,,,,,,,,,,,,,,,,,,0.0,0.0,,,,,,,,0.0,0.0,39441.0,1125.8135,0.370578,892.55,662.7688,5.0,0.1427,13.0,0.3711,6.0,40.0,1.1418,17018,12454,355.49,0.268739,15850.0,,,290.0,274.0,16.0,,,8.2778,4430.0,4589.0,87.0,2722.0,4061.0,58.0,1708.0,528.0,29.0,3.0,2.0,0.0,0.0,0.0,2.0,6777.0,6650.0,120.0,4982.0,6174.0,82.0,1795.0,476.0,38.0,3.0,4.0,1.0,2.0,1.0,3.0,8475.0,9177.0,163.0,6304.0,8135.0,113.0,2171.0,1042.0,50.0,3.0,6.0,1.0,2.0,1.0,3.0,11086.0,11797.0,208.0,7601.0,9834.0,131.0,3485.0,1963.0,77.0,4.0,6.0,1.0,2.0,4.0,4.0
ESPORTSTMNT05_3222360,complete,,EM,2023,Spring,0,2023-04-14 18:42:46,1,13.06,2,Blue,jng,SkewMond,oe:player:ab15060e5225b51592cd04b3aed1e09,Aegis,oe:team:e3a29387c70230d76837b86c2aefd14,Vi,Olaf,Rumble,Draven,Nautilus,Renata Glasc,,,,,,2102,1,3,5,16,29,17,0.0,0.0,0.0,0.0,0.0,0.0,0.0,0.0,0.8278,1.313,,,,,,,,,,,,,,,,,,,,,1.0,1.0,,,,,,,,0.0,0.0,7117.0,203.1494,0.0668696,674.0152,1426.5557,9.0,0.2569,16.0,0.4567,7.0,57.0,1.627,11741,7177,204.862,0.154872,9875.0,,,162.0,26.0,136.0,,,4.6242,3544.0,3644.0,54.0,3111.0,3139.0,57.0,433.0,505.0,-3.0,1.0,3.0,0.0,0.0,2.0,2.0,5385.0,5447.0,77.0,5356.0,5818.0,91.0,29.0,-371.0,-14.0,2.0,3.0,1.0,1.0,5.0,2.0,6924.0,7624.0,110.0,7038.0,7454.0,113.0,-114.0,170.0,-3.0,2.0,5.0,2.0,2.0,6.0,3.0,8192.0,8772.0,122.0,8936.0,9935.0,143.0,-744.0,-1163.0,-21.0,2.0,8.0,4.0,3.0,8.0,4.0
ESPORTSTMNT05_3222360,complete,,EM,2023,Spring,0,2023-04-14 18:42:46,1,13.06,3,Blue,mid,Eika,oe:player:adfab52b74587bc5acc4201c140451a,Aegis,oe:team:e3a29387c70230d76837b86c2aefd14,Ahri,Olaf,Rumble,Draven,Nautilus,Renata Glasc,,,,,,2102,1,10,0,13,29,17,1.0,0.0,0.0,0.0,0.0,0.0,0.0,0.0,0.8278,1.313,,,,,,,,,,,,,,,,,,,,,0.0,0.0,,,,,,,,0.0,0.0,26854.0,766.5271,0.252314,616.9838,395.1665,25.0,0.7136,13.0,0.3711,3.0,62.0,1.7697,17218,12654,361.1989,0.273054,16025.0,,,294.0,276.0,18.0,,,8.392,3374.0,4394.0,81.0,3612.0,4758.0,103.0,-238.0,-364.0,-22.0,1.0,0.0,0.0,0.0,0.0,0.0,5708.0,7176.0,130.0,5422.0,7567.0,159.0,286.0,-391.0,-29.0,2.0,1.0,0.0,0.0,0.0,1.0,7853.0,10536.0,188.0,7432.0,9787.0,198.0,421.0,749.0,-10.0,3.0,2.0,0.0,1.0,1.0,1.0,10868.0,12710.0,226.0,9980.0,12589.0,245.0,888.0,121.0,-19.0,5.0,4.0,0.0,3.0,2.0,1.0
ESPORTSTMNT05_3222360,complete,,EM,2023,Spring,0,2023-04-14 18:42:46,1,13.06,4,Blue,bot,Shiganari,oe:player:90704735ca9fc01f2244f23f6e5d635,Aegis,oe:team:e3a29387c70230d76837b86c2aefd14,Caitlyn,Olaf,Rumble,Draven,Nautilus,Renata Glasc,,,,,,2102,1,7,4,8,29,17,1.0,0.0,0.0,0.0,0.0,0.0,0.0,0.0,0.8278,1.313,,,,,,,,,,,,,,,,,,,,,0.0,0.0,,,,,,,,1.0,0.0,26633.0,760.2188,0.250237,464.7859,258.9819,15.0,0.4282,8.0,0.2284,3.0,40.0,1.1418,14409,9845,281.0181,0.212442,13200.0,,,270.0,254.0,16.0,,,7.7069,3143.0,3487.0,68.0,4005.0,3639.0,79.0,-862.0,-152.0,-11.0,1.0,0.0,2.0,3.0,0.0,0.0,4666.0,5659.0,111.0,6686.0,6168.0,131.0,-2020.0,-509.0,-20.0,1.0,0.0,3.0,4.0,3.0,0.0,6866.0,8165.0,154.0,8609.0,8108.0,173.0,-1743.0,57.0,-19.0,2.0,1.0,3.0,4.0,4.0,1.0,9263.0,10752.0,195.0,10320.0,10185.0,219.0,-1057.0,567.0,-24.0,3.0,4.0,3.0,4.0,5.0,2.0
ESPORTSTMNT05_3222360,complete,,EM,2023,Spring,0,2023-04-14 18:42:46,1,13.06,5,Blue,sup,Hantera,oe:player:de1fb222dafded7d06b10df578fdd0e,Aegis,oe:team:e3a29387c70230d76837b86c2aefd14,Blitzcrank,Olaf,Rumble,Draven,Nautilus,Renata Glasc,,,,,,2102,1,2,5,16,29,17,0.0,0.0,0.0,0.0,0.0,0.0,0.0,1.0,0.8278,1.313,,,,,,,,,,,,,,,,,,,,,0.0,0.0,,,,,,,,0.0,0.0,6386.0,182.2835,0.0600013,405.7564,267.2598,49.0,1.3987,10.0,0.2854,11.0,88.0,2.5119,8776,4212,120.2284,0.0908932,6975.0,,,36.0,36.0,0.0,,,1.0276,2265.0,2220.0,17.0,2785.0,2533.0,15.0,-520.0,-313.0,2.0,0.0,2.0,2.0,1.0,3.0,2.0,3312.0,3142.0,24.0,4081.0,4185.0,24.0,-769.0,-1043.0,0.0,0.0,2.0,3.0,1.0,7.0,2.0,4326.0,5166.0,30.0,5120.0,5089.0,29.0,-794.0,77.0,1.0,0.0,3.0,4.0,1.0,8.0,2.0,5515.0,6279.0,32.0,6074.0,6142.0,32.0,-559.0,137.0,0.0,0.0,7.0,5.0,1.0,10.0,3.0
ESPORTSTMNT05_3222360,complete,,EM,2023,Spring,0,2023-04-14 18:42:46,1,13.06,6,Red,top,StarScreen,oe:player:1bc0756ba9102abb5a7cd13d2b618aa,FUT Esports,oe:team:8df5e2c8825f60f136b2cbed5633a81,Sejuani,Annie,Aphelios,Orianna,Sion,Fiora,,,,,,2102,0,2,8,7,17,29,1.0,0.0,0.0,0.0,0.0,0.0,0.0,0.0,0.4853,1.313,,,,,,,,,,,,,,,,,,,,,0.0,0.0,,,,,,,,0.0,0.0,16046.0,458.0209,0.202855,981.608,1045.2902,10.0,0.2854,11.0,0.314,3.0,37.0,1.0561,11044,6480,184.9667,0.175269,10825.0,,,195.0,194.0,1.0,,,5.5661,2722.0,4061.0,58.0,4430.0,4589.0,87.0,-1708.0,-528.0,-29.0,0.0,0.0,2.0,3.0,2.0,0.0,4982.0,6174.0,82.0,6777.0,6650.0,120.0,-1795.0,-476.0,-38.0,2.0,1.0,3.0,3.0,4.0,1.0,6304.0,8135.0,113.0,8475.0,9177.0,163.0,-2171.0,-1042.0,-50.0,2.0,1.0,3.0,3.0,6.0,1.0,7601.0,9834.0,131.0,11086.0,11797.0,208.0,-3485.0,-1963.0,-77.0,2.0,4.0,4.0,4.0,6.0,1.0
ESPORTSTMNT05_3222360,complete,,EM,2023,Spring,0,2023-04-14 18:42:46,1,13.06,7,Red,jng,Mojito,oe:player:d92b0904aa4f08f128aa8c6d2775056,FUT Esports,oe:team:8df5e2c8825f60f136b2cbed5633a81,Lee Sin,Annie,Aphelios,Orianna,Sion,Fiora,,,,,,2102,0,4,6,9,17,29,0.0,0.0,0.0,0.0,1.0,0.0,1.0,0.0,0.4853,1.313,,,,,,,,,,,,,,,,,,,,,1.0,1.0,,,,,,,,0.0,0.0,13316.0,380.0951,0.168342,959.686,1167.6023,20.0,0.5709,5.0,0.1427,10.0,40.0,1.1418,12000,7436,212.255,0.201125,11325.0,,,194.0,21.0,173.0,,,5.5376,3111.0,3139.0,57.0,3544.0,3644.0,54.0,-433.0,-505.0,3.0,0.0,2.0,2.0,1.0,3.0,0.0,5356.0,5818.0,91.0,5385.0,5447.0,77.0,-29.0,371.0,14.0,1.0,5.0,2.0,2.0,3.0,1.0,7038.0,7454.0,113.0,6924.0,7624.0,110.0,114.0,-170.0,3.0,2.0,6.0,3.0,2.0,5.0,2.0,8936.0,9935.0,143.0,8192.0,8772.0,122.0,744.0,1163.0,21.0,3.0,8.0,4.0,2.0,8.0,4.0
ESPORTSTMNT05_3222360,complete,,EM,2023,Spring,0,2023-04-14 18:42:46,1,13.06,8,Red,mid,Tempt,oe:player:2861898294dd867b05fd28dca284e57,FUT Esports,oe:team:8df5e2c8825f60f136b2cbed5633a81,LeBlanc,Annie,Aphelios,Orianna,Sion,Fiora,,,,,,2102,0,5,5,3,17,29,0.0,0.0,0.0,0.0,0.0,0.0,0.0,0.0,0.4853,1.313,,,,,,,,,,,,,,,,,,,,,0.0,0.0,,,,,,,,0.0,0.0,24595.0,702.0457,0.310932,679.0105,448.4586,20.0,0.5709,10.0,0.2854,9.0,41.0,1.1703,13908,9344,266.7174,0.25273,14160.0,,,293.0,285.0,8.0,,,8.3635,3612.0,4758.0,103.0,3374.0,4394.0,81.0,238.0,364.0,22.0,0.0,0.0,0.0,1.0,0.0,0.0,5422.0,7567.0,159.0,5708.0,7176.0,130.0,-286.0,391.0,29.0,0.0,0.0,1.0,2.0,1.0,0.0,7432.0,9787.0,198.0,7853.0,10536.0,188.0,-421.0,-749.0,10.0,1.0,1.0,1.0,3.0,2.0,0.0,9980.0,12589.0,245.0,10868.0,12710.0,226.0,-888.0,-121.0,19.0,3.0,2.0,1.0,5.0,4.0,0.0
ESPORTSTMNT05_3222360,complete,,EM,2023,Spring,0,2023-04-14 18:42:46,1,13.06,9,Red,bot,Fatihcan,oe:player:4a8a150d1497b3daa66c2bdaffe2c43,FUT Esports,oe:team:8df5e2c8825f60f136b2cbed5633a81,Varus,Annie,Aphelios,Orianna,Sion,Fiora,,,,,,2102,0,5,4,7,17,29,0.0,0.0,0.0,0.0,1.0,1.0,0.0,0.0,0.4853,1.313,,,,,,,,,,,,,,,,,,,,,0.0,0.0,,,,,,,,0.0,1.0,15522.0,443.0637,0.19623,500.8944,529.0961,12.0,0.3425,14.0,0.3996,5.0,34.0,0.9705,14635,10071,287.4691,0.272392,14275.0,,,302.0,293.0,9.0,,,8.6204,4005.0,3639.0,79.0,3143.0,3487.0,68.0,862.0,152.0,11.0,3.0,0.0,0.0,1.0,0.0,2.0,6686.0,6168.0,131.0,4666.0,5659.0,111.0,2020.0,509.0,20.0,4.0,3.0,0.0,1.0,0.0,3.0,8609.0,8108.0,173.0,6866.0,8165.0,154.0,1743.0,-57.0,19.0,4.0,4.0,1.0,2.0,1.0,3.0,10320.0,10185.0,219.0,9263.0,10752.0,195.0,1057.0,-567.0,24.0,4.0,5.0,2.0,3.0,4.0,3.0
ESPORTSTMNT05_3222360,complete,,EM,2023,Spring,0,2023-04-14 18:42:46,1,13.06,10,Red,sup,Asper,oe:player:29e873916dcb14c9feb6b85d253cb87,FUT Esports,oe:team:8df5e2c8825f60f136b2cbed5633a81,Maokai,Annie,Aphelios,Orianna,Sion,Fiora,,,,,,2102,0,1,6,13,17,29,0.0,0.0,0.0,0.0,1.0,0.0,1.0,0.0,0.4853,1.313,,,,,,,,,,,,,,,,,,,,,0.0,0.0,,,,,,,,0.0,0.0,9622.0,274.6527,0.121642,571.1132,428.1922,50.0,1.4272,13.0,0.3711,14.0,105.0,2.9971,8205,3641,103.9296,0.0984843,8100.0,,,37.0,37.0,0.0,,,1.0561,2785.0,2533.0,15.0,2265.0,2220.0,17.0,520.0,313.0,-2.0,1.0,3.0,2.0,0.0,2.0,2.0,4081.0,4185.0,24.0,3312.0,3142.0,24.0,769.0,1043.0,0.0,1.0,7.0,2.0,0.0,2.0,3.0,5120.0,5089.0,29.0,4326.0,5166.0,30.0,794.0,-77.0,-1.0,1.0,8.0,2.0,0.0,3.0,4.0,6074.0,6142.0,32.0,5515.0,6279.0,32.0,559.0,-137.0,0.0,1.0,10.0,3.0,0.0,7.0,5.0
ESPORTSTMNT05_3222360,complete,,EM,2023,Spring,0,2023-04-14 18:42:46,1,13.06,100,Blue,team,,,Aegis,oe:team:e3a29387c70230d76837b86c2aefd14,,Olaf,Rumble,Draven,Nautilus,Renata Glasc,Vi,Ahri,Caitlyn,Blitzcrank,Gwen,2102,1,29,17,66,29,17,2.0,0.0,0.0,0.0,0.0,,,,0.8278,1.313,0.0,2.0,4.0,2.0,4.0,0.0,2.0,0.0,0.0,0.0,0.0,,0.0,0.0,1.0,1.0,1.0,,,0.0,1.0,1.0,1.0,9.0,2.0,0.0,1.0,6.0,4.0,1.0,0.0,106431.0,3037.9924,,3054.0913,3010.7326,103.0,2.9401,60.0,1.7127,30.0,287.0,8.1922,69162,46344,1322.8544,,61925.0,0.0537269,0.79,,866.0,186.0,,,30.0285,16756.0,18334.0,307.0,16235.0,18130.0,312.0,521.0,204.0,-5.0,6.0,7.0,4.0,4.0,5.0,6.0,25848.0,28074.0,462.0,26527.0,29912.0,487.0,-679.0,-1838.0,-25.0,8.0,10.0,8.0,8.0,16.0,8.0,34444.0,40668.0,645.0,34503.0,38573.0,626.0,-59.0,2095.0,19.0,10.0,17.0,10.0,10.0,20.0,10.0,44924.0,50310.0,783.0,42911.0,48685.0,770.0,2013.0,1625.0,13.0,14.0,29.0,13.0,13.0,29.0,14.0
ESPORTSTMNT05_3222360,complete,,EM,2023,Spring,0,2023-04-14 18:42:46,1,13.06,200,Red,team,,,FUT Esports,oe:team:8df5e2c8825f60f136b2cbed5633a81,,Annie,Aphelios,Orianna,Sion,Fiora,Varus,Sejuani,LeBlanc,Lee Sin,Maokai,2102,0,17,29,39,17,29,1.0,0.0,0.0,0.0,1.0,,,,0.4853,1.313,1.0,4.0,2.0,4.0,2.0,0.0,2.0,1.0,0.0,1.0,0.0,,0.0,0.0,0.0,1.0,1.0,,,1.0,1.0,1.0,0.0,2.0,9.0,1.0,0.0,4.0,6.0,0.0,1.0,79101.0,2257.8782,,3692.3121,3618.6394,112.0,3.197,53.0,1.5128,41.0,257.0,7.3359,59792,36974,1055.3949,,58685.0,-0.0537269,-0.79,,830.0,191.0,,,29.1437,16235.0,18130.0,312.0,16756.0,18334.0,307.0,-521.0,-204.0,5.0,4.0,5.0,6.0,6.0,7.0,4.0,26527.0,29912.0,487.0,25848.0,28074.0,462.0,679.0,1838.0,25.0,8.0,16.0,8.0,8.0,10.0,8.0,34503.0,38573.0,626.0,34444.0,40668.0,645.0,59.0,-2095.0,-19.0,10.0,20.0,10.0,10.0,17.0,10.0,42911.0,48685.0,770.0,44924.0,50310.0,783.0,-2013.0,-1625.0,-13.0,13.0,29.0,14.0,14.0,29.0,13.0
ESPORTSTMNT05_3222361,complete,,EM,2023,Spring,0,2023-04-14 18:44:17,1,13.06,1,Blue,top,bobista,oe:player:8486d94ef23b38c67c76b647613d881,eSuba,oe:team:3faefd9245a4ef6ba347fbcf2a51515,K'Sante,Annie,Xayah,Varus,Malphite,Braum,,,,,,1507,0,0,3,1,5,19,0.0,0.0,0.0,0.0,0.0,0.0,0.0,0.0,0.1991,0.9555,,,,,,,,,,,,,,,,,,,,,0.0,0.0,,,,,,,,0.0,2.0,5319.0,211.7717,0.132766,823.1586,836.4167,8.0,0.3185,2.0,0.0796,0.0,17.0,0.6768,7402,4052,161.3271,0.184585,7400.0,,,177.0,169.0,8.0,,,7.0471,3023.0,4588.0,64.0,3389.0,4880.0,76.0,-366.0,-292.0,-12.0,0.0,0.0,0.0,0.0,0.0,0.0,4316.0,6933.0,96.0,5032.0,7543.0,115.0,-716.0,-610.0,-19.0,0.0,0.0,1.0,0.0,1.0,0.0,5927.0,9583.0,143.0,7805.0,10815.0,178.0,-1878.0,-1232.0,-35.0,0.0,0.0,1.0,0.0,1.0,0.0,7388.0,11729.0,177.0,12188.0,15446.0,229.0,-4800.0,-3717.0,-52.0,0.0,1.0,3.0,3.0,4.0,0.0
ESPORTSTMNT05_3222361,complete,,EM,2023,Spring,0,2023-04-14 18:44:17,1,13.06,2,Blue,jng,TynX,oe:player:36607221f848a15f6a1f11961027d7c,eSuba,oe:team:3faefd9245a4ef6ba347fbcf2a51515,Gragas,Annie,Xayah,Varus,Malphite,Braum,,,,,,1507,0,1,3,1,5,19,0.0,0.0,0.0,0.0,1.0,1.0,0.0,0.0,0.1991,0.9555,,,,,,,,,,,,,,,,,,,,,0.0,1.0,,,,,,,,0.0,0.0,9379.0,373.4174,0.234106,952.8334,666.7286,6.0,0.2389,9.0,0.3583,6.0,31.0,1.2342,6902,3552,141.42,0.161809,6500.0,,,125.0,16.0,109.0,,,4.9768,3010.0,3199.0,47.0,3235.0,3454.0,65.0,-225.0,-255.0,-18.0,1.0,0.0,0.0,0.0,0.0,0.0,4440.0,5169.0,81.0,5586.0,6348.0,111.0,-1146.0,-1179.0,-30.0,1.0,0.0,0.0,1.0,0.0,0.0,5751.0,7021.0,108.0,8380.0,9972.0,155.0,-2629.0,-2951.0,-47.0,1.0,0.0,2.0,3.0,1.0,0.0,6888.0,9292.0,125.0,11424.0,14268.0,184.0,-4536.0,-4976.0,-59.0,1.0,1.0,3.0,6.0,4.0,0.0
ESPORTSTMNT05_3222361,complete,,EM,2023,Spring,0,2023-04-14 18:44:17,1,13.06,3,Blue,mid,Warszi,oe:player:5a23766ce46653d2b63ac4a40cd61c1,eSuba,oe:team:3faefd9245a4ef6ba347fbcf2a51515,Jayce,Annie,Xayah,Varus,Malphite,Braum,,,,,,1507,0,0,5,2,5,19,0.0,0.0,0.0,0.0,1.0,0.0,1.0,0.0,0.1991,0.9555,,,,,,,,,,,,,,,,,,,,,0.0,0.0,,,,,,,,0.0,0.0,10668.0,424.7379,0.266281,666.8879,638.3013,10.0,0.3981,3.0,0.1194,5.0,15.0,0.5972,8586,5236,208.4672,0.238519,8475.0,,,223.0,223.0,0.0,,,8.8786,3404.0,4775.0,87.0,3509.0,4876.0,97.0,-105.0,-101.0,-10.0,0.0,1.0,0.0,0.0,0.0,1.0,5195.0,7504.0,145.0,5657.0,7974.0,155.0,-462.0,-470.0,-10.0,0.0,1.0,0.0,0.0,2.0,1.0,7309.0,10164.0,198.0,7995.0,11230.0,209.0,-686.0,-1066.0,-11.0,0.0,1.0,1.0,0.0,4.0,1.0,8572.0,11623.0,223.0,12183.0,15861.0,268.0,-3611.0,-4238.0,-45.0,0.0,2.0,4.0,2.0,8.0,1.0
ESPORTSTMNT05_3222361,complete,,EM,2023,Spring,0,2023-04-14 18:44:17,1,13.06,4,Blue,bot,DANY,oe:player:f72af12f47362bdec4b0ca91070cf43,eSuba,oe:team:3faefd9245a4ef6ba347fbcf2a51515,Draven,Annie,Xayah,Varus,Malphite,Braum,,,,,,1507,0,3,5,0,5,19,1.0,0.0,0.0,0.0,0.0,0.0,0.0,0.0,0.1991,0.9555,,,,,,,,,,,,,,,,,,,,,0.0,0.0,,,,,,,,0.0,1.0,11209.0,446.2774,0.279784,581.9642,333.8421,6.0,0.2389,3.0,0.1194,1.0,14.0,0.5574,10150,6800,270.7366,0.309764,9125.0,,,234.0,234.0,0.0,,,9.3165,4819.0,3954.0,87.0,3728.0,3339.0,91.0,1091.0,615.0,-4.0,3.0,0.0,1.0,1.0,1.0,1.0,6199.0,5825.0,124.0,6284.0,5388.0,136.0,-85.0,437.0,-12.0,3.0,0.0,3.0,4.0,1.0,1.0,8319.0,8194.0,186.0,9261.0,8439.0,214.0,-942.0,-245.0,-28.0,3.0,0.0,3.0,4.0,1.0,1.0,10136.0,10391.0,234.0,12442.0,12688.0,267.0,-2306.0,-2297.0,-33.0,3.0,0.0,5.0,5.0,3.0,1.0
ESPORTSTMNT05_3222361,complete,,EM,2023,Spring,0,2023-04-14 18:44:17,1,13.06,5,Blue,sup,FGG,oe:player:dcd93cc48ba71890cc0580de524f536,eSuba,oe:team:3faefd9245a4ef6ba347fbcf2a51515,Morgana,Annie,Xayah,Varus,Malphite,Braum,,,,,,1507,0,1,3,1,5,19,0.0,0.0,0.0,0.0,0.0,0.0,0.0,0.0,0.1991,0.9555,,,,,,,,,,,,,,,,,,,,,0.0,0.0,,,,,,,,0.0,0.0,3488.0,138.8719,0.0870629,358.0889,206.6357,33.0,1.3139,10.0,0.3981,7.0,74.0,2.9463,5662,2312,92.0504,0.105323,4480.0,,,15.0,11.0,4.0,,,0.5972,2618.0,2119.0,3.0,2534.0,2935.0,14.0,84.0,-816.0,-11.0,0.0,1.0,1.0,1.0,1.0,2.0,3515.0,3358.0,6.0,3881.0,4528.0,24.0,-366.0,-1170.0,-18.0,0.0,1.0,2.0,1.0,4.0,2.0,4462.0,5581.0,8.0,5222.0,5994.0,27.0,-760.0,-413.0,-19.0,0.0,1.0,2.0,2.0,4.0,2.0,5645.0,8127.0,15.0,6856.0,8798.0,28.0,-1211.0,-671.0,-13.0,1.0,1.0,3.0,2.0,6.0,3.0
ESPORTSTMNT05_3222361,complete,,EM,2023,Spring,0,2023-04-14 18:44:17,1,13.06,6,Red,top,Venour,oe:player:df13ba84b4ea6932f7e10b5e51e7cf5,Unicorns of Love Sexy Edition,oe:team:6a060bd74c9041bf0aa89adf9d15d12,Fiora,Maokai,Sejuani,Rakan,Rell,Leona,,,,,,1507,1,3,0,5,19,5,0.0,0.0,0.0,0.0,0.0,0.0,0.0,0.0,0.7565,0.9555,,,,,,,,,,,,,,,,,,,,,0.0,0.0,,,,,,,,2.0,0.0,18357.0,730.8693,0.285268,775.939,572.6078,8.0,0.3185,0.0,0.0,2.0,16.0,0.637,12239,8889,353.9084,0.229121,11250.0,,,229.0,229.0,0.0,,,9.1175,3389.0,4880.0,76.0,3023.0,4588.0,64.0,366.0,292.0,12.0,0.0,0.0,0.0,0.0,0.0,0.0,5032.0,7543.0,115.0,4316.0,6933.0,96.0,716.0,610.0,19.0,0.0,1.0,0.0,0.0,0.0,1.0,7805.0,10815.0,178.0,5927.0,9583.0,143.0,1878.0,1232.0,35.0,0.0,1.0,0.0,0.0,0.0,1.0,12188.0,15446.0,229.0,7388.0,11729.0,177.0,4800.0,3717.0,52.0,3.0,4.0,0.0,0.0,1.0,3.0
ESPORTSTMNT05_3222361,complete,,EM,2023,Spring,0,2023-04-14 18:44:17,1,13.06,7,Red,jng,Peach,oe:player:53841c6e42a6ce77b6f3b80133c9342,Unicorns of Love Sexy Edition,oe:team:6a060bd74c9041bf0aa89adf9d15d12,Vi,Maokai,Sejuani,Rakan,Rell,Leona,,,,,,1507,1,6,0,4,19,5,0.0,0.0,0.0,0.0,0.0,0.0,0.0,0.0,0.7565,0.9555,,,,,,,,,,,,,,,,,,,,,1.0,0.0,,,,,,,,0.0,0.0,10132.0,403.3975,0.157451,752.2495,1092.4618,8.0,0.3185,10.0,0.3981,5.0,44.0,1.7518,11438,8088,322.0173,0.208475,9625.0,,,184.0,16.0,168.0,,,7.3258,3235.0,3454.0,65.0,3010.0,3199.0,47.0,225.0,255.0,18.0,0.0,0.0,0.0,1.0,0.0,0.0,5586.0,6348.0,111.0,4440.0,5169.0,81.0,1146.0,1179.0,30.0,1.0,0.0,0.0,1.0,0.0,0.0,8380.0,9972.0,155.0,5751.0,7021.0,108.0,2629.0,2951.0,47.0,3.0,1.0,0.0,1.0,0.0,2.0,11424.0,14268.0,184.0,6888.0,9292.0,125.0,4536.0,4976.0,59.0,6.0,4.0,0.0,1.0,1.0,3.0
ESPORTSTMNT05_3222361,complete,,EM,2023,Spring,0,2023-04-14 18:44:17,1,13.06,8,Red,mid,Mask,oe:player:4a18312b5b75f549d5551e5912ad6eb,Unicorns of Love Sexy Edition,oe:team:6a060bd74c9041bf0aa89adf9d15d12,Ahri,Maokai,Sejuani,Rakan,Rell,Leona,,,,,,1507,1,2,1,9,19,5,1.0,0.0,0.0,0.0,0.0,0.0,0.0,1.0,0.7565,0.9555,,,,,,,,,,,,,,,,,,,,,0.0,0.0,,,,,,,,0.0,0.0,18399.0,732.5415,0.285921,514.1208,329.8208,14.0,0.5574,7.0,0.2787,2.0,33.0,1.3139,12234,8884,353.7094,0.228992,11685.0,,,268.0,268.0,0.0,,,10.6702,3509.0,4876.0,97.0,3404.0,4775.0,87.0,105.0,101.0,10.0,0.0,0.0,1.0,0.0,1.0,0.0,5657.0,7974.0,155.0,5195.0,7504.0,145.0,462.0,470.0,10.0,0.0,2.0,1.0,0.0,1.0,0.0,7995.0,11230.0,209.0,7309.0,10164.0,198.0,686.0,1066.0,11.0,0.0,4.0,1.0,0.0,1.0,1.0,12183.0,15861.0,268.0,8572.0,11623.0,223.0,3611.0,4238.0,45.0,2.0,8.0,1.0,0.0,2.0,4.0
ESPORTSTMNT05_3222361,complete,,EM,2023,Spring,0,2023-04-14 18:44:17,1,13.06,9,Red,bot,Fun K3y,oe:player:9ea5afea85321b13df74acb62bfb530,Unicorns of Love Sexy Edition,oe:team:6a060bd74c9041bf0aa89adf9d15d12,Zeri,Maokai,Sejuani,Rakan,Rell,Leona,,,,,,1507,1,6,1,3,19,5,1.0,0.0,0.0,0.0,0.0,0.0,0.0,0.0,0.7565,0.9555,,,,,,,,,,,,,,,,,,,,,0.0,0.0,,,,,,,,1.0,0.0,13860.0,551.8248,0.215385,398.3013,301.712,11.0,0.438,9.0,0.3583,4.0,38.0,1.5129,12726,9376,373.2979,0.241674,9450.0,,,267.0,249.0,18.0,,,10.6304,3728.0,3339.0,91.0,4819.0,3954.0,87.0,-1091.0,-615.0,4.0,1.0,1.0,1.0,3.0,0.0,1.0,6284.0,5388.0,136.0,6199.0,5825.0,124.0,85.0,-437.0,12.0,4.0,1.0,1.0,3.0,0.0,3.0,9261.0,8439.0,214.0,8319.0,8194.0,186.0,942.0,245.0,28.0,4.0,1.0,1.0,3.0,0.0,3.0,12442.0,12688.0,267.0,10136.0,10391.0,234.0,2306.0,2297.0,33.0,5.0,3.0,1.0,3.0,0.0,5.0
ESPORTSTMNT05_3222361,complete,,EM,2023,Spring,0,2023-04-14 18:44:17,1,13.06,10,Red,sup,Lekcyc,oe:player:74f3f60a44ee916ecc257a5381be756,Unicorns of Love Sexy Edition,oe:team:6a060bd74c9041bf0aa89adf9d15d12,Nautilus,Maokai,Sejuani,Rakan,Rell,Leona,,,,,,1507,1,2,3,7,19,5,0.0,0.0,0.0,0.0,0.0,0.0,0.0,0.0,0.7565,0.9555,,,,,,,,,,,,,,,,,,,,,0.0,0.0,,,,,,,,0.0,0.0,3602.0,143.4107,0.0559751,393.4041,593.5501,36.0,1.4333,3.0,0.1194,6.0,63.0,2.5083,6909,3559,141.6987,0.0917379,5950.0,,,28.0,28.0,0.0,,,1.1148,2534.0,2935.0,14.0,2618.0,2119.0,3.0,-84.0,816.0,11.0,1.0,1.0,2.0,0.0,1.0,1.0,3881.0,4528.0,24.0,3515.0,3358.0,6.0,366.0,1170.0,18.0,1.0,4.0,2.0,0.0,1.0,2.0,5222.0,5994.0,27.0,4462.0,5581.0,8.0,760.0,413.0,19.0,2.0,4.0,2.0,0.0,1.0,2.0,6856.0,8798.0,28.0,5645.0,8127.0,15.0,1211.0,671.0,13.0,2.0,6.0,3.0,1.0,1.0,3.0
ESPORTSTMNT05_3222361,complete,,EM,2023,Spring,0,2023-04-14 18:44:17,1,13.06,100,Blue,team,,,eSuba,oe:team:3faefd9245a4ef6ba347fbcf2a51515,,Annie,Xayah,Varus,Malphite,Braum,Gragas,Draven,Jayce,Morgana,K'Sante,1507,0,5,19,5,5,19,1.0,0.0,0.0,0.0,1.0,,,,0.1991,0.9555,1.0,2.0,1.0,2.0,1.0,0.0,1.0,0.0,1.0,0.0,0.0,,0.0,0.0,0.0,0.0,2.0,,,0.0,0.0,1.0,0.0,1.0,11.0,0.0,0.0,4.0,7.0,0.0,3.0,40063.0,1595.0763,,3382.933,2681.9244,63.0,2.5083,27.0,1.075,19.0,151.0,6.0119,38702,21953,874.0411,,35980.0,-0.285442,-2.28,,653.0,121.0,,,30.8162,16874.0,18635.0,288.0,16395.0,19484.0,343.0,479.0,-849.0,-55.0,4.0,2.0,2.0,2.0,2.0,4.0,23665.0,28789.0,452.0,26440.0,31781.0,541.0,-2775.0,-2992.0,-89.0,4.0,2.0,6.0,6.0,8.0,4.0,31768.0,40543.0,643.0,38663.0,46450.0,783.0,-6895.0,-5907.0,-140.0,4.0,2.0,9.0,9.0,11.0,4.0,38629.0,51162.0,774.0,55093.0,67061.0,976.0,-16464.0,-15899.0,-202.0,5.0,5.0,18.0,18.0,25.0,5.0
ESPORTSTMNT05_3222361,complete,,EM,2023,Spring,0,2023-04-14 18:44:17,1,13.06,200,Red,team,,,Unicorns of Love Sexy Edition,oe:team:6a060bd74c9041bf0aa89adf9d15d12,,Maokai,Sejuani,Rakan,Rell,Leona,Vi,Zeri,Ahri,Nautilus,Fiora,1507,1,19,5,28,19,5,2.0,0.0,0.0,0.0,0.0,,,,0.7565,0.9555,0.0,1.0,2.0,1.0,2.0,1.0,0.0,0.0,0.0,0.0,0.0,,0.0,0.0,1.0,2.0,0.0,,,1.0,1.0,0.0,1.0,11.0,1.0,1.0,1.0,7.0,4.0,3.0,0.0,64350.0,2562.0438,,2834.0146,2890.1526,77.0,3.0657,29.0,1.1546,19.0,194.0,7.724,55546,38797,1544.6715,,47960.0,0.285442,2.28,,790.0,186.0,,,38.8587,16395.0,19484.0,343.0,16874.0,18635.0,288.0,-479.0,849.0,55.0,2.0,2.0,4.0,4.0,2.0,2.0,26440.0,31781.0,541.0,23665.0,28789.0,452.0,2775.0,2992.0,89.0,6.0,8.0,4.0,4.0,2.0,6.0,38663.0,46450.0,783.0,31768.0,40543.0,643.0,6895.0,5907.0,140.0,9.0,11.0,4.0,4.0,2.0,9.0,55093.0,67061.0,976.0,38629.0,51162.0,774.0,16464.0,15899.0,202.0,18.0,25.0,5.0,5.0,5.0,18.0
ESPORTSTMNT05_3223083,complete,,EM,2023,Spring,0,2023-04-14 19:29:40,1,13.06,1,Blue,top,Kryze,oe:player:75414f3b4f03bf449c319eb75f3dd5b,LDLC OL,oe:team:e31c6dcc465e0b94500ef023f42cdc1,Kennen,Nautilus,Lee Sin,Xayah,Gnar,Malphite,,,,,,2087,1,8,1,10,30,13,0.0,0.0,0.0,0.0,0.0,0.0,0.0,0.0,0.8625,1.2362,,,,,,,,,,,,,,,,,,,,,0.0,0.0,,,,,,,,1.0,0.0,29239.0,840.6037,0.233171,676.0997,736.2434,16.0,0.46,5.0,0.1437,6.0,54.0,1.5525,15162,10629,305.5774,0.217852,14885.0,,,250.0,239.0,11.0,,,7.1874,3530.0,5297.0,87.0,2735.0,4007.0,62.0,795.0,1290.0,25.0,1.0,0.0,0.0,0.0,0.0,1.0,6688.0,8928.0,138.0,3983.0,5981.0,93.0,2705.0,2947.0,45.0,3.0,0.0,0.0,0.0,0.0,3.0,8965.0,11562.0,178.0,5300.0,7857.0,124.0,3665.0,3705.0,54.0,5.0,1.0,0.0,0.0,0.0,4.0,11376.0,13874.0,185.0,6733.0,9678.0,150.0,4643.0,4196.0,35.0,8.0,8.0,1.0,0.0,2.0,6.0
ESPORTSTMNT05_3223083,complete,,EM,2023,Spring,0,2023-04-14 19:29:40,1,13.06,2,Blue,jng,White,oe:player:41ea0ed55fe655184c9073085b85eea,LDLC OL,oe:team:e31c6dcc465e0b94500ef023f42cdc1,Wukong,Nautilus,Lee Sin,Xayah,Gnar,Malphite,,,,,,2087,1,4,4,11,30,13,0.0,0.0,0.0,0.0,0.0,0.0,0.0,0.0,0.8625,1.2362,,,,,,,,,,,,,,,,,,,,,2.0,0.0,,,,,,,,0.0,0.0,15793.0,454.0393,0.125944,1051.5668,1002.2329,5.0,0.1437,9.0,0.2587,5.0,30.0,0.8625,12376,7843,225.4816,0.16075,11175.0,,,197.0,38.0,159.0,,,5.6636,3143.0,3439.0,63.0,3116.0,3404.0,59.0,27.0,35.0,4.0,0.0,2.0,1.0,0.0,1.0,1.0,4974.0,5893.0,100.0,5708.0,5717.0,93.0,-734.0,176.0,7.0,1.0,3.0,2.0,1.0,4.0,1.0,7129.0,7953.0,121.0,6899.0,6969.0,114.0,230.0,984.0,7.0,3.0,5.0,3.0,1.0,4.0,2.0,9664.0,11893.0,158.0,7829.0,8094.0,122.0,1835.0,3799.0,36.0,4.0,9.0,3.0,1.0,5.0,5.0
ESPORTSTMNT05_3223083,complete,,EM,2023,Spring,0,2023-04-14 19:29:40,1,13.06,3,Blue,mid,Backlund,oe:player:bd0655defa1f5f33c2c8ac34cfd9d36,LDLC OL,oe:team:e31c6dcc465e0b94500ef023f42cdc1,Yone,Nautilus,Lee Sin,Xayah,Gnar,Malphite,,,,,,2087,1,7,4,9,30,13,0.0,0.0,0.0,0.0,0.0,0.0,0.0,1.0,0.8625,1.2362,,,,,,,,,,,,,,,,,,,,,0.0,0.0,,,,,,,,0.0,0.0,41586.0,1195.5726,0.331635,821.1979,1046.5932,7.0,0.2012,3.0,0.0862,3.0,25.0,0.7187,16491,11958,343.7853,0.245092,15925.0,,,292.0,274.0,18.0,,,8.3948,3254.0,4567.0,88.0,3737.0,4549.0,84.0,-483.0,18.0,4.0,0.0,1.0,1.0,2.0,0.0,0.0,5420.0,7452.0,135.0,5797.0,7191.0,130.0,-377.0,261.0,5.0,1.0,1.0,2.0,3.0,3.0,1.0,7723.0,10112.0,181.0,7536.0,9575.0,168.0,187.0,537.0,13.0,2.0,3.0,2.0,4.0,3.0,2.0,11980.0,13946.0,225.0,9852.0,11342.0,194.0,2128.0,2604.0,31.0,5.0,5.0,2.0,5.0,3.0,4.0
ESPORTSTMNT05_3223083,complete,,EM,2023,Spring,0,2023-04-14 19:29:40,1,13.06,4,Blue,bot,Jeskla,oe:player:71b8101d78beb04a089caa90a8d9310,LDLC OL,oe:team:e31c6dcc465e0b94500ef023f42cdc1,Zeri,Nautilus,Lee Sin,Xayah,Gnar,Malphite,,,,,,2087,1,10,1,8,30,13,1.0,1.0,0.0,0.0,0.0,0.0,0.0,0.0,0.8625,1.2362,,,,,,,,,,,,,,,,,,,,,0.0,0.0,,,,,,,,0.0,0.0,34726.0,998.3517,0.276928,488.9986,742.597,18.0,0.5175,13.0,0.3737,6.0,62.0,1.7825,18048,13515,388.5482,0.277004,14900.0,,,368.0,320.0,48.0,,,10.5798,3954.0,3601.0,88.0,3807.0,3871.0,91.0,147.0,-270.0,-3.0,2.0,0.0,0.0,0.0,0.0,0.0,6530.0,5579.0,140.0,6503.0,6342.0,137.0,27.0,-763.0,3.0,3.0,0.0,1.0,2.0,2.0,0.0,8678.0,8100.0,192.0,8389.0,8739.0,196.0,289.0,-639.0,-4.0,3.0,4.0,1.0,2.0,2.0,1.0,11987.0,12024.0,242.0,10188.0,10902.0,233.0,1799.0,1122.0,9.0,7.0,8.0,1.0,3.0,2.0,3.0
ESPORTSTMNT05_3223083,complete,,EM,2023,Spring,0,2023-04-14 19:29:40,1,13.06,5,Blue,sup,Zoelys,oe:player:fa22d396503a5a737f2f169943d7241,LDLC OL,oe:team:e31c6dcc465e0b94500ef023f42cdc1,Lulu,Nautilus,Lee Sin,Xayah,Gnar,Malphite,,,,,,2087,1,1,3,22,30,13,0.0,0.0,0.0,0.0,0.0,0.0,0.0,0.0,0.8625,1.2362,,,,,,,,,,,,,,,,,,,,,0.0,0.0,,,,,,,,0.0,0.0,4053.0,116.5213,0.0323213,378.7734,235.8313,46.0,1.3225,11.0,0.3162,14.0,95.0,2.7312,9378,4845,139.2908,0.0993023,8150.0,,,35.0,35.0,0.0,,,1.0062,2280.0,2361.0,15.0,2254.0,2171.0,1.0,26.0,190.0,14.0,0.0,2.0,0.0,0.0,1.0,1.0,3618.0,3652.0,26.0,3495.0,3759.0,11.0,123.0,-107.0,15.0,0.0,4.0,1.0,0.0,3.0,3.0,4673.0,5741.0,28.0,4642.0,5432.0,13.0,31.0,309.0,15.0,0.0,8.0,1.0,0.0,4.0,4.0,6614.0,9239.0,32.0,5394.0,5917.0,15.0,1220.0,3322.0,17.0,0.0,18.0,2.0,0.0,4.0,6.0
ESPORTSTMNT05_3223083,complete,,EM,2023,Spring,0,2023-04-14 19:29:40,1,13.06,6,Red,top,Hiro,oe:player:6a52e8fc387411c38ae76e77ffe6b15,Orbit Anonymo Esports,oe:team:f9f16e15a84c85d050aa09b4a21c757,Zed,Rakan,Vi,Annie,LeBlanc,Sylas,,,,,,2087,0,1,7,4,13,30,0.0,0.0,0.0,0.0,0.0,0.0,0.0,0.0,0.3737,1.2362,,,,,,,,,,,,,,,,,,,,,0.0,0.0,,,,,,,,0.0,1.0,15944.0,458.3805,0.218678,912.0747,551.4998,12.0,0.345,8.0,0.23,1.0,32.0,0.92,10910,6377,183.3349,0.186228,10625.0,,,242.0,237.0,5.0,,,6.9574,2735.0,4007.0,62.0,3530.0,5297.0,87.0,-795.0,-1290.0,-25.0,0.0,0.0,1.0,1.0,0.0,0.0,3983.0,5981.0,93.0,6688.0,8928.0,138.0,-2705.0,-2947.0,-45.0,0.0,0.0,3.0,3.0,0.0,0.0,5300.0,7857.0,124.0,8965.0,11562.0,178.0,-3665.0,-3705.0,-54.0,0.0,0.0,4.0,5.0,1.0,0.0,6733.0,9678.0,150.0,11376.0,13874.0,185.0,-4643.0,-4196.0,-35.0,0.0,2.0,6.0,8.0,8.0,1.0
ESPORTSTMNT05_3223083,complete,,EM,2023,Spring,0,2023-04-14 19:29:40,1,13.06,7,Red,jng,Savero,oe:player:565edcb58e76115e571f38521946e41,Orbit Anonymo Esports,oe:team:f9f16e15a84c85d050aa09b4a21c757,Maokai,Rakan,Vi,Annie,LeBlanc,Sylas,,,,,,2087,0,2,6,6,13,30,0.0,0.0,0.0,0.0,0.0,0.0,0.0,0.0,0.3737,1.2362,,,,,,,,,,,,,,,,,,,,,0.0,2.0,,,,,,,,0.0,0.0,11222.0,322.6258,0.153914,1221.3896,1539.2429,5.0,0.1437,10.0,0.2875,4.0,43.0,1.2362,11106,6573,188.9698,0.191952,10750.0,,,159.0,18.0,141.0,,,4.5712,3116.0,3404.0,59.0,3143.0,3439.0,63.0,-27.0,-35.0,-4.0,0.0,1.0,1.0,0.0,2.0,1.0,5708.0,5717.0,93.0,4974.0,5893.0,100.0,734.0,-176.0,-7.0,1.0,4.0,1.0,1.0,3.0,2.0,6899.0,6969.0,114.0,7129.0,7953.0,121.0,-230.0,-984.0,-7.0,1.0,4.0,2.0,3.0,5.0,3.0,7829.0,8094.0,122.0,9664.0,11893.0,158.0,-1835.0,-3799.0,-36.0,1.0,5.0,5.0,4.0,9.0,3.0
ESPORTSTMNT05_3223083,complete,,EM,2023,Spring,0,2023-04-14 19:29:40,1,13.06,8,Red,mid,Roison,oe:player:1428134d4ece3f00321b6b870ca2152,Orbit Anonymo Esports,oe:team:f9f16e15a84c85d050aa09b4a21c757,Cho'Gath,Rakan,Vi,Annie,LeBlanc,Sylas,,,,,,2087,0,6,5,6,13,30,0.0,0.0,0.0,0.0,1.0,1.0,0.0,0.0,0.3737,1.2362,,,,,,,,,,,,,,,,,,,,,0.0,0.0,,,,,,,,0.0,0.0,23256.0,668.5961,0.318964,1168.5194,1159.6933,9.0,0.2587,2.0,0.0575,1.0,17.0,0.4887,12780,8247,237.0963,0.240838,12025.0,,,243.0,223.0,20.0,,,6.9861,3737.0,4549.0,84.0,3254.0,4567.0,88.0,483.0,-18.0,-4.0,2.0,0.0,0.0,0.0,1.0,1.0,5797.0,7191.0,130.0,5420.0,7452.0,135.0,377.0,-261.0,-5.0,3.0,3.0,1.0,1.0,1.0,2.0,7536.0,9575.0,168.0,7723.0,10112.0,181.0,-187.0,-537.0,-13.0,4.0,3.0,2.0,2.0,3.0,2.0,9852.0,11342.0,194.0,11980.0,13946.0,225.0,-2128.0,-2604.0,-31.0,5.0,3.0,4.0,5.0,5.0,2.0
ESPORTSTMNT05_3223083,complete,,EM,2023,Spring,0,2023-04-14 19:29:40,1,13.06,9,Red,bot,Neramin,oe:player:c032df73970ffb2f2b585d912f6b20d,Orbit Anonymo Esports,oe:team:f9f16e15a84c85d050aa09b4a21c757,Jinx,Rakan,Vi,Annie,LeBlanc,Sylas,,,,,,2087,0,4,5,4,13,30,0.0,0.0,0.0,0.0,0.0,0.0,0.0,0.0,0.3737,1.2362,,,,,,,,,,,,,,,,,,,,,0.0,0.0,,,,,,,,0.0,0.0,17252.0,495.9847,0.236617,651.2027,391.2793,11.0,0.3162,7.0,0.2012,1.0,27.0,0.7762,14952,10419,299.54,0.304268,14075.0,,,340.0,326.0,14.0,,,9.7748,3807.0,3871.0,91.0,3954.0,3601.0,88.0,-147.0,270.0,3.0,0.0,0.0,0.0,2.0,0.0,0.0,6503.0,6342.0,137.0,6530.0,5579.0,140.0,-27.0,763.0,-3.0,2.0,2.0,0.0,3.0,0.0,1.0,8389.0,8739.0,196.0,8678.0,8100.0,192.0,-289.0,639.0,4.0,2.0,2.0,1.0,3.0,4.0,1.0,10188.0,10902.0,233.0,11987.0,12024.0,242.0,-1799.0,-1122.0,-9.0,3.0,2.0,3.0,7.0,8.0,1.0
ESPORTSTMNT05_3223083,complete,,EM,2023,Spring,0,2023-04-14 19:29:40,1,13.06,10,Red,sup,Czypsy,oe:player:df5866d3078c786ce03084b78b1f5d9,Orbit Anonymo Esports,oe:team:f9f16e15a84c85d050aa09b4a21c757,Soraka,Rakan,Vi,Annie,LeBlanc,Sylas,,,,,,2087,0,0,7,8,13,30,0.0,0.0,0.0,0.0,0.0,0.0,0.0,0.0,0.3737,1.2362,,,,,,,,,,,,,,,,,,,,,0.0,0.0,,,,,,,,0.0,0.0,5237.0,150.5606,0.0718273,502.3095,239.1663,46.0,1.3225,8.0,0.23,9.0,88.0,2.5299,7160,2627,75.5247,0.076715,6375.0,,,19.0,19.0,0.0,,,0.5462,2254.0,2171.0,1.0,2280.0,2361.0,15.0,-26.0,-190.0,-14.0,0.0,1.0,1.0,0.0,2.0,0.0,3495.0,3759.0,11.0,3618.0,3652.0,26.0,-123.0,107.0,-15.0,0.0,3.0,3.0,0.0,4.0,1.0,4642.0,5432.0,13.0,4673.0,5741.0,28.0,-31.0,-309.0,-15.0,0.0,4.0,4.0,0.0,8.0,1.0,5394.0,5917.0,15.0,6614.0,9239.0,32.0,-1220.0,-3322.0,-17.0,0.0,4.0,6.0,0.0,18.0,2.0
ESPORTSTMNT05_3223083,complete,,EM,2023,Spring,0,2023-04-14 19:29:40,1,13.06,100,Blue,team,,,LDLC OL,oe:team:e31c6dcc465e0b94500ef023f42cdc1,,Nautilus,Lee Sin,Xayah,Gnar,Malphite,Wukong,Zeri,Lulu,Kennen,Yone,2087,1,30,13,60,30,13,1.0,1.0,0.0,0.0,0.0,,,,0.8625,1.2362,0.0,3.0,2.0,3.0,2.0,0.0,3.0,0.0,0.0,0.0,0.0,,0.0,0.0,0.0,1.0,1.0,,,1.0,2.0,0.0,0.0,9.0,1.0,1.0,1.0,8.0,5.0,1.0,0.0,125397.0,3605.0886,,3416.6363,3763.4978,92.0,2.6449,41.0,1.1787,34.0,266.0,7.6473,71455,48790,1402.6833,,65035.0,0.188165,2.73,,906.0,236.0,,,32.8318,16161.0,19265.0,341.0,15649.0,18002.0,297.0,512.0,1263.0,44.0,3.0,5.0,2.0,2.0,2.0,3.0,27230.0,31504.0,539.0,25486.0,28990.0,464.0,1744.0,2514.0,75.0,8.0,8.0,6.0,6.0,12.0,8.0,37168.0,43468.0,700.0,32766.0,38572.0,615.0,4402.0,4896.0,85.0,13.0,21.0,7.0,7.0,13.0,13.0,51621.0,60976.0,842.0,39996.0,45933.0,714.0,11625.0,15043.0,128.0,24.0,48.0,9.0,9.0,16.0,24.0
ESPORTSTMNT05_3223083,complete,,EM,2023,Spring,0,2023-04-14 19:29:40,1,13.06,200,Red,team,,,Orbit Anonymo Esports,oe:team:f9f16e15a84c85d050aa09b4a21c757,,Rakan,Vi,Annie,LeBlanc,Sylas,Maokai,Jinx,Soraka,Cho'Gath,Zed,2087,0,13,30,28,13,30,0.0,0.0,0.0,0.0,1.0,,,,0.3737,1.2362,1.0,2.0,3.0,2.0,3.0,1.0,0.0,0.0,1.0,0.0,0.0,,0.0,0.0,1.0,1.0,1.0,,,0.0,0.0,2.0,1.0,1.0,9.0,0.0,0.0,5.0,8.0,0.0,1.0,72911.0,2096.1476,,4455.4959,3880.8816,83.0,2.3862,35.0,1.0062,16.0,207.0,5.9511,56908,34243,984.4657,,53850.0,-0.188165,-2.73,,823.0,180.0,,,28.8356,15649.0,18002.0,297.0,16161.0,19265.0,341.0,-512.0,-1263.0,-44.0,2.0,2.0,3.0,3.0,5.0,2.0,25486.0,28990.0,464.0,27230.0,31504.0,539.0,-1744.0,-2514.0,-75.0,6.0,12.0,8.0,8.0,8.0,6.0,32766.0,38572.0,615.0,37168.0,43468.0,700.0,-4402.0,-4896.0,-85.0,7.0,13.0,13.0,13.0,21.0,7.0,39996.0,45933.0,714.0,51621.0,60976.0,842.0,-11625.0,-15043.0,-128.0,9.0,16.0,24.0,24.0,48.0,9.0
ESPORTSTMNT05_3220372,complete,,EM,2023,Spring,0,2023-04-14 19:37:11,1,13.06,1,Blue,top,ACD,oe:player:72c5cc0e2586935d16539f31a2a4fec,Macko Esports,oe:team:a2e63aee03585f0b37ff4cad936e349,Kled,Zeri,Rakan,Xayah,Annie,Lissandra,,,,,,1917,1,7,4,8,25,13,2.0,0.0,0.0,0.0,0.0,0.0,0.0,0.0,0.7825,1.1894,,,,,,,,,,,,,,,,,,,,,0.0,0.0,,,,,,,,0.0,0.0,28338.0,886.9484,0.294828,1250.4538,1168.2003,9.0,0.2817,3.0,0.0939,2.0,40.0,1.252,15503,11317,354.2097,0.264455,14050.0,,,232.0,212.0,20.0,,,7.2613,3473.0,4873.0,82.0,2845.0,3482.0,54.0,628.0,1391.0,28.0,1.0,0.0,0.0,1.0,0.0,1.0,5555.0,6874.0,120.0,5569.0,6994.0,100.0,-14.0,-120.0,20.0,1.0,0.0,2.0,3.0,2.0,2.0,7323.0,9371.0,161.0,7228.0,9393.0,137.0,95.0,-22.0,24.0,1.0,0.0,3.0,3.0,5.0,2.0,9998.0,12227.0,184.0,8042.0,10146.0,143.0,1956.0,2081.0,41.0,4.0,3.0,4.0,3.0,5.0,4.0
ESPORTSTMNT05_3220372,complete,,EM,2023,Spring,0,2023-04-14 19:37:11,1,13.06,2,Blue,jng,Cboi,oe:player:702efc23873d774e479682ef680d911,Macko Esports,oe:team:a2e63aee03585f0b37ff4cad936e349,Sejuani,Zeri,Rakan,Xayah,Annie,Lissandra,,,,,,1917,1,3,4,16,25,13,0.0,0.0,0.0,0.0,0.0,0.0,0.0,0.0,0.7825,1.1894,,,,,,,,,,,,,,,,,,,,,1.0,0.0,,,,,,,,0.0,0.0,12876.0,403.0047,0.133962,1083.7559,1377.59,20.0,0.626,7.0,0.2191,8.0,54.0,1.6901,11893,7707,241.2207,0.180095,11350.0,,,158.0,35.0,123.0,,,4.9452,3255.0,3038.0,55.0,2803.0,3007.0,55.0,452.0,31.0,0.0,0.0,3.0,1.0,0.0,1.0,2.0,5306.0,4812.0,82.0,4215.0,5003.0,88.0,1091.0,-191.0,-6.0,1.0,4.0,2.0,0.0,2.0,3.0,6818.0,6906.0,111.0,6241.0,6876.0,118.0,577.0,30.0,-7.0,1.0,5.0,3.0,2.0,2.0,4.0,9110.0,9767.0,131.0,7940.0,9263.0,145.0,1170.0,504.0,-14.0,2.0,9.0,4.0,3.0,3.0,5.0
ESPORTSTMNT05_3220372,complete,,EM,2023,Spring,0,2023-04-14 19:37:11,1,13.06,3,Blue,mid,Six10,oe:player:325397710b4294aeb7a18881c34f33b,Macko Esports,oe:team:a2e63aee03585f0b37ff4cad936e349,Akali,Zeri,Rakan,Xayah,Annie,Lissandra,,,,,,1917,1,2,1,10,25,13,0.0,0.0,0.0,0.0,0.0,0.0,0.0,0.0,0.7825,1.1894,,,,,,,,,,,,,,,,,,,,,0.0,0.0,,,,,,,,0.0,0.0,20643.0,646.1033,0.214769,756.4632,492.9264,9.0,0.2817,11.0,0.3443,8.0,45.0,1.4085,11659,7473,233.8967,0.174626,11200.0,,,239.0,235.0,4.0,,,7.4804,2785.0,3809.0,67.0,3145.0,4294.0,71.0,-360.0,-485.0,-4.0,0.0,1.0,1.0,1.0,0.0,0.0,4659.0,6525.0,120.0,5545.0,7212.0,127.0,-886.0,-687.0,-7.0,0.0,2.0,1.0,3.0,0.0,0.0,6312.0,9169.0,162.0,7254.0,9403.0,160.0,-942.0,-234.0,2.0,0.0,3.0,1.0,4.0,2.0,0.0,8547.0,12421.0,201.0,8113.0,11549.0,167.0,434.0,872.0,34.0,1.0,6.0,1.0,4.0,3.0,1.0
ESPORTSTMNT05_3220372,complete,,EM,2023,Spring,0,2023-04-14 19:37:11,1,13.06,4,Blue,bot,Vzz,oe:player:ba6e76e259419420ddff269bb6ef074,Macko Esports,oe:team:a2e63aee03585f0b37ff4cad936e349,Varus,Zeri,Rakan,Xayah,Annie,Lissandra,,,,,,1917,1,12,1,4,25,13,2.0,0.0,0.0,0.0,1.0,1.0,0.0,0.0,0.7825,1.1894,,,,,,,,,,,,,,,,,,,,,1.0,0.0,,,,,,,,1.0,0.0,27083.0,847.6682,0.281771,333.0829,418.748,14.0,0.4382,15.0,0.4695,5.0,55.0,1.7214,16087,11901,372.4883,0.278102,14875.0,,,279.0,259.0,20.0,,,8.7324,4643.0,4070.0,78.0,2669.0,2988.0,56.0,1974.0,1082.0,22.0,5.0,0.0,0.0,0.0,0.0,3.0,7261.0,6252.0,136.0,4319.0,4919.0,98.0,2942.0,1333.0,38.0,6.0,0.0,0.0,0.0,1.0,3.0,9826.0,8776.0,199.0,6569.0,7120.0,148.0,3257.0,1656.0,51.0,7.0,0.0,0.0,0.0,3.0,3.0,12169.0,11126.0,220.0,8124.0,8662.0,172.0,4045.0,2464.0,48.0,9.0,2.0,0.0,1.0,4.0,4.0
ESPORTSTMNT05_3220372,complete,,EM,2023,Spring,0,2023-04-14 19:37:11,1,13.06,5,Blue,sup,Click,oe:player:1e249a5688255bde7f7213b5d257b3c,Macko Esports,oe:team:a2e63aee03585f0b37ff4cad936e349,Nautilus,Zeri,Rakan,Xayah,Annie,Lissandra,,,,,,1917,1,1,3,19,25,13,0.0,0.0,0.0,0.0,0.0,0.0,0.0,0.0,0.7825,1.1894,,,,,,,,,,,,,,,,,,,,,0.0,0.0,,,,,,,,0.0,0.0,7177.0,224.6322,0.0746694,373.1455,554.9922,42.0,1.3146,9.0,0.2817,10.0,73.0,2.2848,8582,4396,137.59,0.102721,7500.0,,,30.0,30.0,0.0,,,0.939,2612.0,1774.0,12.0,2296.0,1964.0,11.0,316.0,-190.0,1.0,1.0,3.0,0.0,0.0,1.0,1.0,3907.0,3214.0,15.0,3320.0,3461.0,15.0,587.0,-247.0,0.0,1.0,5.0,1.0,0.0,2.0,1.0,5160.0,4811.0,25.0,4472.0,5259.0,22.0,688.0,-448.0,3.0,1.0,6.0,2.0,0.0,5.0,1.0,6621.0,7787.0,28.0,5372.0,6347.0,28.0,1249.0,1440.0,0.0,1.0,12.0,2.0,0.0,6.0,3.0
ESPORTSTMNT05_3220372,complete,,EM,2023,Spring,0,2023-04-14 19:37:11,1,13.06,6,Red,top,Marky,oe:player:197e012fb5163375e24dbbfdae34911,Movistar KOI,oe:team:4acc40654379b4da680be1bd3129dfa,Malphite,Vi,Irelia,Ahri,Sylas,LeBlanc,,,,,,1917,0,4,6,6,13,25,0.0,0.0,0.0,0.0,0.0,0.0,0.0,0.0,0.4069,1.1894,,,,,,,,,,,,,,,,,,,,,0.0,0.0,,,,,,,,0.0,0.0,23795.0,744.7574,0.256996,891.7684,2092.5822,9.0,0.2817,3.0,0.0939,2.0,21.0,0.6573,10609,6423,201.0329,0.236011,10310.0,,,171.0,171.0,0.0,,,5.3521,2845.0,3482.0,54.0,3473.0,4873.0,82.0,-628.0,-1391.0,-28.0,1.0,0.0,1.0,1.0,0.0,0.0,5569.0,6994.0,100.0,5555.0,6874.0,120.0,14.0,120.0,-20.0,3.0,2.0,2.0,1.0,0.0,2.0,7228.0,9393.0,137.0,7323.0,9371.0,161.0,-95.0,22.0,-24.0,3.0,5.0,2.0,1.0,0.0,3.0,8042.0,10146.0,143.0,9998.0,12227.0,184.0,-1956.0,-2081.0,-41.0,3.0,5.0,4.0,4.0,3.0,4.0
ESPORTSTMNT05_3220372,complete,,EM,2023,Spring,0,2023-04-14 19:37:11,1,13.06,7,Red,jng,ISMA,oe:player:5450c7731de19c131ce20ea74933cc2,Movistar KOI,oe:team:4acc40654379b4da680be1bd3129dfa,Wukong,Vi,Irelia,Ahri,Sylas,LeBlanc,,,,,,1917,0,3,6,5,13,25,1.0,0.0,0.0,0.0,0.0,0.0,0.0,0.0,0.4069,1.1894,,,,,,,,,,,,,,,,,,,,,0.0,1.0,,,,,,,,0.0,0.0,16118.0,504.4757,0.174081,1064.2254,792.6135,10.0,0.313,16.0,0.5008,9.0,54.0,1.6901,9579,5393,168.795,0.198163,9075.0,,,166.0,36.0,130.0,,,5.1956,2803.0,3007.0,55.0,3255.0,3038.0,55.0,-452.0,-31.0,0.0,0.0,1.0,2.0,0.0,3.0,1.0,4215.0,5003.0,88.0,5306.0,4812.0,82.0,-1091.0,191.0,6.0,0.0,2.0,3.0,1.0,4.0,2.0,6241.0,6876.0,118.0,6818.0,6906.0,111.0,-577.0,-30.0,7.0,2.0,2.0,4.0,1.0,5.0,3.0,7940.0,9263.0,145.0,9110.0,9767.0,131.0,-1170.0,-504.0,14.0,3.0,3.0,5.0,2.0,9.0,4.0
ESPORTSTMNT05_3220372,complete,,EM,2023,Spring,0,2023-04-14 19:37:11,1,13.06,8,Red,mid,Fresskowy,oe:player:cda093b28f577696b82604fb20037ad,Movistar KOI,oe:team:4acc40654379b4da680be1bd3129dfa,Gragas,Vi,Irelia,Ahri,Sylas,LeBlanc,,,,,,1917,0,4,3,5,13,25,0.0,0.0,0.0,0.0,0.0,0.0,0.0,0.0,0.4069,1.1894,,,,,,,,,,,,,,,,,,,,,0.0,0.0,,,,,,,,0.0,0.0,20222.0,632.9264,0.218406,927.23,1010.892,17.0,0.5321,2.0,0.0626,7.0,22.0,0.6886,10370,6184,193.5524,0.227229,10325.0,,,211.0,211.0,0.0,,,6.6041,3145.0,4294.0,71.0,2785.0,3809.0,67.0,360.0,485.0,4.0,1.0,0.0,0.0,0.0,1.0,1.0,5545.0,7212.0,127.0,4659.0,6525.0,120.0,886.0,687.0,7.0,3.0,0.0,0.0,0.0,2.0,1.0,7254.0,9403.0,160.0,6312.0,9169.0,162.0,942.0,234.0,-2.0,4.0,2.0,0.0,0.0,3.0,1.0,8113.0,11549.0,167.0,8547.0,12421.0,201.0,-434.0,-872.0,-34.0,4.0,3.0,1.0,1.0,6.0,1.0
ESPORTSTMNT05_3220372,complete,,EM,2023,Spring,0,2023-04-14 19:37:11,1,13.06,9,Red,bot,Supa,oe:player:1223a0ed2bfab9b714c72d965df8133,Movistar KOI,oe:team:4acc40654379b4da680be1bd3129dfa,Jinx,Vi,Irelia,Ahri,Sylas,LeBlanc,,,,,,1917,0,2,6,5,13,25,0.0,0.0,0.0,0.0,0.0,0.0,0.0,1.0,0.4069,1.1894,,,,,,,,,,,,,,,,,,,,,0.0,1.0,,,,,,,,0.0,1.0,23745.0,743.1925,0.256456,489.4836,258.7793,8.0,0.2504,12.0,0.3756,0.0,35.0,1.0955,10898,6712,210.0782,0.246631,10975.0,,,230.0,220.0,10.0,,,7.1987,2669.0,2988.0,56.0,4643.0,4070.0,78.0,-1974.0,-1082.0,-22.0,0.0,0.0,3.0,5.0,0.0,0.0,4319.0,4919.0,98.0,7261.0,6252.0,136.0,-2942.0,-1333.0,-38.0,0.0,1.0,3.0,6.0,0.0,0.0,6569.0,7120.0,148.0,9826.0,8776.0,199.0,-3257.0,-1656.0,-51.0,0.0,3.0,3.0,7.0,0.0,0.0,8124.0,8662.0,172.0,12169.0,11126.0,220.0,-4045.0,-2464.0,-48.0,1.0,4.0,4.0,9.0,2.0,0.0
ESPORTSTMNT05_3220372,complete,,EM,2023,Spring,0,2023-04-14 19:37:11,1,13.06,10,Red,sup,Alvaro,oe:player:f5bf9bd732b85e4dcab5121e4769ae4,Movistar KOI,oe:team:4acc40654379b4da680be1bd3129dfa,Renata Glasc,Vi,Irelia,Ahri,Sylas,LeBlanc,,,,,,1917,0,0,4,8,13,25,0.0,0.0,0.0,0.0,0.0,0.0,0.0,0.0,0.4069,1.1894,,,,,,,,,,,,,,,,,,,,,0.0,0.0,,,,,,,,0.0,0.0,8709.0,272.5822,0.0940609,378.9358,355.2113,45.0,1.4085,12.0,0.3756,13.0,82.0,2.5665,6689,2503,78.3412,0.0919658,6675.0,,,36.0,36.0,0.0,,,1.1268,2296.0,1964.0,11.0,2612.0,1774.0,12.0,-316.0,190.0,-1.0,0.0,1.0,1.0,1.0,3.0,0.0,3320.0,3461.0,15.0,3907.0,3214.0,15.0,-587.0,247.0,0.0,0.0,2.0,1.0,1.0,5.0,1.0,4472.0,5259.0,22.0,5160.0,4811.0,25.0,-688.0,448.0,-3.0,0.0,5.0,1.0,1.0,6.0,2.0,5372.0,6347.0,28.0,6621.0,7787.0,28.0,-1249.0,-1440.0,0.0,0.0,6.0,3.0,1.0,12.0,2.0
ESPORTSTMNT05_3220372,complete,,EM,2023,Spring,0,2023-04-14 19:37:11,1,13.06,100,Blue,team,,,Macko Esports,oe:team:a2e63aee03585f0b37ff4cad936e349,,Zeri,Rakan,Xayah,Annie,Lissandra,Sejuani,Kled,Varus,Akali,Nautilus,1917,1,25,13,57,25,13,4.0,0.0,0.0,0.0,1.0,,,,0.7825,1.1894,0.0,3.0,1.0,3.0,1.0,2.0,0.0,0.0,0.0,1.0,0.0,,0.0,0.0,1.0,2.0,0.0,,,1.0,2.0,0.0,1.0,9.0,0.0,1.0,1.0,9.0,3.0,1.0,0.0,96117.0,3008.3568,,3796.9014,4012.457,94.0,2.9421,45.0,1.4085,33.0,267.0,8.3568,63724,42793,1339.374,,58975.0,0.218461,3.86,,771.0,167.0,,,29.3584,16768.0,17564.0,294.0,13758.0,15735.0,247.0,3010.0,1829.0,47.0,7.0,7.0,2.0,2.0,2.0,7.0,26688.0,27677.0,473.0,22968.0,27589.0,428.0,3720.0,88.0,45.0,9.0,11.0,6.0,6.0,7.0,9.0,35439.0,39033.0,658.0,31764.0,38051.0,585.0,3675.0,982.0,73.0,10.0,14.0,9.0,9.0,17.0,10.0,46445.0,53328.0,764.0,37591.0,45967.0,655.0,8854.0,7361.0,109.0,17.0,32.0,11.0,11.0,21.0,17.0
ESPORTSTMNT05_3220372,complete,,EM,2023,Spring,0,2023-04-14 19:37:11,1,13.06,200,Red,team,,,Movistar KOI,oe:team:4acc40654379b4da680be1bd3129dfa,,Vi,Irelia,Ahri,Sylas,LeBlanc,Jinx,Wukong,Malphite,Gragas,Renata Glasc,1917,0,13,25,29,13,25,1.0,0.0,0.0,0.0,0.0,,,,0.4069,1.1894,1.0,1.0,3.0,1.0,3.0,0.0,1.0,0.0,0.0,0.0,0.0,,0.0,0.0,0.0,0.0,2.0,,,0.0,0.0,2.0,0.0,0.0,9.0,0.0,0.0,3.0,9.0,0.0,1.0,92589.0,2897.9343,,3751.6432,4510.0782,89.0,2.7856,45.0,1.4085,31.0,214.0,6.698,48145,27214,851.7684,,47360.0,-0.218461,-3.86,,674.0,140.0,,,25.4773,13758.0,15735.0,247.0,16768.0,17564.0,294.0,-3010.0,-1829.0,-47.0,2.0,2.0,7.0,7.0,7.0,2.0,22968.0,27589.0,428.0,26688.0,27677.0,473.0,-3720.0,-88.0,-45.0,6.0,7.0,9.0,9.0,11.0,6.0,31764.0,38051.0,585.0,35439.0,39033.0,658.0,-3675.0,-982.0,-73.0,9.0,17.0,10.0,10.0,14.0,9.0,37591.0,45967.0,655.0,46445.0,53328.0,764.0,-8854.0,-7361.0,-109.0,11.0,21.0,17.0,17.0,32.0,11.0
ESPORTSTMNT05_3220377,complete,,EM,2023,Spring,0,2023-04-14 20:30:21,1,13.06,1,Blue,top,Venour,oe:player:df13ba84b4ea6932f7e10b5e51e7cf5,Unicorns of Love Sexy Edition,oe:team:6a060bd74c9041bf0aa89adf9d15d12,Olaf,Rakan,Yone,Vi,Jax,Renata Glasc,,,,,,1720,1,0,0,5,14,6,0.0,0.0,0.0,0.0,0.0,0.0,0.0,0.0,0.4884,0.6977,,,,,,,,,,,,,,,,,,,,,1.0,0.0,,,,,,,,2.0,0.0,8804.0,307.1163,0.173229,556.7442,766.2558,9.0,0.314,4.0,0.1395,2.0,24.0,0.8372,12584,8800,306.9767,0.21806,11850.0,,,295.0,279.0,16.0,,,10.2907,3248.0,4867.0,91.0,3196.0,4991.0,85.0,52.0,-124.0,6.0,0.0,0.0,0.0,0.0,0.0,0.0,4788.0,7303.0,135.0,5230.0,8166.0,142.0,-442.0,-863.0,-7.0,0.0,0.0,0.0,0.0,0.0,0.0,7215.0,10280.0,189.0,7019.0,10793.0,195.0,196.0,-513.0,-6.0,0.0,1.0,0.0,0.0,0.0,0.0,10384.0,13783.0,260.0,8927.0,13445.0,242.0,1457.0,338.0,18.0,0.0,1.0,0.0,0.0,2.0,1.0
ESPORTSTMNT05_3220377,complete,,EM,2023,Spring,0,2023-04-14 20:30:21,1,13.06,2,Blue,jng,Peach,oe:player:53841c6e42a6ce77b6f3b80133c9342,Unicorns of Love Sexy Edition,oe:team:6a060bd74c9041bf0aa89adf9d15d12,Sejuani,Rakan,Yone,Vi,Jax,Renata Glasc,,,,,,1720,1,2,2,7,14,6,0.0,0.0,0.0,0.0,1.0,1.0,0.0,0.0,0.4884,0.6977,,,,,,,,,,,,,,,,,,,,,0.0,0.0,,,,,,,,0.0,0.0,8387.0,292.5698,0.165024,1050.8372,1795.0814,7.0,0.2442,7.0,0.2442,6.0,48.0,1.6744,11453,7669,267.5233,0.190033,10650.0,,,210.0,14.0,196.0,,,7.3256,3533.0,3213.0,62.0,3327.0,3402.0,63.0,206.0,-189.0,-1.0,1.0,0.0,1.0,1.0,0.0,0.0,5645.0,6114.0,109.0,4796.0,5334.0,97.0,849.0,780.0,12.0,1.0,0.0,1.0,1.0,0.0,0.0,7936.0,9600.0,165.0,6217.0,7790.0,128.0,1719.0,1810.0,37.0,2.0,0.0,1.0,1.0,0.0,1.0,9807.0,11797.0,194.0,7401.0,8788.0,135.0,2406.0,3009.0,59.0,2.0,4.0,2.0,2.0,1.0,2.0
ESPORTSTMNT05_3220377,complete,,EM,2023,Spring,0,2023-04-14 20:30:21,1,13.06,3,Blue,mid,Mask,oe:player:4a18312b5b75f549d5551e5912ad6eb,Unicorns of Love Sexy Edition,oe:team:6a060bd74c9041bf0aa89adf9d15d12,Galio,Rakan,Yone,Vi,Jax,Renata Glasc,,,,,,1720,1,5,1,6,14,6,1.0,1.0,0.0,0.0,1.0,0.0,1.0,0.0,0.4884,0.6977,,,,,,,,,,,,,,,,,,,,,0.0,0.0,,,,,,,,0.0,0.0,17684.0,616.8837,0.347953,718.6744,1333.9535,12.0,0.4186,7.0,0.2442,3.0,44.0,1.5349,13770,9986,348.3488,0.24745,12825.0,,,274.0,273.0,1.0,,,9.5581,3642.0,5125.0,96.0,3548.0,4904.0,102.0,94.0,221.0,-6.0,0.0,1.0,0.0,0.0,0.0,1.0,5635.0,8028.0,151.0,5446.0,7572.0,161.0,189.0,456.0,-10.0,0.0,1.0,0.0,0.0,0.0,1.0,8024.0,12900.0,207.0,7502.0,10578.0,215.0,522.0,2322.0,-8.0,0.0,2.0,0.0,0.0,0.0,1.0,11148.0,15690.0,244.0,9216.0,12909.0,257.0,1932.0,2781.0,-13.0,3.0,4.0,0.0,0.0,1.0,2.0
ESPORTSTMNT05_3220377,complete,,EM,2023,Spring,0,2023-04-14 20:30:21,1,13.06,4,Blue,bot,Fun K3y,oe:player:9ea5afea85321b13df74acb62bfb530,Unicorns of Love Sexy Edition,oe:team:6a060bd74c9041bf0aa89adf9d15d12,Xayah,Rakan,Yone,Vi,Jax,Renata Glasc,,,,,,1720,1,6,1,3,14,6,1.0,0.0,0.0,0.0,0.0,0.0,0.0,0.0,0.4884,0.6977,,,,,,,,,,,,,,,,,,,,,0.0,0.0,,,,,,,,1.0,0.0,12084.0,421.5349,0.237766,278.4767,190.5,11.0,0.3837,16.0,0.5581,5.0,56.0,1.9535,13787,10003,348.9419,0.247871,11975.0,,,304.0,287.0,17.0,,,10.6047,3670.0,3117.0,87.0,3838.0,3183.0,78.0,-168.0,-66.0,9.0,1.0,0.0,1.0,2.0,1.0,0.0,5689.0,5652.0,147.0,5701.0,5970.0,136.0,-12.0,-318.0,11.0,1.0,0.0,1.0,2.0,1.0,0.0,8039.0,8566.0,215.0,7723.0,8734.0,194.0,316.0,-168.0,21.0,1.0,0.0,1.0,2.0,1.0,0.0,10782.0,11828.0,273.0,9649.0,10477.0,235.0,1133.0,1351.0,38.0,3.0,2.0,1.0,3.0,2.0,1.0
ESPORTSTMNT05_3220377,complete,,EM,2023,Spring,0,2023-04-14 20:30:21,1,13.06,5,Blue,sup,Lekcyc,oe:player:74f3f60a44ee916ecc257a5381be756,Unicorns of Love Sexy Edition,oe:team:6a060bd74c9041bf0aa89adf9d15d12,Braum,Rakan,Yone,Vi,Jax,Renata Glasc,,,,,,1720,1,1,2,7,14,6,0.0,0.0,0.0,0.0,0.0,0.0,0.0,0.0,0.4884,0.6977,,,,,,,,,,,,,,,,,,,,,0.0,0.0,,,,,,,,0.0,0.0,3864.0,134.7907,0.0760286,350.093,381.4535,42.0,1.4651,12.0,0.4186,14.0,84.0,2.9302,7682,3898,135.9767,0.0965852,6735.0,,,36.0,36.0,0.0,,,1.2558,2420.0,2533.0,16.0,2509.0,2626.0,21.0,-89.0,-93.0,-5.0,0.0,1.0,1.0,0.0,2.0,1.0,3686.0,3650.0,28.0,3645.0,3594.0,32.0,41.0,56.0,-4.0,0.0,1.0,1.0,0.0,2.0,1.0,4598.0,4865.0,30.0,4544.0,4542.0,36.0,54.0,323.0,-6.0,0.0,1.0,1.0,0.0,2.0,1.0,5869.0,7387.0,33.0,5518.0,6854.0,45.0,351.0,533.0,-12.0,0.0,5.0,2.0,0.0,4.0,2.0
ESPORTSTMNT05_3220377,complete,,EM,2023,Spring,0,2023-04-14 20:30:21,1,13.06,6,Red,top,Kryze,oe:player:75414f3b4f03bf449c319eb75f3dd5b,LDLC OL,oe:team:e31c6dcc465e0b94500ef023f42cdc1,Gnar,Jayce,Lee Sin,Zeri,Fiora,Camille,,,,,,1720,0,0,1,3,6,14,0.0,0.0,0.0,0.0,0.0,0.0,0.0,0.0,0.2093,0.6977,,,,,,,,,,,,,,,,,,,,,0.0,1.0,,,,,,,,0.0,2.0,17200.0,600.0,0.312024,642.314,546.2442,10.0,0.3488,2.0,0.0698,3.0,26.0,0.907,10491,6707,233.9651,0.236523,10158.0,,,268.0,256.0,12.0,,,9.3488,3196.0,4991.0,85.0,3248.0,4867.0,91.0,-52.0,124.0,-6.0,0.0,0.0,0.0,0.0,0.0,0.0,5230.0,8166.0,142.0,4788.0,7303.0,135.0,442.0,863.0,7.0,0.0,0.0,0.0,0.0,0.0,0.0,7019.0,10793.0,195.0,7215.0,10280.0,189.0,-196.0,513.0,6.0,0.0,0.0,0.0,0.0,1.0,0.0,8927.0,13445.0,242.0,10384.0,13783.0,260.0,-1457.0,-338.0,-18.0,0.0,2.0,1.0,0.0,1.0,0.0
ESPORTSTMNT05_3220377,complete,,EM,2023,Spring,0,2023-04-14 20:30:21,1,13.06,7,Red,jng,White,oe:player:41ea0ed55fe655184c9073085b85eea,LDLC OL,oe:team:e31c6dcc465e0b94500ef023f42cdc1,Wukong,Jayce,Lee Sin,Zeri,Fiora,Camille,,,,,,1720,0,2,4,2,6,14,0.0,0.0,0.0,0.0,0.0,0.0,0.0,0.0,0.2093,0.6977,,,,,,,,,,,,,,,,,,,,,0.0,0.0,,,,,,,,0.0,0.0,6889.0,240.314,0.124973,825.4884,630.9767,10.0,0.3488,17.0,0.593,11.0,49.0,1.7093,8263,4479,156.2442,0.157947,7675.0,,,141.0,25.0,116.0,,,4.9186,3327.0,3402.0,63.0,3533.0,3213.0,62.0,-206.0,189.0,1.0,1.0,0.0,0.0,1.0,0.0,1.0,4796.0,5334.0,97.0,5645.0,6114.0,109.0,-849.0,-780.0,-12.0,1.0,0.0,0.0,1.0,0.0,1.0,6217.0,7790.0,128.0,7936.0,9600.0,165.0,-1719.0,-1810.0,-37.0,1.0,0.0,1.0,2.0,0.0,1.0,7401.0,8788.0,135.0,9807.0,11797.0,194.0,-2406.0,-3009.0,-59.0,2.0,1.0,2.0,2.0,4.0,2.0
ESPORTSTMNT05_3220377,complete,,EM,2023,Spring,0,2023-04-14 20:30:21,1,13.06,8,Red,mid,Backlund,oe:player:bd0655defa1f5f33c2c8ac34cfd9d36,LDLC OL,oe:team:e31c6dcc465e0b94500ef023f42cdc1,Annie,Jayce,Lee Sin,Zeri,Fiora,Camille,,,,,,1720,0,0,4,2,6,14,0.0,0.0,0.0,0.0,0.0,0.0,0.0,1.0,0.2093,0.6977,,,,,,,,,,,,,,,,,,,,,0.0,0.0,,,,,,,,0.0,0.0,9181.0,320.2674,0.166552,432.6279,387.1395,13.0,0.4535,3.0,0.1047,4.0,22.0,0.7674,10341,6557,228.7326,0.231233,9950.0,,,274.0,273.0,1.0,,,9.5581,3548.0,4904.0,102.0,3642.0,5125.0,96.0,-94.0,-221.0,6.0,0.0,0.0,1.0,0.0,1.0,0.0,5446.0,7572.0,161.0,5635.0,8028.0,151.0,-189.0,-456.0,10.0,0.0,0.0,1.0,0.0,1.0,0.0,7502.0,10578.0,215.0,8024.0,12900.0,207.0,-522.0,-2322.0,8.0,0.0,0.0,1.0,0.0,2.0,0.0,9216.0,12909.0,257.0,11148.0,15690.0,244.0,-1932.0,-2781.0,13.0,0.0,1.0,2.0,3.0,4.0,0.0
ESPORTSTMNT05_3220377,complete,,EM,2023,Spring,0,2023-04-14 20:30:21,1,13.06,9,Red,bot,Jeskla,oe:player:71b8101d78beb04a089caa90a8d9310,LDLC OL,oe:team:e31c6dcc465e0b94500ef023f42cdc1,Varus,Jayce,Lee Sin,Zeri,Fiora,Camille,,,,,,1720,0,4,2,2,6,14,1.0,0.0,0.0,0.0,0.0,0.0,0.0,0.0,0.2093,0.6977,,,,,,,,,,,,,,,,,,,,,0.0,0.0,,,,,,,,0.0,1.0,18699.0,652.2907,0.339217,298.1163,351.8023,14.0,0.4884,8.0,0.2791,4.0,33.0,1.1512,11966,8182,285.4186,0.288542,12100.0,,,267.0,263.0,4.0,,,9.314,3838.0,3183.0,78.0,3670.0,3117.0,87.0,168.0,66.0,-9.0,2.0,1.0,0.0,1.0,0.0,1.0,5701.0,5970.0,136.0,5689.0,5652.0,147.0,12.0,318.0,-11.0,2.0,1.0,0.0,1.0,0.0,1.0,7723.0,8734.0,194.0,8039.0,8566.0,215.0,-316.0,168.0,-21.0,2.0,1.0,0.0,1.0,0.0,1.0,9649.0,10477.0,235.0,10782.0,11828.0,273.0,-1133.0,-1351.0,-38.0,3.0,2.0,1.0,3.0,2.0,1.0
ESPORTSTMNT05_3220377,complete,,EM,2023,Spring,0,2023-04-14 20:30:21,1,13.06,10,Red,sup,Zoelys,oe:player:fa22d396503a5a737f2f169943d7241,LDLC OL,oe:team:e31c6dcc465e0b94500ef023f42cdc1,Nautilus,Jayce,Lee Sin,Zeri,Fiora,Camille,,,,,,1720,0,0,3,5,6,14,0.0,0.0,0.0,0.0,0.0,0.0,0.0,0.0,0.2093,0.6977,,,,,,,,,,,,,,,,,,,,,0.0,0.0,,,,,,,,0.0,0.0,3155.0,110.0581,0.0572346,305.686,437.4419,34.0,1.186,13.0,0.4535,8.0,75.0,2.6163,6216,2432,84.8372,0.0857556,6050.0,,,46.0,46.0,0.0,,,1.6047,2509.0,2626.0,21.0,2420.0,2533.0,16.0,89.0,93.0,5.0,0.0,2.0,1.0,0.0,1.0,1.0,3645.0,3594.0,32.0,3686.0,3650.0,28.0,-41.0,-56.0,4.0,0.0,2.0,1.0,0.0,1.0,1.0,4544.0,4542.0,36.0,4598.0,4865.0,30.0,-54.0,-323.0,6.0,0.0,2.0,1.0,0.0,1.0,1.0,5518.0,6854.0,45.0,5869.0,7387.0,33.0,-351.0,-533.0,12.0,0.0,4.0,2.0,0.0,5.0,2.0
ESPORTSTMNT05_3220377,complete,,EM,2023,Spring,0,2023-04-14 20:30:21,1,13.06,100,Blue,team,,,Unicorns of Love Sexy Edition,oe:team:6a060bd74c9041bf0aa89adf9d15d12,,Rakan,Yone,Vi,Jax,Renata Glasc,Xayah,Sejuani,Galio,Olaf,Braum,1720,1,14,6,28,14,6,2.0,1.0,0.0,0.0,1.0,,,,0.4884,0.6977,1.0,4.0,0.0,4.0,0.0,0.0,1.0,1.0,2.0,0.0,0.0,,0.0,0.0,1.0,2.0,0.0,,,1.0,1.0,0.0,1.0,11.0,1.0,1.0,1.0,5.0,1.0,3.0,0.0,50823.0,1772.8953,,2954.8256,4467.2442,81.0,2.8256,46.0,1.6047,30.0,256.0,8.9302,59276,40354,1407.6977,,54035.0,0.162092,1.97,,889.0,230.0,,,39.0349,16513.0,18855.0,352.0,16418.0,19106.0,349.0,95.0,-251.0,3.0,2.0,2.0,3.0,3.0,3.0,2.0,25443.0,30747.0,570.0,24818.0,30636.0,568.0,625.0,111.0,2.0,2.0,2.0,3.0,3.0,3.0,2.0,35812.0,46211.0,806.0,33005.0,42437.0,768.0,2807.0,3774.0,38.0,3.0,4.0,3.0,3.0,3.0,3.0,47990.0,60485.0,1004.0,40711.0,52473.0,914.0,7279.0,8012.0,90.0,8.0,16.0,5.0,5.0,10.0,8.0
ESPORTSTMNT05_3220377,complete,,EM,2023,Spring,0,2023-04-14 20:30:21,1,13.06,200,Red,team,,,LDLC OL,oe:team:e31c6dcc465e0b94500ef023f42cdc1,,Jayce,Lee Sin,Zeri,Fiora,Camille,Annie,Wukong,Varus,Nautilus,Gnar,1720,0,6,14,14,6,14,1.0,0.0,0.0,0.0,0.0,,,,0.2093,0.6977,0.0,0.0,4.0,0.0,4.0,0.0,0.0,0.0,0.0,0.0,0.0,,0.0,0.0,0.0,0.0,2.0,,,0.0,0.0,1.0,0.0,1.0,11.0,0.0,0.0,1.0,5.0,0.0,3.0,55124.0,1922.9302,,2504.2326,2353.6047,81.0,2.8256,43.0,1.5,30.0,205.0,7.1512,47277,28355,989.1279,,45933.0,-0.162092,-1.97,,863.0,133.0,,,34.7442,16418.0,19106.0,349.0,16513.0,18855.0,352.0,-95.0,251.0,-3.0,3.0,3.0,2.0,2.0,2.0,3.0,24818.0,30636.0,568.0,25443.0,30747.0,570.0,-625.0,-111.0,-2.0,3.0,3.0,2.0,2.0,2.0,3.0,33005.0,42437.0,768.0,35812.0,46211.0,806.0,-2807.0,-3774.0,-38.0,3.0,3.0,3.0,3.0,4.0,3.0,40711.0,52473.0,914.0,47990.0,60485.0,1004.0,-7279.0,-8012.0,-90.0,5.0,10.0,8.0,8.0,16.0,5.0
ESPORTSTMNT05_3222570,complete,,EM,2023,Spring,0,2023-04-18 14:58:36,1,13.06,1,Blue,top,ACD,oe:player:72c5cc0e2586935d16539f31a2a4fec,Macko Esports,oe:team:a2e63aee03585f0b37ff4cad936e349,Gragas,Kalista,Tristana,Rakan,Sion,Nautilus,,,,,,1869,0,2,5,2,8,26,0.0,0.0,0.0,0.0,0.0,0.0,0.0,0.0,0.2568,1.0915,,,,,,,,,,,,,,,,,,,,,0.0,0.0,,,,,,,,0.0,0.0,12892.0,413.8684,0.215233,1120.0963,827.4157,12.0,0.3852,3.0,0.0963,3.0,21.0,0.6742,9633,5545,178.0096,0.188868,8925.0,,,200.0,198.0,2.0,,,6.4205,3387.0,4679.0,72.0,3306.0,4505.0,82.0,81.0,174.0,-10.0,1.0,0.0,0.0,0.0,0.0,1.0,5028.0,7823.0,123.0,5127.0,7369.0,133.0,-99.0,454.0,-10.0,1.0,0.0,1.0,0.0,0.0,1.0,6221.0,9379.0,147.0,7587.0,10645.0,179.0,-1366.0,-1266.0,-32.0,1.0,1.0,2.0,1.0,2.0,2.0,7646.0,12713.0,176.0,10067.0,13391.0,210.0,-2421.0,-678.0,-34.0,1.0,2.0,3.0,1.0,3.0,2.0
ESPORTSTMNT05_3222570,complete,,EM,2023,Spring,0,2023-04-18 14:58:36,1,13.06,2,Blue,jng,Cboi,oe:player:702efc23873d774e479682ef680d911,Macko Esports,oe:team:a2e63aee03585f0b37ff4cad936e349,Maokai,Kalista,Tristana,Rakan,Sion,Nautilus,,,,,,1869,0,0,5,6,8,26,0.0,0.0,0.0,0.0,0.0,0.0,0.0,1.0,0.2568,1.0915,,,,,,,,,,,,,,,,,,,,,0.0,1.0,,,,,,,,0.0,0.0,8677.0,278.5554,0.144863,936.565,894.7994,8.0,0.2568,10.0,0.321,6.0,44.0,1.4125,8210,4122,132.3274,0.140396,7750.0,,,138.0,35.0,103.0,,,4.4302,3344.0,3440.0,68.0,3634.0,3469.0,66.0,-290.0,-29.0,2.0,0.0,1.0,1.0,1.0,0.0,0.0,4573.0,5146.0,93.0,5489.0,6363.0,99.0,-916.0,-1217.0,-6.0,0.0,1.0,1.0,2.0,0.0,0.0,5862.0,7417.0,113.0,7682.0,8725.0,132.0,-1820.0,-1308.0,-19.0,0.0,4.0,3.0,3.0,2.0,0.0,6911.0,8420.0,124.0,10000.0,11392.0,156.0,-3089.0,-2972.0,-32.0,0.0,4.0,4.0,5.0,3.0,0.0
ESPORTSTMNT05_3222570,complete,,EM,2023,Spring,0,2023-04-18 14:58:36,1,13.06,3,Blue,mid,Six10,oe:player:325397710b4294aeb7a18881c34f33b,Macko Esports,oe:team:a2e63aee03585f0b37ff4cad936e349,Jayce,Kalista,Tristana,Rakan,Sion,Nautilus,,,,,,1869,0,5,5,2,8,26,1.0,0.0,0.0,0.0,0.0,0.0,0.0,0.0,0.2568,1.0915,,,,,,,,,,,,,,,,,,,,,0.0,1.0,,,,,,,,0.0,1.0,20137.0,646.4526,0.336188,562.7929,455.6661,13.0,0.4173,3.0,0.0963,7.0,29.0,0.931,14374,10286,330.2087,0.350362,14300.0,,,290.0,278.0,12.0,,,9.3098,3903.0,4891.0,101.0,3858.0,4935.0,98.0,45.0,-44.0,3.0,1.0,0.0,1.0,1.0,1.0,0.0,6572.0,7813.0,163.0,6372.0,8004.0,160.0,200.0,-191.0,3.0,1.0,0.0,2.0,2.0,2.0,0.0,9679.0,10368.0,208.0,9014.0,10419.0,201.0,665.0,-51.0,7.0,4.0,0.0,2.0,3.0,5.0,0.0,11592.0,11848.0,237.0,11699.0,14176.0,238.0,-107.0,-2328.0,-1.0,5.0,0.0,3.0,5.0,8.0,0.0
ESPORTSTMNT05_3222570,complete,,EM,2023,Spring,0,2023-04-18 14:58:36,1,13.06,4,Blue,bot,Vzz,oe:player:ba6e76e259419420ddff269bb6ef074,Macko Esports,oe:team:a2e63aee03585f0b37ff4cad936e349,Varus,Kalista,Tristana,Rakan,Sion,Nautilus,,,,,,1869,0,1,5,4,8,26,0.0,0.0,0.0,0.0,0.0,0.0,0.0,0.0,0.2568,1.0915,,,,,,,,,,,,,,,,,,,,,0.0,0.0,,,,,,,,0.0,1.0,14958.0,480.1926,0.249725,414.4462,226.3242,13.0,0.4173,3.0,0.0963,4.0,25.0,0.8026,11191,7103,228.0257,0.241939,10600.0,,,272.0,267.0,5.0,,,8.7319,3295.0,3459.0,85.0,3259.0,3578.0,87.0,36.0,-119.0,-2.0,0.0,0.0,0.0,0.0,0.0,0.0,5023.0,5459.0,134.0,5219.0,6067.0,136.0,-196.0,-608.0,-2.0,0.0,0.0,1.0,1.0,0.0,0.0,6325.0,7135.0,164.0,7819.0,8407.0,175.0,-1494.0,-1272.0,-11.0,0.0,3.0,2.0,3.0,1.0,1.0,8150.0,8855.0,206.0,11423.0,12339.0,232.0,-3273.0,-3484.0,-26.0,0.0,4.0,4.0,4.0,7.0,1.0
ESPORTSTMNT05_3222570,complete,,EM,2023,Spring,0,2023-04-18 14:58:36,1,13.06,5,Blue,sup,Click,oe:player:1e249a5688255bde7f7213b5d257b3c,Macko Esports,oe:team:a2e63aee03585f0b37ff4cad936e349,Annie,Kalista,Tristana,Rakan,Sion,Nautilus,,,,,,1869,0,0,6,4,8,26,0.0,0.0,0.0,0.0,0.0,0.0,0.0,0.0,0.2568,1.0915,,,,,,,,,,,,,,,,,,,,,0.0,0.0,,,,,,,,0.0,0.0,3234.0,103.8202,0.0539918,336.7576,174.2857,31.0,0.9952,19.0,0.61,6.0,68.0,2.183,6391,2303,73.9326,0.0784353,5735.0,,,24.0,24.0,0.0,,,0.7705,1885.0,2230.0,3.0,2181.0,2469.0,13.0,-296.0,-239.0,-10.0,0.0,0.0,0.0,0.0,2.0,1.0,2692.0,3611.0,5.0,3703.0,3859.0,20.0,-1011.0,-248.0,-15.0,0.0,0.0,1.0,1.0,4.0,1.0,3645.0,4833.0,11.0,5036.0,5250.0,27.0,-1391.0,-417.0,-16.0,0.0,1.0,2.0,1.0,7.0,2.0,5032.0,6232.0,18.0,6947.0,7902.0,29.0,-1915.0,-1670.0,-11.0,0.0,2.0,4.0,3.0,9.0,3.0
ESPORTSTMNT05_3222570,complete,,EM,2023,Spring,0,2023-04-18 14:58:36,1,13.06,6,Red,top,JNX,oe:player:4bb53c6fa9f5d75901136feb8bdf817,SK Gaming Prime,oe:team:aa8c3b781d96ddb7a24ab3240918988,Kennen,Sejuani,Jinx,Vi,Kled,Malphite,,,,,,1869,1,1,4,5,26,8,0.0,0.0,0.0,0.0,0.0,0.0,0.0,0.0,0.8347,1.0915,,,,,,,,,,,,,,,,,,,,,0.0,0.0,,,,,,,,0.0,0.0,17090.0,548.6356,0.212285,587.0626,361.0594,10.0,0.321,6.0,0.1926,2.0,47.0,1.5088,12791,8703,279.39,0.18398,12585.0,,,250.0,242.0,8.0,,,8.0257,3306.0,4505.0,82.0,3387.0,4679.0,72.0,-81.0,-174.0,10.0,0.0,0.0,1.0,1.0,0.0,0.0,5127.0,7369.0,133.0,5028.0,7823.0,123.0,99.0,-454.0,10.0,0.0,0.0,1.0,1.0,0.0,1.0,7587.0,10645.0,179.0,6221.0,9379.0,147.0,1366.0,1266.0,32.0,1.0,2.0,2.0,1.0,1.0,2.0,10067.0,13391.0,210.0,7646.0,12713.0,176.0,2421.0,678.0,34.0,1.0,3.0,2.0,1.0,2.0,3.0
ESPORTSTMNT05_3222570,complete,,EM,2023,Spring,0,2023-04-18 14:58:36,1,13.06,7,Red,jng,Lurox,oe:player:6fc5fe723eed4ba4c230292be365c66,SK Gaming Prime,oe:team:aa8c3b781d96ddb7a24ab3240918988,Wukong,Sejuani,Jinx,Vi,Kled,Malphite,,,,,,1869,1,7,0,5,26,8,1.0,1.0,0.0,0.0,1.0,1.0,0.0,0.0,0.8347,1.0915,,,,,,,,,,,,,,,,,,,,,1.0,0.0,,,,,,,,0.0,0.0,11670.0,374.6388,0.14496,823.5955,992.1669,10.0,0.321,10.0,0.321,8.0,42.0,1.3483,13044,8956,287.512,0.189328,11200.0,,,197.0,26.0,171.0,,,6.3242,3634.0,3469.0,66.0,3344.0,3440.0,68.0,290.0,29.0,-2.0,1.0,0.0,0.0,0.0,1.0,1.0,5489.0,6363.0,99.0,4573.0,5146.0,93.0,916.0,1217.0,6.0,2.0,0.0,0.0,0.0,1.0,1.0,7682.0,8725.0,132.0,5862.0,7417.0,113.0,1820.0,1308.0,19.0,3.0,2.0,0.0,0.0,4.0,3.0,10000.0,11392.0,156.0,6911.0,8420.0,124.0,3089.0,2972.0,32.0,5.0,3.0,0.0,0.0,4.0,4.0
ESPORTSTMNT05_3222570,complete,,EM,2023,Spring,0,2023-04-18 14:58:36,1,13.06,8,Red,mid,FEBIVEN,oe:player:d62421836c8b27dc3ffaffa058b8098,SK Gaming Prime,oe:team:aa8c3b781d96ddb7a24ab3240918988,Ahri,Sejuani,Jinx,Vi,Kled,Malphite,,,,,,1869,1,6,0,11,26,8,1.0,0.0,0.0,0.0,1.0,0.0,1.0,0.0,0.8347,1.0915,,,,,,,,,,,,,,,,,,,,,1.0,0.0,,,,,,,,1.0,0.0,23333.0,749.053,0.289833,481.6051,284.6228,13.0,0.4173,5.0,0.1605,2.0,34.0,1.0915,15648,11560,371.1075,0.244378,14450.0,,,295.0,282.0,13.0,,,9.4703,3858.0,4935.0,98.0,3903.0,4891.0,101.0,-45.0,44.0,-3.0,1.0,1.0,0.0,1.0,0.0,1.0,6372.0,8004.0,160.0,6572.0,7813.0,163.0,-200.0,191.0,-3.0,2.0,2.0,0.0,1.0,0.0,2.0,9014.0,10419.0,201.0,9679.0,10368.0,208.0,-665.0,51.0,-7.0,3.0,5.0,0.0,4.0,0.0,2.0,11699.0,14176.0,238.0,11592.0,11848.0,237.0,107.0,2328.0,1.0,5.0,8.0,0.0,5.0,0.0,3.0
ESPORTSTMNT05_3222570,complete,,EM,2023,Spring,0,2023-04-18 14:58:36,1,13.06,9,Red,bot,Keduii,oe:player:44189e6dc3089dbf9520de800fa705a,SK Gaming Prime,oe:team:aa8c3b781d96ddb7a24ab3240918988,Zeri,Sejuani,Jinx,Vi,Kled,Malphite,,,,,,1869,1,7,1,10,26,8,1.0,0.0,0.0,0.0,0.0,0.0,0.0,0.0,0.8347,1.0915,,,,,,,,,,,,,,,,,,,,,0.0,0.0,,,,,,,,1.0,0.0,19623.0,629.9518,0.243749,495.5698,571.2681,16.0,0.5136,12.0,0.3852,6.0,62.0,1.9904,17007,12919,414.7352,0.273109,14450.0,,,350.0,294.0,56.0,,,11.236,3259.0,3578.0,87.0,3295.0,3459.0,85.0,-36.0,119.0,2.0,0.0,0.0,0.0,0.0,0.0,0.0,5219.0,6067.0,136.0,5023.0,5459.0,134.0,196.0,608.0,2.0,1.0,0.0,0.0,0.0,0.0,1.0,7819.0,8407.0,175.0,6325.0,7135.0,164.0,1494.0,1272.0,11.0,3.0,1.0,1.0,0.0,3.0,2.0,11423.0,12339.0,232.0,8150.0,8855.0,206.0,3273.0,3484.0,26.0,4.0,7.0,1.0,0.0,4.0,4.0
ESPORTSTMNT05_3222570,complete,,EM,2023,Spring,0,2023-04-18 14:58:36,1,13.06,10,Red,sup,Prime,oe:player:e038414b765a8bda52e602f7eaeff04,SK Gaming Prime,oe:team:aa8c3b781d96ddb7a24ab3240918988,Blitzcrank,Sejuani,Jinx,Vi,Kled,Malphite,,,,,,1869,1,5,3,12,26,8,0.0,0.0,0.0,0.0,1.0,0.0,1.0,0.0,0.8347,1.0915,,,,,,,,,,,,,,,,,,,,,0.0,0.0,,,,,,,,0.0,0.0,8789.0,282.1509,0.109173,465.9711,293.6758,48.0,1.5409,9.0,0.2889,14.0,80.0,2.5682,9254,5166,165.8427,0.109205,6850.0,,,30.0,30.0,0.0,,,0.9631,2181.0,2469.0,13.0,1885.0,2230.0,3.0,296.0,239.0,10.0,0.0,2.0,1.0,0.0,0.0,0.0,3703.0,3859.0,20.0,2692.0,3611.0,5.0,1011.0,248.0,15.0,1.0,4.0,1.0,0.0,0.0,1.0,5036.0,5250.0,27.0,3645.0,4833.0,11.0,1391.0,417.0,16.0,1.0,7.0,2.0,0.0,1.0,2.0,6947.0,7902.0,29.0,5032.0,6232.0,18.0,1915.0,1670.0,11.0,3.0,9.0,3.0,0.0,2.0,4.0
ESPORTSTMNT05_3222570,complete,,EM,2023,Spring,0,2023-04-18 14:58:36,1,13.06,100,Blue,team,,,Macko Esports,oe:team:a2e63aee03585f0b37ff4cad936e349,,Kalista,Tristana,Rakan,Sion,Nautilus,Varus,Maokai,Jayce,Gragas,Annie,1869,0,8,26,18,8,26,1.0,0.0,0.0,0.0,0.0,,,,0.2568,1.0915,0.0,0.0,4.0,0.0,4.0,0.0,0.0,0.0,0.0,0.0,0.0,,0.0,0.0,0.0,0.0,2.0,,,0.0,0.0,2.0,0.0,2.0,10.0,0.0,0.0,5.0,4.0,0.0,2.0,59898.0,1922.8892,,3370.6581,2578.4912,77.0,2.4719,38.0,1.2199,26.0,187.0,6.0032,49799,29357,942.4398,,47310.0,-0.228836,-3.7,,802.0,122.0,,,29.6629,15814.0,18699.0,329.0,16238.0,18956.0,346.0,-424.0,-257.0,-17.0,2.0,1.0,2.0,2.0,3.0,2.0,23888.0,29852.0,518.0,25910.0,31662.0,548.0,-2022.0,-1810.0,-30.0,2.0,1.0,6.0,6.0,6.0,2.0,31732.0,39132.0,643.0,37138.0,43446.0,714.0,-5406.0,-4314.0,-71.0,5.0,9.0,11.0,11.0,17.0,5.0,39331.0,48068.0,761.0,50136.0,59200.0,865.0,-10805.0,-11132.0,-104.0,6.0,12.0,18.0,18.0,30.0,6.0
ESPORTSTMNT05_3222570,complete,,EM,2023,Spring,0,2023-04-18 14:58:36,1,13.06,200,Red,team,,,SK Gaming Prime,oe:team:aa8c3b781d96ddb7a24ab3240918988,,Sejuani,Jinx,Vi,Kled,Malphite,Wukong,Ahri,Zeri,Kennen,Blitzcrank,1869,1,26,8,43,26,8,3.0,1.0,0.0,0.0,1.0,,,,0.8347,1.0915,1.0,4.0,0.0,4.0,0.0,1.0,0.0,1.0,0.0,0.0,2.0,,0.0,0.0,1.0,2.0,0.0,,,1.0,2.0,0.0,1.0,10.0,2.0,1.0,1.0,4.0,5.0,2.0,0.0,80505.0,2584.4302,,2853.8042,2502.7929,97.0,3.114,42.0,1.3483,32.0,265.0,8.5072,67744,47302,1518.5233,,59535.0,0.228836,3.7,,874.0,248.0,,,36.0193,16238.0,18956.0,346.0,15814.0,18699.0,329.0,424.0,257.0,17.0,2.0,3.0,2.0,2.0,1.0,2.0,25910.0,31662.0,548.0,23888.0,29852.0,518.0,2022.0,1810.0,30.0,6.0,6.0,2.0,2.0,1.0,6.0,37138.0,43446.0,714.0,31732.0,39132.0,643.0,5406.0,4314.0,71.0,11.0,17.0,5.0,5.0,9.0,11.0,50136.0,59200.0,865.0,39331.0,48068.0,761.0,10805.0,11132.0,104.0,18.0,30.0,6.0,6.0,12.0,18.0
ESPORTSTMNT05_3220585,complete,,EM,2023,Spring,0,2023-04-18 14:59:23,1,13.06,1,Blue,top,Destroy,oe:player:21846207612858fb49a468b43e56dd3,İstanbul Wildcats,oe:team:a65adb2808377018a2a7832eb2bd7f4,Rumble,Sejuani,Rakan,Vi,Yone,Yasuo,,,,,,2300,0,1,0,1,5,10,0.0,0.0,0.0,0.0,0.0,0.0,0.0,0.0,0.1304,0.3913,,,,,,,,,,,,,,,,,,,,,0.0,0.0,,,,,,,,0.0,0.0,31932.0,833.0087,0.389962,496.3826,498.1826,13.0,0.3391,8.0,0.2087,8.0,56.0,1.4609,14549,9581,249.9391,0.243535,14135.0,,,379.0,347.0,32.0,,,9.887,3383.0,4999.0,96.0,3620.0,4714.0,84.0,-237.0,285.0,12.0,0.0,0.0,0.0,0.0,0.0,0.0,5376.0,8157.0,160.0,5625.0,7456.0,132.0,-249.0,701.0,28.0,0.0,0.0,0.0,0.0,0.0,0.0,7383.0,11170.0,205.0,7321.0,9999.0,177.0,62.0,1171.0,28.0,1.0,0.0,0.0,0.0,0.0,1.0,9341.0,14050.0,260.0,9202.0,12653.0,218.0,139.0,1397.0,42.0,1.0,0.0,0.0,0.0,4.0,1.0
ESPORTSTMNT05_3220585,complete,,EM,2023,Spring,0,2023-04-18 14:59:23,1,13.06,2,Blue,jng,Elramir,oe:player:de442faff7b7cdc0fba7d6d5caff5e1,İstanbul Wildcats,oe:team:a65adb2808377018a2a7832eb2bd7f4,Wukong,Sejuani,Rakan,Vi,Yone,Yasuo,,,,,,2300,0,2,2,2,5,10,0.0,0.0,0.0,0.0,0.0,0.0,0.0,0.0,0.1304,0.3913,,,,,,,,,,,,,,,,,,,,,1.0,1.0,,,,,,,,0.0,0.0,6230.0,162.5217,0.0760823,714.5217,989.9478,19.0,0.4957,34.0,0.887,20.0,100.0,2.6087,12338,7370,192.2609,0.187337,11600.0,,,223.0,38.0,185.0,,,5.8174,3231.0,3645.0,64.0,3320.0,3106.0,57.0,-89.0,539.0,7.0,0.0,0.0,0.0,1.0,0.0,0.0,5162.0,5880.0,97.0,4540.0,4794.0,87.0,622.0,1086.0,10.0,1.0,0.0,0.0,1.0,0.0,0.0,6945.0,8064.0,132.0,5745.0,6236.0,107.0,1200.0,1828.0,25.0,1.0,1.0,0.0,1.0,0.0,1.0,8226.0,9542.0,152.0,7006.0,8051.0,120.0,1220.0,1491.0,32.0,1.0,2.0,1.0,1.0,4.0,1.0
ESPORTSTMNT05_3220585,complete,,EM,2023,Spring,0,2023-04-18 14:59:23,1,13.06,3,Blue,mid,Kofte,oe:player:db0cbdc72184ad44ab905be61fc0756,İstanbul Wildcats,oe:team:a65adb2808377018a2a7832eb2bd7f4,Gragas,Sejuani,Rakan,Vi,Yone,Yasuo,,,,,,2300,0,0,3,3,5,10,0.0,0.0,0.0,0.0,0.0,0.0,0.0,0.0,0.1304,0.3913,,,,,,,,,,,,,,,,,,,,,0.0,0.0,,,,,,,,0.0,0.0,9137.0,238.3565,0.111583,797.1391,830.2696,21.0,0.5478,12.0,0.313,9.0,60.0,1.5652,14002,9034,235.6696,0.229632,13675.0,,,317.0,313.0,4.0,,,8.2696,3092.0,4482.0,81.0,3754.0,5068.0,100.0,-662.0,-586.0,-19.0,0.0,0.0,0.0,0.0,0.0,0.0,5351.0,7736.0,137.0,5617.0,7889.0,155.0,-266.0,-153.0,-18.0,0.0,1.0,0.0,0.0,0.0,1.0,7109.0,10497.0,182.0,7686.0,10648.0,213.0,-577.0,-151.0,-31.0,0.0,2.0,0.0,0.0,0.0,1.0,8984.0,12642.0,219.0,9932.0,13058.0,252.0,-948.0,-416.0,-33.0,0.0,3.0,1.0,1.0,2.0,1.0
ESPORTSTMNT05_3220585,complete,,EM,2023,Spring,0,2023-04-18 14:59:23,1,13.06,4,Blue,bot,BAO,oe:player:6c1d0c529e73fe4c8b9a5306867c4bf,İstanbul Wildcats,oe:team:a65adb2808377018a2a7832eb2bd7f4,Aphelios,Sejuani,Rakan,Vi,Yone,Yasuo,,,,,,2300,0,2,2,1,5,10,0.0,0.0,0.0,0.0,0.0,0.0,0.0,0.0,0.1304,0.3913,,,,,,,,,,,,,,,,,,,,,0.0,0.0,,,,,,,,0.0,1.0,30735.0,801.7826,0.375343,359.6609,404.7652,18.0,0.4696,16.0,0.4174,5.0,47.0,1.2261,15974,11006,287.113,0.279755,15825.0,,,375.0,340.0,35.0,,,9.7826,3119.0,3229.0,83.0,3484.0,3010.0,89.0,-365.0,219.0,-6.0,0.0,0.0,0.0,0.0,1.0,0.0,5343.0,5257.0,140.0,5809.0,5493.0,151.0,-466.0,-236.0,-11.0,0.0,0.0,0.0,0.0,1.0,0.0,7771.0,7420.0,182.0,8020.0,7993.0,202.0,-249.0,-573.0,-20.0,1.0,0.0,0.0,0.0,1.0,0.0,10009.0,9600.0,239.0,10628.0,10988.0,268.0,-619.0,-1388.0,-29.0,2.0,0.0,1.0,1.0,3.0,0.0
ESPORTSTMNT05_3220585,complete,,EM,2023,Spring,0,2023-04-18 14:59:23,1,13.06,5,Blue,sup,Parus,oe:player:a9cfbc13e22eefdd22af7b346ce2af4,İstanbul Wildcats,oe:team:a65adb2808377018a2a7832eb2bd7f4,Lulu,Sejuani,Rakan,Vi,Yone,Yasuo,,,,,,2300,0,0,3,2,5,10,0.0,0.0,0.0,0.0,0.0,0.0,0.0,1.0,0.1304,0.3913,,,,,,,,,,,,,,,,,,,,,0.0,0.0,,,,,,,,0.0,0.0,3851.0,100.4609,0.0470294,306.2609,234.7304,59.0,1.5391,9.0,0.2348,15.0,110.0,2.8696,7318,2350,61.3043,0.0597413,6925.0,,,12.0,12.0,0.0,,,0.313,2008.0,2268.0,3.0,2138.0,2585.0,13.0,-130.0,-317.0,-10.0,0.0,0.0,1.0,0.0,1.0,0.0,2846.0,3926.0,6.0,3156.0,3972.0,22.0,-310.0,-46.0,-16.0,0.0,0.0,1.0,0.0,1.0,0.0,3793.0,4896.0,7.0,4382.0,5036.0,31.0,-589.0,-140.0,-24.0,0.0,1.0,1.0,0.0,1.0,0.0,4781.0,5701.0,8.0,5977.0,6881.0,35.0,-1196.0,-1180.0,-27.0,0.0,1.0,2.0,2.0,3.0,1.0
ESPORTSTMNT05_3220585,complete,,EM,2023,Spring,0,2023-04-18 14:59:23,1,13.06,6,Red,top,Kryze,oe:player:75414f3b4f03bf449c319eb75f3dd5b,LDLC OL,oe:team:e31c6dcc465e0b94500ef023f42cdc1,Sion,Xayah,Annie,Thresh,Renekton,Blitzcrank,,,,,,2300,1,0,1,6,10,5,0.0,0.0,0.0,0.0,0.0,0.0,0.0,0.0,0.2609,0.3913,,,,,,,,,,,,,,,,,,,,,0.0,0.0,,,,,,,,0.0,0.0,10059.0,262.4087,0.138074,938.7652,1418.5304,16.0,0.4174,9.0,0.2348,5.0,59.0,1.5391,14405,9437,246.1826,0.210271,13975.0,,,309.0,309.0,0.0,,,8.0609,3620.0,4714.0,84.0,3383.0,4999.0,96.0,237.0,-285.0,-12.0,0.0,0.0,0.0,0.0,0.0,0.0,5625.0,7456.0,132.0,5376.0,8157.0,160.0,249.0,-701.0,-28.0,0.0,0.0,0.0,0.0,0.0,0.0,7321.0,9999.0,177.0,7383.0,11170.0,205.0,-62.0,-1171.0,-28.0,0.0,0.0,1.0,1.0,0.0,0.0,9202.0,12653.0,218.0,9341.0,14050.0,260.0,-139.0,-1397.0,-42.0,0.0,4.0,1.0,1.0,0.0,0.0
ESPORTSTMNT05_3220585,complete,,EM,2023,Spring,0,2023-04-18 14:59:23,1,13.06,7,Red,jng,White,oe:player:41ea0ed55fe655184c9073085b85eea,LDLC OL,oe:team:e31c6dcc465e0b94500ef023f42cdc1,Maokai,Xayah,Annie,Thresh,Renekton,Blitzcrank,,,,,,2300,1,1,1,8,10,5,0.0,0.0,0.0,0.0,1.0,1.0,0.0,0.0,0.2609,0.3913,,,,,,,,,,,,,,,,,,,,,1.0,1.0,,,,,,,,0.0,0.0,7785.0,203.087,0.10686,763.8261,939.7565,15.0,0.3913,16.0,0.4174,13.0,57.0,1.487,10493,5525,144.1304,0.123109,9775.0,,,152.0,37.0,115.0,,,3.9652,3320.0,3106.0,57.0,3231.0,3645.0,64.0,89.0,-539.0,-7.0,1.0,0.0,0.0,0.0,0.0,0.0,4540.0,4794.0,87.0,5162.0,5880.0,97.0,-622.0,-1086.0,-10.0,1.0,0.0,0.0,1.0,0.0,0.0,5745.0,6236.0,107.0,6945.0,8064.0,132.0,-1200.0,-1828.0,-25.0,1.0,0.0,1.0,1.0,1.0,0.0,7006.0,8051.0,120.0,8226.0,9542.0,152.0,-1220.0,-1491.0,-32.0,1.0,4.0,1.0,1.0,2.0,1.0
ESPORTSTMNT05_3220585,complete,,EM,2023,Spring,0,2023-04-18 14:59:23,1,13.06,8,Red,mid,Backlund,oe:player:bd0655defa1f5f33c2c8ac34cfd9d36,LDLC OL,oe:team:e31c6dcc465e0b94500ef023f42cdc1,Syndra,Xayah,Annie,Thresh,Renekton,Blitzcrank,,,,,,2300,1,4,1,4,10,5,0.0,0.0,0.0,0.0,0.0,0.0,0.0,0.0,0.2609,0.3913,,,,,,,,,,,,,,,,,,,,,0.0,0.0,,,,,,,,0.0,0.0,30324.0,791.0609,0.416241,280.4087,126.0,15.0,0.3913,10.0,0.2609,3.0,39.0,1.0174,17089,12121,316.2,0.270073,15725.0,,,380.0,360.0,20.0,,,9.913,3754.0,5068.0,100.0,3092.0,4482.0,81.0,662.0,586.0,19.0,0.0,0.0,0.0,0.0,0.0,0.0,5617.0,7889.0,155.0,5351.0,7736.0,137.0,266.0,153.0,18.0,0.0,0.0,1.0,0.0,1.0,0.0,7686.0,10648.0,213.0,7109.0,10497.0,182.0,577.0,151.0,31.0,0.0,0.0,1.0,0.0,2.0,0.0,9932.0,13058.0,252.0,8984.0,12642.0,219.0,948.0,416.0,33.0,1.0,2.0,1.0,0.0,3.0,1.0
ESPORTSTMNT05_3220585,complete,,EM,2023,Spring,0,2023-04-18 14:59:23,1,13.06,9,Red,bot,Jeskla,oe:player:71b8101d78beb04a089caa90a8d9310,LDLC OL,oe:team:e31c6dcc465e0b94500ef023f42cdc1,Jinx,Xayah,Annie,Thresh,Renekton,Blitzcrank,,,,,,2300,1,1,0,7,10,5,0.0,0.0,0.0,0.0,1.0,0.0,1.0,0.0,0.2609,0.3913,,,,,,,,,,,,,,,,,,,,,0.0,0.0,,,,,,,,1.0,0.0,19876.0,518.5043,0.272827,490.2783,284.7913,20.0,0.5217,19.0,0.4957,6.0,66.0,1.7217,17522,12554,327.4957,0.27972,16600.0,,,411.0,354.0,57.0,,,10.7217,3484.0,3010.0,89.0,3119.0,3229.0,83.0,365.0,-219.0,6.0,0.0,1.0,0.0,0.0,0.0,0.0,5809.0,5493.0,151.0,5343.0,5257.0,140.0,466.0,236.0,11.0,0.0,1.0,0.0,0.0,0.0,0.0,8020.0,7993.0,202.0,7771.0,7420.0,182.0,249.0,573.0,20.0,0.0,1.0,0.0,1.0,0.0,0.0,10628.0,10988.0,268.0,10009.0,9600.0,239.0,619.0,1388.0,29.0,1.0,3.0,0.0,2.0,0.0,1.0
ESPORTSTMNT05_3220585,complete,,EM,2023,Spring,0,2023-04-18 14:59:23,1,13.06,10,Red,sup,Zoelys,oe:player:fa22d396503a5a737f2f169943d7241,LDLC OL,oe:team:e31c6dcc465e0b94500ef023f42cdc1,Renata Glasc,Xayah,Annie,Thresh,Renekton,Blitzcrank,,,,,,2300,1,4,2,6,10,5,1.0,0.0,0.0,0.0,1.0,0.0,1.0,0.0,0.2609,0.3913,,,,,,,,,,,,,,,,,,,,,0.0,0.0,,,,,,,,0.0,0.0,4808.0,125.4261,0.0659968,386.9739,255.3652,66.0,1.7217,14.0,0.3652,18.0,105.0,2.7391,10211,5243,136.7739,0.116826,8810.0,,,38.0,38.0,0.0,,,0.9913,2138.0,2585.0,13.0,2008.0,2268.0,3.0,130.0,317.0,10.0,0.0,1.0,0.0,0.0,0.0,1.0,3156.0,3972.0,22.0,2846.0,3926.0,6.0,310.0,46.0,16.0,0.0,1.0,0.0,0.0,0.0,1.0,4382.0,5036.0,31.0,3793.0,4896.0,7.0,589.0,140.0,24.0,0.0,1.0,0.0,0.0,1.0,1.0,5977.0,6881.0,35.0,4781.0,5701.0,8.0,1196.0,1180.0,27.0,2.0,3.0,1.0,0.0,1.0,2.0
ESPORTSTMNT05_3220585,complete,,EM,2023,Spring,0,2023-04-18 14:59:23,1,13.06,100,Blue,team,,,İstanbul Wildcats,oe:team:a65adb2808377018a2a7832eb2bd7f4,,Sejuani,Rakan,Vi,Yone,Yasuo,Wukong,Aphelios,Rumble,Gragas,Lulu,2300,0,5,10,9,5,10,0.0,0.0,0.0,0.0,0.0,,,,0.1304,0.3913,1.0,1.0,4.0,1.0,4.0,0.0,0.0,0.0,0.0,0.0,1.0,,0.0,0.0,1.0,2.0,0.0,,,0.0,1.0,1.0,1.0,3.0,10.0,1.0,0.0,2.0,3.0,0.0,2.0,81885.0,2136.1304,,2673.9652,2957.8957,130.0,3.3913,79.0,2.0609,57.0,373.0,9.7304,64181,39343,1026.3391,,62160.0,-0.0428982,-1.02,,1050.0,256.0,,,34.0696,14833.0,18623.0,327.0,16316.0,18483.0,343.0,-1483.0,140.0,-16.0,0.0,0.0,1.0,1.0,2.0,0.0,24078.0,30956.0,540.0,24747.0,29604.0,547.0,-669.0,1352.0,-7.0,1.0,1.0,1.0,1.0,2.0,1.0,33001.0,42047.0,708.0,33154.0,39912.0,730.0,-153.0,2135.0,-22.0,3.0,4.0,1.0,1.0,2.0,3.0,41341.0,51535.0,878.0,42745.0,51631.0,893.0,-1404.0,-96.0,-15.0,4.0,6.0,5.0,5.0,16.0,4.0
ESPORTSTMNT05_3220585,complete,,EM,2023,Spring,0,2023-04-18 14:59:23,1,13.06,200,Red,team,,,LDLC OL,oe:team:e31c6dcc465e0b94500ef023f42cdc1,,Xayah,Annie,Thresh,Renekton,Blitzcrank,Jinx,Maokai,Sion,Renata Glasc,Syndra,2300,1,10,5,31,10,5,1.0,0.0,0.0,0.0,1.0,,,,0.2609,0.3913,0.0,4.0,1.0,4.0,1.0,0.0,0.0,3.0,1.0,0.0,0.0,,0.0,0.0,0.0,0.0,2.0,,,1.0,1.0,1.0,0.0,10.0,3.0,0.0,1.0,3.0,2.0,2.0,0.0,72852.0,1900.487,,2860.2522,3024.4435,132.0,3.4435,68.0,1.7739,45.0,326.0,8.5043,69720,44882,1170.8348,,64885.0,0.0428982,1.02,,1098.0,192.0,,,33.6522,16316.0,18483.0,343.0,14833.0,18623.0,327.0,1483.0,-140.0,16.0,1.0,2.0,0.0,0.0,0.0,1.0,24747.0,29604.0,547.0,24078.0,30956.0,540.0,669.0,-1352.0,7.0,1.0,2.0,1.0,1.0,1.0,1.0,33154.0,39912.0,730.0,33001.0,42047.0,708.0,153.0,-2135.0,22.0,1.0,2.0,3.0,3.0,4.0,1.0,42745.0,51631.0,893.0,41341.0,51535.0,878.0,1404.0,96.0,15.0,5.0,16.0,4.0,4.0,6.0,5.0
ESPORTSTMNT05_3220590,complete,,EM,2023,Spring,0,2023-04-18 15:51:58,2,13.06,1,Blue,top,ACD,oe:player:72c5cc0e2586935d16539f31a2a4fec,Macko Esports,oe:team:a2e63aee03585f0b37ff4cad936e349,Olaf,Kalista,Rakan,Tristana,Sion,Kennen,,,,,,1907,0,1,4,3,7,19,0.0,0.0,0.0,0.0,1.0,0.0,1.0,0.0,0.2202,0.7866,,,,,,,,,,,,,,,,,,,,,0.0,0.0,,,,,,,,0.0,1.0,9559.0,300.7551,0.161976,670.6974,856.3608,16.0,0.5034,9.0,0.2832,5.0,53.0,1.6675,11972,7806,245.6004,0.228753,11485.0,,,258.0,254.0,4.0,,,8.1175,3453.0,4536.0,77.0,3568.0,5049.0,87.0,-115.0,-513.0,-10.0,0.0,2.0,1.0,1.0,0.0,2.0,5220.0,7286.0,131.0,5788.0,7992.0,140.0,-568.0,-706.0,-9.0,0.0,2.0,2.0,1.0,2.0,2.0,7810.0,10456.0,183.0,7770.0,10282.0,176.0,40.0,174.0,7.0,1.0,2.0,2.0,2.0,2.0,3.0,9568.0,12532.0,222.0,9912.0,13050.0,210.0,-344.0,-518.0,12.0,1.0,3.0,3.0,3.0,5.0,3.0
ESPORTSTMNT05_3220590,complete,,EM,2023,Spring,0,2023-04-18 15:51:58,2,13.06,2,Blue,jng,Cboi,oe:player:702efc23873d774e479682ef680d911,Macko Esports,oe:team:a2e63aee03585f0b37ff4cad936e349,Wukong,Kalista,Rakan,Tristana,Sion,Kennen,,,,,,1907,0,3,6,3,7,19,0.0,0.0,0.0,0.0,1.0,1.0,0.0,0.0,0.2202,0.7866,,,,,,,,,,,,,,,,,,,,,0.0,1.0,,,,,,,,0.0,0.0,13234.0,416.3818,0.224248,969.1872,722.9261,10.0,0.3146,18.0,0.5663,9.0,71.0,2.2339,10701,6535,205.6109,0.191508,10275.0,,,155.0,44.0,111.0,,,4.8768,3664.0,3525.0,52.0,3395.0,3298.0,69.0,269.0,227.0,-17.0,2.0,0.0,2.0,1.0,0.0,0.0,5629.0,5192.0,75.0,5477.0,5840.0,107.0,152.0,-648.0,-32.0,3.0,1.0,3.0,2.0,2.0,0.0,7349.0,8067.0,102.0,7170.0,8406.0,141.0,179.0,-339.0,-39.0,3.0,2.0,4.0,2.0,3.0,0.0,8219.0,8965.0,112.0,8962.0,11257.0,168.0,-743.0,-2292.0,-56.0,3.0,2.0,5.0,2.0,7.0,0.0
ESPORTSTMNT05_3220590,complete,,EM,2023,Spring,0,2023-04-18 15:51:58,2,13.06,3,Blue,mid,Six10,oe:player:325397710b4294aeb7a18881c34f33b,Macko Esports,oe:team:a2e63aee03585f0b37ff4cad936e349,LeBlanc,Kalista,Rakan,Tristana,Sion,Kennen,,,,,,1907,0,0,2,1,7,19,0.0,0.0,0.0,0.0,0.0,0.0,0.0,0.0,0.2202,0.7866,,,,,,,,,,,,,,,,,,,,,0.0,0.0,,,,,,,,0.0,0.0,14646.0,460.8076,0.248174,607.4567,372.8055,9.0,0.2832,4.0,0.1259,8.0,29.0,0.9124,12176,8010,252.0189,0.234732,12150.0,,,288.0,288.0,0.0,,,9.0614,3545.0,4736.0,101.0,3225.0,4525.0,85.0,320.0,211.0,16.0,0.0,0.0,0.0,0.0,1.0,0.0,5340.0,7007.0,147.0,5793.0,8019.0,144.0,-453.0,-1012.0,3.0,0.0,0.0,1.0,2.0,3.0,0.0,7130.0,9492.0,192.0,8392.0,10902.0,198.0,-1262.0,-1410.0,-6.0,0.0,0.0,1.0,2.0,5.0,0.0,9009.0,11996.0,238.0,10999.0,14281.0,241.0,-1990.0,-2285.0,-3.0,0.0,0.0,1.0,4.0,7.0,0.0
ESPORTSTMNT05_3220590,complete,,EM,2023,Spring,0,2023-04-18 15:51:58,2,13.06,4,Blue,bot,Vzz,oe:player:ba6e76e259419420ddff269bb6ef074,Macko Esports,oe:team:a2e63aee03585f0b37ff4cad936e349,Xayah,Kalista,Rakan,Tristana,Sion,Kennen,,,,,,1907,0,3,3,1,7,19,0.0,0.0,0.0,0.0,0.0,0.0,0.0,0.0,0.2202,0.7866,,,,,,,,,,,,,,,,,,,,,0.0,0.0,,,,,,,,0.0,0.0,18242.0,573.9486,0.309108,450.2045,314.6932,13.0,0.409,14.0,0.4405,6.0,44.0,1.3844,13765,9599,302.0136,0.281296,13575.0,,,317.0,301.0,16.0,,,9.9738,3313.0,3470.0,88.0,3335.0,3399.0,90.0,-22.0,71.0,-2.0,0.0,0.0,0.0,0.0,0.0,0.0,5904.0,5949.0,135.0,5375.0,5737.0,140.0,529.0,212.0,-5.0,1.0,1.0,0.0,1.0,1.0,1.0,7665.0,8028.0,179.0,8201.0,8413.0,194.0,-536.0,-385.0,-15.0,1.0,1.0,1.0,2.0,2.0,1.0,9782.0,9863.0,232.0,10597.0,12108.0,249.0,-815.0,-2245.0,-17.0,2.0,1.0,2.0,2.0,6.0,1.0
ESPORTSTMNT05_3220590,complete,,EM,2023,Spring,0,2023-04-18 15:51:58,2,13.06,5,Blue,sup,Click,oe:player:1e249a5688255bde7f7213b5d257b3c,Macko Esports,oe:team:a2e63aee03585f0b37ff4cad936e349,Nautilus,Kalista,Rakan,Tristana,Sion,Kennen,,,,,,1907,0,0,4,2,7,19,0.0,0.0,0.0,0.0,0.0,0.0,0.0,0.0,0.2202,0.7866,,,,,,,,,,,,,,,,,,,,,0.0,0.0,,,,,,,,0.0,0.0,3334.0,104.8977,0.0564941,453.2879,540.0,49.0,1.5417,7.0,0.2202,12.0,84.0,2.6429,6340,2174,68.4006,0.0637112,6250.0,,,32.0,32.0,0.0,,,1.0068,2145.0,2658.0,17.0,2132.0,2506.0,16.0,13.0,152.0,1.0,0.0,0.0,0.0,0.0,1.0,0.0,3031.0,3569.0,21.0,3285.0,3912.0,22.0,-254.0,-343.0,-1.0,0.0,0.0,1.0,0.0,4.0,1.0,3971.0,4513.0,27.0,4475.0,4582.0,26.0,-504.0,-69.0,1.0,0.0,0.0,1.0,0.0,4.0,1.0,4873.0,6756.0,29.0,6061.0,7297.0,31.0,-1188.0,-541.0,-2.0,0.0,1.0,2.0,1.0,7.0,2.0
ESPORTSTMNT05_3220590,complete,,EM,2023,Spring,0,2023-04-18 15:51:58,2,13.06,6,Red,top,JNX,oe:player:4bb53c6fa9f5d75901136feb8bdf817,SK Gaming Prime,oe:team:aa8c3b781d96ddb7a24ab3240918988,Jayce,Sejuani,Jinx,Vi,Kled,Malphite,,,,,,1907,1,4,3,6,18,7,0.0,0.0,0.0,0.0,0.0,0.0,0.0,1.0,0.5663,0.7866,,,,,,,,,,,,,,,,,,,,,0.0,0.0,,,,,,,,1.0,0.0,21402.0,673.3718,0.288169,531.8825,383.3456,14.0,0.4405,3.0,0.0944,2.0,37.0,1.1641,14165,9999,314.5988,0.23737,13550.0,,,293.0,261.0,32.0,,,9.2187,3568.0,5049.0,87.0,3453.0,4536.0,77.0,115.0,513.0,10.0,1.0,0.0,2.0,0.0,2.0,1.0,5788.0,7992.0,140.0,5220.0,7286.0,131.0,568.0,706.0,9.0,1.0,2.0,2.0,0.0,2.0,2.0,7770.0,10282.0,176.0,7810.0,10456.0,183.0,-40.0,-174.0,-7.0,2.0,2.0,3.0,1.0,2.0,2.0,9912.0,13050.0,210.0,9568.0,12532.0,222.0,344.0,518.0,-12.0,3.0,5.0,3.0,1.0,3.0,3.0
ESPORTSTMNT05_3220590,complete,,EM,2023,Spring,0,2023-04-18 15:51:58,2,13.06,7,Red,jng,Lurox,oe:player:6fc5fe723eed4ba4c230292be365c66,SK Gaming Prime,oe:team:aa8c3b781d96ddb7a24ab3240918988,Lee Sin,Sejuani,Jinx,Vi,Kled,Malphite,,,,,,1907,1,2,1,11,18,7,0.0,0.0,0.0,0.0,0.0,0.0,0.0,0.0,0.5663,0.7866,,,,,,,,,,,,,,,,,,,,,1.0,0.0,,,,,,,,0.0,0.0,7670.0,241.3214,0.103273,784.2475,874.3891,19.0,0.5978,12.0,0.3776,6.0,56.0,1.7619,11196,7030,221.1851,0.166889,9800.0,,,191.0,25.0,166.0,,,6.0094,3395.0,3298.0,69.0,3664.0,3525.0,52.0,-269.0,-227.0,17.0,1.0,0.0,0.0,2.0,0.0,2.0,5477.0,5840.0,107.0,5629.0,5192.0,75.0,-152.0,648.0,32.0,2.0,2.0,0.0,3.0,1.0,3.0,7170.0,8406.0,141.0,7349.0,8067.0,102.0,-179.0,339.0,39.0,2.0,3.0,0.0,3.0,2.0,4.0,8962.0,11257.0,168.0,8219.0,8965.0,112.0,743.0,2292.0,56.0,2.0,7.0,0.0,3.0,2.0,5.0
ESPORTSTMNT05_3220590,complete,,EM,2023,Spring,0,2023-04-18 15:51:58,2,13.06,8,Red,mid,FEBIVEN,oe:player:d62421836c8b27dc3ffaffa058b8098,SK Gaming Prime,oe:team:aa8c3b781d96ddb7a24ab3240918988,Ahri,Sejuani,Jinx,Vi,Kled,Malphite,,,,,,1907,1,6,0,10,18,7,0.0,0.0,0.0,0.0,0.0,0.0,0.0,0.0,0.5663,0.7866,,,,,,,,,,,,,,,,,,,,,0.0,0.0,,,,,,,,0.0,0.0,19030.0,598.7415,0.256231,756.623,548.5265,8.0,0.2517,1.0,0.0315,5.0,20.0,0.6293,14665,10499,330.3304,0.24924,14515.0,,,303.0,295.0,8.0,,,9.5333,3225.0,4525.0,85.0,3545.0,4736.0,101.0,-320.0,-211.0,-16.0,0.0,1.0,0.0,0.0,0.0,0.0,5793.0,8019.0,144.0,5340.0,7007.0,147.0,453.0,1012.0,-3.0,2.0,3.0,0.0,0.0,0.0,1.0,8392.0,10902.0,198.0,7130.0,9492.0,192.0,1262.0,1410.0,6.0,2.0,5.0,0.0,0.0,0.0,1.0,10999.0,14281.0,241.0,9009.0,11996.0,238.0,1990.0,2285.0,3.0,4.0,7.0,0.0,0.0,0.0,1.0
ESPORTSTMNT05_3220590,complete,,EM,2023,Spring,0,2023-04-18 15:51:58,2,13.06,9,Red,bot,Keduii,oe:player:44189e6dc3089dbf9520de800fa705a,SK Gaming Prime,oe:team:aa8c3b781d96ddb7a24ab3240918988,Zeri,Sejuani,Jinx,Vi,Kled,Malphite,,,,,,1907,1,5,1,8,18,7,1.0,1.0,0.0,0.0,0.0,0.0,0.0,0.0,0.5663,0.7866,,,,,,,,,,,,,,,,,,,,,0.0,0.0,,,,,,,,0.0,0.0,22132.0,696.3398,0.297998,429.5333,460.8705,16.0,0.5034,16.0,0.5034,5.0,53.0,1.6675,15143,10977,345.3697,0.260587,13275.0,,,334.0,298.0,36.0,,,10.5087,3335.0,3399.0,90.0,3313.0,3470.0,88.0,22.0,-71.0,2.0,0.0,0.0,0.0,0.0,0.0,0.0,5375.0,5737.0,140.0,5904.0,5949.0,135.0,-529.0,-212.0,5.0,1.0,1.0,1.0,1.0,1.0,0.0,8201.0,8413.0,194.0,7665.0,8028.0,179.0,536.0,385.0,15.0,2.0,2.0,1.0,1.0,1.0,1.0,10597.0,12108.0,249.0,9782.0,9863.0,232.0,815.0,2245.0,17.0,2.0,6.0,1.0,2.0,1.0,2.0
ESPORTSTMNT05_3220590,complete,,EM,2023,Spring,0,2023-04-18 15:51:58,2,13.06,10,Red,sup,Prime,oe:player:e038414b765a8bda52e602f7eaeff04,SK Gaming Prime,oe:team:aa8c3b781d96ddb7a24ab3240918988,Renata Glasc,Sejuani,Jinx,Vi,Kled,Malphite,,,,,,1907,1,1,2,12,18,7,0.0,0.0,0.0,0.0,0.0,0.0,0.0,0.0,0.5663,0.7866,,,,,,,,,,,,,,,,,,,,,0.0,0.0,,,,,,,,0.0,0.0,4035.0,126.9533,0.0543295,292.2601,268.4111,60.0,1.8878,7.0,0.2202,15.0,92.0,2.8946,7785,3619,113.8647,0.0859146,6885.0,,,32.0,28.0,4.0,,,1.0068,2132.0,2506.0,16.0,2145.0,2658.0,17.0,-13.0,-152.0,-1.0,0.0,1.0,0.0,0.0,0.0,0.0,3285.0,3912.0,22.0,3031.0,3569.0,21.0,254.0,343.0,1.0,0.0,4.0,1.0,0.0,0.0,1.0,4475.0,4582.0,26.0,3971.0,4513.0,27.0,504.0,69.0,-1.0,0.0,4.0,1.0,0.0,0.0,1.0,6061.0,7297.0,31.0,4873.0,6756.0,29.0,1188.0,541.0,2.0,1.0,7.0,2.0,0.0,1.0,2.0
ESPORTSTMNT05_3220590,complete,,EM,2023,Spring,0,2023-04-18 15:51:58,2,13.06,100,Blue,team,,,Macko Esports,oe:team:a2e63aee03585f0b37ff4cad936e349,,Kalista,Rakan,Tristana,Sion,Kennen,Wukong,Xayah,LeBlanc,Nautilus,Olaf,1907,0,7,19,10,7,19,0.0,0.0,0.0,0.0,1.0,,,,0.2202,0.7866,0.0,2.0,2.0,2.0,2.0,0.0,0.0,2.0,0.0,0.0,0.0,,0.0,0.0,1.0,2.0,0.0,,,0.0,0.0,1.0,0.0,3.0,9.0,0.0,0.0,4.0,3.0,0.0,1.0,59015.0,1856.7908,,3150.8338,2806.7855,97.0,3.0519,52.0,1.6361,40.0,281.0,8.8411,54954,34125,1073.6759,,53735.0,-0.0767717,-0.93,,919.0,131.0,,,33.0362,16120.0,18925.0,335.0,15655.0,18777.0,347.0,465.0,148.0,-12.0,2.0,2.0,3.0,2.0,2.0,2.0,25124.0,29003.0,509.0,25718.0,31500.0,553.0,-594.0,-2497.0,-44.0,4.0,4.0,7.0,6.0,12.0,4.0,33925.0,40556.0,683.0,36008.0,42585.0,735.0,-2083.0,-2029.0,-52.0,5.0,5.0,9.0,8.0,16.0,5.0,41451.0,50112.0,833.0,46531.0,57993.0,899.0,-5080.0,-7881.0,-66.0,6.0,7.0,13.0,12.0,32.0,6.0
ESPORTSTMNT05_3220590,complete,,EM,2023,Spring,0,2023-04-18 15:51:58,2,13.06,200,Red,team,,,SK Gaming Prime,oe:team:aa8c3b781d96ddb7a24ab3240918988,,Sejuani,Jinx,Vi,Kled,Malphite,Ahri,Zeri,Lee Sin,Jayce,Renata Glasc,1907,1,18,7,47,18,7,1.0,1.0,0.0,0.0,0.0,,,,0.5663,0.7866,1.0,2.0,2.0,2.0,2.0,1.0,0.0,0.0,0.0,1.0,0.0,,0.0,0.0,0.0,0.0,2.0,,,1.0,1.0,0.0,1.0,9.0,3.0,1.0,1.0,3.0,4.0,1.0,0.0,74269.0,2336.7278,,2794.5464,2535.5427,117.0,3.6812,39.0,1.2271,33.0,258.0,8.1175,62954,42125,1325.3802,,58025.0,0.0767717,0.93,,907.0,246.0,,,36.2769,15655.0,18777.0,347.0,16120.0,18925.0,335.0,-465.0,-148.0,12.0,2.0,2.0,2.0,2.0,2.0,3.0,25718.0,31500.0,553.0,25124.0,29003.0,509.0,594.0,2497.0,44.0,6.0,12.0,4.0,4.0,4.0,7.0,36008.0,42585.0,735.0,33925.0,40556.0,683.0,2083.0,2029.0,52.0,8.0,16.0,5.0,5.0,5.0,9.0,46531.0,57993.0,899.0,41451.0,50112.0,833.0,5080.0,7881.0,66.0,12.0,32.0,6.0,6.0,7.0,13.0
ESPORTSTMNT05_3223278,complete,,EM,2023,Spring,0,2023-04-18 16:02:19,2,13.06,1,Blue,top,Kryze,oe:player:75414f3b4f03bf449c319eb75f3dd5b,LDLC OL,oe:team:e31c6dcc465e0b94500ef023f42cdc1,Malphite,Thresh,Maokai,Annie,Rumble,Gwen,,,,,,2049,0,1,1,5,15,23,0.0,0.0,0.0,0.0,0.0,0.0,0.0,0.0,0.4392,1.1127,,,,,,,,,,,,,,,,,,,,,0.0,0.0,,,,,,,,0.0,1.0,13352.0,390.981,0.200336,467.3206,1225.798,11.0,0.3221,7.0,0.205,4.0,33.0,0.9663,10959,6503,190.4246,0.179182,10350.0,,,255.0,243.0,12.0,,,7.4671,3353.0,4830.0,78.0,3130.0,4558.0,79.0,223.0,272.0,-1.0,1.0,0.0,0.0,0.0,0.0,1.0,4997.0,7727.0,127.0,5458.0,7626.0,139.0,-461.0,101.0,-12.0,1.0,0.0,0.0,0.0,0.0,1.0,6682.0,10170.0,167.0,7646.0,10738.0,191.0,-964.0,-568.0,-24.0,1.0,0.0,0.0,0.0,0.0,1.0,8352.0,12634.0,209.0,9607.0,13507.0,242.0,-1255.0,-873.0,-33.0,1.0,1.0,0.0,0.0,0.0,1.0
ESPORTSTMNT05_3223278,complete,,EM,2023,Spring,0,2023-04-18 16:02:19,2,13.06,2,Blue,jng,White,oe:player:41ea0ed55fe655184c9073085b85eea,LDLC OL,oe:team:e31c6dcc465e0b94500ef023f42cdc1,Jarvan IV,Thresh,Maokai,Annie,Rumble,Gwen,,,,,,2049,0,4,5,8,15,23,0.0,0.0,0.0,0.0,1.0,0.0,1.0,0.0,0.4392,1.1127,,,,,,,,,,,,,,,,,,,,,0.0,1.0,,,,,,,,0.0,0.0,8688.0,254.407,0.130357,856.2518,898.3895,9.0,0.2635,20.0,0.5857,9.0,45.0,1.3177,11222,6766,198.1259,0.186428,10875.0,,,159.0,33.0,126.0,,,4.6559,3258.0,2809.0,51.0,3626.0,3148.0,60.0,-368.0,-339.0,-9.0,0.0,3.0,0.0,2.0,1.0,0.0,5948.0,5407.0,83.0,5579.0,5127.0,83.0,369.0,280.0,0.0,3.0,3.0,1.0,3.0,3.0,2.0,7540.0,7485.0,111.0,7159.0,7219.0,115.0,381.0,266.0,-4.0,3.0,3.0,2.0,3.0,5.0,2.0,8664.0,9063.0,127.0,8883.0,9159.0,146.0,-219.0,-96.0,-19.0,3.0,5.0,2.0,4.0,5.0,2.0
ESPORTSTMNT05_3223278,complete,,EM,2023,Spring,0,2023-04-18 16:02:19,2,13.06,3,Blue,mid,Backlund,oe:player:bd0655defa1f5f33c2c8ac34cfd9d36,LDLC OL,oe:team:e31c6dcc465e0b94500ef023f42cdc1,LeBlanc,Thresh,Maokai,Annie,Rumble,Gwen,,,,,,2049,0,4,5,3,15,23,0.0,0.0,0.0,0.0,1.0,1.0,0.0,0.0,0.4392,1.1127,,,,,,,,,,,,,,,,,,,,,0.0,0.0,,,,,,,,0.0,0.0,18057.0,528.7555,0.270931,565.183,307.4085,33.0,0.9663,20.0,0.5857,5.0,80.0,2.3426,12536,8080,236.6032,0.222631,12575.0,,,270.0,266.0,4.0,,,7.9063,3800.0,4072.0,76.0,3588.0,4391.0,80.0,212.0,-319.0,-4.0,3.0,0.0,1.0,1.0,1.0,1.0,5447.0,6428.0,121.0,6202.0,6874.0,131.0,-755.0,-446.0,-10.0,3.0,1.0,1.0,3.0,1.0,1.0,7084.0,9109.0,167.0,8286.0,9293.0,176.0,-1202.0,-184.0,-9.0,3.0,1.0,1.0,4.0,1.0,1.0,9807.0,11873.0,218.0,10314.0,11838.0,218.0,-507.0,35.0,0.0,4.0,2.0,1.0,4.0,2.0,2.0
ESPORTSTMNT05_3223278,complete,,EM,2023,Spring,0,2023-04-18 16:02:19,2,13.06,4,Blue,bot,Jeskla,oe:player:71b8101d78beb04a089caa90a8d9310,LDLC OL,oe:team:e31c6dcc465e0b94500ef023f42cdc1,Xayah,Thresh,Maokai,Annie,Rumble,Gwen,,,,,,2049,0,5,3,2,15,23,1.0,0.0,0.0,0.0,0.0,0.0,0.0,0.0,0.4392,1.1127,,,,,,,,,,,,,,,,,,,,,0.0,0.0,,,,,,,,0.0,2.0,18715.0,548.0234,0.280804,477.1303,318.8873,20.0,0.5857,11.0,0.3221,8.0,48.0,1.4056,16327,11871,347.6135,0.32708,14900.0,,,365.0,335.0,30.0,,,10.6881,3367.0,3462.0,82.0,3224.0,3339.0,74.0,143.0,123.0,8.0,0.0,1.0,0.0,0.0,2.0,1.0,5728.0,5675.0,131.0,4945.0,5409.0,115.0,783.0,266.0,16.0,0.0,1.0,1.0,0.0,4.0,1.0,8142.0,8415.0,194.0,7608.0,7719.0,172.0,534.0,696.0,22.0,1.0,1.0,1.0,1.0,4.0,1.0,10558.0,10646.0,256.0,9610.0,9809.0,222.0,948.0,837.0,34.0,2.0,1.0,1.0,1.0,5.0,1.0
ESPORTSTMNT05_3223278,complete,,EM,2023,Spring,0,2023-04-18 16:02:19,2,13.06,5,Blue,sup,Zoelys,oe:player:fa22d396503a5a737f2f169943d7241,LDLC OL,oe:team:e31c6dcc465e0b94500ef023f42cdc1,Blitzcrank,Thresh,Maokai,Annie,Rumble,Gwen,,,,,,2049,0,1,9,8,15,23,0.0,0.0,0.0,0.0,0.0,0.0,0.0,0.0,0.4392,1.1127,,,,,,,,,,,,,,,,,,,,,0.0,0.0,,,,,,,,0.0,0.0,7836.0,229.4583,0.117573,725.2123,468.2284,50.0,1.4641,14.0,0.41,16.0,84.0,2.4597,7529,3073,89.9854,0.084679,7350.0,,,39.0,39.0,0.0,,,1.142,2404.0,2520.0,15.0,2097.0,2125.0,14.0,307.0,395.0,1.0,1.0,1.0,2.0,0.0,2.0,2.0,3826.0,3741.0,27.0,3092.0,2970.0,18.0,734.0,771.0,9.0,1.0,3.0,3.0,0.0,3.0,3.0,4918.0,4842.0,33.0,4265.0,4710.0,24.0,653.0,132.0,9.0,1.0,4.0,4.0,0.0,5.0,4.0,5890.0,6331.0,35.0,5356.0,5960.0,28.0,534.0,371.0,7.0,1.0,5.0,5.0,0.0,6.0,5.0
ESPORTSTMNT05_3223278,complete,,EM,2023,Spring,0,2023-04-18 16:02:19,2,13.06,6,Red,top,Destroy,oe:player:21846207612858fb49a468b43e56dd3,İstanbul Wildcats,oe:team:a65adb2808377018a2a7832eb2bd7f4,Gnar,Rakan,Sejuani,Vi,Sion,Jax,,,,,,2049,1,2,3,6,23,15,0.0,0.0,0.0,0.0,0.0,0.0,0.0,0.0,0.6735,1.1127,,,,,,,,,,,,,,,,,,,,,0.0,0.0,,,,,,,,1.0,0.0,12979.0,380.0586,0.150045,772.4158,942.2255,11.0,0.3221,4.0,0.1171,9.0,41.0,1.2006,15864,11408,334.0556,0.244025,15758.0,,,316.0,280.0,36.0,,,9.2533,3130.0,4558.0,79.0,3353.0,4830.0,78.0,-223.0,-272.0,1.0,0.0,0.0,1.0,1.0,0.0,0.0,5458.0,7626.0,139.0,4997.0,7727.0,127.0,461.0,-101.0,12.0,0.0,0.0,1.0,1.0,0.0,0.0,7646.0,10738.0,191.0,6682.0,10170.0,167.0,964.0,568.0,24.0,0.0,0.0,1.0,1.0,0.0,0.0,9607.0,13507.0,242.0,8352.0,12634.0,209.0,1255.0,873.0,33.0,0.0,0.0,1.0,1.0,1.0,0.0
ESPORTSTMNT05_3223278,complete,,EM,2023,Spring,0,2023-04-18 16:02:19,2,13.06,7,Red,jng,Elramir,oe:player:de442faff7b7cdc0fba7d6d5caff5e1,İstanbul Wildcats,oe:team:a65adb2808377018a2a7832eb2bd7f4,Gragas,Rakan,Sejuani,Vi,Sion,Jax,,,,,,2049,1,6,3,13,23,15,0.0,0.0,0.0,0.0,0.0,0.0,0.0,0.0,0.6735,1.1127,,,,,,,,,,,,,,,,,,,,,1.0,0.0,,,,,,,,0.0,0.0,22293.0,652.7965,0.25772,865.593,960.6149,42.0,1.2299,16.0,0.4685,15.0,87.0,2.5476,12930,8474,248.1406,0.181267,10975.0,,,174.0,34.0,140.0,,,5.0952,3626.0,3148.0,60.0,3258.0,2809.0,51.0,368.0,339.0,9.0,2.0,1.0,0.0,0.0,3.0,0.0,5579.0,5127.0,83.0,5948.0,5407.0,83.0,-369.0,-280.0,0.0,3.0,3.0,2.0,3.0,3.0,1.0,7159.0,7219.0,115.0,7540.0,7485.0,111.0,-381.0,-266.0,4.0,3.0,5.0,2.0,3.0,3.0,2.0,8883.0,9159.0,146.0,8664.0,9063.0,127.0,219.0,96.0,19.0,4.0,5.0,2.0,3.0,5.0,2.0
ESPORTSTMNT05_3223278,complete,,EM,2023,Spring,0,2023-04-18 16:02:19,2,13.06,8,Red,mid,Kofte,oe:player:db0cbdc72184ad44ab905be61fc0756,İstanbul Wildcats,oe:team:a65adb2808377018a2a7832eb2bd7f4,Jayce,Rakan,Sejuani,Vi,Sion,Jax,,,,,,2049,1,8,2,9,23,15,1.0,0.0,0.0,0.0,0.0,0.0,0.0,0.0,0.6735,1.1127,,,,,,,,,,,,,,,,,,,,,0.0,0.0,,,,,,,,0.0,0.0,24649.0,721.7862,0.284956,361.7862,301.4348,22.0,0.6442,20.0,0.5857,9.0,68.0,1.9912,15292,10836,317.306,0.23179,13950.0,,,268.0,260.0,8.0,,,7.8477,3588.0,4391.0,80.0,3800.0,4072.0,76.0,-212.0,319.0,4.0,1.0,1.0,1.0,3.0,0.0,1.0,6202.0,6874.0,131.0,5447.0,6428.0,121.0,755.0,446.0,10.0,3.0,1.0,1.0,3.0,1.0,1.0,8286.0,9293.0,176.0,7084.0,9109.0,167.0,1202.0,184.0,9.0,4.0,1.0,1.0,3.0,1.0,1.0,10314.0,11838.0,218.0,9807.0,11873.0,218.0,507.0,-35.0,0.0,4.0,2.0,2.0,4.0,2.0,1.0
ESPORTSTMNT05_3223278,complete,,EM,2023,Spring,0,2023-04-18 16:02:19,2,13.06,9,Red,bot,BAO,oe:player:6c1d0c529e73fe4c8b9a5306867c4bf,İstanbul Wildcats,oe:team:a65adb2808377018a2a7832eb2bd7f4,Jinx,Rakan,Sejuani,Vi,Sion,Jax,,,,,,2049,1,5,1,12,23,15,0.0,0.0,0.0,0.0,0.0,0.0,0.0,0.0,0.6735,1.1127,,,,,,,,,,,,,,,,,,,,,0.0,0.0,,,,,,,,2.0,0.0,19647.0,575.3148,0.22713,321.552,216.9546,15.0,0.4392,18.0,0.5271,3.0,44.0,1.2884,16082,11626,340.4392,0.248688,13675.0,,,326.0,298.0,28.0,,,9.5461,3224.0,3339.0,74.0,3367.0,3462.0,82.0,-143.0,-123.0,-8.0,0.0,2.0,1.0,0.0,1.0,0.0,4945.0,5409.0,115.0,5728.0,5675.0,131.0,-783.0,-266.0,-16.0,0.0,4.0,1.0,0.0,1.0,1.0,7608.0,7719.0,172.0,8142.0,8415.0,194.0,-534.0,-696.0,-22.0,1.0,4.0,1.0,1.0,1.0,1.0,9610.0,9809.0,222.0,10558.0,10646.0,256.0,-948.0,-837.0,-34.0,1.0,5.0,1.0,2.0,1.0,1.0
ESPORTSTMNT05_3223278,complete,,EM,2023,Spring,0,2023-04-18 16:02:19,2,13.06,10,Red,sup,Parus,oe:player:a9cfbc13e22eefdd22af7b346ce2af4,İstanbul Wildcats,oe:team:a65adb2808377018a2a7832eb2bd7f4,Nautilus,Rakan,Sejuani,Vi,Sion,Jax,,,,,,2049,1,2,6,16,23,15,0.0,0.0,0.0,0.0,0.0,0.0,0.0,1.0,0.6735,1.1127,,,,,,,,,,,,,,,,,,,,,0.0,0.0,,,,,,,,0.0,0.0,6933.0,203.0161,0.0801494,480.7906,705.7687,46.0,1.347,9.0,0.2635,14.0,88.0,2.5769,8861,4405,128.9898,0.0942316,6725.0,,,33.0,33.0,0.0,,,0.9663,2097.0,2125.0,14.0,2404.0,2520.0,15.0,-307.0,-395.0,-1.0,0.0,2.0,2.0,1.0,1.0,2.0,3092.0,2970.0,18.0,3826.0,3741.0,27.0,-734.0,-771.0,-9.0,0.0,3.0,3.0,1.0,3.0,3.0,4265.0,4710.0,24.0,4918.0,4842.0,33.0,-653.0,-132.0,-9.0,0.0,5.0,4.0,1.0,4.0,4.0,5356.0,5960.0,28.0,5890.0,6331.0,35.0,-534.0,-371.0,-7.0,0.0,6.0,5.0,1.0,5.0,5.0
ESPORTSTMNT05_3223278,complete,,EM,2023,Spring,0,2023-04-18 16:02:19,2,13.06,100,Blue,team,,,LDLC OL,oe:team:e31c6dcc465e0b94500ef023f42cdc1,,Thresh,Maokai,Annie,Rumble,Gwen,Xayah,Jarvan IV,LeBlanc,Malphite,Blitzcrank,2049,0,15,23,26,15,23,1.0,0.0,0.0,0.0,1.0,,,,0.4392,1.1127,1.0,3.0,1.0,3.0,1.0,0.0,0.0,1.0,0.0,2.0,0.0,,0.0,0.0,1.0,1.0,0.0,,,0.0,0.0,1.0,1.0,3.0,11.0,0.0,0.0,2.0,1.0,0.0,3.0,66648.0,1951.6252,,3091.0981,3218.7116,123.0,3.6018,72.0,2.1083,42.0,290.0,8.4919,58573,36295,1062.8111,,56050.0,-0.0859365,-0.57,,916.0,172.0,,,31.8594,16182.0,17693.0,302.0,15665.0,17561.0,307.0,517.0,132.0,-5.0,5.0,5.0,3.0,3.0,6.0,5.0,25946.0,28978.0,489.0,25276.0,28006.0,486.0,670.0,972.0,3.0,8.0,8.0,6.0,6.0,11.0,8.0,34366.0,40021.0,672.0,34964.0,39679.0,678.0,-598.0,342.0,-6.0,9.0,9.0,8.0,8.0,15.0,9.0,43271.0,50547.0,845.0,43770.0,50273.0,856.0,-499.0,274.0,-11.0,11.0,14.0,9.0,9.0,18.0,11.0
ESPORTSTMNT05_3223278,complete,,EM,2023,Spring,0,2023-04-18 16:02:19,2,13.06,200,Red,team,,,İstanbul Wildcats,oe:team:a65adb2808377018a2a7832eb2bd7f4,,Rakan,Sejuani,Vi,Sion,Jax,Jinx,Gragas,Jayce,Gnar,Nautilus,2049,1,23,15,56,23,15,1.0,0.0,0.0,0.0,0.0,,,,0.6735,1.1127,0.0,1.0,3.0,1.0,3.0,0.0,1.0,0.0,0.0,0.0,0.0,,0.0,0.0,0.0,0.0,1.0,,,1.0,1.0,0.0,0.0,11.0,3.0,1.0,1.0,1.0,2.0,3.0,0.0,86501.0,2532.9722,,2802.1376,3126.9985,136.0,3.9824,67.0,1.9619,50.0,328.0,9.6047,69029,46751,1368.9898,,61083.0,0.0859365,0.57,,905.0,212.0,,,32.7086,15665.0,17561.0,307.0,16182.0,17693.0,302.0,-517.0,-132.0,5.0,3.0,6.0,5.0,5.0,5.0,3.0,25276.0,28006.0,486.0,25946.0,28978.0,489.0,-670.0,-972.0,-3.0,6.0,11.0,8.0,8.0,8.0,6.0,34964.0,39679.0,678.0,34366.0,40021.0,672.0,598.0,-342.0,6.0,8.0,15.0,9.0,9.0,9.0,8.0,43770.0,50273.0,856.0,43271.0,50547.0,845.0,499.0,-274.0,11.0,9.0,18.0,11.0,11.0,14.0,9.0
ESPORTSTMNT05_3223280,complete,,EM,2023,Spring,0,2023-04-18 16:46:50,3,13.06,1,Blue,top,JNX,oe:player:4bb53c6fa9f5d75901136feb8bdf817,SK Gaming Prime,oe:team:aa8c3b781d96ddb7a24ab3240918988,Gragas,Sejuani,Jinx,Xayah,Maokai,Kled,,,,,,1694,1,2,1,10,25,8,0.0,0.0,0.0,0.0,0.0,0.0,0.0,0.0,0.8855,1.1688,,,,,,,,,,,,,,,,,,,,,0.0,0.0,,,,,,,,1.0,0.0,16811.0,595.4309,0.210828,741.6411,534.51,13.0,0.4604,2.0,0.0708,4.0,38.0,1.3459,11185,7454,264.0142,0.184834,11185.0,,,231.0,217.0,14.0,,,8.1818,3006.0,4521.0,78.0,4321.0,4734.0,92.0,-1315.0,-213.0,-14.0,0.0,0.0,0.0,2.0,0.0,0.0,4950.0,6948.0,111.0,5807.0,6948.0,129.0,-857.0,0.0,-18.0,1.0,1.0,0.0,2.0,0.0,1.0,7067.0,10213.0,169.0,8802.0,9858.0,188.0,-1735.0,355.0,-19.0,1.0,2.0,0.0,3.0,0.0,1.0,9336.0,15338.0,214.0,10824.0,12546.0,232.0,-1488.0,2792.0,-18.0,1.0,4.0,0.0,4.0,1.0,3.0
ESPORTSTMNT05_3223280,complete,,EM,2023,Spring,0,2023-04-18 16:46:50,3,13.06,2,Blue,jng,Lurox,oe:player:6fc5fe723eed4ba4c230292be365c66,SK Gaming Prime,oe:team:aa8c3b781d96ddb7a24ab3240918988,Vi,Sejuani,Jinx,Xayah,Maokai,Kled,,,,,,1694,1,7,0,11,25,8,0.0,0.0,0.0,0.0,0.0,0.0,0.0,0.0,0.8855,1.1688,,,,,,,,,,,,,,,,,,,,,1.0,0.0,,,,,,,,0.0,0.0,12208.0,432.3967,0.153101,590.0118,1178.5714,13.0,0.4604,9.0,0.3188,12.0,37.0,1.3105,11516,7785,275.7379,0.193042,9950.0,,,126.0,16.0,110.0,,,4.4628,3568.0,3103.0,51.0,3461.0,3211.0,61.0,107.0,-108.0,-10.0,2.0,1.0,0.0,1.0,3.0,2.0,5676.0,5038.0,76.0,4914.0,4859.0,94.0,762.0,179.0,-18.0,3.0,3.0,0.0,1.0,3.0,2.0,6940.0,6813.0,102.0,6450.0,6756.0,118.0,490.0,57.0,-16.0,3.0,3.0,0.0,1.0,4.0,2.0,9474.0,9685.0,118.0,7979.0,8272.0,131.0,1495.0,1413.0,-13.0,5.0,6.0,0.0,2.0,4.0,4.0
ESPORTSTMNT05_3223280,complete,,EM,2023,Spring,0,2023-04-18 16:46:50,3,13.06,3,Blue,mid,FEBIVEN,oe:player:d62421836c8b27dc3ffaffa058b8098,SK Gaming Prime,oe:team:aa8c3b781d96ddb7a24ab3240918988,Cassiopeia,Sejuani,Jinx,Xayah,Maokai,Kled,,,,,,1694,1,6,3,7,25,8,0.0,0.0,0.0,0.0,0.0,0.0,0.0,1.0,0.8855,1.1688,,,,,,,,,,,,,,,,,,,,,0.0,0.0,,,,,,,,0.0,0.0,18524.0,656.1039,0.232311,733.5655,503.412,14.0,0.4959,6.0,0.2125,5.0,42.0,1.4876,12774,9043,320.2952,0.224237,9425.0,,,255.0,231.0,24.0,,,9.0319,3712.0,3994.0,79.0,3579.0,3840.0,79.0,133.0,154.0,0.0,2.0,2.0,2.0,0.0,1.0,3.0,5247.0,6200.0,121.0,5210.0,6323.0,131.0,37.0,-123.0,-10.0,2.0,2.0,2.0,0.0,1.0,4.0,7170.0,10343.0,178.0,7334.0,9388.0,186.0,-164.0,955.0,-8.0,2.0,2.0,2.0,0.0,2.0,5.0,9584.0,13765.0,221.0,9046.0,11551.0,224.0,538.0,2214.0,-3.0,2.0,5.0,3.0,0.0,4.0,5.0
ESPORTSTMNT05_3223280,complete,,EM,2023,Spring,0,2023-04-18 16:46:50,3,13.06,4,Blue,bot,Keduii,oe:player:44189e6dc3089dbf9520de800fa705a,SK Gaming Prime,oe:team:aa8c3b781d96ddb7a24ab3240918988,Tristana,Sejuani,Jinx,Xayah,Maokai,Kled,,,,,,1694,1,9,2,7,25,8,1.0,0.0,0.0,0.0,0.0,0.0,0.0,0.0,0.8855,1.1688,,,,,,,,,,,,,,,,,,,,,0.0,0.0,,,,,,,,2.0,0.0,25479.0,902.4439,0.319534,575.2066,295.3955,12.0,0.425,7.0,0.2479,3.0,33.0,1.1688,15415,11684,413.8371,0.289728,12875.0,,,245.0,226.0,19.0,,,8.6777,4611.0,3997.0,82.0,3237.0,3405.0,73.0,1374.0,592.0,9.0,3.0,0.0,0.0,1.0,0.0,2.0,7402.0,6480.0,131.0,5372.0,6033.0,131.0,2030.0,447.0,0.0,4.0,1.0,0.0,1.0,0.0,3.0,9498.0,8666.0,171.0,7492.0,8543.0,192.0,2006.0,123.0,-21.0,5.0,1.0,1.0,1.0,1.0,3.0,12916.0,12047.0,214.0,9288.0,10688.0,241.0,3628.0,1359.0,-27.0,7.0,3.0,2.0,1.0,2.0,4.0
ESPORTSTMNT05_3223280,complete,,EM,2023,Spring,0,2023-04-18 16:46:50,3,13.06,5,Blue,sup,Prime,oe:player:e038414b765a8bda52e602f7eaeff04,SK Gaming Prime,oe:team:aa8c3b781d96ddb7a24ab3240918988,Rakan,Sejuani,Jinx,Xayah,Maokai,Kled,,,,,,1694,1,1,2,16,25,8,0.0,0.0,0.0,0.0,0.0,0.0,0.0,0.0,0.8855,1.1688,,,,,,,,,,,,,,,,,,,,,0.0,0.0,,,,,,,,0.0,0.0,6716.0,237.8749,0.0842258,459.8111,466.6116,41.0,1.4522,9.0,0.3188,11.0,82.0,2.9044,8093,4362,154.4982,0.108159,6875.0,,,32.0,32.0,0.0,,,1.1334,2438.0,2335.0,16.0,2227.0,2042.0,14.0,211.0,293.0,2.0,0.0,3.0,2.0,0.0,3.0,0.0,3678.0,3653.0,24.0,3319.0,3222.0,20.0,359.0,431.0,4.0,0.0,5.0,2.0,0.0,3.0,0.0,4565.0,4686.0,28.0,4406.0,4894.0,26.0,159.0,-208.0,2.0,0.0,5.0,2.0,0.0,4.0,0.0,6382.0,7365.0,29.0,5365.0,6962.0,28.0,1017.0,403.0,1.0,1.0,7.0,2.0,0.0,6.0,0.0
ESPORTSTMNT05_3223280,complete,,EM,2023,Spring,0,2023-04-18 16:46:50,3,13.06,6,Red,top,ACD,oe:player:72c5cc0e2586935d16539f31a2a4fec,Macko Esports,oe:team:a2e63aee03585f0b37ff4cad936e349,Gwen,Kalista,Ahri,LeBlanc,Lissandra,Taliyah,,,,,,1694,0,5,5,1,8,25,1.0,0.0,0.0,0.0,0.0,0.0,0.0,0.0,0.2834,1.1688,,,,,,,,,,,,,,,,,,,,,0.0,0.0,,,,,,,,0.0,1.0,20779.0,735.974,0.353252,998.536,738.6659,11.0,0.3896,10.0,0.3542,3.0,43.0,1.523,12485,8754,310.059,0.31084,12075.0,,,262.0,254.0,8.0,,,9.2798,4321.0,4734.0,92.0,3006.0,4521.0,78.0,1315.0,213.0,14.0,2.0,0.0,0.0,0.0,0.0,0.0,5807.0,6948.0,129.0,4950.0,6948.0,111.0,857.0,0.0,18.0,2.0,0.0,1.0,1.0,1.0,0.0,8802.0,9858.0,188.0,7067.0,10213.0,169.0,1735.0,-355.0,19.0,3.0,0.0,1.0,1.0,2.0,0.0,10824.0,12546.0,232.0,9336.0,15338.0,214.0,1488.0,-2792.0,18.0,4.0,1.0,3.0,1.0,4.0,0.0
ESPORTSTMNT05_3223280,complete,,EM,2023,Spring,0,2023-04-18 16:46:50,3,13.06,7,Red,jng,Cboi,oe:player:702efc23873d774e479682ef680d911,Macko Esports,oe:team:a2e63aee03585f0b37ff4cad936e349,Nautilus,Kalista,Ahri,LeBlanc,Lissandra,Taliyah,,,,,,1694,0,2,4,5,8,25,0.0,0.0,0.0,0.0,1.0,1.0,0.0,0.0,0.2834,1.1688,,,,,,,,,,,,,,,,,,,,,0.0,1.0,,,,,,,,0.0,0.0,6455.0,228.6305,0.109738,790.1653,1369.3388,11.0,0.3896,6.0,0.2125,9.0,35.0,1.2397,8713,4982,176.4581,0.176897,8425.0,,,141.0,50.0,91.0,,,4.9941,3461.0,3211.0,61.0,3568.0,3103.0,51.0,-107.0,108.0,10.0,1.0,3.0,2.0,2.0,1.0,0.0,4914.0,4859.0,94.0,5676.0,5038.0,76.0,-762.0,-179.0,18.0,1.0,3.0,2.0,3.0,3.0,0.0,6450.0,6756.0,118.0,6940.0,6813.0,102.0,-490.0,-57.0,16.0,1.0,4.0,2.0,3.0,3.0,0.0,7979.0,8272.0,131.0,9474.0,9685.0,118.0,-1495.0,-1413.0,13.0,2.0,4.0,4.0,5.0,6.0,0.0
ESPORTSTMNT05_3223280,complete,,EM,2023,Spring,0,2023-04-18 16:46:50,3,13.06,8,Red,mid,Six10,oe:player:325397710b4294aeb7a18881c34f33b,Macko Esports,oe:team:a2e63aee03585f0b37ff4cad936e349,Irelia,Kalista,Ahri,LeBlanc,Lissandra,Taliyah,,,,,,1694,0,0,8,4,8,25,0.0,0.0,0.0,0.0,1.0,0.0,1.0,0.0,0.2834,1.1688,,,,,,,,,,,,,,,,,,,,,0.0,0.0,,,,,,,,0.0,0.0,14597.0,517.013,0.248155,833.5891,810.8855,7.0,0.2479,2.0,0.0708,2.0,14.0,0.4959,9590,5859,207.5207,0.208039,9050.0,,,233.0,222.0,11.0,,,8.2527,3579.0,3840.0,79.0,3712.0,3994.0,79.0,-133.0,-154.0,0.0,0.0,1.0,3.0,2.0,2.0,2.0,5210.0,6323.0,131.0,5247.0,6200.0,121.0,-37.0,123.0,10.0,0.0,1.0,4.0,2.0,2.0,2.0,7334.0,9388.0,186.0,7170.0,10343.0,178.0,164.0,-955.0,8.0,0.0,2.0,5.0,2.0,2.0,2.0,9046.0,11551.0,224.0,9584.0,13765.0,221.0,-538.0,-2214.0,3.0,0.0,4.0,5.0,2.0,5.0,3.0
ESPORTSTMNT05_3223280,complete,,EM,2023,Spring,0,2023-04-18 16:46:50,3,13.06,9,Red,bot,Vzz,oe:player:ba6e76e259419420ddff269bb6ef074,Macko Esports,oe:team:a2e63aee03585f0b37ff4cad936e349,Zeri,Kalista,Ahri,LeBlanc,Lissandra,Taliyah,,,,,,1694,0,1,5,2,8,25,0.0,0.0,0.0,0.0,0.0,0.0,0.0,0.0,0.2834,1.1688,,,,,,,,,,,,,,,,,,,,,0.0,0.0,,,,,,,,0.0,2.0,11908.0,421.771,0.202441,481.5939,466.647,11.0,0.3896,16.0,0.5667,4.0,50.0,1.771,10110,6379,225.9386,0.226505,9250.0,,,256.0,236.0,20.0,,,9.0673,3237.0,3405.0,73.0,4611.0,3997.0,82.0,-1374.0,-592.0,-9.0,1.0,0.0,2.0,3.0,0.0,0.0,5372.0,6033.0,131.0,7402.0,6480.0,131.0,-2030.0,-447.0,0.0,1.0,0.0,3.0,4.0,1.0,0.0,7492.0,8543.0,192.0,9498.0,8666.0,171.0,-2006.0,-123.0,21.0,1.0,1.0,3.0,5.0,1.0,1.0,9288.0,10688.0,241.0,12916.0,12047.0,214.0,-3628.0,-1359.0,27.0,1.0,2.0,4.0,7.0,3.0,2.0
ESPORTSTMNT05_3223280,complete,,EM,2023,Spring,0,2023-04-18 16:46:50,3,13.06,10,Red,sup,Click,oe:player:1e249a5688255bde7f7213b5d257b3c,Macko Esports,oe:team:a2e63aee03585f0b37ff4cad936e349,Alistar,Kalista,Ahri,LeBlanc,Lissandra,Taliyah,,,,,,1694,0,0,3,7,8,25,0.0,0.0,0.0,0.0,0.0,0.0,0.0,0.0,0.2834,1.1688,,,,,,,,,,,,,,,,,,,,,0.0,0.0,,,,,,,,0.0,0.0,5083.0,180.0354,0.0864132,643.1759,771.7119,36.0,1.2751,5.0,0.1771,9.0,64.0,2.2668,5920,2189,77.5325,0.0777183,5575.0,,,29.0,29.0,0.0,,,1.0272,2227.0,2042.0,14.0,2438.0,2335.0,16.0,-211.0,-293.0,-2.0,0.0,3.0,0.0,0.0,3.0,2.0,3319.0,3222.0,20.0,3678.0,3653.0,24.0,-359.0,-431.0,-4.0,0.0,3.0,0.0,0.0,5.0,2.0,4406.0,4894.0,26.0,4565.0,4686.0,28.0,-159.0,208.0,-2.0,0.0,4.0,0.0,0.0,5.0,2.0,5365.0,6962.0,28.0,6382.0,7365.0,29.0,-1017.0,-403.0,-1.0,0.0,6.0,0.0,1.0,7.0,2.0
ESPORTSTMNT05_3223280,complete,,EM,2023,Spring,0,2023-04-18 16:46:50,3,13.06,100,Blue,team,,,SK Gaming Prime,oe:team:aa8c3b781d96ddb7a24ab3240918988,,Sejuani,Jinx,Xayah,Maokai,Kled,Vi,Tristana,Rakan,Gragas,Cassiopeia,1694,1,25,8,51,25,8,1.0,0.0,0.0,0.0,0.0,,,,0.8855,1.1688,0.0,2.0,2.0,2.0,2.0,0.0,0.0,1.0,0.0,1.0,0.0,,0.0,0.0,1.0,1.0,1.0,,,1.0,1.0,0.0,1.0,11.0,3.0,0.0,0.0,6.0,5.0,3.0,0.0,79738.0,2824.2503,,3100.2361,2978.5006,93.0,3.294,33.0,1.1688,35.0,232.0,8.2172,58983,40326,1428.3117,,50310.0,0.125363,1.91,,722.0,167.0,,,31.4876,17335.0,17950.0,306.0,16825.0,17232.0,319.0,510.0,718.0,-13.0,7.0,6.0,4.0,4.0,7.0,7.0,26953.0,28319.0,463.0,24622.0,27385.0,505.0,2331.0,934.0,-42.0,10.0,12.0,4.0,4.0,7.0,10.0,35240.0,40721.0,648.0,34484.0,39439.0,710.0,756.0,1282.0,-62.0,11.0,13.0,5.0,5.0,11.0,11.0,47692.0,58200.0,796.0,42502.0,50019.0,856.0,5190.0,8181.0,-60.0,16.0,25.0,7.0,7.0,17.0,16.0
ESPORTSTMNT05_3223280,complete,,EM,2023,Spring,0,2023-04-18 16:46:50,3,13.06,200,Red,team,,,Macko Esports,oe:team:a2e63aee03585f0b37ff4cad936e349,,Kalista,Ahri,LeBlanc,Lissandra,Taliyah,Zeri,Nautilus,Irelia,Alistar,Gwen,1694,0,8,25,19,8,25,1.0,0.0,0.0,0.0,1.0,,,,0.2834,1.1688,1.0,2.0,2.0,2.0,2.0,0.0,0.0,1.0,0.0,0.0,1.0,,0.0,0.0,0.0,1.0,1.0,,,0.0,0.0,1.0,0.0,3.0,11.0,1.0,1.0,5.0,6.0,0.0,3.0,58822.0,2083.4238,,3747.0602,4157.2491,76.0,2.6919,39.0,1.3813,27.0,206.0,7.2963,46818,28161,997.438,,44375.0,-0.125363,-1.91,,791.0,130.0,,,32.621,16825.0,17232.0,319.0,17335.0,17950.0,306.0,-510.0,-718.0,13.0,4.0,7.0,7.0,7.0,6.0,4.0,24622.0,27385.0,505.0,26953.0,28319.0,463.0,-2331.0,-934.0,42.0,4.0,7.0,10.0,10.0,12.0,4.0,34484.0,39439.0,710.0,35240.0,40721.0,648.0,-756.0,-1282.0,62.0,5.0,11.0,11.0,11.0,13.0,5.0,42502.0,50019.0,856.0,47692.0,58200.0,796.0,-5190.0,-8181.0,60.0,7.0,17.0,16.0,16.0,25.0,7.0
ESPORTSTMNT05_3222576,complete,,EM,2023,Spring,0,2023-04-18 17:02:18,3,13.06,1,Blue,top,Destroy,oe:player:21846207612858fb49a468b43e56dd3,İstanbul Wildcats,oe:team:a65adb2808377018a2a7832eb2bd7f4,Kennen,Sejuani,Rakan,Vi,Nautilus,Blitzcrank,,,,,,2241,1,8,2,3,16,6,1.0,0.0,0.0,0.0,0.0,0.0,0.0,0.0,0.4284,0.589,,,,,,,,,,,,,,,,,,,,,0.0,0.0,,,,,,,,0.0,0.0,33395.0,894.1098,0.34303,548.4873,437.751,11.0,0.2945,5.0,0.1339,7.0,33.0,0.8835,17477,12630,338.1526,0.271073,15475.0,,,336.0,320.0,16.0,,,8.996,3287.0,5112.0,87.0,3193.0,4929.0,82.0,94.0,183.0,5.0,0.0,0.0,0.0,0.0,0.0,0.0,5679.0,8195.0,145.0,5306.0,7770.0,137.0,373.0,425.0,8.0,0.0,0.0,0.0,0.0,0.0,0.0,8282.0,11075.0,196.0,7045.0,10770.0,185.0,1237.0,305.0,11.0,2.0,1.0,0.0,0.0,0.0,0.0,10324.0,13471.0,233.0,8846.0,12967.0,223.0,1478.0,504.0,10.0,2.0,2.0,0.0,0.0,0.0,0.0
ESPORTSTMNT05_3222576,complete,,EM,2023,Spring,0,2023-04-18 17:02:18,3,13.06,2,Blue,jng,Elramir,oe:player:de442faff7b7cdc0fba7d6d5caff5e1,İstanbul Wildcats,oe:team:a65adb2808377018a2a7832eb2bd7f4,Maokai,Sejuani,Rakan,Vi,Nautilus,Blitzcrank,,,,,,2241,1,0,1,6,16,6,0.0,0.0,0.0,0.0,1.0,0.0,1.0,0.0,0.4284,0.589,,,,,,,,,,,,,,,,,,,,,1.0,0.0,,,,,,,,0.0,0.0,9588.0,256.7068,0.098487,839.9465,1184.7122,12.0,0.3213,24.0,0.6426,12.0,79.0,2.1151,11110,6263,167.6841,0.134418,11050.0,,,179.0,31.0,148.0,,,4.7925,3103.0,3046.0,64.0,2676.0,2679.0,49.0,427.0,367.0,15.0,0.0,1.0,0.0,0.0,0.0,1.0,4323.0,4632.0,86.0,4094.0,4771.0,83.0,229.0,-139.0,3.0,0.0,1.0,0.0,0.0,0.0,1.0,5858.0,7357.0,118.0,5164.0,6137.0,99.0,694.0,1220.0,19.0,0.0,2.0,0.0,0.0,0.0,2.0,7453.0,9083.0,146.0,6362.0,7911.0,116.0,1091.0,1172.0,30.0,0.0,3.0,0.0,0.0,0.0,2.0
ESPORTSTMNT05_3222576,complete,,EM,2023,Spring,0,2023-04-18 17:02:18,3,13.06,3,Blue,mid,Kofte,oe:player:db0cbdc72184ad44ab905be61fc0756,İstanbul Wildcats,oe:team:a65adb2808377018a2a7832eb2bd7f4,Jayce,Sejuani,Rakan,Vi,Nautilus,Blitzcrank,,,,,,2241,1,4,1,6,16,6,0.0,0.0,0.0,0.0,1.0,1.0,0.0,0.0,0.4284,0.589,,,,,,,,,,,,,,,,,,,,,0.0,0.0,,,,,,,,1.0,0.0,24719.0,661.8206,0.253911,427.3092,375.6627,21.0,0.5622,13.0,0.3481,7.0,54.0,1.4458,15559,10712,286.8005,0.229907,13725.0,,,320.0,290.0,30.0,,,8.5676,3160.0,4352.0,71.0,3559.0,4996.0,99.0,-399.0,-644.0,-28.0,1.0,0.0,0.0,0.0,0.0,0.0,4851.0,6886.0,124.0,5414.0,7952.0,159.0,-563.0,-1066.0,-35.0,1.0,0.0,0.0,0.0,0.0,0.0,6620.0,9122.0,159.0,6846.0,9941.0,194.0,-226.0,-819.0,-35.0,2.0,0.0,0.0,0.0,1.0,1.0,9190.0,11608.0,209.0,8763.0,12252.0,235.0,427.0,-644.0,-26.0,3.0,0.0,0.0,0.0,1.0,2.0
ESPORTSTMNT05_3222576,complete,,EM,2023,Spring,0,2023-04-18 17:02:18,3,13.06,4,Blue,bot,BAO,oe:player:6c1d0c529e73fe4c8b9a5306867c4bf,İstanbul Wildcats,oe:team:a65adb2808377018a2a7832eb2bd7f4,Zeri,Sejuani,Rakan,Vi,Nautilus,Blitzcrank,,,,,,2241,1,4,0,9,16,6,0.0,0.0,0.0,0.0,1.0,0.0,1.0,0.0,0.4284,0.589,,,,,,,,,,,,,,,,,,,,,0.0,0.0,,,,,,,,1.0,0.0,25441.0,681.1513,0.261327,414.8862,547.1754,20.0,0.5355,23.0,0.6158,7.0,67.0,1.7938,18200,13353,357.51,0.28659,14675.0,,,390.0,366.0,24.0,,,10.4418,3366.0,3267.0,84.0,3322.0,3200.0,85.0,44.0,67.0,-1.0,0.0,1.0,0.0,0.0,0.0,0.0,5502.0,5927.0,140.0,5913.0,5618.0,144.0,-411.0,309.0,-4.0,0.0,1.0,0.0,0.0,0.0,0.0,7575.0,8542.0,194.0,8098.0,7566.0,199.0,-523.0,976.0,-5.0,0.0,3.0,0.0,1.0,0.0,0.0,10067.0,11400.0,249.0,10138.0,9517.0,255.0,-71.0,1883.0,-6.0,1.0,4.0,0.0,1.0,0.0,0.0
ESPORTSTMNT05_3222576,complete,,EM,2023,Spring,0,2023-04-18 17:02:18,3,13.06,5,Blue,sup,Parus,oe:player:a9cfbc13e22eefdd22af7b346ce2af4,İstanbul Wildcats,oe:team:a65adb2808377018a2a7832eb2bd7f4,Leona,Sejuani,Rakan,Vi,Nautilus,Blitzcrank,,,,,,2241,1,0,2,7,16,6,0.0,0.0,0.0,0.0,1.0,0.0,1.0,0.0,0.4284,0.589,,,,,,,,,,,,,,,,,,,,,0.0,0.0,,,,,,,,0.0,0.0,4210.0,112.7175,0.0432447,507.8179,540.0268,61.0,1.6332,11.0,0.2945,12.0,125.0,3.3467,8482,3635,97.3226,0.0780129,7400.0,,,36.0,36.0,0.0,,,0.9639,2226.0,2287.0,16.0,2085.0,2115.0,13.0,141.0,172.0,3.0,0.0,1.0,0.0,0.0,0.0,0.0,3104.0,3237.0,21.0,3093.0,3366.0,23.0,11.0,-129.0,-2.0,0.0,1.0,0.0,0.0,0.0,0.0,4278.0,4985.0,28.0,4218.0,4923.0,32.0,60.0,62.0,-4.0,0.0,2.0,1.0,0.0,1.0,1.0,5370.0,6032.0,33.0,5155.0,6010.0,36.0,215.0,22.0,-3.0,0.0,3.0,1.0,0.0,1.0,2.0
ESPORTSTMNT05_3222576,complete,,EM,2023,Spring,0,2023-04-18 17:02:18,3,13.06,6,Red,top,Kryze,oe:player:75414f3b4f03bf449c319eb75f3dd5b,LDLC OL,oe:team:e31c6dcc465e0b94500ef023f42cdc1,K'Sante,Xayah,Annie,Thresh,Rumble,Gwen,,,,,,2241,0,2,2,2,6,16,0.0,0.0,0.0,0.0,0.0,0.0,0.0,0.0,0.1606,0.589,,,,,,,,,,,,,,,,,,,,,0.0,0.0,,,,,,,,0.0,0.0,10273.0,275.0469,0.156122,883.0522,1452.7175,12.0,0.3213,8.0,0.2142,1.0,33.0,0.8835,15484,10637,284.7925,0.282368,15075.0,,,330.0,326.0,4.0,,,8.8353,3193.0,4929.0,82.0,3287.0,5112.0,87.0,-94.0,-183.0,-5.0,0.0,0.0,0.0,0.0,0.0,0.0,5306.0,7770.0,137.0,5679.0,8195.0,145.0,-373.0,-425.0,-8.0,0.0,0.0,0.0,0.0,0.0,0.0,7045.0,10770.0,185.0,8282.0,11075.0,196.0,-1237.0,-305.0,-11.0,0.0,0.0,0.0,2.0,1.0,0.0,8846.0,12967.0,223.0,10324.0,13471.0,233.0,-1478.0,-504.0,-10.0,0.0,0.0,0.0,2.0,2.0,0.0
ESPORTSTMNT05_3222576,complete,,EM,2023,Spring,0,2023-04-18 17:02:18,3,13.06,7,Red,jng,White,oe:player:41ea0ed55fe655184c9073085b85eea,LDLC OL,oe:team:e31c6dcc465e0b94500ef023f42cdc1,Jarvan IV,Xayah,Annie,Thresh,Rumble,Gwen,,,,,,2241,0,0,5,2,6,16,0.0,0.0,0.0,0.0,0.0,0.0,0.0,1.0,0.1606,0.589,,,,,,,,,,,,,,,,,,,,,0.0,1.0,,,,,,,,0.0,0.0,3727.0,99.7858,0.0566405,828.8621,878.0455,10.0,0.2677,17.0,0.4552,10.0,56.0,1.4993,9080,4233,113.3333,0.112365,8750.0,,,151.0,22.0,129.0,,,4.0428,2676.0,2679.0,49.0,3103.0,3046.0,64.0,-427.0,-367.0,-15.0,0.0,0.0,1.0,0.0,1.0,0.0,4094.0,4771.0,83.0,4323.0,4632.0,86.0,-229.0,139.0,-3.0,0.0,0.0,1.0,0.0,1.0,0.0,5164.0,6137.0,99.0,5858.0,7357.0,118.0,-694.0,-1220.0,-19.0,0.0,0.0,2.0,0.0,2.0,0.0,6362.0,7911.0,116.0,7453.0,9083.0,146.0,-1091.0,-1172.0,-30.0,0.0,0.0,2.0,0.0,3.0,0.0
ESPORTSTMNT05_3222576,complete,,EM,2023,Spring,0,2023-04-18 17:02:18,3,13.06,8,Red,mid,Backlund,oe:player:bd0655defa1f5f33c2c8ac34cfd9d36,LDLC OL,oe:team:e31c6dcc465e0b94500ef023f42cdc1,LeBlanc,Xayah,Annie,Thresh,Rumble,Gwen,,,,,,2241,0,0,4,4,6,16,0.0,0.0,0.0,0.0,0.0,0.0,0.0,0.0,0.1606,0.589,,,,,,,,,,,,,,,,,,,,,0.0,0.0,,,,,,,,0.0,1.0,20028.0,536.2249,0.304372,556.3588,301.8206,21.0,0.5622,11.0,0.2945,3.0,67.0,1.7938,11937,7090,189.826,0.188208,10925.0,,,279.0,274.0,5.0,,,7.4699,3559.0,4996.0,99.0,3160.0,4352.0,71.0,399.0,644.0,28.0,0.0,0.0,0.0,1.0,0.0,0.0,5414.0,7952.0,159.0,4851.0,6886.0,124.0,563.0,1066.0,35.0,0.0,0.0,0.0,1.0,0.0,0.0,6846.0,9941.0,194.0,6620.0,9122.0,159.0,226.0,819.0,35.0,0.0,1.0,1.0,2.0,0.0,0.0,8763.0,12252.0,235.0,9190.0,11608.0,209.0,-427.0,644.0,26.0,0.0,1.0,2.0,3.0,0.0,0.0
ESPORTSTMNT05_3222576,complete,,EM,2023,Spring,0,2023-04-18 17:02:18,3,13.06,9,Red,bot,Jeskla,oe:player:71b8101d78beb04a089caa90a8d9310,LDLC OL,oe:team:e31c6dcc465e0b94500ef023f42cdc1,Jinx,Xayah,Annie,Thresh,Rumble,Gwen,,,,,,2241,0,4,2,0,6,16,1.0,0.0,0.0,0.0,0.0,0.0,0.0,0.0,0.1606,0.589,,,,,,,,,,,,,,,,,,,,,0.0,0.0,,,,,,,,0.0,1.0,25144.0,673.1995,0.382122,517.8849,376.7871,21.0,0.5622,9.0,0.241,6.0,51.0,1.3655,17764,12917,345.8367,0.342894,16200.0,,,432.0,372.0,60.0,,,11.5663,3322.0,3200.0,85.0,3366.0,3267.0,84.0,-44.0,-67.0,1.0,0.0,0.0,0.0,0.0,1.0,0.0,5913.0,5618.0,144.0,5502.0,5927.0,140.0,411.0,-309.0,4.0,0.0,0.0,0.0,0.0,1.0,0.0,8098.0,7566.0,199.0,7575.0,8542.0,194.0,523.0,-976.0,5.0,1.0,0.0,0.0,0.0,3.0,0.0,10138.0,9517.0,255.0,10067.0,11400.0,249.0,71.0,-1883.0,6.0,1.0,0.0,0.0,1.0,4.0,0.0
ESPORTSTMNT05_3222576,complete,,EM,2023,Spring,0,2023-04-18 17:02:18,3,13.06,10,Red,sup,Zoelys,oe:player:fa22d396503a5a737f2f169943d7241,LDLC OL,oe:team:e31c6dcc465e0b94500ef023f42cdc1,Tahm Kench,Xayah,Annie,Thresh,Rumble,Gwen,,,,,,2241,0,0,3,5,6,16,0.0,0.0,0.0,0.0,0.0,0.0,0.0,0.0,0.1606,0.589,,,,,,,,,,,,,,,,,,,,,0.0,0.0,,,,,,,,0.0,0.0,6629.0,177.4833,0.100743,468.755,513.6011,64.0,1.7135,15.0,0.4016,18.0,94.0,2.5167,7641,2794,74.8059,0.0741645,7100.0,,,40.0,40.0,0.0,,,1.071,2085.0,2115.0,13.0,2226.0,2287.0,16.0,-141.0,-172.0,-3.0,0.0,0.0,0.0,0.0,1.0,0.0,3093.0,3366.0,23.0,3104.0,3237.0,21.0,-11.0,129.0,2.0,0.0,0.0,0.0,0.0,1.0,0.0,4218.0,4923.0,32.0,4278.0,4985.0,28.0,-60.0,-62.0,4.0,0.0,1.0,1.0,0.0,2.0,1.0,5155.0,6010.0,36.0,5370.0,6032.0,33.0,-215.0,-22.0,3.0,0.0,1.0,2.0,0.0,3.0,1.0
ESPORTSTMNT05_3222576,complete,,EM,2023,Spring,0,2023-04-18 17:02:18,3,13.06,100,Blue,team,,,İstanbul Wildcats,oe:team:a65adb2808377018a2a7832eb2bd7f4,,Sejuani,Rakan,Vi,Nautilus,Blitzcrank,Maokai,Jayce,Zeri,Kennen,Leona,2241,1,16,6,31,16,6,1.0,0.0,0.0,0.0,1.0,,,,0.4284,0.589,0.0,4.0,1.0,4.0,1.0,1.0,0.0,3.0,0.0,0.0,0.0,,0.0,0.0,0.0,0.0,0.0,,,1.0,1.0,0.0,1.0,11.0,4.0,1.0,1.0,1.0,5.0,2.0,0.0,97353.0,2606.506,,2738.4471,3085.328,125.0,3.3467,76.0,2.0348,45.0,358.0,9.585,70828,46592,1247.4431,,62325.0,0.071028,0.95,,1043.0,218.0,,,33.7617,15142.0,18064.0,322.0,14835.0,17919.0,328.0,307.0,145.0,-6.0,1.0,3.0,0.0,0.0,0.0,1.0,23459.0,28877.0,516.0,23820.0,29477.0,546.0,-361.0,-600.0,-30.0,1.0,3.0,0.0,0.0,0.0,1.0,32613.0,41081.0,695.0,31371.0,39337.0,709.0,1242.0,1744.0,-14.0,4.0,8.0,1.0,1.0,2.0,4.0,42404.0,51594.0,870.0,39264.0,48657.0,865.0,3140.0,2937.0,5.0,6.0,12.0,1.0,1.0,2.0,6.0
ESPORTSTMNT05_3222576,complete,,EM,2023,Spring,0,2023-04-18 17:02:18,3,13.06,200,Red,team,,,LDLC OL,oe:team:e31c6dcc465e0b94500ef023f42cdc1,,Xayah,Annie,Thresh,Rumble,Gwen,Jinx,Jarvan IV,K'Sante,LeBlanc,Tahm Kench,2241,0,6,16,13,6,16,1.0,0.0,0.0,0.0,0.0,,,,0.1606,0.589,1.0,1.0,4.0,1.0,4.0,0.0,0.0,0.0,0.0,0.0,1.0,,0.0,0.0,0.0,0.0,0.0,,,0.0,0.0,1.0,0.0,4.0,11.0,0.0,0.0,5.0,1.0,0.0,2.0,65801.0,1761.7403,,3254.913,3522.9719,128.0,3.427,60.0,1.6064,38.0,301.0,8.0589,61906,37670,1008.5676,,58050.0,-0.071028,-0.95,,1034.0,198.0,,,32.9853,14835.0,17919.0,328.0,15142.0,18064.0,322.0,-307.0,-145.0,6.0,0.0,0.0,1.0,1.0,3.0,0.0,23820.0,29477.0,546.0,23459.0,28877.0,516.0,361.0,600.0,30.0,0.0,0.0,1.0,1.0,3.0,0.0,31371.0,39337.0,709.0,32613.0,41081.0,695.0,-1242.0,-1744.0,14.0,1.0,2.0,4.0,4.0,8.0,1.0,39264.0,48657.0,865.0,42404.0,51594.0,870.0,-3140.0,-2937.0,-5.0,1.0,2.0,6.0,6.0,12.0,1.0
ESPORTSTMNT05_3223281,complete,,EM,2023,Spring,0,2023-04-18 18:02:55,4,13.06,1,Blue,top,Kryze,oe:player:75414f3b4f03bf449c319eb75f3dd5b,LDLC OL,oe:team:e31c6dcc465e0b94500ef023f42cdc1,K'Sante,Jayce,Gragas,Annie,Tahm Kench,Braum,,,,,,1546,0,0,4,6,10,23,0.0,0.0,0.0,0.0,0.0,0.0,0.0,0.0,0.3881,1.2807,,,,,,,,,,,,,,,,,,,,,0.0,0.0,,,,,,,,0.0,1.0,8646.0,335.5498,0.157478,809.5343,967.141,9.0,0.3493,3.0,0.1164,3.0,22.0,0.8538,8747,5318,206.3907,0.199977,8475.0,,,209.0,209.0,0.0,,,8.1113,3431.0,5174.0,97.0,3182.0,4844.0,85.0,249.0,330.0,12.0,0.0,0.0,0.0,0.0,0.0,0.0,5455.0,8357.0,154.0,5072.0,8144.0,146.0,383.0,213.0,8.0,0.0,0.0,0.0,0.0,0.0,0.0,6861.0,10084.0,178.0,7276.0,10657.0,183.0,-415.0,-573.0,-5.0,0.0,1.0,2.0,1.0,3.0,0.0,8457.0,12395.0,202.0,10784.0,14226.0,226.0,-2327.0,-1831.0,-24.0,0.0,6.0,4.0,5.0,6.0,0.0
ESPORTSTMNT05_3223281,complete,,EM,2023,Spring,0,2023-04-18 18:02:55,4,13.06,2,Blue,jng,White,oe:player:41ea0ed55fe655184c9073085b85eea,LDLC OL,oe:team:e31c6dcc465e0b94500ef023f42cdc1,Vi,Jayce,Gragas,Annie,Tahm Kench,Braum,,,,,,1546,0,1,6,5,10,23,0.0,0.0,0.0,0.0,0.0,0.0,0.0,0.0,0.3881,1.2807,,,,,,,,,,,,,,,,,,,,,0.0,0.0,,,,,,,,0.0,0.0,4149.0,161.022,0.0755696,902.7167,1065.912,9.0,0.3493,6.0,0.2329,9.0,32.0,1.2419,7283,3854,149.5731,0.144921,6575.0,,,132.0,12.0,120.0,,,5.1229,3121.0,2845.0,53.0,3508.0,3070.0,52.0,-387.0,-225.0,1.0,1.0,1.0,1.0,1.0,1.0,1.0,4471.0,4739.0,79.0,5553.0,5218.0,82.0,-1082.0,-479.0,-3.0,1.0,2.0,2.0,2.0,3.0,2.0,5851.0,6807.0,111.0,8018.0,7227.0,102.0,-2167.0,-420.0,9.0,1.0,2.0,3.0,4.0,5.0,2.0,7188.0,9010.0,132.0,10903.0,10612.0,125.0,-3715.0,-1602.0,7.0,1.0,5.0,6.0,6.0,11.0,4.0
ESPORTSTMNT05_3223281,complete,,EM,2023,Spring,0,2023-04-18 18:02:55,4,13.06,3,Blue,mid,Backlund,oe:player:bd0655defa1f5f33c2c8ac34cfd9d36,LDLC OL,oe:team:e31c6dcc465e0b94500ef023f42cdc1,LeBlanc,Jayce,Gragas,Annie,Tahm Kench,Braum,,,,,,1546,0,2,2,4,10,23,0.0,0.0,0.0,0.0,0.0,0.0,0.0,0.0,0.3881,1.2807,,,,,,,,,,,,,,,,,,,,,0.0,0.0,,,,,,,,0.0,0.0,12890.0,500.2587,0.234778,593.2471,323.7904,11.0,0.4269,4.0,0.1552,5.0,29.0,1.1255,9409,5980,232.0828,0.224873,7975.0,,,198.0,198.0,0.0,,,7.6843,3458.0,4120.0,79.0,3057.0,4410.0,75.0,401.0,-290.0,4.0,1.0,0.0,0.0,0.0,2.0,0.0,5252.0,7136.0,138.0,5028.0,7044.0,122.0,224.0,92.0,16.0,1.0,0.0,0.0,1.0,4.0,0.0,7196.0,9486.0,179.0,7596.0,9677.0,158.0,-400.0,-191.0,21.0,1.0,1.0,0.0,2.0,8.0,0.0,9314.0,11322.0,198.0,10032.0,13250.0,167.0,-718.0,-1928.0,31.0,2.0,4.0,2.0,4.0,16.0,1.0
ESPORTSTMNT05_3223281,complete,,EM,2023,Spring,0,2023-04-18 18:02:55,4,13.06,4,Blue,bot,Jeskla,oe:player:71b8101d78beb04a089caa90a8d9310,LDLC OL,oe:team:e31c6dcc465e0b94500ef023f42cdc1,Xayah,Jayce,Gragas,Annie,Tahm Kench,Braum,,,,,,1546,0,7,4,2,10,23,0.0,0.0,0.0,0.0,1.0,1.0,0.0,0.0,0.3881,1.2807,,,,,,,,,,,,,,,,,,,,,0.0,1.0,,,,,,,,0.0,0.0,25287.0,981.3842,0.460576,506.8952,228.8228,15.0,0.5821,3.0,0.1164,6.0,24.0,0.9314,12454,9025,350.2587,0.339387,11450.0,,,221.0,209.0,12.0,,,8.577,4152.0,3215.0,79.0,3515.0,3043.0,73.0,637.0,172.0,6.0,1.0,1.0,0.0,1.0,1.0,1.0,6407.0,5165.0,125.0,6189.0,5629.0,131.0,218.0,-464.0,-6.0,2.0,1.0,1.0,2.0,3.0,1.0,8603.0,7489.0,170.0,8968.0,8014.0,177.0,-365.0,-525.0,-7.0,3.0,1.0,2.0,3.0,6.0,1.0,12359.0,10682.0,221.0,12169.0,10952.0,212.0,190.0,-270.0,9.0,7.0,2.0,3.0,7.0,9.0,2.0
ESPORTSTMNT05_3223281,complete,,EM,2023,Spring,0,2023-04-18 18:02:55,4,13.06,5,Blue,sup,Zoelys,oe:player:fa22d396503a5a737f2f169943d7241,LDLC OL,oe:team:e31c6dcc465e0b94500ef023f42cdc1,Nautilus,Jayce,Gragas,Annie,Tahm Kench,Braum,,,,,,1546,0,0,7,9,10,23,0.0,0.0,0.0,0.0,1.0,0.0,1.0,0.0,0.3881,1.2807,,,,,,,,,,,,,,,,,,,,,0.0,0.0,,,,,,,,0.0,0.0,3931.0,152.5614,0.071599,477.2057,682.1992,31.0,1.2031,16.0,0.621,10.0,67.0,2.6003,5845,2416,93.7646,0.0908419,5150.0,,,43.0,43.0,0.0,,,1.6688,2452.0,2238.0,16.0,2116.0,2142.0,14.0,336.0,96.0,2.0,0.0,3.0,1.0,0.0,2.0,1.0,3576.0,3728.0,29.0,3225.0,3395.0,20.0,351.0,333.0,9.0,0.0,4.0,2.0,0.0,4.0,1.0,4719.0,5071.0,41.0,4814.0,5527.0,26.0,-95.0,-456.0,15.0,0.0,5.0,3.0,0.0,9.0,2.0,5737.0,6597.0,43.0,6620.0,8410.0,30.0,-883.0,-1813.0,13.0,0.0,9.0,7.0,0.0,17.0,3.0
ESPORTSTMNT05_3223281,complete,,EM,2023,Spring,0,2023-04-18 18:02:55,4,13.06,6,Red,top,Destroy,oe:player:21846207612858fb49a468b43e56dd3,İstanbul Wildcats,oe:team:a65adb2808377018a2a7832eb2bd7f4,Gwen,Sejuani,Rakan,Maokai,Sion,Blitzcrank,,,,,,1546,1,5,0,7,23,10,1.0,0.0,0.0,0.0,0.0,0.0,0.0,0.0,0.8926,1.2807,,,,,,,,,,,,,,,,,,,,,0.0,0.0,,,,,,,,1.0,0.0,13467.0,522.652,0.202731,724.6184,642.1087,11.0,0.4269,10.0,0.3881,6.0,45.0,1.7464,11182,7753,300.8926,0.219639,8685.0,,,230.0,210.0,20.0,,,8.9263,3182.0,4844.0,85.0,3431.0,5174.0,97.0,-249.0,-330.0,-12.0,0.0,0.0,0.0,0.0,0.0,0.0,5072.0,8144.0,146.0,5455.0,8357.0,154.0,-383.0,-213.0,-8.0,0.0,0.0,0.0,0.0,0.0,0.0,7276.0,10657.0,183.0,6861.0,10084.0,178.0,415.0,573.0,5.0,1.0,3.0,0.0,0.0,1.0,2.0,10784.0,14226.0,226.0,8457.0,12395.0,202.0,2327.0,1831.0,24.0,5.0,6.0,0.0,0.0,6.0,4.0
ESPORTSTMNT05_3223281,complete,,EM,2023,Spring,0,2023-04-18 18:02:55,4,13.06,7,Red,jng,Elramir,oe:player:de442faff7b7cdc0fba7d6d5caff5e1,İstanbul Wildcats,oe:team:a65adb2808377018a2a7832eb2bd7f4,Wukong,Sejuani,Rakan,Maokai,Sion,Blitzcrank,,,,,,1546,1,6,4,11,23,10,1.0,0.0,0.0,0.0,0.0,0.0,0.0,0.0,0.8926,1.2807,,,,,,,,,,,,,,,,,,,,,0.0,0.0,,,,,,,,0.0,0.0,11072.0,429.7025,0.166677,852.9237,890.414,10.0,0.3881,11.0,0.4269,10.0,50.0,1.9405,11098,7669,297.6326,0.217259,10000.0,,,125.0,36.0,89.0,,,4.8512,3508.0,3070.0,52.0,3121.0,2845.0,53.0,387.0,225.0,-1.0,1.0,1.0,1.0,1.0,1.0,1.0,5553.0,5218.0,82.0,4471.0,4739.0,79.0,1082.0,479.0,3.0,2.0,3.0,2.0,1.0,2.0,2.0,8018.0,7227.0,102.0,5851.0,6807.0,111.0,2167.0,420.0,-9.0,4.0,5.0,2.0,1.0,2.0,3.0,10903.0,10612.0,125.0,7188.0,9010.0,132.0,3715.0,1602.0,-7.0,6.0,11.0,4.0,1.0,5.0,6.0
ESPORTSTMNT05_3223281,complete,,EM,2023,Spring,0,2023-04-18 18:02:55,4,13.06,8,Red,mid,Kofte,oe:player:db0cbdc72184ad44ab905be61fc0756,İstanbul Wildcats,oe:team:a65adb2808377018a2a7832eb2bd7f4,Lissandra,Sejuani,Rakan,Maokai,Sion,Blitzcrank,,,,,,1546,1,5,1,16,23,10,0.0,0.0,0.0,0.0,0.0,0.0,0.0,0.0,0.8926,1.2807,,,,,,,,,,,,,,,,,,,,,0.0,0.0,,,,,,,,0.0,0.0,14510.0,563.1307,0.218432,607.4127,393.881,11.0,0.4269,4.0,0.1552,5.0,25.0,0.9702,10766,7337,284.7477,0.207853,10775.0,,,171.0,171.0,0.0,,,6.6365,3057.0,4410.0,75.0,3458.0,4120.0,79.0,-401.0,290.0,-4.0,0.0,2.0,0.0,1.0,0.0,0.0,5028.0,7044.0,122.0,5252.0,7136.0,138.0,-224.0,-92.0,-16.0,1.0,4.0,0.0,1.0,0.0,0.0,7596.0,9677.0,158.0,7196.0,9486.0,179.0,400.0,191.0,-21.0,2.0,8.0,0.0,1.0,1.0,0.0,10032.0,13250.0,167.0,9314.0,11322.0,198.0,718.0,1928.0,-31.0,4.0,16.0,1.0,2.0,4.0,2.0
ESPORTSTMNT05_3223281,complete,,EM,2023,Spring,0,2023-04-18 18:02:55,4,13.06,9,Red,bot,BAO,oe:player:6c1d0c529e73fe4c8b9a5306867c4bf,İstanbul Wildcats,oe:team:a65adb2808377018a2a7832eb2bd7f4,Jinx,Sejuani,Rakan,Maokai,Sion,Blitzcrank,,,,,,1546,1,7,2,10,23,10,1.0,0.0,0.0,0.0,0.0,0.0,0.0,1.0,0.8926,1.2807,,,,,,,,,,,,,,,,,,,,,1.0,0.0,,,,,,,,0.0,0.0,21926.0,850.9444,0.330072,358.4476,210.2329,13.0,0.5045,10.0,0.3881,4.0,32.0,1.2419,12519,9090,352.7814,0.257518,11900.0,,,219.0,202.0,17.0,,,8.4994,3515.0,3043.0,73.0,4152.0,3215.0,79.0,-637.0,-172.0,-6.0,1.0,1.0,1.0,1.0,1.0,0.0,6189.0,5629.0,131.0,6407.0,5165.0,125.0,-218.0,464.0,6.0,2.0,3.0,1.0,2.0,1.0,1.0,8968.0,8014.0,177.0,8603.0,7489.0,170.0,365.0,525.0,7.0,3.0,6.0,1.0,3.0,1.0,2.0,12169.0,10952.0,212.0,12359.0,10682.0,221.0,-190.0,270.0,-9.0,7.0,9.0,2.0,7.0,2.0,3.0
ESPORTSTMNT05_3223281,complete,,EM,2023,Spring,0,2023-04-18 18:02:55,4,13.06,10,Red,sup,Parus,oe:player:a9cfbc13e22eefdd22af7b346ce2af4,İstanbul Wildcats,oe:team:a65adb2808377018a2a7832eb2bd7f4,Thresh,Sejuani,Rakan,Maokai,Sion,Blitzcrank,,,,,,1546,1,0,3,18,23,10,0.0,0.0,0.0,0.0,0.0,0.0,0.0,0.0,0.8926,1.2807,,,,,,,,,,,,,,,,,,,,,0.0,0.0,,,,,,,,0.0,0.0,5453.0,211.63,0.0820889,491.1772,483.881,25.0,0.9702,5.0,0.194,6.0,57.0,2.2122,6879,3450,133.8939,0.0977301,6150.0,,,30.0,30.0,0.0,,,1.1643,2116.0,2142.0,14.0,2452.0,2238.0,16.0,-336.0,-96.0,-2.0,0.0,2.0,1.0,0.0,3.0,1.0,3225.0,3395.0,20.0,3576.0,3728.0,29.0,-351.0,-333.0,-9.0,0.0,4.0,1.0,0.0,4.0,2.0,4814.0,5527.0,26.0,4719.0,5071.0,41.0,95.0,456.0,-15.0,0.0,9.0,2.0,0.0,5.0,3.0,6620.0,8410.0,30.0,5737.0,6597.0,43.0,883.0,1813.0,-13.0,0.0,17.0,3.0,0.0,9.0,7.0
ESPORTSTMNT05_3223281,complete,,EM,2023,Spring,0,2023-04-18 18:02:55,4,13.06,100,Blue,team,,,LDLC OL,oe:team:e31c6dcc465e0b94500ef023f42cdc1,,Jayce,Gragas,Annie,Tahm Kench,Braum,Xayah,Vi,LeBlanc,Nautilus,K'Sante,1546,0,10,23,26,10,23,0.0,0.0,0.0,0.0,1.0,,,,0.3881,1.2807,1.0,3.0,1.0,3.0,1.0,2.0,0.0,0.0,0.0,1.0,0.0,,0.0,0.0,0.0,0.0,2.0,,,0.0,0.0,1.0,0.0,2.0,9.0,0.0,0.0,5.0,3.0,0.0,1.0,54903.0,2130.7762,,3289.599,3267.8655,75.0,2.9107,32.0,1.2419,33.0,174.0,6.7529,43738,26591,1031.9922,,39625.0,-0.180984,-0.27,,671.0,132.0,,,31.1643,16614.0,17592.0,324.0,15378.0,17509.0,299.0,1236.0,83.0,25.0,3.0,5.0,2.0,2.0,6.0,3.0,25161.0,29125.0,525.0,25067.0,29430.0,501.0,94.0,-305.0,24.0,4.0,7.0,5.0,5.0,14.0,4.0,33230.0,38937.0,679.0,36672.0,41102.0,646.0,-3442.0,-2165.0,33.0,5.0,10.0,10.0,10.0,31.0,5.0,43055.0,50006.0,796.0,50508.0,57450.0,760.0,-7453.0,-7444.0,36.0,10.0,26.0,22.0,22.0,59.0,10.0
ESPORTSTMNT05_3223281,complete,,EM,2023,Spring,0,2023-04-18 18:02:55,4,13.06,200,Red,team,,,İstanbul Wildcats,oe:team:a65adb2808377018a2a7832eb2bd7f4,,Sejuani,Rakan,Maokai,Sion,Blitzcrank,Wukong,Jinx,Lissandra,Thresh,Gwen,1546,1,23,10,62,23,10,3.0,0.0,0.0,0.0,0.0,,,,0.8926,1.2807,0.0,1.0,3.0,1.0,3.0,0.0,0.0,1.0,0.0,0.0,0.0,,0.0,0.0,1.0,2.0,0.0,,,1.0,1.0,0.0,1.0,9.0,2.0,1.0,1.0,3.0,5.0,1.0,0.0,66428.0,2578.0595,,3034.5796,2620.5175,70.0,2.7167,40.0,1.5524,31.0,209.0,8.1113,52444,35297,1369.8706,,47510.0,0.180984,0.27,,649.0,126.0,,,30.0776,15378.0,17509.0,299.0,16614.0,17592.0,324.0,-1236.0,-83.0,-25.0,2.0,6.0,3.0,3.0,5.0,2.0,25067.0,29430.0,501.0,25161.0,29125.0,525.0,-94.0,305.0,-24.0,5.0,14.0,4.0,4.0,7.0,5.0,36672.0,41102.0,646.0,33230.0,38937.0,679.0,3442.0,2165.0,-33.0,10.0,31.0,5.0,5.0,10.0,10.0,50508.0,57450.0,760.0,43055.0,50006.0,796.0,7453.0,7444.0,-36.0,22.0,59.0,10.0,10.0,26.0,22.0
ESPORTSTMNT05_3220596,complete,,EM,2023,Spring,0,2023-04-19 14:56:37,1,13.06,1,Blue,top,Venour,oe:player:df13ba84b4ea6932f7e10b5e51e7cf5,Unicorns of Love Sexy Edition,oe:team:6a060bd74c9041bf0aa89adf9d15d12,Fiora,Gragas,Sejuani,Rakan,Renata Glasc,Thresh,,,,,,1832,1,3,2,5,21,22,0.0,0.0,0.0,0.0,0.0,0.0,0.0,0.0,0.6878,1.4083,,,,,,,,,,,,,,,,,,,,,0.0,0.0,,,,,,,,1.0,0.0,22502.0,736.9651,0.236744,1068.9301,941.9869,11.0,0.3603,3.0,0.0983,2.0,23.0,0.7533,14399,10386,340.1528,0.251051,12550.0,,,261.0,249.0,12.0,,,8.548,3156.0,4259.0,73.0,3196.0,4603.0,62.0,-40.0,-344.0,11.0,0.0,0.0,0.0,1.0,0.0,0.0,4851.0,6731.0,115.0,4896.0,7660.0,112.0,-45.0,-929.0,3.0,0.0,0.0,0.0,1.0,0.0,0.0,7658.0,9329.0,166.0,6554.0,10385.0,154.0,1104.0,-1056.0,12.0,0.0,0.0,0.0,1.0,1.0,1.0,11449.0,13199.0,211.0,8194.0,12917.0,170.0,3255.0,282.0,41.0,2.0,5.0,1.0,1.0,4.0,3.0
ESPORTSTMNT05_3220596,complete,,EM,2023,Spring,0,2023-04-19 14:56:37,1,13.06,2,Blue,jng,Peach,oe:player:53841c6e42a6ce77b6f3b80133c9342,Unicorns of Love Sexy Edition,oe:team:6a060bd74c9041bf0aa89adf9d15d12,Vi,Gragas,Sejuani,Rakan,Renata Glasc,Thresh,,,,,,1832,1,2,7,6,21,22,0.0,0.0,0.0,0.0,0.0,0.0,0.0,0.0,0.6878,1.4083,,,,,,,,,,,,,,,,,,,,,0.0,2.0,,,,,,,,0.0,0.0,5219.0,170.9279,0.0549091,917.4563,1088.1878,5.0,0.1638,3.0,0.0983,5.0,38.0,1.2445,9429,5416,177.3799,0.130917,8825.0,,,153.0,7.0,146.0,,,5.0109,2885.0,2899.0,55.0,3393.0,2989.0,59.0,-508.0,-90.0,-4.0,0.0,0.0,1.0,1.0,2.0,0.0,4300.0,5015.0,84.0,5192.0,5211.0,92.0,-892.0,-196.0,-8.0,0.0,0.0,2.0,2.0,3.0,0.0,6303.0,8032.0,118.0,7518.0,7906.0,120.0,-1215.0,126.0,-2.0,1.0,0.0,3.0,3.0,6.0,0.0,7961.0,11311.0,141.0,10084.0,10394.0,134.0,-2123.0,917.0,7.0,2.0,2.0,5.0,6.0,8.0,2.0
ESPORTSTMNT05_3220596,complete,,EM,2023,Spring,0,2023-04-19 14:56:37,1,13.06,3,Blue,mid,Mask,oe:player:4a18312b5b75f549d5551e5912ad6eb,Unicorns of Love Sexy Edition,oe:team:6a060bd74c9041bf0aa89adf9d15d12,Syndra,Gragas,Sejuani,Rakan,Renata Glasc,Thresh,,,,,,1832,1,1,4,9,21,22,0.0,0.0,0.0,0.0,0.0,0.0,0.0,1.0,0.6878,1.4083,,,,,,,,,,,,,,,,,,,,,0.0,0.0,,,,,,,,0.0,1.0,25890.0,847.9258,0.272389,439.0939,249.1376,12.0,0.393,8.0,0.262,2.0,38.0,1.2445,13172,9159,299.9672,0.221392,11850.0,,,289.0,277.0,12.0,,,9.4651,3439.0,5144.0,96.0,3491.0,4673.0,88.0,-52.0,471.0,8.0,0.0,0.0,1.0,1.0,1.0,0.0,5768.0,8291.0,161.0,5283.0,7393.0,132.0,485.0,898.0,29.0,0.0,0.0,1.0,2.0,2.0,0.0,8117.0,11393.0,222.0,7707.0,10378.0,186.0,410.0,1015.0,36.0,0.0,1.0,2.0,3.0,4.0,0.0,9845.0,13729.0,254.0,10165.0,14799.0,211.0,-320.0,-1070.0,43.0,0.0,2.0,4.0,4.0,8.0,2.0
ESPORTSTMNT05_3220596,complete,,EM,2023,Spring,0,2023-04-19 14:56:37,1,13.06,4,Blue,bot,Fun K3y,oe:player:9ea5afea85321b13df74acb62bfb530,Unicorns of Love Sexy Edition,oe:team:6a060bd74c9041bf0aa89adf9d15d12,Xayah,Gragas,Sejuani,Rakan,Renata Glasc,Thresh,,,,,,1832,1,14,5,4,21,22,3.0,2.0,1.0,0.0,0.0,0.0,0.0,0.0,0.6878,1.4083,,,,,,,,,,,,,,,,,,,,,0.0,0.0,,,,,,,,1.0,0.0,36899.0,1208.4825,0.388214,648.7336,336.321,12.0,0.393,5.0,0.1638,3.0,33.0,1.0808,16857,12844,420.655,0.310465,14725.0,,,283.0,266.0,17.0,,,9.2686,3254.0,3481.0,87.0,4062.0,3830.0,91.0,-808.0,-349.0,-4.0,0.0,0.0,2.0,2.0,2.0,0.0,4905.0,5542.0,134.0,6057.0,6655.0,154.0,-1152.0,-1113.0,-20.0,0.0,0.0,3.0,2.0,4.0,0.0,7630.0,8382.0,184.0,9500.0,9922.0,205.0,-1870.0,-1540.0,-21.0,1.0,1.0,5.0,4.0,6.0,1.0,12458.0,12908.0,240.0,12672.0,12885.0,246.0,-214.0,23.0,-6.0,7.0,3.0,5.0,6.0,10.0,3.0
ESPORTSTMNT05_3220596,complete,,EM,2023,Spring,0,2023-04-19 14:56:37,1,13.06,5,Blue,sup,Lekcyc,oe:player:74f3f60a44ee916ecc257a5381be756,Unicorns of Love Sexy Edition,oe:team:6a060bd74c9041bf0aa89adf9d15d12,Nautilus,Gragas,Sejuani,Rakan,Renata Glasc,Thresh,,,,,,1832,1,1,4,12,21,22,0.0,0.0,0.0,0.0,0.0,0.0,0.0,0.0,0.6878,1.4083,,,,,,,,,,,,,,,,,,,,,0.0,0.0,,,,,,,,0.0,0.0,4538.0,148.6245,0.0477443,574.4541,787.4672,57.0,1.8668,9.0,0.2948,12.0,82.0,2.6856,7578,3565,116.7576,0.0861752,6300.0,,,35.0,35.0,0.0,,,1.1463,2117.0,2063.0,14.0,2461.0,2078.0,16.0,-344.0,-15.0,-2.0,0.0,0.0,1.0,0.0,4.0,0.0,3099.0,3129.0,21.0,3632.0,3272.0,23.0,-533.0,-143.0,-2.0,0.0,0.0,1.0,0.0,6.0,0.0,4328.0,5254.0,25.0,5433.0,4870.0,29.0,-1105.0,384.0,-4.0,0.0,2.0,1.0,0.0,10.0,0.0,6054.0,9616.0,31.0,7210.0,9034.0,36.0,-1156.0,582.0,-5.0,1.0,6.0,2.0,0.0,16.0,2.0
ESPORTSTMNT05_3220596,complete,,EM,2023,Spring,0,2023-04-19 14:56:37,1,13.06,6,Red,top,Marky,oe:player:197e012fb5163375e24dbbfdae34911,Movistar KOI,oe:team:4acc40654379b4da680be1bd3129dfa,Jax,Jayce,Ahri,Annie,Cassiopeia,Olaf,,,,,,1832,0,1,5,6,22,21,0.0,0.0,0.0,0.0,0.0,0.0,0.0,0.0,0.7205,1.4083,,,,,,,,,,,,,,,,,,,,,0.0,0.0,,,,,,,,0.0,1.0,14368.0,470.5677,0.181728,987.4782,712.2052,16.0,0.524,1.0,0.0328,6.0,30.0,0.9825,10324,6311,206.6921,0.159277,10025.0,,,203.0,199.0,4.0,,,6.6485,3196.0,4603.0,62.0,3156.0,4259.0,73.0,40.0,344.0,-11.0,1.0,0.0,0.0,0.0,0.0,0.0,4896.0,7660.0,112.0,4851.0,6731.0,115.0,45.0,929.0,-3.0,1.0,0.0,0.0,0.0,0.0,0.0,6554.0,10385.0,154.0,7658.0,9329.0,166.0,-1104.0,1056.0,-12.0,1.0,1.0,1.0,0.0,0.0,0.0,8194.0,12917.0,170.0,11449.0,13199.0,211.0,-3255.0,-282.0,-41.0,1.0,4.0,3.0,2.0,5.0,1.0
ESPORTSTMNT05_3220596,complete,,EM,2023,Spring,0,2023-04-19 14:56:37,1,13.06,7,Red,jng,ISMA,oe:player:5450c7731de19c131ce20ea74933cc2,Movistar KOI,oe:team:4acc40654379b4da680be1bd3129dfa,Wukong,Jayce,Ahri,Annie,Cassiopeia,Olaf,,,,,,1832,0,6,5,11,22,21,0.0,0.0,0.0,0.0,1.0,0.0,1.0,0.0,0.7205,1.4083,,,,,,,,,,,,,,,,,,,,,2.0,0.0,,,,,,,,0.0,0.0,18871.0,618.0459,0.238683,1123.9192,1095.7533,5.0,0.1638,10.0,0.3275,3.0,35.0,1.1463,11588,7575,248.0895,0.191177,9925.0,,,143.0,19.0,124.0,,,4.6834,3393.0,2989.0,59.0,2885.0,2899.0,55.0,508.0,90.0,4.0,1.0,2.0,0.0,0.0,0.0,1.0,5192.0,5211.0,92.0,4300.0,5015.0,84.0,892.0,196.0,8.0,2.0,3.0,0.0,0.0,0.0,2.0,7518.0,7906.0,120.0,6303.0,8032.0,118.0,1215.0,-126.0,2.0,3.0,6.0,0.0,1.0,0.0,3.0,10084.0,10394.0,134.0,7961.0,11311.0,141.0,2123.0,-917.0,-7.0,6.0,8.0,2.0,2.0,2.0,5.0
ESPORTSTMNT05_3220596,complete,,EM,2023,Spring,0,2023-04-19 14:56:37,1,13.06,8,Red,mid,Fresskowy,oe:player:cda093b28f577696b82604fb20037ad,Movistar KOI,oe:team:4acc40654379b4da680be1bd3129dfa,Galio,Jayce,Ahri,Annie,Cassiopeia,Olaf,,,,,,1832,0,7,3,9,22,21,1.0,0.0,0.0,0.0,0.0,0.0,0.0,0.0,0.7205,1.4083,,,,,,,,,,,,,,,,,,,,,0.0,0.0,,,,,,,,1.0,0.0,15076.0,493.7555,0.190683,718.7555,1065.393,10.0,0.3275,0.0,0.0,2.0,21.0,0.6878,13506,9493,310.9061,0.239582,11050.0,,,252.0,252.0,0.0,,,8.2533,3491.0,4673.0,88.0,3439.0,5144.0,96.0,52.0,-471.0,-8.0,1.0,1.0,0.0,0.0,0.0,1.0,5283.0,7393.0,132.0,5768.0,8291.0,161.0,-485.0,-898.0,-29.0,2.0,2.0,0.0,0.0,0.0,1.0,7707.0,10378.0,186.0,8117.0,11393.0,222.0,-410.0,-1015.0,-36.0,3.0,4.0,0.0,0.0,1.0,2.0,10165.0,14799.0,211.0,9845.0,13729.0,254.0,320.0,1070.0,-43.0,4.0,8.0,2.0,0.0,2.0,4.0
ESPORTSTMNT05_3220596,complete,,EM,2023,Spring,0,2023-04-19 14:56:37,1,13.06,9,Red,bot,Supa,oe:player:1223a0ed2bfab9b714c72d965df8133,Movistar KOI,oe:team:4acc40654379b4da680be1bd3129dfa,Zeri,Jayce,Ahri,Annie,Cassiopeia,Olaf,,,,,,1832,0,7,5,12,22,21,1.0,0.0,0.0,0.0,1.0,1.0,0.0,0.0,0.7205,1.4083,,,,,,,,,,,,,,,,,,,,,0.0,0.0,,,,,,,,0.0,1.0,23382.0,765.786,0.295739,640.9061,669.4323,9.0,0.2948,18.0,0.5895,4.0,66.0,2.1616,15374,11361,372.0852,0.286726,14500.0,,,292.0,268.0,24.0,,,9.5633,4062.0,3830.0,91.0,3254.0,3481.0,87.0,808.0,349.0,4.0,2.0,2.0,0.0,0.0,0.0,2.0,6057.0,6655.0,154.0,4905.0,5542.0,134.0,1152.0,1113.0,20.0,2.0,4.0,0.0,0.0,0.0,3.0,9500.0,9922.0,205.0,7630.0,8382.0,184.0,1870.0,1540.0,21.0,4.0,6.0,1.0,1.0,1.0,5.0,12672.0,12885.0,246.0,12458.0,12908.0,240.0,214.0,-23.0,6.0,6.0,10.0,3.0,7.0,3.0,5.0
ESPORTSTMNT05_3220596,complete,,EM,2023,Spring,0,2023-04-19 14:56:37,1,13.06,10,Red,sup,Alvaro,oe:player:f5bf9bd732b85e4dcab5121e4769ae4,Movistar KOI,oe:team:4acc40654379b4da680be1bd3129dfa,Braum,Jayce,Ahri,Annie,Cassiopeia,Olaf,,,,,,1832,0,1,3,18,22,21,0.0,0.0,0.0,0.0,1.0,0.0,1.0,0.0,0.7205,1.4083,,,,,,,,,,,,,,,,,,,,,0.0,0.0,,,,,,,,0.0,0.0,7366.0,241.2445,0.0931662,772.631,764.1157,35.0,1.1463,8.0,0.262,11.0,81.0,2.6528,8896,4883,159.9236,0.123238,8730.0,,,37.0,37.0,0.0,,,1.2118,2461.0,2078.0,16.0,2117.0,2063.0,14.0,344.0,15.0,2.0,0.0,4.0,0.0,0.0,0.0,1.0,3632.0,3272.0,23.0,3099.0,3129.0,21.0,533.0,143.0,2.0,0.0,6.0,0.0,0.0,0.0,1.0,5433.0,4870.0,29.0,4328.0,5254.0,25.0,1105.0,-384.0,4.0,0.0,10.0,0.0,0.0,2.0,1.0,7210.0,9034.0,36.0,6054.0,9616.0,31.0,1156.0,-582.0,5.0,0.0,16.0,2.0,1.0,6.0,2.0
ESPORTSTMNT05_3220596,complete,,EM,2023,Spring,0,2023-04-19 14:56:37,1,13.06,100,Blue,team,,,Unicorns of Love Sexy Edition,oe:team:6a060bd74c9041bf0aa89adf9d15d12,,Gragas,Sejuani,Rakan,Renata Glasc,Thresh,Xayah,Vi,Nautilus,Syndra,Fiora,1832,1,21,22,36,21,22,3.0,2.0,1.0,0.0,0.0,,,,0.6878,1.4083,0.0,3.0,1.0,3.0,1.0,2.0,0.0,0.0,1.0,0.0,0.0,,0.0,0.0,0.0,0.0,2.0,,,0.0,0.0,2.0,0.0,10.0,9.0,0.0,0.0,4.0,2.0,2.0,1.0,95048.0,3112.9258,,3648.6681,3403.1004,97.0,3.1769,28.0,0.917,24.0,214.0,7.0087,61435,41371,1354.9454,,54250.0,0.000368732,-1.59,,834.0,187.0,,,33.4389,14851.0,17846.0,325.0,16603.0,18173.0,316.0,-1752.0,-327.0,9.0,0.0,0.0,5.0,5.0,9.0,0.0,22923.0,28708.0,515.0,25060.0,30191.0,513.0,-2137.0,-1483.0,2.0,0.0,0.0,7.0,7.0,15.0,0.0,34036.0,42390.0,715.0,36712.0,43461.0,694.0,-2676.0,-1071.0,21.0,2.0,4.0,11.0,11.0,27.0,2.0,47767.0,60763.0,877.0,48325.0,60029.0,797.0,-558.0,734.0,80.0,12.0,18.0,17.0,17.0,46.0,12.0
ESPORTSTMNT05_3220596,complete,,EM,2023,Spring,0,2023-04-19 14:56:37,1,13.06,200,Red,team,,,Movistar KOI,oe:team:4acc40654379b4da680be1bd3129dfa,,Jayce,Ahri,Annie,Cassiopeia,Olaf,Wukong,Zeri,Galio,Braum,Jax,1832,0,22,21,56,22,21,2.0,0.0,0.0,0.0,1.0,,,,0.7205,1.4083,1.0,1.0,3.0,1.0,3.0,0.0,0.0,0.0,0.0,1.0,0.0,,0.0,0.0,1.0,2.0,0.0,,,1.0,2.0,0.0,1.0,9.0,10.0,1.0,1.0,2.0,4.0,1.0,2.0,79063.0,2589.3996,,4243.69,4306.8996,75.0,2.4563,37.0,1.2118,26.0,233.0,7.631,59688,39624,1297.7293,,54230.0,-0.000368732,1.59,,775.0,152.0,,,30.3603,16603.0,18173.0,316.0,14851.0,17846.0,325.0,1752.0,327.0,-9.0,5.0,9.0,0.0,0.0,0.0,5.0,25060.0,30191.0,513.0,22923.0,28708.0,515.0,2137.0,1483.0,-2.0,7.0,15.0,0.0,0.0,0.0,7.0,36712.0,43461.0,694.0,34036.0,42390.0,715.0,2676.0,1071.0,-21.0,11.0,27.0,2.0,2.0,4.0,11.0,48325.0,60029.0,797.0,47767.0,60763.0,877.0,558.0,-734.0,-80.0,17.0,46.0,12.0,12.0,18.0,17.0
ESPORTSTMNT05_3220600,complete,,EM,2023,Spring,0,2023-04-19 15:53:53,2,13.06,1,Blue,top,Venour,oe:player:df13ba84b4ea6932f7e10b5e51e7cf5,Unicorns of Love Sexy Edition,oe:team:6a060bd74c9041bf0aa89adf9d15d12,Olaf,Sejuani,Gragas,Rakan,Annie,Kennen,,,,,,1710,1,4,0,6,20,7,0.0,0.0,0.0,0.0,0.0,0.0,0.0,0.0,0.7018,0.9474,,,,,,,,,,,,,,,,,,,,,0.0,0.0,,,,,,,,0.0,0.0,11240.0,394.386,0.176118,594.807,896.8421,7.0,0.2456,3.0,0.1053,1.0,20.0,0.7018,14352,10588,371.5088,0.245507,12625.0,,,290.0,242.0,48.0,,,10.1754,3485.0,4702.0,80.0,2892.0,4176.0,68.0,593.0,526.0,12.0,1.0,0.0,0.0,0.0,0.0,1.0,7147.0,7964.0,147.0,4609.0,6055.0,102.0,2538.0,1909.0,45.0,2.0,0.0,0.0,1.0,0.0,2.0,9636.0,11312.0,209.0,6708.0,8517.0,148.0,2928.0,2795.0,61.0,3.0,1.0,0.0,1.0,0.0,2.0,12298.0,14887.0,247.0,7639.0,9488.0,161.0,4659.0,5399.0,86.0,3.0,5.0,0.0,1.0,0.0,4.0
ESPORTSTMNT05_3220600,complete,,EM,2023,Spring,0,2023-04-19 15:53:53,2,13.06,2,Blue,jng,Peach,oe:player:53841c6e42a6ce77b6f3b80133c9342,Unicorns of Love Sexy Edition,oe:team:6a060bd74c9041bf0aa89adf9d15d12,Maokai,Sejuani,Gragas,Rakan,Annie,Kennen,,,,,,1710,1,4,3,13,20,7,0.0,0.0,0.0,0.0,1.0,1.0,0.0,0.0,0.7018,0.9474,,,,,,,,,,,,,,,,,,,,,1.0,0.0,,,,,,,,0.0,0.0,13348.0,468.3509,0.209147,1033.5088,1230.2807,7.0,0.2456,8.0,0.2807,6.0,45.0,1.5789,10969,7205,252.807,0.167065,9750.0,,,142.0,14.0,128.0,,,4.9825,4288.0,3267.0,56.0,2800.0,2926.0,49.0,1488.0,341.0,7.0,3.0,2.0,1.0,0.0,1.0,2.0,6236.0,4721.0,77.0,4091.0,4820.0,75.0,2145.0,-99.0,2.0,4.0,3.0,2.0,0.0,1.0,3.0,7722.0,6677.0,103.0,6317.0,6593.0,95.0,1405.0,84.0,8.0,4.0,5.0,3.0,1.0,2.0,4.0,9527.0,9558.0,126.0,7584.0,8628.0,122.0,1943.0,930.0,4.0,4.0,8.0,3.0,1.0,2.0,5.0
ESPORTSTMNT05_3220600,complete,,EM,2023,Spring,0,2023-04-19 15:53:53,2,13.06,3,Blue,mid,Mask,oe:player:4a18312b5b75f549d5551e5912ad6eb,Unicorns of Love Sexy Edition,oe:team:6a060bd74c9041bf0aa89adf9d15d12,Jayce,Sejuani,Gragas,Rakan,Annie,Kennen,,,,,,1710,1,6,1,10,20,7,1.0,0.0,0.0,0.0,1.0,0.0,1.0,0.0,0.7018,0.9474,,,,,,,,,,,,,,,,,,,,,0.0,0.0,,,,,,,,1.0,0.0,22805.0,800.1754,0.357328,388.1754,385.5789,13.0,0.4561,11.0,0.386,3.0,54.0,1.8947,15874,12110,424.9123,0.280799,12675.0,,,298.0,278.0,20.0,,,10.4561,4836.0,4455.0,93.0,3469.0,3789.0,70.0,1367.0,666.0,23.0,3.0,1.0,0.0,2.0,1.0,3.0,7465.0,7272.0,155.0,5173.0,6692.0,125.0,2292.0,580.0,30.0,3.0,2.0,0.0,2.0,2.0,3.0,9772.0,10095.0,209.0,7279.0,9561.0,175.0,2493.0,534.0,34.0,3.0,4.0,1.0,2.0,4.0,3.0,12482.0,13741.0,254.0,8907.0,11767.0,213.0,3575.0,1974.0,41.0,4.0,7.0,1.0,2.0,5.0,3.0
ESPORTSTMNT05_3220600,complete,,EM,2023,Spring,0,2023-04-19 15:53:53,2,13.06,4,Blue,bot,Fun K3y,oe:player:9ea5afea85321b13df74acb62bfb530,Unicorns of Love Sexy Edition,oe:team:6a060bd74c9041bf0aa89adf9d15d12,Varus,Sejuani,Gragas,Rakan,Annie,Kennen,,,,,,1710,1,4,1,5,20,7,1.0,0.0,0.0,0.0,0.0,0.0,0.0,0.0,0.7018,0.9474,,,,,,,,,,,,,,,,,,,,,0.0,0.0,,,,,,,,0.0,0.0,12250.0,429.8246,0.191943,386.9825,240.4561,12.0,0.4211,10.0,0.3509,3.0,34.0,1.193,12802,9038,317.1228,0.209567,11075.0,,,285.0,273.0,12.0,,,10.0,3232.0,3897.0,84.0,4191.0,4232.0,93.0,-959.0,-335.0,-9.0,0.0,0.0,1.0,1.0,1.0,1.0,5137.0,6443.0,138.0,6542.0,6694.0,148.0,-1405.0,-251.0,-10.0,0.0,0.0,1.0,1.0,2.0,1.0,7445.0,8530.0,188.0,8813.0,8921.0,200.0,-1368.0,-391.0,-12.0,1.0,1.0,1.0,2.0,2.0,1.0,10593.0,11934.0,250.0,10966.0,10932.0,253.0,-373.0,1002.0,-3.0,2.0,4.0,1.0,3.0,2.0,1.0
ESPORTSTMNT05_3220600,complete,,EM,2023,Spring,0,2023-04-19 15:53:53,2,13.06,5,Blue,sup,Lekcyc,oe:player:74f3f60a44ee916ecc257a5381be756,Unicorns of Love Sexy Edition,oe:team:6a060bd74c9041bf0aa89adf9d15d12,Leona,Sejuani,Gragas,Rakan,Annie,Kennen,,,,,,1710,1,2,2,14,20,7,0.0,0.0,0.0,0.0,0.0,0.0,0.0,0.0,0.7018,0.9474,,,,,,,,,,,,,,,,,,,,,0.0,0.0,,,,,,,,0.0,0.0,4178.0,146.5965,0.0654643,526.4211,526.8421,45.0,1.5789,9.0,0.3158,8.0,85.0,2.9825,7950,4186,146.8772,0.0970622,6850.0,,,33.0,33.0,0.0,,,1.1579,2644.0,2334.0,13.0,2444.0,2230.0,23.0,200.0,104.0,-10.0,0.0,5.0,1.0,0.0,3.0,1.0,3743.0,3279.0,21.0,3479.0,3484.0,30.0,264.0,-205.0,-9.0,0.0,6.0,1.0,0.0,4.0,1.0,4963.0,4784.0,29.0,4874.0,5038.0,37.0,89.0,-254.0,-8.0,0.0,8.0,1.0,0.0,6.0,2.0,6850.0,7110.0,31.0,5696.0,6040.0,38.0,1154.0,1070.0,-7.0,2.0,10.0,2.0,0.0,6.0,3.0
ESPORTSTMNT05_3220600,complete,,EM,2023,Spring,0,2023-04-19 15:53:53,2,13.06,6,Red,top,Marky,oe:player:197e012fb5163375e24dbbfdae34911,Movistar KOI,oe:team:4acc40654379b4da680be1bd3129dfa,Jax,Fiora,Vi,Xayah,Braum,Rumble,,,,,,1710,0,1,5,0,7,21,0.0,0.0,0.0,0.0,0.0,0.0,0.0,0.0,0.2456,0.9474,,,,,,,,,,,,,,,,,,,,,0.0,0.0,,,,,,,,0.0,0.0,6730.0,236.1404,0.1297,565.7544,450.1754,15.0,0.5263,4.0,0.1404,6.0,38.0,1.3333,8961,5197,182.3509,0.192846,9075.0,,,189.0,189.0,0.0,,,6.6316,2892.0,4176.0,68.0,3485.0,4702.0,80.0,-593.0,-526.0,-12.0,0.0,0.0,1.0,1.0,0.0,0.0,4609.0,6055.0,102.0,7147.0,7964.0,147.0,-2538.0,-1909.0,-45.0,1.0,0.0,2.0,2.0,0.0,0.0,6708.0,8517.0,148.0,9636.0,11312.0,209.0,-2928.0,-2795.0,-61.0,1.0,0.0,2.0,3.0,1.0,0.0,7639.0,9488.0,161.0,12298.0,14887.0,247.0,-4659.0,-5399.0,-86.0,1.0,0.0,4.0,3.0,5.0,0.0
ESPORTSTMNT05_3220600,complete,,EM,2023,Spring,0,2023-04-19 15:53:53,2,13.06,7,Red,jng,ISMA,oe:player:5450c7731de19c131ce20ea74933cc2,Movistar KOI,oe:team:4acc40654379b4da680be1bd3129dfa,Xin Zhao,Fiora,Vi,Xayah,Braum,Rumble,,,,,,1710,0,1,6,2,7,21,0.0,0.0,0.0,0.0,0.0,0.0,0.0,0.0,0.2456,0.9474,,,,,,,,,,,,,,,,,,,,,0.0,1.0,,,,,,,,0.0,0.0,5975.0,209.6491,0.11515,920.9825,578.4561,3.0,0.1053,4.0,0.1404,3.0,21.0,0.7368,8019,4255,149.2982,0.157891,7575.0,,,122.0,13.0,109.0,,,4.2807,2800.0,2926.0,49.0,4288.0,3267.0,56.0,-1488.0,-341.0,-7.0,0.0,1.0,2.0,3.0,2.0,1.0,4091.0,4820.0,75.0,6236.0,4721.0,77.0,-2145.0,99.0,-2.0,0.0,1.0,3.0,4.0,3.0,2.0,6317.0,6593.0,95.0,7722.0,6677.0,103.0,-1405.0,-84.0,-8.0,1.0,2.0,4.0,4.0,5.0,3.0,7584.0,8628.0,122.0,9527.0,9558.0,126.0,-1943.0,-930.0,-4.0,1.0,2.0,5.0,4.0,8.0,3.0
ESPORTSTMNT05_3220600,complete,,EM,2023,Spring,0,2023-04-19 15:53:53,2,13.06,8,Red,mid,Fresskowy,oe:player:cda093b28f577696b82604fb20037ad,Movistar KOI,oe:team:4acc40654379b4da680be1bd3129dfa,Ahri,Fiora,Vi,Xayah,Braum,Rumble,,,,,,1710,0,2,4,5,7,21,0.0,0.0,0.0,0.0,0.0,0.0,0.0,1.0,0.2456,0.9474,,,,,,,,,,,,,,,,,,,,,0.0,0.0,,,,,,,,0.0,1.0,13783.0,483.614,0.265625,488.3509,218.9474,6.0,0.2105,5.0,0.1754,4.0,24.0,0.8421,9958,6194,217.3333,0.229842,9510.0,,,242.0,242.0,0.0,,,8.4912,3469.0,3789.0,70.0,4836.0,4455.0,93.0,-1367.0,-666.0,-23.0,2.0,1.0,3.0,3.0,1.0,0.0,5173.0,6692.0,125.0,7465.0,7272.0,155.0,-2292.0,-580.0,-30.0,2.0,2.0,3.0,3.0,2.0,0.0,7279.0,9561.0,175.0,9772.0,10095.0,209.0,-2493.0,-534.0,-34.0,2.0,4.0,3.0,3.0,4.0,1.0,8907.0,11767.0,213.0,12482.0,13741.0,254.0,-3575.0,-1974.0,-41.0,2.0,5.0,3.0,4.0,7.0,1.0
ESPORTSTMNT05_3220600,complete,,EM,2023,Spring,0,2023-04-19 15:53:53,2,13.06,9,Red,bot,Supa,oe:player:1223a0ed2bfab9b714c72d965df8133,Movistar KOI,oe:team:4acc40654379b4da680be1bd3129dfa,Zeri,Fiora,Vi,Xayah,Braum,Rumble,,,,,,1710,0,3,2,2,7,21,0.0,0.0,0.0,0.0,0.0,0.0,0.0,0.0,0.2456,0.9474,,,,,,,,,,,,,,,,,,,,,0.0,0.0,,,,,,,,0.0,0.0,20168.0,707.6491,0.388676,485.5789,428.8772,8.0,0.2807,17.0,0.5965,3.0,45.0,1.5789,12489,8725,306.1404,0.32376,12325.0,,,294.0,281.0,13.0,,,10.3158,4191.0,4232.0,93.0,3232.0,3897.0,84.0,959.0,335.0,9.0,1.0,1.0,1.0,0.0,0.0,1.0,6542.0,6694.0,148.0,5137.0,6443.0,138.0,1405.0,251.0,10.0,1.0,2.0,1.0,0.0,0.0,1.0,8813.0,8921.0,200.0,7445.0,8530.0,188.0,1368.0,391.0,12.0,2.0,2.0,1.0,1.0,1.0,1.0,10966.0,10932.0,253.0,10593.0,11934.0,250.0,373.0,-1002.0,3.0,3.0,2.0,1.0,2.0,4.0,1.0
ESPORTSTMNT05_3220600,complete,,EM,2023,Spring,0,2023-04-19 15:53:53,2,13.06,10,Red,sup,Alvaro,oe:player:f5bf9bd732b85e4dcab5121e4769ae4,Movistar KOI,oe:team:4acc40654379b4da680be1bd3129dfa,Nautilus,Fiora,Vi,Xayah,Braum,Rumble,,,,,,1710,0,0,4,6,7,21,0.0,0.0,0.0,0.0,0.0,0.0,0.0,0.0,0.2456,0.9474,,,,,,,,,,,,,,,,,,,,,0.0,0.0,,,,,,,,0.0,0.0,5233.0,183.614,0.10085,523.9649,756.386,44.0,1.5439,8.0,0.2807,13.0,70.0,2.4561,6342,2578,90.4561,0.0956622,6275.0,,,42.0,42.0,0.0,,,1.4737,2444.0,2230.0,23.0,2644.0,2334.0,13.0,-200.0,-104.0,10.0,0.0,3.0,1.0,0.0,5.0,1.0,3479.0,3484.0,30.0,3743.0,3279.0,21.0,-264.0,205.0,9.0,0.0,4.0,1.0,0.0,6.0,1.0,4874.0,5038.0,37.0,4963.0,4784.0,29.0,-89.0,254.0,8.0,0.0,6.0,2.0,0.0,8.0,1.0,5696.0,6040.0,38.0,6850.0,7110.0,31.0,-1154.0,-1070.0,7.0,0.0,6.0,3.0,2.0,10.0,2.0
ESPORTSTMNT05_3220600,complete,,EM,2023,Spring,0,2023-04-19 15:53:53,2,13.06,100,Blue,team,,,Unicorns of Love Sexy Edition,oe:team:6a060bd74c9041bf0aa89adf9d15d12,,Sejuani,Gragas,Rakan,Annie,Kennen,Maokai,Jayce,Varus,Leona,Olaf,1710,1,20,7,48,20,7,2.0,0.0,0.0,0.0,1.0,,,,0.7018,0.9474,1.0,4.0,0.0,4.0,0.0,0.0,0.0,0.0,1.0,2.0,1.0,,0.0,0.0,1.0,1.0,1.0,,,1.0,1.0,0.0,1.0,9.0,1.0,1.0,1.0,9.0,2.0,1.0,0.0,63821.0,2239.3333,,2929.8947,3280.0,84.0,2.9474,41.0,1.4386,21.0,238.0,8.3509,61947,43127,1513.2281,,52975.0,0.168108,4.17,,840.0,208.0,,,36.7719,18485.0,18655.0,326.0,15796.0,17353.0,303.0,2689.0,1302.0,23.0,7.0,8.0,3.0,3.0,6.0,8.0,29728.0,29679.0,538.0,23894.0,27745.0,480.0,5834.0,1934.0,58.0,9.0,11.0,4.0,4.0,9.0,10.0,39538.0,41398.0,738.0,33991.0,38630.0,655.0,5547.0,2768.0,83.0,11.0,19.0,6.0,6.0,14.0,12.0,51750.0,57230.0,908.0,40792.0,46855.0,787.0,10958.0,10375.0,121.0,15.0,34.0,7.0,7.0,15.0,16.0
ESPORTSTMNT05_3220600,complete,,EM,2023,Spring,0,2023-04-19 15:53:53,2,13.06,200,Red,team,,,Movistar KOI,oe:team:4acc40654379b4da680be1bd3129dfa,,Fiora,Vi,Xayah,Braum,Rumble,Zeri,Xin Zhao,Nautilus,Ahri,Jax,1710,0,7,21,15,7,21,0.0,0.0,0.0,0.0,0.0,,,,0.2456,0.9474,0.0,0.0,4.0,0.0,4.0,0.0,0.0,0.0,0.0,0.0,0.0,,0.0,0.0,0.0,1.0,1.0,,,0.0,0.0,1.0,0.0,1.0,9.0,0.0,0.0,2.0,9.0,0.0,1.0,51889.0,1820.6667,,2984.6316,2432.8421,76.0,2.6667,38.0,1.3333,29.0,198.0,6.9474,45769,26949,945.5789,,44760.0,-0.168108,-4.17,,767.0,122.0,,,31.193,15796.0,17353.0,303.0,18485.0,18655.0,326.0,-2689.0,-1302.0,-23.0,3.0,6.0,8.0,7.0,8.0,3.0,23894.0,27745.0,480.0,29728.0,29679.0,538.0,-5834.0,-1934.0,-58.0,4.0,9.0,10.0,9.0,11.0,4.0,33991.0,38630.0,655.0,39538.0,41398.0,738.0,-5547.0,-2768.0,-83.0,6.0,14.0,12.0,11.0,19.0,6.0,40792.0,46855.0,787.0,51750.0,57230.0,908.0,-10958.0,-10375.0,-121.0,7.0,15.0,16.0,15.0,34.0,7.0
ESPORTSTMNT05_3220601,complete,,EM,2023,Spring,0,2023-04-19 16:45:18,3,13.06,1,Blue,top,Marky,oe:player:197e012fb5163375e24dbbfdae34911,Movistar KOI,oe:team:4acc40654379b4da680be1bd3129dfa,Kennen,Jayce,Fiora,Olaf,Cassiopeia,Camille,,,,,,1512,1,4,2,5,23,6,1.0,0.0,0.0,0.0,0.0,0.0,0.0,0.0,0.9127,1.1508,,,,,,,,,,,,,,,,,,,,,0.0,0.0,,,,,,,,0.0,0.0,11256.0,446.6667,0.195845,407.0238,317.8175,10.0,0.3968,1.0,0.0397,4.0,21.0,0.8333,9977,6617,262.5794,0.186389,8900.0,,,201.0,193.0,8.0,,,7.9762,3251.0,4805.0,86.0,3304.0,4673.0,90.0,-53.0,132.0,-4.0,0.0,0.0,0.0,0.0,0.0,0.0,4948.0,6948.0,120.0,5334.0,7651.0,138.0,-386.0,-703.0,-18.0,1.0,0.0,1.0,1.0,0.0,1.0,6964.0,9441.0,156.0,7625.0,10394.0,197.0,-661.0,-953.0,-41.0,2.0,4.0,2.0,1.0,0.0,3.0,9904.0,12528.0,201.0,9082.0,12588.0,237.0,822.0,-60.0,-36.0,4.0,5.0,2.0,1.0,0.0,5.0
ESPORTSTMNT05_3220601,complete,,EM,2023,Spring,0,2023-04-19 16:45:18,3,13.06,2,Blue,jng,ISMA,oe:player:5450c7731de19c131ce20ea74933cc2,Movistar KOI,oe:team:4acc40654379b4da680be1bd3129dfa,Wukong,Jayce,Fiora,Olaf,Cassiopeia,Camille,,,,,,1512,1,4,0,11,23,6,0.0,0.0,0.0,0.0,1.0,0.0,1.0,0.0,0.9127,1.1508,,,,,,,,,,,,,,,,,,,,,1.0,0.0,,,,,,,,0.0,0.0,11303.0,448.5317,0.196663,963.373,743.4524,4.0,0.1587,3.0,0.119,2.0,16.0,0.6349,10240,6880,273.0159,0.193797,7850.0,,,131.0,17.0,114.0,,,5.1984,3866.0,3879.0,67.0,3169.0,3460.0,68.0,697.0,419.0,-1.0,1.0,3.0,0.0,0.0,1.0,1.0,5808.0,5884.0,92.0,4665.0,5499.0,104.0,1143.0,385.0,-12.0,1.0,4.0,0.0,0.0,1.0,2.0,7895.0,8411.0,113.0,6255.0,7962.0,131.0,1640.0,449.0,-18.0,3.0,7.0,0.0,0.0,3.0,3.0,10146.0,11520.0,131.0,7129.0,8994.0,137.0,3017.0,2526.0,-6.0,4.0,11.0,0.0,0.0,3.0,5.0
ESPORTSTMNT05_3220601,complete,,EM,2023,Spring,0,2023-04-19 16:45:18,3,13.06,3,Blue,mid,Fresskowy,oe:player:cda093b28f577696b82604fb20037ad,Movistar KOI,oe:team:4acc40654379b4da680be1bd3129dfa,Galio,Jayce,Fiora,Olaf,Cassiopeia,Camille,,,,,,1512,1,2,1,9,23,6,0.0,0.0,0.0,0.0,1.0,1.0,0.0,0.0,0.9127,1.1508,,,,,,,,,,,,,,,,,,,,,0.0,0.0,,,,,,,,1.0,0.0,6792.0,269.5238,0.118175,558.2143,521.3492,13.0,0.5159,1.0,0.0397,5.0,21.0,0.8333,9517,6157,244.3254,0.173431,6575.0,,,189.0,189.0,0.0,,,7.5,3625.0,4742.0,88.0,3612.0,5104.0,100.0,13.0,-362.0,-12.0,1.0,1.0,0.0,0.0,1.0,0.0,5359.0,7205.0,135.0,5892.0,8118.0,159.0,-533.0,-913.0,-24.0,1.0,2.0,0.0,0.0,1.0,0.0,7126.0,9248.0,159.0,9948.0,11656.0,216.0,-2822.0,-2408.0,-57.0,2.0,4.0,1.0,3.0,1.0,0.0,9393.0,13914.0,189.0,11863.0,13295.0,249.0,-2470.0,619.0,-60.0,2.0,9.0,1.0,3.0,1.0,1.0
ESPORTSTMNT05_3220601,complete,,EM,2023,Spring,0,2023-04-19 16:45:18,3,13.06,4,Blue,bot,Supa,oe:player:1223a0ed2bfab9b714c72d965df8133,Movistar KOI,oe:team:4acc40654379b4da680be1bd3129dfa,Zeri,Jayce,Fiora,Olaf,Cassiopeia,Camille,,,,,,1512,1,10,1,8,23,6,1.0,0.0,0.0,0.0,1.0,0.0,1.0,0.0,0.9127,1.1508,,,,,,,,,,,,,,,,,,,,,0.0,0.0,,,,,,,,0.0,0.0,22163.0,879.4841,0.385618,369.4444,415.9524,7.0,0.2778,6.0,0.2381,1.0,25.0,0.9921,14653,11293,448.1349,0.318105,12025.0,,,238.0,222.0,16.0,,,9.4444,4456.0,3703.0,85.0,3330.0,2882.0,87.0,1126.0,821.0,-2.0,4.0,1.0,0.0,0.0,1.0,3.0,8618.0,6497.0,138.0,5865.0,5248.0,139.0,2753.0,1249.0,-1.0,5.0,2.0,0.0,0.0,1.0,3.0,10817.0,8916.0,187.0,7997.0,7751.0,180.0,2820.0,1165.0,7.0,6.0,4.0,1.0,0.0,5.0,4.0,14575.0,13285.0,238.0,9780.0,9960.0,231.0,4795.0,3325.0,7.0,10.0,8.0,1.0,0.0,5.0,6.0
ESPORTSTMNT05_3220601,complete,,EM,2023,Spring,0,2023-04-19 16:45:18,3,13.06,5,Blue,sup,Alvaro,oe:player:f5bf9bd732b85e4dcab5121e4769ae4,Movistar KOI,oe:team:4acc40654379b4da680be1bd3129dfa,Rell,Jayce,Fiora,Olaf,Cassiopeia,Camille,,,,,,1512,1,3,2,16,23,6,0.0,0.0,0.0,0.0,1.0,0.0,1.0,0.0,0.9127,1.1508,,,,,,,,,,,,,,,,,,,,,0.0,0.0,,,,,,,,0.0,0.0,5960.0,236.5079,0.103699,409.3254,651.4683,42.0,1.6667,6.0,0.2381,12.0,79.0,3.1349,7914,4554,180.7143,0.128277,6350.0,,,30.0,30.0,0.0,,,1.1905,2991.0,2883.0,18.0,2414.0,2892.0,19.0,577.0,-9.0,-1.0,1.0,5.0,1.0,1.0,0.0,3.0,4147.0,3853.0,23.0,3295.0,3719.0,24.0,852.0,134.0,-1.0,1.0,7.0,1.0,1.0,0.0,3.0,5927.0,5687.0,30.0,4764.0,4974.0,29.0,1163.0,713.0,1.0,2.0,11.0,2.0,2.0,2.0,5.0,7832.0,9081.0,30.0,5577.0,5376.0,30.0,2255.0,3705.0,0.0,3.0,16.0,2.0,2.0,2.0,6.0
ESPORTSTMNT05_3220601,complete,,EM,2023,Spring,0,2023-04-19 16:45:18,3,13.06,6,Red,top,Venour,oe:player:df13ba84b4ea6932f7e10b5e51e7cf5,Unicorns of Love Sexy Edition,oe:team:6a060bd74c9041bf0aa89adf9d15d12,Irelia,Rakan,Sejuani,Xayah,Renata Glasc,Braum,,,,,,1512,0,1,5,0,6,23,0.0,0.0,0.0,0.0,0.0,0.0,0.0,0.0,0.2381,1.1508,,,,,,,,,,,,,,,,,,,,,0.0,0.0,,,,,,,,0.0,0.0,7794.0,309.2857,0.194845,681.2302,950.0794,9.0,0.3571,0.0,0.0,1.0,30.0,1.1905,9105,5745,227.9762,0.214751,8375.0,,,237.0,209.0,28.0,,,9.4048,3304.0,4673.0,90.0,3251.0,4805.0,86.0,53.0,-132.0,4.0,0.0,0.0,0.0,0.0,0.0,0.0,5334.0,7651.0,138.0,4948.0,6948.0,120.0,386.0,703.0,18.0,1.0,0.0,1.0,1.0,0.0,1.0,7625.0,10394.0,197.0,6964.0,9441.0,156.0,661.0,953.0,41.0,1.0,0.0,3.0,2.0,4.0,2.0,9082.0,12588.0,237.0,9904.0,12528.0,201.0,-822.0,60.0,36.0,1.0,0.0,5.0,4.0,5.0,2.0
ESPORTSTMNT05_3220601,complete,,EM,2023,Spring,0,2023-04-19 16:45:18,3,13.06,7,Red,jng,Peach,oe:player:53841c6e42a6ce77b6f3b80133c9342,Unicorns of Love Sexy Edition,oe:team:6a060bd74c9041bf0aa89adf9d15d12,Maokai,Rakan,Sejuani,Xayah,Renata Glasc,Braum,,,,,,1512,0,0,5,3,6,23,0.0,0.0,0.0,0.0,0.0,0.0,0.0,0.0,0.2381,1.1508,,,,,,,,,,,,,,,,,,,,,0.0,1.0,,,,,,,,0.0,0.0,5145.0,204.1667,0.128622,1077.8175,1176.627,6.0,0.2381,7.0,0.2778,5.0,33.0,1.3095,7153,3793,150.5159,0.141783,6875.0,,,137.0,11.0,126.0,,,5.4365,3169.0,3460.0,68.0,3866.0,3879.0,67.0,-697.0,-419.0,1.0,0.0,1.0,1.0,1.0,3.0,0.0,4665.0,5499.0,104.0,5808.0,5884.0,92.0,-1143.0,-385.0,12.0,0.0,1.0,2.0,1.0,4.0,0.0,6255.0,7962.0,131.0,7895.0,8411.0,113.0,-1640.0,-449.0,18.0,0.0,3.0,3.0,3.0,7.0,0.0,7129.0,8994.0,137.0,10146.0,11520.0,131.0,-3017.0,-2526.0,6.0,0.0,3.0,5.0,4.0,11.0,0.0
ESPORTSTMNT05_3220601,complete,,EM,2023,Spring,0,2023-04-19 16:45:18,3,13.06,8,Red,mid,Mask,oe:player:4a18312b5b75f549d5551e5912ad6eb,Unicorns of Love Sexy Edition,oe:team:6a060bd74c9041bf0aa89adf9d15d12,Ahri,Rakan,Sejuani,Xayah,Renata Glasc,Braum,,,,,,1512,0,3,1,1,6,23,1.0,1.0,0.0,0.0,0.0,0.0,0.0,0.0,0.2381,1.1508,,,,,,,,,,,,,,,,,,,,,0.0,0.0,,,,,,,,0.0,1.0,15228.0,604.2857,0.38069,312.9762,152.381,5.0,0.1984,5.0,0.1984,2.0,20.0,0.7937,11887,8527,338.373,0.318744,11700.0,,,249.0,249.0,0.0,,,9.881,3612.0,5104.0,100.0,3625.0,4742.0,88.0,-13.0,362.0,12.0,0.0,1.0,0.0,1.0,1.0,0.0,5892.0,8118.0,159.0,5359.0,7205.0,135.0,533.0,913.0,24.0,0.0,1.0,0.0,1.0,2.0,0.0,9948.0,11656.0,216.0,7126.0,9248.0,159.0,2822.0,2408.0,57.0,3.0,1.0,0.0,2.0,4.0,1.0,11863.0,13295.0,249.0,9393.0,13914.0,189.0,2470.0,-619.0,60.0,3.0,1.0,1.0,2.0,9.0,1.0
ESPORTSTMNT05_3220601,complete,,EM,2023,Spring,0,2023-04-19 16:45:18,3,13.06,9,Red,bot,Fun K3y,oe:player:9ea5afea85321b13df74acb62bfb530,Unicorns of Love Sexy Edition,oe:team:6a060bd74c9041bf0aa89adf9d15d12,Jinx,Rakan,Sejuani,Xayah,Renata Glasc,Braum,,,,,,1512,0,0,6,5,6,23,0.0,0.0,0.0,0.0,0.0,0.0,0.0,0.0,0.2381,1.1508,,,,,,,,,,,,,,,,,,,,,0.0,0.0,,,,,,,,0.0,0.0,10080.0,400.0,0.251994,502.6984,233.6905,8.0,0.3175,3.0,0.119,3.0,19.0,0.754,9803,6443,255.6746,0.240842,9775.0,,,231.0,214.0,17.0,,,9.1667,3330.0,2882.0,87.0,4456.0,3703.0,85.0,-1126.0,-821.0,2.0,0.0,1.0,3.0,4.0,1.0,0.0,5865.0,5248.0,139.0,8618.0,6497.0,138.0,-2753.0,-1249.0,1.0,0.0,1.0,3.0,5.0,2.0,0.0,7997.0,7751.0,180.0,10817.0,8916.0,187.0,-2820.0,-1165.0,-7.0,0.0,5.0,4.0,6.0,4.0,1.0,9780.0,9960.0,231.0,14575.0,13285.0,238.0,-4795.0,-3325.0,-7.0,0.0,5.0,6.0,10.0,8.0,1.0
ESPORTSTMNT05_3220601,complete,,EM,2023,Spring,0,2023-04-19 16:45:18,3,13.06,10,Red,sup,Lekcyc,oe:player:74f3f60a44ee916ecc257a5381be756,Unicorns of Love Sexy Edition,oe:team:6a060bd74c9041bf0aa89adf9d15d12,Nautilus,Rakan,Sejuani,Xayah,Renata Glasc,Braum,,,,,,1512,0,2,6,2,6,23,0.0,0.0,0.0,0.0,0.0,0.0,0.0,1.0,0.2381,1.1508,,,,,,,,,,,,,,,,,,,,,0.0,0.0,,,,,,,,0.0,0.0,1754.0,69.6032,0.0438489,486.2698,543.1746,41.0,1.627,5.0,0.1984,6.0,72.0,2.8571,5604,2244,89.0476,0.0838798,5100.0,,,30.0,30.0,0.0,,,1.1905,2414.0,2892.0,19.0,2991.0,2883.0,18.0,-577.0,9.0,1.0,1.0,0.0,3.0,1.0,5.0,1.0,3295.0,3719.0,24.0,4147.0,3853.0,23.0,-852.0,-134.0,1.0,1.0,0.0,3.0,1.0,7.0,1.0,4764.0,4974.0,29.0,5927.0,5687.0,30.0,-1163.0,-713.0,-1.0,2.0,2.0,5.0,2.0,11.0,2.0,5577.0,5376.0,30.0,7832.0,9081.0,30.0,-2255.0,-3705.0,0.0,2.0,2.0,6.0,3.0,16.0,2.0
ESPORTSTMNT05_3220601,complete,,EM,2023,Spring,0,2023-04-19 16:45:18,3,13.06,100,Blue,team,,,Movistar KOI,oe:team:4acc40654379b4da680be1bd3129dfa,,Jayce,Fiora,Olaf,Cassiopeia,Camille,Wukong,Zeri,Galio,Rell,Kennen,1512,1,23,6,49,23,6,2.0,0.0,0.0,0.0,1.0,,,,0.9127,1.1508,1.0,3.0,1.0,3.0,1.0,1.0,0.0,0.0,1.0,1.0,0.0,,0.0,0.0,1.0,2.0,0.0,,,1.0,1.0,0.0,1.0,8.0,4.0,0.0,1.0,10.0,7.0,1.0,0.0,57474.0,2280.7143,,2707.381,2650.0397,76.0,3.0159,17.0,0.6746,24.0,162.0,6.4286,52301,35501,1408.7698,,41700.0,-0.00299312,1.78,,651.0,138.0,,,31.3095,18189.0,20012.0,344.0,15829.0,19011.0,364.0,2360.0,1001.0,-20.0,7.0,10.0,1.0,1.0,3.0,7.0,28880.0,30387.0,508.0,25051.0,30235.0,564.0,3829.0,152.0,-56.0,9.0,15.0,2.0,2.0,3.0,9.0,38729.0,41703.0,645.0,36589.0,42737.0,753.0,2140.0,-1034.0,-108.0,15.0,30.0,6.0,6.0,11.0,15.0,51850.0,60328.0,789.0,43431.0,50213.0,884.0,8419.0,10115.0,-95.0,23.0,49.0,6.0,6.0,11.0,23.0
ESPORTSTMNT05_3220601,complete,,EM,2023,Spring,0,2023-04-19 16:45:18,3,13.06,200,Red,team,,,Unicorns of Love Sexy Edition,oe:team:6a060bd74c9041bf0aa89adf9d15d12,,Rakan,Sejuani,Xayah,Renata Glasc,Braum,Maokai,Jinx,Nautilus,Ahri,Irelia,1512,0,6,23,11,6,23,1.0,1.0,0.0,0.0,0.0,,,,0.2381,1.1508,0.0,1.0,3.0,1.0,3.0,0.0,0.0,0.0,1.0,0.0,0.0,,0.0,0.0,0.0,0.0,2.0,,,0.0,0.0,1.0,0.0,4.0,8.0,1.0,0.0,7.0,10.0,0.0,1.0,40001.0,1587.3413,,3060.9921,3055.9524,69.0,2.7381,20.0,0.7937,17.0,174.0,6.9048,43552,26752,1061.5873,,41825.0,0.00299312,-1.78,,713.0,171.0,,,35.0794,15829.0,19011.0,364.0,18189.0,20012.0,344.0,-2360.0,-1001.0,20.0,1.0,3.0,7.0,7.0,10.0,1.0,25051.0,30235.0,564.0,28880.0,30387.0,508.0,-3829.0,-152.0,56.0,2.0,3.0,9.0,9.0,15.0,2.0,36589.0,42737.0,753.0,38729.0,41703.0,645.0,-2140.0,1034.0,108.0,6.0,11.0,15.0,15.0,30.0,6.0,43431.0,50213.0,884.0,51850.0,60328.0,789.0,-8419.0,-10115.0,95.0,6.0,11.0,23.0,23.0,49.0,6.0
ESPORTSTMNT05_3222588,complete,,EM,2023,Spring,0,2023-04-19 17:33:15,4,13.06,1,Blue,top,Venour,oe:player:df13ba84b4ea6932f7e10b5e51e7cf5,Unicorns of Love Sexy Edition,oe:team:6a060bd74c9041bf0aa89adf9d15d12,K'Sante,Zeri,Wukong,Sejuani,Galio,Gragas,,,,,,1588,0,3,4,4,16,32,0.0,0.0,0.0,0.0,0.0,0.0,0.0,0.0,0.6045,1.8136,,,,,,,,,,,,,,,,,,,,,0.0,0.0,,,,,,,,0.0,1.0,11500.0,434.5088,0.177365,685.9572,851.7128,8.0,0.3023,2.0,0.0756,1.0,17.0,0.6423,10610,7095,268.073,0.233958,9905.0,,,191.0,179.0,12.0,,,7.2166,3817.0,5101.0,82.0,3041.0,4451.0,77.0,776.0,650.0,5.0,1.0,0.0,0.0,0.0,0.0,1.0,6821.0,8569.0,144.0,5310.0,7167.0,122.0,1511.0,1402.0,22.0,1.0,1.0,0.0,0.0,0.0,2.0,8722.0,10287.0,171.0,7773.0,10172.0,168.0,949.0,115.0,3.0,2.0,1.0,1.0,2.0,1.0,2.0,10321.0,12063.0,188.0,10812.0,14572.0,207.0,-491.0,-2509.0,-19.0,3.0,3.0,3.0,5.0,5.0,2.0
ESPORTSTMNT05_3222588,complete,,EM,2023,Spring,0,2023-04-19 17:33:15,4,13.06,2,Blue,jng,Peach,oe:player:53841c6e42a6ce77b6f3b80133c9342,Unicorns of Love Sexy Edition,oe:team:6a060bd74c9041bf0aa89adf9d15d12,Lee Sin,Zeri,Wukong,Sejuani,Galio,Gragas,,,,,,1588,0,4,7,6,16,32,1.0,0.0,0.0,0.0,1.0,1.0,0.0,0.0,0.6045,1.8136,,,,,,,,,,,,,,,,,,,,,0.0,1.0,,,,,,,,0.0,0.0,9523.0,359.8111,0.146874,1157.8338,1031.1083,12.0,0.4534,8.0,0.3023,6.0,45.0,1.7003,9647,6132,231.6877,0.202203,9200.0,,,167.0,23.0,144.0,,,6.3098,3974.0,3558.0,68.0,3429.0,3054.0,49.0,545.0,504.0,19.0,2.0,2.0,1.0,2.0,2.0,2.0,5730.0,5376.0,95.0,6195.0,5917.0,86.0,-465.0,-541.0,9.0,3.0,2.0,3.0,4.0,5.0,2.0,7373.0,7971.0,132.0,8512.0,9069.0,124.0,-1139.0,-1098.0,8.0,3.0,3.0,4.0,5.0,8.0,2.0,9419.0,10773.0,167.0,11667.0,12497.0,152.0,-2248.0,-1724.0,15.0,4.0,5.0,6.0,9.0,13.0,3.0
ESPORTSTMNT05_3222588,complete,,EM,2023,Spring,0,2023-04-19 17:33:15,4,13.06,3,Blue,mid,Mask,oe:player:4a18312b5b75f549d5551e5912ad6eb,Unicorns of Love Sexy Edition,oe:team:6a060bd74c9041bf0aa89adf9d15d12,Sylas,Zeri,Wukong,Sejuani,Galio,Gragas,,,,,,1588,0,2,7,7,16,32,0.0,0.0,0.0,0.0,1.0,0.0,1.0,0.0,0.6045,1.8136,,,,,,,,,,,,,,,,,,,,,0.0,0.0,,,,,,,,0.0,0.0,16500.0,623.4257,0.25448,1015.806,707.1537,10.0,0.3778,7.0,0.2645,4.0,31.0,1.1713,10497,6982,263.8035,0.230232,10400.0,,,206.0,198.0,8.0,,,7.7834,3597.0,4229.0,79.0,3942.0,4107.0,77.0,-345.0,122.0,2.0,1.0,2.0,2.0,2.0,1.0,1.0,5645.0,6841.0,133.0,6154.0,6341.0,121.0,-509.0,500.0,12.0,1.0,2.0,3.0,3.0,4.0,1.0,7515.0,10916.0,175.0,8342.0,8590.0,161.0,-827.0,2326.0,14.0,1.0,4.0,4.0,4.0,5.0,2.0,10104.0,12829.0,195.0,11063.0,11966.0,191.0,-959.0,863.0,4.0,2.0,6.0,6.0,6.0,11.0,2.0
ESPORTSTMNT05_3222588,complete,,EM,2023,Spring,0,2023-04-19 17:33:15,4,13.06,4,Blue,bot,Fun K3y,oe:player:9ea5afea85321b13df74acb62bfb530,Unicorns of Love Sexy Edition,oe:team:6a060bd74c9041bf0aa89adf9d15d12,Varus,Zeri,Wukong,Sejuani,Galio,Gragas,,,,,,1588,0,5,10,3,16,32,0.0,0.0,0.0,0.0,0.0,0.0,0.0,0.0,0.6045,1.8136,,,,,,,,,,,,,,,,,,,,,0.0,0.0,,,,,,,,0.0,0.0,21446.0,810.3023,0.330763,759.4836,485.7809,9.0,0.3401,7.0,0.2645,2.0,21.0,0.7935,10197,6682,252.4685,0.220339,9800.0,,,188.0,180.0,8.0,,,7.1033,3487.0,3014.0,63.0,3855.0,3339.0,79.0,-368.0,-325.0,-16.0,2.0,1.0,3.0,2.0,3.0,1.0,5282.0,4812.0,102.0,7283.0,5990.0,131.0,-2001.0,-1178.0,-29.0,2.0,1.0,5.0,4.0,5.0,1.0,7652.0,6691.0,152.0,9824.0,8465.0,180.0,-2172.0,-1774.0,-28.0,3.0,2.0,6.0,5.0,6.0,2.0,9582.0,8600.0,182.0,11711.0,10924.0,206.0,-2129.0,-2324.0,-24.0,4.0,3.0,9.0,6.0,9.0,5.0
ESPORTSTMNT05_3222588,complete,,EM,2023,Spring,0,2023-04-19 17:33:15,4,13.06,5,Blue,sup,Lekcyc,oe:player:74f3f60a44ee916ecc257a5381be756,Unicorns of Love Sexy Edition,oe:team:6a060bd74c9041bf0aa89adf9d15d12,Rakan,Zeri,Wukong,Sejuani,Galio,Gragas,,,,,,1588,0,2,4,9,16,32,0.0,0.0,0.0,0.0,0.0,0.0,0.0,0.0,0.6045,1.8136,,,,,,,,,,,,,,,,,,,,,0.0,0.0,,,,,,,,0.0,0.0,5869.0,221.7506,0.0905179,621.1587,735.7179,51.0,1.927,8.0,0.3023,6.0,78.0,2.9471,6950,3435,129.7859,0.113267,6300.0,,,42.0,42.0,0.0,,,1.5869,2507.0,2564.0,23.0,2491.0,2474.0,16.0,16.0,90.0,7.0,0.0,3.0,0.0,0.0,4.0,1.0,3879.0,3351.0,28.0,4444.0,4385.0,27.0,-565.0,-1034.0,1.0,1.0,3.0,1.0,1.0,8.0,2.0,5124.0,5103.0,36.0,6003.0,6432.0,32.0,-879.0,-1329.0,4.0,1.0,5.0,2.0,1.0,13.0,2.0,6631.0,6593.0,41.0,7816.0,9519.0,38.0,-1185.0,-2926.0,3.0,2.0,8.0,3.0,1.0,22.0,3.0
ESPORTSTMNT05_3222588,complete,,EM,2023,Spring,0,2023-04-19 17:33:15,4,13.06,6,Red,top,Marky,oe:player:197e012fb5163375e24dbbfdae34911,Movistar KOI,oe:team:4acc40654379b4da680be1bd3129dfa,Camille,Jayce,Fiora,Olaf,Gwen,LeBlanc,,,,,,1588,1,6,2,9,32,16,0.0,0.0,0.0,0.0,0.0,0.0,0.0,0.0,1.2091,1.8136,,,,,,,,,,,,,,,,,,,,,0.0,0.0,,,,,,,,1.0,0.0,15461.0,584.1688,0.171627,819.3325,815.7053,5.0,0.1889,3.0,0.1134,2.0,19.0,0.7179,11858,8343,315.2267,0.201897,10675.0,,,211.0,203.0,8.0,,,7.9723,3041.0,4451.0,77.0,3817.0,5101.0,82.0,-776.0,-650.0,-5.0,0.0,0.0,1.0,1.0,0.0,0.0,5310.0,7167.0,122.0,6821.0,8569.0,144.0,-1511.0,-1402.0,-22.0,0.0,0.0,2.0,1.0,1.0,0.0,7773.0,10172.0,168.0,8722.0,10287.0,171.0,-949.0,-115.0,-3.0,2.0,1.0,2.0,2.0,1.0,1.0,10812.0,14572.0,207.0,10321.0,12063.0,188.0,491.0,2509.0,19.0,5.0,5.0,2.0,3.0,3.0,3.0
ESPORTSTMNT05_3222588,complete,,EM,2023,Spring,0,2023-04-19 17:33:15,4,13.06,7,Red,jng,ISMA,oe:player:5450c7731de19c131ce20ea74933cc2,Movistar KOI,oe:team:4acc40654379b4da680be1bd3129dfa,Xin Zhao,Jayce,Fiora,Olaf,Gwen,LeBlanc,,,,,,1588,1,9,4,18,32,16,2.0,0.0,0.0,0.0,0.0,0.0,0.0,0.0,1.2091,1.8136,,,,,,,,,,,,,,,,,,,,,1.0,0.0,,,,,,,,0.0,0.0,23169.0,875.403,0.25719,1297.9345,1020.9824,5.0,0.1889,8.0,0.3023,4.0,32.0,1.2091,12564,9049,341.9018,0.218982,12400.0,,,154.0,17.0,137.0,,,5.8186,3429.0,3054.0,49.0,3974.0,3558.0,68.0,-545.0,-504.0,-19.0,2.0,2.0,2.0,2.0,2.0,1.0,6195.0,5917.0,86.0,5730.0,5376.0,95.0,465.0,541.0,-9.0,4.0,5.0,2.0,3.0,2.0,3.0,8512.0,9069.0,124.0,7373.0,7971.0,132.0,1139.0,1098.0,-8.0,5.0,8.0,2.0,3.0,3.0,4.0,11667.0,12497.0,152.0,9419.0,10773.0,167.0,2248.0,1724.0,-15.0,9.0,13.0,3.0,4.0,5.0,6.0
ESPORTSTMNT05_3222588,complete,,EM,2023,Spring,0,2023-04-19 17:33:15,4,13.06,8,Red,mid,Fresskowy,oe:player:cda093b28f577696b82604fb20037ad,Movistar KOI,oe:team:4acc40654379b4da680be1bd3129dfa,Lissandra,Jayce,Fiora,Olaf,Gwen,LeBlanc,,,,,,1588,1,8,2,13,32,16,2.0,0.0,0.0,0.0,0.0,0.0,0.0,1.0,1.2091,1.8136,,,,,,,,,,,,,,,,,,,,,0.0,0.0,,,,,,,,0.0,0.0,19754.0,746.3728,0.219282,430.0882,266.2972,15.0,0.5668,9.0,0.3401,6.0,29.0,1.0957,12631,9116,344.4332,0.220604,10400.0,,,202.0,198.0,4.0,,,7.6322,3942.0,4107.0,77.0,3597.0,4229.0,79.0,345.0,-122.0,-2.0,2.0,1.0,1.0,1.0,2.0,2.0,6154.0,6341.0,121.0,5645.0,6841.0,133.0,509.0,-500.0,-12.0,3.0,4.0,1.0,1.0,2.0,3.0,8342.0,8590.0,161.0,7515.0,10916.0,175.0,827.0,-2326.0,-14.0,4.0,5.0,2.0,1.0,4.0,4.0,11063.0,11966.0,191.0,10104.0,12829.0,195.0,959.0,-863.0,-4.0,6.0,11.0,2.0,2.0,6.0,6.0
ESPORTSTMNT05_3222588,complete,,EM,2023,Spring,0,2023-04-19 17:33:15,4,13.06,9,Red,bot,Supa,oe:player:1223a0ed2bfab9b714c72d965df8133,Movistar KOI,oe:team:4acc40654379b4da680be1bd3129dfa,Xayah,Jayce,Fiora,Olaf,Gwen,LeBlanc,,,,,,1588,1,8,5,10,32,16,2.0,0.0,0.0,0.0,0.0,0.0,0.0,0.0,1.2091,1.8136,,,,,,,,,,,,,,,,,,,,,0.0,0.0,,,,,,,,0.0,0.0,23368.0,882.9219,0.259399,554.6977,309.9748,12.0,0.4534,15.0,0.5668,5.0,39.0,1.4736,13201,9686,365.9698,0.234398,11475.0,,,222.0,214.0,8.0,,,8.3879,3855.0,3339.0,79.0,3487.0,3014.0,63.0,368.0,325.0,16.0,2.0,3.0,1.0,2.0,1.0,3.0,7283.0,5990.0,131.0,5282.0,4812.0,102.0,2001.0,1178.0,29.0,4.0,5.0,1.0,2.0,1.0,5.0,9824.0,8465.0,180.0,7652.0,6691.0,152.0,2172.0,1774.0,28.0,5.0,6.0,2.0,3.0,2.0,6.0,11711.0,10924.0,206.0,9582.0,8600.0,182.0,2129.0,2324.0,24.0,6.0,9.0,5.0,4.0,3.0,9.0
ESPORTSTMNT05_3222588,complete,,EM,2023,Spring,0,2023-04-19 17:33:15,4,13.06,10,Red,sup,Alvaro,oe:player:f5bf9bd732b85e4dcab5121e4769ae4,Movistar KOI,oe:team:4acc40654379b4da680be1bd3129dfa,Rell,Jayce,Fiora,Olaf,Gwen,LeBlanc,,,,,,1588,1,1,3,27,32,16,0.0,0.0,0.0,0.0,0.0,0.0,0.0,0.0,1.2091,1.8136,,,,,,,,,,,,,,,,,,,,,0.0,0.0,,,,,,,,0.0,0.0,8333.0,314.8489,0.0925015,575.063,776.5617,40.0,1.5113,12.0,0.4534,9.0,82.0,3.0982,8644,5129,193.7909,0.124119,7675.0,,,38.0,38.0,0.0,,,1.4358,2491.0,2474.0,16.0,2507.0,2564.0,23.0,-16.0,-90.0,-7.0,0.0,4.0,1.0,0.0,3.0,0.0,4444.0,4385.0,27.0,3879.0,3351.0,28.0,565.0,1034.0,-1.0,1.0,8.0,2.0,1.0,3.0,1.0,6003.0,6432.0,32.0,5124.0,5103.0,36.0,879.0,1329.0,-4.0,1.0,13.0,2.0,1.0,5.0,2.0,7816.0,9519.0,38.0,6631.0,6593.0,41.0,1185.0,2926.0,-3.0,1.0,22.0,3.0,2.0,8.0,3.0
ESPORTSTMNT05_3222588,complete,,EM,2023,Spring,0,2023-04-19 17:33:15,4,13.06,100,Blue,team,,,Unicorns of Love Sexy Edition,oe:team:6a060bd74c9041bf0aa89adf9d15d12,,Zeri,Wukong,Sejuani,Galio,Gragas,Rakan,Lee Sin,Varus,Sylas,K'Sante,1588,0,16,32,29,16,32,1.0,0.0,0.0,0.0,1.0,,,,0.6045,1.8136,1.0,2.0,1.0,2.0,1.0,1.0,0.0,0.0,0.0,0.0,1.0,,0.0,0.0,0.0,0.0,2.0,,,0.0,0.0,1.0,0.0,2.0,9.0,0.0,0.0,7.0,6.0,0.0,1.0,64838.0,2449.7985,,4240.2393,3811.4736,90.0,3.4005,32.0,1.2091,19.0,192.0,7.2544,47901,30325,1145.7809,,45605.0,-0.14293,-1.09,,622.0,172.0,,,30.0,17382.0,18466.0,315.0,16758.0,17425.0,298.0,624.0,1041.0,17.0,6.0,8.0,6.0,6.0,10.0,6.0,27357.0,28949.0,502.0,29386.0,29800.0,487.0,-2029.0,-851.0,15.0,8.0,9.0,12.0,12.0,22.0,8.0,36386.0,40968.0,666.0,40454.0,42728.0,665.0,-4068.0,-1760.0,1.0,10.0,15.0,17.0,17.0,33.0,10.0,46057.0,50858.0,773.0,53069.0,59478.0,794.0,-7012.0,-8620.0,-21.0,15.0,25.0,27.0,27.0,60.0,15.0
ESPORTSTMNT05_3222588,complete,,EM,2023,Spring,0,2023-04-19 17:33:15,4,13.06,200,Red,team,,,Movistar KOI,oe:team:4acc40654379b4da680be1bd3129dfa,,Jayce,Fiora,Olaf,Gwen,LeBlanc,Xayah,Xin Zhao,Rell,Lissandra,Camille,1588,1,32,16,77,32,16,6.0,0.0,0.0,0.0,0.0,,,,1.2091,1.8136,0.0,1.0,2.0,1.0,2.0,0.0,0.0,0.0,1.0,0.0,0.0,,0.0,0.0,1.0,2.0,0.0,,,1.0,1.0,0.0,1.0,9.0,2.0,1.0,1.0,6.0,7.0,1.0,0.0,90085.0,3403.7154,,3677.1159,3189.5214,77.0,2.9093,47.0,1.7758,26.0,201.0,7.5945,58898,41322,1561.2846,,52625.0,0.14293,1.09,,670.0,157.0,,,31.2469,16758.0,17425.0,298.0,17382.0,18466.0,315.0,-624.0,-1041.0,-17.0,6.0,10.0,6.0,6.0,8.0,6.0,29386.0,29800.0,487.0,27357.0,28949.0,502.0,2029.0,851.0,-15.0,12.0,22.0,8.0,8.0,9.0,12.0,40454.0,42728.0,665.0,36386.0,40968.0,666.0,4068.0,1760.0,-1.0,17.0,33.0,10.0,10.0,15.0,17.0,53069.0,59478.0,794.0,46057.0,50858.0,773.0,7012.0,8620.0,21.0,27.0,60.0,15.0,15.0,25.0,27.0
ESPORTSTMNT05_3223291,complete,,EM,2023,Spring,0,2023-04-19 18:21:16,5,13.06,1,Blue,top,Venour,oe:player:df13ba84b4ea6932f7e10b5e51e7cf5,Unicorns of Love Sexy Edition,oe:team:6a060bd74c9041bf0aa89adf9d15d12,Irelia,Rakan,Zeri,Gragas,Ahri,Gnar,,,,,,2142,1,4,5,8,22,22,0.0,0.0,0.0,0.0,0.0,0.0,0.0,0.0,0.6162,1.2325,,,,,,,,,,,,,,,,,,,,,0.0,0.0,,,,,,,,0.0,1.0,24758.0,693.5014,0.23618,889.1036,1323.4454,10.0,0.2801,2.0,0.056,2.0,49.0,1.3725,15450,10805,302.6611,0.2333,14950.0,,,298.0,258.0,40.0,,,8.3473,3554.0,5384.0,79.0,2871.0,4123.0,69.0,683.0,1261.0,10.0,1.0,0.0,0.0,0.0,1.0,1.0,5432.0,8166.0,130.0,4740.0,6643.0,110.0,692.0,1523.0,20.0,1.0,0.0,0.0,1.0,1.0,1.0,8360.0,12307.0,203.0,6254.0,8450.0,148.0,2106.0,3857.0,55.0,2.0,0.0,0.0,1.0,1.0,2.0,11228.0,15217.0,242.0,8358.0,10746.0,170.0,2870.0,4471.0,72.0,4.0,0.0,2.0,2.0,3.0,3.0
ESPORTSTMNT05_3223291,complete,,EM,2023,Spring,0,2023-04-19 18:21:16,5,13.06,2,Blue,jng,Peach,oe:player:53841c6e42a6ce77b6f3b80133c9342,Unicorns of Love Sexy Edition,oe:team:6a060bd74c9041bf0aa89adf9d15d12,Sejuani,Rakan,Zeri,Gragas,Ahri,Gnar,,,,,,2142,1,2,6,13,22,22,0.0,0.0,0.0,0.0,1.0,1.0,0.0,0.0,0.6162,1.2325,,,,,,,,,,,,,,,,,,,,,2.0,1.0,,,,,,,,0.0,0.0,13919.0,389.888,0.132781,1492.2689,1920.5322,11.0,0.3081,15.0,0.4202,10.0,60.0,1.6807,12722,8077,226.2465,0.174396,11875.0,,,190.0,19.0,171.0,,,5.3221,3433.0,3025.0,61.0,3323.0,3395.0,59.0,110.0,-370.0,2.0,1.0,0.0,2.0,1.0,1.0,0.0,5020.0,5354.0,98.0,4819.0,5208.0,92.0,201.0,146.0,6.0,1.0,0.0,3.0,1.0,2.0,0.0,6513.0,7411.0,130.0,6151.0,6908.0,115.0,362.0,503.0,15.0,1.0,1.0,3.0,1.0,2.0,0.0,8631.0,9780.0,157.0,8770.0,9406.0,133.0,-139.0,374.0,24.0,1.0,2.0,3.0,2.0,5.0,0.0
ESPORTSTMNT05_3223291,complete,,EM,2023,Spring,0,2023-04-19 18:21:16,5,13.06,3,Blue,mid,Mask,oe:player:4a18312b5b75f549d5551e5912ad6eb,Unicorns of Love Sexy Edition,oe:team:6a060bd74c9041bf0aa89adf9d15d12,Galio,Rakan,Zeri,Gragas,Ahri,Gnar,,,,,,2142,1,3,1,11,22,22,0.0,0.0,0.0,0.0,0.0,0.0,0.0,0.0,0.6162,1.2325,,,,,,,,,,,,,,,,,,,,,0.0,0.0,,,,,,,,0.0,0.0,20716.0,580.2801,0.197621,941.9888,1511.3165,16.0,0.4482,5.0,0.1401,4.0,67.0,1.8768,14641,9996,280.0,0.215832,14975.0,,,317.0,309.0,8.0,,,8.8796,3108.0,4699.0,89.0,3671.0,4716.0,95.0,-563.0,-17.0,-6.0,0.0,0.0,0.0,1.0,1.0,0.0,4683.0,7412.0,136.0,5347.0,7126.0,145.0,-664.0,286.0,-9.0,0.0,1.0,0.0,1.0,2.0,0.0,6508.0,9974.0,182.0,7363.0,9688.0,200.0,-855.0,286.0,-18.0,0.0,2.0,0.0,1.0,2.0,0.0,8601.0,14867.0,228.0,9124.0,11922.0,236.0,-523.0,2945.0,-8.0,0.0,3.0,0.0,1.0,4.0,0.0
ESPORTSTMNT05_3223291,complete,,EM,2023,Spring,0,2023-04-19 18:21:16,5,13.06,4,Blue,bot,Fun K3y,oe:player:9ea5afea85321b13df74acb62bfb530,Unicorns of Love Sexy Edition,oe:team:6a060bd74c9041bf0aa89adf9d15d12,Xayah,Rakan,Zeri,Gragas,Ahri,Gnar,,,,,,2142,1,13,4,4,22,22,3.0,1.0,0.0,0.0,1.0,0.0,1.0,0.0,0.6162,1.2325,,,,,,,,,,,,,,,,,,,,,0.0,0.0,,,,,,,,1.0,0.0,41103.0,1151.3445,0.392103,459.5798,477.591,18.0,0.5042,10.0,0.2801,5.0,68.0,1.9048,18415,13770,385.7143,0.297321,17125.0,,,308.0,280.0,28.0,,,8.6275,3718.0,3273.0,73.0,3135.0,3344.0,72.0,583.0,-71.0,1.0,2.0,1.0,1.0,0.0,1.0,2.0,5950.0,5314.0,123.0,4920.0,5750.0,124.0,1030.0,-436.0,-1.0,3.0,1.0,1.0,0.0,1.0,2.0,8820.0,8289.0,183.0,6798.0,7748.0,163.0,2022.0,541.0,20.0,4.0,1.0,1.0,0.0,1.0,2.0,10798.0,10784.0,218.0,10326.0,9985.0,214.0,472.0,799.0,4.0,4.0,1.0,2.0,2.0,1.0,3.0
ESPORTSTMNT05_3223291,complete,,EM,2023,Spring,0,2023-04-19 18:21:16,5,13.06,5,Blue,sup,Lekcyc,oe:player:74f3f60a44ee916ecc257a5381be756,Unicorns of Love Sexy Edition,oe:team:6a060bd74c9041bf0aa89adf9d15d12,Leona,Rakan,Zeri,Gragas,Ahri,Gnar,,,,,,2142,1,0,6,9,22,22,0.0,0.0,0.0,0.0,1.0,0.0,1.0,0.0,0.6162,1.2325,,,,,,,,,,,,,,,,,,,,,0.0,0.0,,,,,,,,0.0,0.0,4331.0,121.3165,0.0413157,570.9804,642.1569,63.0,1.7647,14.0,0.3922,17.0,117.0,3.2773,8311,3666,102.6891,0.0791517,7825.0,,,35.0,35.0,0.0,,,0.9804,2322.0,2280.0,14.0,3124.0,2413.0,17.0,-802.0,-133.0,-3.0,0.0,2.0,2.0,3.0,2.0,1.0,3461.0,3440.0,22.0,4146.0,3412.0,26.0,-685.0,28.0,-4.0,0.0,3.0,2.0,3.0,3.0,2.0,4540.0,4376.0,28.0,5280.0,4453.0,32.0,-740.0,-77.0,-4.0,0.0,4.0,2.0,3.0,3.0,3.0,5830.0,5920.0,30.0,6727.0,7253.0,34.0,-897.0,-1333.0,-4.0,0.0,4.0,3.0,3.0,7.0,3.0
ESPORTSTMNT05_3223291,complete,,EM,2023,Spring,0,2023-04-19 18:21:16,5,13.06,6,Red,top,Marky,oe:player:197e012fb5163375e24dbbfdae34911,Movistar KOI,oe:team:4acc40654379b4da680be1bd3129dfa,Kennen,Jayce,Fiora,Olaf,Camille,Blitzcrank,,,,,,2142,0,4,6,7,22,22,0.0,0.0,0.0,0.0,0.0,0.0,0.0,0.0,0.6162,1.2325,,,,,,,,,,,,,,,,,,,,,0.0,0.0,,,,,,,,1.0,0.0,17984.0,503.7535,0.160597,721.8487,620.7563,9.0,0.2521,5.0,0.1401,3.0,37.0,1.0364,12771,8126,227.619,0.190456,13255.0,,,242.0,238.0,4.0,,,6.7787,2871.0,4123.0,69.0,3554.0,5384.0,79.0,-683.0,-1261.0,-10.0,0.0,1.0,1.0,1.0,0.0,0.0,4740.0,6643.0,110.0,5432.0,8166.0,130.0,-692.0,-1523.0,-20.0,1.0,1.0,1.0,1.0,0.0,0.0,6254.0,8450.0,148.0,8360.0,12307.0,203.0,-2106.0,-3857.0,-55.0,1.0,1.0,2.0,2.0,0.0,0.0,8358.0,10746.0,170.0,11228.0,15217.0,242.0,-2870.0,-4471.0,-72.0,2.0,3.0,3.0,4.0,0.0,2.0
ESPORTSTMNT05_3223291,complete,,EM,2023,Spring,0,2023-04-19 18:21:16,5,13.06,7,Red,jng,ISMA,oe:player:5450c7731de19c131ce20ea74933cc2,Movistar KOI,oe:team:4acc40654379b4da680be1bd3129dfa,Wukong,Jayce,Fiora,Olaf,Camille,Blitzcrank,,,,,,2142,0,8,1,10,22,22,2.0,0.0,0.0,0.0,0.0,0.0,0.0,0.0,0.6162,1.2325,,,,,,,,,,,,,,,,,,,,,1.0,2.0,,,,,,,,0.0,0.0,23261.0,651.5686,0.207721,1112.3249,1465.3782,7.0,0.1961,7.0,0.1961,5.0,31.0,0.8683,14993,10348,289.8599,0.242536,12750.0,,,170.0,20.0,150.0,,,4.7619,3323.0,3395.0,59.0,3433.0,3025.0,61.0,-110.0,370.0,-2.0,1.0,1.0,0.0,1.0,0.0,2.0,4819.0,5208.0,92.0,5020.0,5354.0,98.0,-201.0,-146.0,-6.0,1.0,2.0,0.0,1.0,0.0,3.0,6151.0,6908.0,115.0,6513.0,7411.0,130.0,-362.0,-503.0,-15.0,1.0,2.0,0.0,1.0,1.0,3.0,8770.0,9406.0,133.0,8631.0,9780.0,157.0,139.0,-374.0,-24.0,2.0,5.0,0.0,1.0,2.0,3.0
ESPORTSTMNT05_3223291,complete,,EM,2023,Spring,0,2023-04-19 18:21:16,5,13.06,8,Red,mid,Fresskowy,oe:player:cda093b28f577696b82604fb20037ad,Movistar KOI,oe:team:4acc40654379b4da680be1bd3129dfa,Swain,Jayce,Fiora,Olaf,Camille,Blitzcrank,,,,,,2142,0,1,3,9,22,22,0.0,0.0,0.0,0.0,0.0,0.0,0.0,0.0,0.6162,1.2325,,,,,,,,,,,,,,,,,,,,,0.0,0.0,,,,,,,,0.0,0.0,20246.0,567.1148,0.180797,803.7255,760.056,14.0,0.3922,8.0,0.2241,4.0,40.0,1.1204,12226,7581,212.3529,0.177682,12100.0,,,285.0,277.0,8.0,,,7.9832,3671.0,4716.0,95.0,3108.0,4699.0,89.0,563.0,17.0,6.0,1.0,1.0,0.0,0.0,0.0,0.0,5347.0,7126.0,145.0,4683.0,7412.0,136.0,664.0,-286.0,9.0,1.0,2.0,0.0,0.0,1.0,0.0,7363.0,9688.0,200.0,6508.0,9974.0,182.0,855.0,-286.0,18.0,1.0,2.0,0.0,0.0,2.0,0.0,9124.0,11922.0,236.0,8601.0,14867.0,228.0,523.0,-2945.0,8.0,1.0,4.0,0.0,0.0,3.0,0.0
ESPORTSTMNT05_3223291,complete,,EM,2023,Spring,0,2023-04-19 18:21:16,5,13.06,9,Red,bot,Supa,oe:player:1223a0ed2bfab9b714c72d965df8133,Movistar KOI,oe:team:4acc40654379b4da680be1bd3129dfa,Jinx,Jayce,Fiora,Olaf,Camille,Blitzcrank,,,,,,2142,0,6,7,7,22,22,1.0,1.0,0.0,0.0,0.0,0.0,0.0,1.0,0.6162,1.2325,,,,,,,,,,,,,,,,,,,,,0.0,0.0,,,,,,,,0.0,1.0,43531.0,1219.3557,0.388732,515.4902,304.902,11.0,0.3081,9.0,0.2521,2.0,35.0,0.9804,16372,11727,328.4874,0.274858,14825.0,,,309.0,280.0,29.0,,,8.6555,3135.0,3344.0,72.0,3718.0,3273.0,73.0,-583.0,71.0,-1.0,0.0,1.0,2.0,2.0,1.0,1.0,4920.0,5750.0,124.0,5950.0,5314.0,123.0,-1030.0,436.0,1.0,0.0,1.0,2.0,3.0,1.0,1.0,6798.0,7748.0,163.0,8820.0,8289.0,183.0,-2022.0,-541.0,-20.0,0.0,1.0,2.0,4.0,1.0,1.0,10326.0,9985.0,214.0,10798.0,10784.0,218.0,-472.0,-799.0,-4.0,2.0,1.0,3.0,4.0,1.0,2.0
ESPORTSTMNT05_3223291,complete,,EM,2023,Spring,0,2023-04-19 18:21:16,5,13.06,10,Red,sup,Alvaro,oe:player:f5bf9bd732b85e4dcab5121e4769ae4,Movistar KOI,oe:team:4acc40654379b4da680be1bd3129dfa,Thresh,Jayce,Fiora,Olaf,Camille,Blitzcrank,,,,,,2142,0,3,5,19,22,22,1.0,1.0,0.0,0.0,0.0,0.0,0.0,0.0,0.6162,1.2325,,,,,,,,,,,,,,,,,,,,,0.0,0.0,,,,,,,,0.0,0.0,6960.0,194.958,0.0621528,557.7871,452.9972,63.0,1.7647,14.0,0.3922,20.0,116.0,3.2493,9529,4884,136.8067,0.114468,9400.0,,,39.0,39.0,0.0,,,1.0924,3124.0,2413.0,17.0,2322.0,2280.0,14.0,802.0,133.0,3.0,3.0,2.0,1.0,0.0,2.0,2.0,4146.0,3412.0,26.0,3461.0,3440.0,22.0,685.0,-28.0,4.0,3.0,3.0,2.0,0.0,3.0,2.0,5280.0,4453.0,32.0,4540.0,4376.0,28.0,740.0,77.0,4.0,3.0,3.0,3.0,0.0,4.0,2.0,6727.0,7253.0,34.0,5830.0,5920.0,30.0,897.0,1333.0,4.0,3.0,7.0,3.0,0.0,4.0,3.0
ESPORTSTMNT05_3223291,complete,,EM,2023,Spring,0,2023-04-19 18:21:16,5,13.06,100,Blue,team,,,Unicorns of Love Sexy Edition,oe:team:6a060bd74c9041bf0aa89adf9d15d12,,Rakan,Zeri,Gragas,Ahri,Gnar,Xayah,Sejuani,Galio,Leona,Irelia,2142,1,22,22,45,22,22,3.0,1.0,0.0,0.0,1.0,,,,0.6162,1.2325,1.0,3.0,2.0,3.0,2.0,0.0,1.0,1.0,1.0,0.0,0.0,,0.0,0.0,1.0,1.0,1.0,,,1.0,2.0,1.0,1.0,9.0,5.0,0.0,1.0,3.0,1.0,1.0,1.0,104827.0,2936.3305,,4353.9216,5875.042,118.0,3.3053,46.0,1.2885,38.0,361.0,10.112,69539,46313,1297.2829,,66750.0,0.0684847,0.56,,901.0,247.0,,,32.1569,16135.0,18661.0,316.0,16124.0,17991.0,312.0,11.0,670.0,4.0,4.0,3.0,5.0,5.0,6.0,4.0,24546.0,29686.0,509.0,23972.0,28139.0,497.0,574.0,1547.0,12.0,5.0,5.0,6.0,6.0,9.0,5.0,34741.0,42357.0,726.0,31846.0,37247.0,658.0,2895.0,5110.0,68.0,7.0,8.0,6.0,6.0,9.0,7.0,45088.0,56568.0,875.0,43305.0,49312.0,787.0,1783.0,7256.0,88.0,9.0,10.0,10.0,10.0,20.0,9.0
ESPORTSTMNT05_3223291,complete,,EM,2023,Spring,0,2023-04-19 18:21:16,5,13.06,200,Red,team,,,Movistar KOI,oe:team:4acc40654379b4da680be1bd3129dfa,,Jayce,Fiora,Olaf,Camille,Blitzcrank,Wukong,Jinx,Thresh,Kennen,Swain,2142,0,22,22,52,22,22,4.0,2.0,0.0,0.0,0.0,,,,0.6162,1.2325,0.0,2.0,3.0,2.0,3.0,0.0,0.0,0.0,2.0,0.0,0.0,,0.0,0.0,0.0,1.0,1.0,,,0.0,1.0,2.0,0.0,5.0,9.0,1.0,0.0,1.0,3.0,1.0,1.0,111982.0,3136.7507,,3711.1765,3604.0896,104.0,2.9132,43.0,1.2045,34.0,259.0,7.2549,65891,42665,1195.098,,62330.0,-0.0684847,-0.56,,854.0,191.0,,,29.2717,16124.0,17991.0,312.0,16135.0,18661.0,316.0,-11.0,-670.0,-4.0,5.0,6.0,4.0,4.0,3.0,5.0,23972.0,28139.0,497.0,24546.0,29686.0,509.0,-574.0,-1547.0,-12.0,6.0,9.0,5.0,5.0,5.0,6.0,31846.0,37247.0,658.0,34741.0,42357.0,726.0,-2895.0,-5110.0,-68.0,6.0,9.0,7.0,7.0,8.0,6.0,43305.0,49312.0,787.0,45088.0,56568.0,875.0,-1783.0,-7256.0,-88.0,10.0,20.0,9.0,9.0,10.0,10.0
ESPORTSTMNT05_3220604,complete,,EM,2023,Spring,0,2023-04-20 14:58:35,1,13.06,1,Blue,top,Ragner,oe:player:c0f78343a2ad4ba1463245d53a3b440,Team GO,oe:team:8d538207b9de9d20e1a525aae593515,Kennen,Varus,Malphite,Xayah,Sion,Viktor,,,,,,2216,1,4,5,18,32,10,0.0,0.0,0.0,0.0,0.0,0.0,0.0,0.0,0.8664,1.1372,,,,,,,,,,,,,,,,,,,,,0.0,0.0,,,,,,,,1.0,0.0,32976.0,892.852,0.244014,777.4007,486.796,19.0,0.5144,7.0,0.1895,7.0,58.0,1.5704,14037,9241,250.2076,0.195925,12725.0,,,241.0,233.0,8.0,,,6.5253,3533.0,4790.0,73.0,2952.0,4264.0,73.0,581.0,526.0,0.0,1.0,1.0,0.0,0.0,0.0,1.0,5786.0,7845.0,120.0,4524.0,6683.0,115.0,1262.0,1162.0,5.0,2.0,1.0,1.0,0.0,1.0,2.0,7663.0,9904.0,153.0,6363.0,9569.0,164.0,1300.0,335.0,-11.0,2.0,1.0,2.0,0.0,2.0,2.0,9277.0,12187.0,196.0,8128.0,11719.0,199.0,1149.0,468.0,-3.0,2.0,3.0,3.0,0.0,2.0,2.0
ESPORTSTMNT05_3220604,complete,,EM,2023,Spring,0,2023-04-20 14:58:35,1,13.06,2,Blue,jng,Lyncas,oe:player:ca9701f085966dfca32e31b1b1e9d55,Team GO,oe:team:8d538207b9de9d20e1a525aae593515,Sejuani,Varus,Malphite,Xayah,Sion,Viktor,,,,,,2216,1,3,1,21,32,10,0.0,0.0,0.0,0.0,1.0,0.0,1.0,0.0,0.8664,1.1372,,,,,,,,,,,,,,,,,,,,,1.0,1.0,,,,,,,,0.0,0.0,12554.0,339.9097,0.0928963,1029.6119,1913.5018,9.0,0.2437,12.0,0.3249,8.0,46.0,1.2455,11668,6872,186.065,0.145697,10150.0,,,147.0,20.0,127.0,,,3.9801,3450.0,3528.0,62.0,2909.0,3052.0,61.0,541.0,476.0,1.0,0.0,4.0,0.0,0.0,0.0,1.0,4849.0,5198.0,86.0,4690.0,5757.0,89.0,159.0,-559.0,-3.0,0.0,4.0,0.0,1.0,0.0,1.0,6704.0,7845.0,117.0,5997.0,7661.0,115.0,707.0,184.0,2.0,0.0,6.0,0.0,1.0,1.0,2.0,7953.0,8972.0,130.0,7199.0,8911.0,126.0,754.0,61.0,4.0,1.0,7.0,0.0,1.0,2.0,2.0
ESPORTSTMNT05_3220604,complete,,EM,2023,Spring,0,2023-04-20 14:58:35,1,13.06,3,Blue,mid,Toucouille,oe:player:525ac233cf71bc36a611e27a324144f,Team GO,oe:team:8d538207b9de9d20e1a525aae593515,Jayce,Varus,Malphite,Xayah,Sion,Viktor,,,,,,2216,1,17,1,13,32,10,4.0,0.0,0.0,0.0,1.0,1.0,0.0,0.0,0.8664,1.1372,,,,,,,,,,,,,,,,,,,,,0.0,0.0,,,,,,,,0.0,0.0,49814.0,1348.7545,0.36861,405.3249,502.2563,18.0,0.4874,7.0,0.1895,5.0,29.0,0.7852,18906,14110,382.0397,0.299159,17525.0,,,315.0,303.0,12.0,,,8.5289,4072.0,4746.0,95.0,3107.0,3955.0,88.0,965.0,791.0,7.0,2.0,1.0,0.0,0.0,0.0,1.0,6149.0,7268.0,157.0,5030.0,6973.0,155.0,1119.0,295.0,2.0,2.0,1.0,0.0,0.0,0.0,1.0,8701.0,9942.0,209.0,6623.0,9177.0,200.0,2078.0,765.0,9.0,3.0,2.0,0.0,0.0,0.0,2.0,11141.0,12952.0,271.0,9442.0,11699.0,244.0,1699.0,1253.0,27.0,4.0,3.0,0.0,2.0,0.0,2.0
ESPORTSTMNT05_3220604,complete,,EM,2023,Spring,0,2023-04-20 14:58:35,1,13.06,4,Blue,bot,Jezu,oe:player:4817d93e8f26002377aec42233b3fc2,Team GO,oe:team:8d538207b9de9d20e1a525aae593515,Sivir,Varus,Malphite,Xayah,Sion,Viktor,,,,,,2216,1,7,2,20,32,10,3.0,0.0,0.0,0.0,1.0,0.0,1.0,0.0,0.8664,1.1372,,,,,,,,,,,,,,,,,,,,,0.0,0.0,,,,,,,,0.0,0.0,34446.0,932.6534,0.254891,503.5018,476.4801,18.0,0.4874,9.0,0.2437,5.0,40.0,1.083,17944,13148,355.9928,0.278762,15925.0,,,359.0,319.0,40.0,,,9.7202,3302.0,3557.0,81.0,3347.0,3837.0,96.0,-45.0,-280.0,-15.0,0.0,3.0,0.0,0.0,0.0,1.0,5652.0,6664.0,146.0,5200.0,6768.0,155.0,452.0,-104.0,-9.0,0.0,3.0,0.0,0.0,0.0,1.0,8081.0,9958.0,210.0,7487.0,10056.0,227.0,594.0,-98.0,-17.0,1.0,3.0,0.0,0.0,0.0,1.0,9782.0,12201.0,253.0,9657.0,13082.0,283.0,125.0,-881.0,-30.0,1.0,5.0,1.0,0.0,2.0,2.0
ESPORTSTMNT05_3220604,complete,,EM,2023,Spring,0,2023-04-20 14:58:35,1,13.06,5,Blue,sup,kamilius,oe:player:7aa0aebd379414d25f1fcdc396407f1,Team GO,oe:team:8d538207b9de9d20e1a525aae593515,Rell,Varus,Malphite,Xayah,Sion,Viktor,,,,,,2216,1,1,1,22,32,10,0.0,0.0,0.0,0.0,0.0,0.0,0.0,0.0,0.8664,1.1372,,,,,,,,,,,,,,,,,,,,,0.0,0.0,,,,,,,,0.0,0.0,5350.0,144.8556,0.0395886,404.5939,673.2942,66.0,1.787,14.0,0.3791,17.0,120.0,3.2491,8591,3795,102.7527,0.0804575,7225.0,,,33.0,33.0,0.0,,,0.8935,2435.0,1971.0,13.0,2048.0,2241.0,15.0,387.0,-270.0,-2.0,1.0,1.0,0.0,0.0,0.0,0.0,3425.0,3010.0,20.0,3033.0,3205.0,24.0,392.0,-195.0,-4.0,1.0,1.0,0.0,0.0,0.0,0.0,4483.0,4128.0,23.0,4355.0,4647.0,32.0,128.0,-519.0,-9.0,1.0,3.0,0.0,1.0,0.0,0.0,5329.0,5048.0,27.0,5532.0,5797.0,41.0,-203.0,-749.0,-14.0,1.0,4.0,0.0,1.0,2.0,1.0
ESPORTSTMNT05_3220604,complete,,EM,2023,Spring,0,2023-04-20 14:58:35,1,13.06,6,Red,top,iBo,oe:player:4bdb80c84e25651b3d62742c0b61f6d,Los Heretics,oe:team:2dfc66b98002c5afad2a98dbf86e350,Jarvan IV,Annie,Lucian,Vi,Nautilus,Jinx,,,,,,2216,0,0,7,8,10,32,0.0,0.0,0.0,0.0,0.0,0.0,0.0,0.0,0.2708,1.1372,,,,,,,,,,,,,,,,,,,,,0.0,0.0,,,,,,,,0.0,1.0,13816.0,374.0794,0.165386,934.6841,1097.843,9.0,0.2437,12.0,0.3249,4.0,46.0,1.2455,11772,6976,188.8809,0.195439,11950.0,,,240.0,232.0,8.0,,,6.4982,2952.0,4264.0,73.0,3533.0,4790.0,73.0,-581.0,-526.0,0.0,0.0,0.0,1.0,1.0,1.0,0.0,4524.0,6683.0,115.0,5786.0,7845.0,120.0,-1262.0,-1162.0,-5.0,0.0,1.0,2.0,2.0,1.0,1.0,6363.0,9569.0,164.0,7663.0,9904.0,153.0,-1300.0,-335.0,11.0,0.0,2.0,2.0,2.0,1.0,2.0,8128.0,11719.0,199.0,9277.0,12187.0,196.0,-1149.0,-468.0,3.0,0.0,2.0,2.0,2.0,3.0,3.0
ESPORTSTMNT05_3220604,complete,,EM,2023,Spring,0,2023-04-20 14:58:35,1,13.06,7,Red,jng,bluerzor,oe:player:0973ddfd8ce96a62e85badbe503d163,Los Heretics,oe:team:2dfc66b98002c5afad2a98dbf86e350,Maokai,Annie,Lucian,Vi,Nautilus,Jinx,,,,,,2216,0,1,7,7,10,32,0.0,0.0,0.0,0.0,0.0,0.0,0.0,0.0,0.2708,1.1372,,,,,,,,,,,,,,,,,,,,,1.0,1.0,,,,,,,,0.0,0.0,12843.0,347.7347,0.153738,1342.5271,1433.4477,11.0,0.2978,7.0,0.1895,10.0,38.0,1.0289,9831,5035,136.3267,0.141058,8750.0,,,152.0,11.0,141.0,,,4.1155,2909.0,3052.0,61.0,3450.0,3528.0,62.0,-541.0,-476.0,-1.0,0.0,0.0,1.0,0.0,4.0,0.0,4690.0,5757.0,89.0,4849.0,5198.0,86.0,-159.0,559.0,3.0,1.0,0.0,1.0,0.0,4.0,0.0,5997.0,7661.0,115.0,6704.0,7845.0,117.0,-707.0,-184.0,-2.0,1.0,1.0,2.0,0.0,6.0,0.0,7199.0,8911.0,126.0,7953.0,8972.0,130.0,-754.0,-61.0,-4.0,1.0,2.0,2.0,1.0,7.0,0.0
ESPORTSTMNT05_3220604,complete,,EM,2023,Spring,0,2023-04-20 14:58:35,1,13.06,8,Red,mid,Zwyroo,oe:player:1806cb4175771800d1d1ace2817103c,Los Heretics,oe:team:2dfc66b98002c5afad2a98dbf86e350,Ahri,Annie,Lucian,Vi,Nautilus,Jinx,,,,,,2216,0,4,5,2,10,32,1.0,0.0,0.0,0.0,0.0,0.0,0.0,0.0,0.2708,1.1372,,,,,,,,,,,,,,,,,,,,,0.0,0.0,,,,,,,,0.0,0.0,22690.0,614.3502,0.271613,697.7437,393.3303,30.0,0.8123,10.0,0.2708,7.0,69.0,1.8682,14241,9445,255.731,0.264612,13675.0,,,319.0,310.0,9.0,,,8.6372,3107.0,3955.0,88.0,4072.0,4746.0,95.0,-965.0,-791.0,-7.0,0.0,0.0,1.0,2.0,1.0,0.0,5030.0,6973.0,155.0,6149.0,7268.0,157.0,-1119.0,-295.0,-2.0,0.0,0.0,1.0,2.0,1.0,0.0,6623.0,9177.0,200.0,8701.0,9942.0,209.0,-2078.0,-765.0,-9.0,0.0,0.0,2.0,3.0,2.0,0.0,9442.0,11699.0,244.0,11141.0,12952.0,271.0,-1699.0,-1253.0,-27.0,2.0,0.0,2.0,4.0,3.0,0.0
ESPORTSTMNT05_3220604,complete,,EM,2023,Spring,0,2023-04-20 14:58:35,1,13.06,9,Red,bot,Flakked,oe:player:717bb4d71a2dab54e7020b1a8fde420,Los Heretics,oe:team:2dfc66b98002c5afad2a98dbf86e350,Zeri,Annie,Lucian,Vi,Nautilus,Jinx,,,,,,2216,0,4,6,2,10,32,1.0,1.0,0.0,0.0,0.0,0.0,0.0,1.0,0.2708,1.1372,,,,,,,,,,,,,,,,,,,,,0.0,0.0,,,,,,,,0.0,0.0,30328.0,821.1552,0.363044,668.1769,914.8105,17.0,0.4603,17.0,0.4603,5.0,72.0,1.9495,15792,10996,297.7256,0.308067,15475.0,,,372.0,327.0,45.0,,,10.0722,3347.0,3837.0,96.0,3302.0,3557.0,81.0,45.0,280.0,15.0,0.0,0.0,1.0,0.0,3.0,0.0,5200.0,6768.0,155.0,5652.0,6664.0,146.0,-452.0,104.0,9.0,0.0,0.0,1.0,0.0,3.0,0.0,7487.0,10056.0,227.0,8081.0,9958.0,210.0,-594.0,98.0,17.0,0.0,0.0,1.0,1.0,3.0,0.0,9657.0,13082.0,283.0,9782.0,12201.0,253.0,-125.0,881.0,30.0,0.0,2.0,2.0,1.0,5.0,1.0
ESPORTSTMNT05_3220604,complete,,EM,2023,Spring,0,2023-04-20 14:58:35,1,13.06,10,Red,sup,marlon,oe:player:e1ddc411cd92f26392b707a48e5c700,Los Heretics,oe:team:2dfc66b98002c5afad2a98dbf86e350,Rakan,Annie,Lucian,Vi,Nautilus,Jinx,,,,,,2216,0,1,7,6,10,32,0.0,0.0,0.0,0.0,0.0,0.0,0.0,0.0,0.2708,1.1372,,,,,,,,,,,,,,,,,,,,,0.0,0.0,,,,,,,,0.0,0.0,3861.0,104.5397,0.0462185,645.0,779.3773,49.0,1.3267,21.0,0.5686,13.0,125.0,3.3845,8038,3242,87.7798,0.0908239,7925.0,,,46.0,46.0,0.0,,,1.2455,2048.0,2241.0,15.0,2435.0,1971.0,13.0,-387.0,270.0,2.0,0.0,0.0,0.0,1.0,1.0,0.0,3033.0,3205.0,24.0,3425.0,3010.0,20.0,-392.0,195.0,4.0,0.0,0.0,0.0,1.0,1.0,0.0,4355.0,4647.0,32.0,4483.0,4128.0,23.0,-128.0,519.0,9.0,1.0,0.0,0.0,1.0,3.0,0.0,5532.0,5797.0,41.0,5329.0,5048.0,27.0,203.0,749.0,14.0,1.0,2.0,1.0,1.0,4.0,0.0
ESPORTSTMNT05_3220604,complete,,EM,2023,Spring,0,2023-04-20 14:58:35,1,13.06,100,Blue,team,,,Team GO,oe:team:8d538207b9de9d20e1a525aae593515,,Varus,Malphite,Xayah,Sion,Viktor,Jayce,Sejuani,Kennen,Sivir,Rell,2216,1,32,10,94,32,10,7.0,0.0,0.0,0.0,1.0,,,,0.8664,1.1372,0.0,2.0,3.0,2.0,3.0,0.0,1.0,0.0,1.0,0.0,0.0,,0.0,0.0,1.0,2.0,0.0,,,0.0,1.0,1.0,1.0,8.0,4.0,1.0,1.0,6.0,1.0,1.0,0.0,135140.0,3659.0253,,3120.4332,4052.3285,130.0,3.5199,49.0,1.3267,42.0,293.0,7.9332,71146,47165,1277.0307,,63550.0,0.0951988,2.85,,908.0,187.0,,,29.648,16792.0,18592.0,324.0,14363.0,17349.0,333.0,2429.0,1243.0,-9.0,4.0,10.0,0.0,0.0,0.0,4.0,25861.0,29985.0,529.0,22477.0,29386.0,538.0,3384.0,599.0,-9.0,5.0,10.0,1.0,1.0,1.0,5.0,35632.0,41777.0,712.0,30825.0,41110.0,738.0,4807.0,667.0,-26.0,7.0,15.0,2.0,2.0,3.0,7.0,43482.0,51360.0,877.0,39958.0,51208.0,893.0,3524.0,152.0,-16.0,9.0,22.0,4.0,4.0,8.0,9.0
ESPORTSTMNT05_3220604,complete,,EM,2023,Spring,0,2023-04-20 14:58:35,1,13.06,200,Red,team,,,Los Heretics,oe:team:2dfc66b98002c5afad2a98dbf86e350,,Annie,Lucian,Vi,Nautilus,Jinx,Maokai,Zeri,Rakan,Ahri,Jarvan IV,2216,0,10,32,25,10,32,2.0,1.0,0.0,0.0,0.0,,,,0.2708,1.1372,1.0,3.0,2.0,3.0,2.0,0.0,0.0,0.0,2.0,1.0,0.0,,0.0,0.0,0.0,0.0,2.0,,,1.0,1.0,1.0,0.0,4.0,8.0,0.0,0.0,1.0,6.0,0.0,1.0,83538.0,2261.8592,,4288.1318,4618.8087,116.0,3.1408,67.0,1.8141,39.0,350.0,9.4765,59674,35693,966.417,,57775.0,-0.0951988,-2.85,,926.0,203.0,,,30.5686,14363.0,17349.0,333.0,16792.0,18592.0,324.0,-2429.0,-1243.0,9.0,0.0,0.0,4.0,4.0,10.0,0.0,22477.0,29386.0,538.0,25861.0,29985.0,529.0,-3384.0,-599.0,9.0,1.0,1.0,5.0,5.0,10.0,1.0,30825.0,41110.0,738.0,35632.0,41777.0,712.0,-4807.0,-667.0,26.0,2.0,3.0,7.0,7.0,15.0,2.0,39958.0,51208.0,893.0,43482.0,51360.0,877.0,-3524.0,-152.0,16.0,4.0,8.0,9.0,9.0,22.0,4.0
ESPORTSTMNT05_3223294,complete,,EM,2023,Spring,0,2023-04-20 16:02:46,2,13.06,1,Blue,top,iBo,oe:player:4bdb80c84e25651b3d62742c0b61f6d,Los Heretics,oe:team:2dfc66b98002c5afad2a98dbf86e350,Gwen,Xayah,Annie,LeBlanc,Rakan,Ahri,,,,,,1402,1,3,3,4,18,5,0.0,0.0,0.0,0.0,0.0,0.0,0.0,1.0,0.7703,0.9843,,,,,,,,,,,,,,,,,,,,,0.0,0.0,,,,,,,,0.0,0.0,11123.0,476.02,0.200592,691.3695,469.1298,9.0,0.3852,5.0,0.214,5.0,28.0,1.1983,9660,6524,279.2011,0.190923,9225.0,,,195.0,195.0,0.0,,,8.3452,3022.0,4141.0,76.0,3936.0,4769.0,76.0,-914.0,-628.0,0.0,0.0,2.0,2.0,2.0,0.0,1.0,4735.0,6513.0,114.0,6295.0,7541.0,122.0,-1560.0,-1028.0,-8.0,0.0,3.0,3.0,3.0,0.0,1.0,7064.0,9505.0,156.0,8397.0,10689.0,180.0,-1333.0,-1184.0,-24.0,1.0,3.0,3.0,3.0,0.0,1.0,,,,,,,,,,,,,,,
ESPORTSTMNT05_3223294,complete,,EM,2023,Spring,0,2023-04-20 16:02:46,2,13.06,2,Blue,jng,bluerzor,oe:player:0973ddfd8ce96a62e85badbe503d163,Los Heretics,oe:team:2dfc66b98002c5afad2a98dbf86e350,Maokai,Xayah,Annie,LeBlanc,Rakan,Ahri,,,,,,1402,1,1,0,16,18,5,0.0,0.0,0.0,0.0,0.0,0.0,0.0,0.0,0.7703,0.9843,,,,,,,,,,,,,,,,,,,,,1.0,0.0,,,,,,,,0.0,0.0,7759.0,332.0542,0.139925,768.6591,668.816,10.0,0.428,5.0,0.214,8.0,36.0,1.5407,8330,5194,222.2825,0.152002,7150.0,,,109.0,13.0,96.0,,,4.6648,3061.0,3363.0,55.0,3279.0,3243.0,56.0,-218.0,120.0,-1.0,0.0,4.0,0.0,0.0,2.0,1.0,5073.0,5753.0,84.0,5501.0,5655.0,85.0,-428.0,98.0,-1.0,1.0,5.0,0.0,1.0,3.0,2.0,6875.0,7849.0,101.0,6752.0,7575.0,109.0,123.0,274.0,-8.0,1.0,11.0,0.0,1.0,3.0,3.0,,,,,,,,,,,,,,,
ESPORTSTMNT05_3223294,complete,,EM,2023,Spring,0,2023-04-20 16:02:46,2,13.06,3,Blue,mid,Zwyroo,oe:player:1806cb4175771800d1d1ace2817103c,Los Heretics,oe:team:2dfc66b98002c5afad2a98dbf86e350,Jayce,Xayah,Annie,LeBlanc,Rakan,Ahri,,,,,,1402,1,7,1,5,18,5,1.0,1.0,0.0,0.0,0.0,0.0,0.0,0.0,0.7703,0.9843,,,,,,,,,,,,,,,,,,,,,0.0,0.0,,,,,,,,0.0,0.0,15317.0,655.5064,0.276226,414.2225,286.6904,11.0,0.4708,2.0,0.0856,3.0,24.0,1.0271,13008,9872,422.4822,0.288896,10675.0,,,226.0,214.0,12.0,,,9.6719,4510.0,4630.0,84.0,3061.0,4442.0,76.0,1449.0,188.0,8.0,4.0,0.0,0.0,0.0,1.0,1.0,7920.0,7532.0,141.0,4899.0,7109.0,129.0,3021.0,423.0,12.0,4.0,1.0,1.0,0.0,2.0,2.0,10660.0,11106.0,207.0,6397.0,9223.0,169.0,4263.0,1883.0,38.0,5.0,2.0,1.0,0.0,2.0,4.0,,,,,,,,,,,,,,,
ESPORTSTMNT05_3223294,complete,,EM,2023,Spring,0,2023-04-20 16:02:46,2,13.06,4,Blue,bot,Flakked,oe:player:717bb4d71a2dab54e7020b1a8fde420,Los Heretics,oe:team:2dfc66b98002c5afad2a98dbf86e350,Jinx,Xayah,Annie,LeBlanc,Rakan,Ahri,,,,,,1402,1,7,0,4,18,5,1.0,1.0,0.0,0.0,0.0,0.0,0.0,0.0,0.7703,0.9843,,,,,,,,,,,,,,,,,,,,,0.0,0.0,,,,,,,,1.0,0.0,17089.0,731.3409,0.308182,320.6705,186.3766,13.0,0.5563,5.0,0.214,4.0,24.0,1.0271,12449,9313,398.5592,0.272538,10375.0,,,253.0,227.0,26.0,,,10.8274,3529.0,3414.0,85.0,3175.0,3410.0,83.0,354.0,4.0,2.0,0.0,1.0,0.0,0.0,0.0,0.0,6251.0,6524.0,154.0,5164.0,6049.0,148.0,1087.0,475.0,6.0,1.0,1.0,0.0,0.0,0.0,0.0,9679.0,9351.0,216.0,7107.0,8595.0,201.0,2572.0,756.0,15.0,5.0,2.0,0.0,0.0,0.0,1.0,,,,,,,,,,,,,,,
ESPORTSTMNT05_3223294,complete,,EM,2023,Spring,0,2023-04-20 16:02:46,2,13.06,5,Blue,sup,marlon,oe:player:e1ddc411cd92f26392b707a48e5c700,Los Heretics,oe:team:2dfc66b98002c5afad2a98dbf86e350,Thresh,Xayah,Annie,LeBlanc,Rakan,Ahri,,,,,,1402,1,0,1,17,18,5,0.0,0.0,0.0,0.0,0.0,0.0,0.0,0.0,0.7703,0.9843,,,,,,,,,,,,,,,,,,,,,0.0,0.0,,,,,,,,0.0,0.0,4163.0,178.1598,0.0750753,368.7732,295.9772,31.0,1.3267,8.0,0.3424,10.0,62.0,2.6534,6404,3268,139.8573,0.0956415,5570.0,,,31.0,31.0,0.0,,,1.3267,2255.0,2593.0,14.0,2034.0,2215.0,13.0,221.0,378.0,1.0,0.0,4.0,0.0,0.0,0.0,1.0,3441.0,4210.0,23.0,3204.0,3731.0,25.0,237.0,479.0,-2.0,0.0,6.0,0.0,0.0,0.0,1.0,5138.0,5854.0,30.0,4158.0,4363.0,31.0,980.0,1491.0,-1.0,0.0,12.0,0.0,0.0,0.0,3.0,,,,,,,,,,,,,,,
ESPORTSTMNT05_3223294,complete,,EM,2023,Spring,0,2023-04-20 16:02:46,2,13.06,6,Red,top,Ragner,oe:player:c0f78343a2ad4ba1463245d53a3b440,Team GO,oe:team:8d538207b9de9d20e1a525aae593515,Malphite,Varus,Lissandra,Vi,Sylas,Rumble,,,,,,1402,0,3,2,0,5,18,0.0,0.0,0.0,0.0,1.0,1.0,0.0,0.0,0.214,0.9843,,,,,,,,,,,,,,,,,,,,,0.0,0.0,,,,,,,,0.0,0.0,8054.0,344.679,0.251154,459.5863,762.8388,10.0,0.428,3.0,0.1284,3.0,23.0,0.9843,9488,6352,271.8402,0.291865,9475.0,,,194.0,194.0,0.0,,,8.3024,3936.0,4769.0,76.0,3022.0,4141.0,76.0,914.0,628.0,0.0,2.0,0.0,1.0,0.0,2.0,2.0,6295.0,7541.0,122.0,4735.0,6513.0,114.0,1560.0,1028.0,8.0,3.0,0.0,1.0,0.0,3.0,3.0,8397.0,10689.0,180.0,7064.0,9505.0,156.0,1333.0,1184.0,24.0,3.0,0.0,1.0,1.0,3.0,3.0,,,,,,,,,,,,,,,
ESPORTSTMNT05_3223294,complete,,EM,2023,Spring,0,2023-04-20 16:02:46,2,13.06,7,Red,jng,Lyncas,oe:player:ca9701f085966dfca32e31b1b1e9d55,Team GO,oe:team:8d538207b9de9d20e1a525aae593515,Wukong,Varus,Lissandra,Vi,Sylas,Rumble,,,,,,1402,0,2,5,3,5,18,0.0,0.0,0.0,0.0,1.0,0.0,1.0,0.0,0.214,0.9843,,,,,,,,,,,,,,,,,,,,,0.0,1.0,,,,,,,,0.0,0.0,7986.0,341.7689,0.249033,966.5906,586.776,6.0,0.2568,3.0,0.1284,4.0,27.0,1.1555,7719,4583,196.1341,0.210586,7150.0,,,114.0,3.0,111.0,,,4.8787,3279.0,3243.0,56.0,3061.0,3363.0,55.0,218.0,-120.0,1.0,0.0,2.0,1.0,0.0,4.0,0.0,5501.0,5655.0,85.0,5073.0,5753.0,84.0,428.0,-98.0,1.0,1.0,3.0,2.0,1.0,5.0,0.0,6752.0,7575.0,109.0,6875.0,7849.0,101.0,-123.0,-274.0,8.0,1.0,3.0,3.0,1.0,11.0,0.0,,,,,,,,,,,,,,,
ESPORTSTMNT05_3223294,complete,,EM,2023,Spring,0,2023-04-20 16:02:46,2,13.06,8,Red,mid,Toucouille,oe:player:525ac233cf71bc36a611e27a324144f,Team GO,oe:team:8d538207b9de9d20e1a525aae593515,Gragas,Varus,Lissandra,Vi,Sylas,Rumble,,,,,,1402,0,0,5,2,5,18,0.0,0.0,0.0,0.0,0.0,0.0,0.0,0.0,0.214,0.9843,,,,,,,,,,,,,,,,,,,,,0.0,0.0,,,,,,,,0.0,0.0,7654.0,327.5606,0.23868,787.4893,542.6961,6.0,0.2568,4.0,0.1712,2.0,16.0,0.6847,7085,3949,169.0014,0.181456,7000.0,,,174.0,170.0,4.0,,,7.4465,3061.0,4442.0,76.0,4510.0,4630.0,84.0,-1449.0,-188.0,-8.0,0.0,1.0,1.0,4.0,0.0,0.0,4899.0,7109.0,129.0,7920.0,7532.0,141.0,-3021.0,-423.0,-12.0,0.0,2.0,2.0,4.0,1.0,1.0,6397.0,9223.0,169.0,10660.0,11106.0,207.0,-4263.0,-1883.0,-38.0,0.0,2.0,4.0,5.0,2.0,1.0,,,,,,,,,,,,,,,
ESPORTSTMNT05_3223294,complete,,EM,2023,Spring,0,2023-04-20 16:02:46,2,13.06,9,Red,bot,Jezu,oe:player:4817d93e8f26002377aec42233b3fc2,Team GO,oe:team:8d538207b9de9d20e1a525aae593515,Zeri,Varus,Lissandra,Vi,Sylas,Rumble,,,,,,1402,0,0,2,0,5,18,0.0,0.0,0.0,0.0,0.0,0.0,0.0,0.0,0.214,0.9843,,,,,,,,,,,,,,,,,,,,,0.0,0.0,,,,,,,,0.0,1.0,5102.0,218.3452,0.159099,540.3852,357.903,12.0,0.5136,7.0,0.2996,5.0,32.0,1.3695,8371,5235,224.0371,0.240543,8175.0,,,235.0,226.0,9.0,,,10.0571,3175.0,3410.0,83.0,3529.0,3414.0,85.0,-354.0,-4.0,-2.0,0.0,0.0,0.0,0.0,1.0,0.0,5164.0,6049.0,148.0,6251.0,6524.0,154.0,-1087.0,-475.0,-6.0,0.0,0.0,0.0,1.0,1.0,0.0,7107.0,8595.0,201.0,9679.0,9351.0,216.0,-2572.0,-756.0,-15.0,0.0,0.0,1.0,5.0,2.0,0.0,,,,,,,,,,,,,,,
ESPORTSTMNT05_3223294,complete,,EM,2023,Spring,0,2023-04-20 16:02:46,2,13.06,10,Red,sup,kamilius,oe:player:7aa0aebd379414d25f1fcdc396407f1,Team GO,oe:team:8d538207b9de9d20e1a525aae593515,Renata Glasc,Varus,Lissandra,Vi,Sylas,Rumble,,,,,,1402,0,0,4,0,5,18,0.0,0.0,0.0,0.0,0.0,0.0,0.0,0.0,0.214,0.9843,,,,,,,,,,,,,,,,,,,,,0.0,0.0,,,,,,,,0.0,0.0,3272.0,140.0285,0.102033,417.6462,200.8845,29.0,1.2411,8.0,0.3424,8.0,60.0,2.5678,4780,1644,70.3566,0.0755502,4550.0,,,32.0,32.0,0.0,,,1.3695,2034.0,2215.0,13.0,2255.0,2593.0,14.0,-221.0,-378.0,-1.0,0.0,0.0,1.0,0.0,4.0,0.0,3204.0,3731.0,25.0,3441.0,4210.0,23.0,-237.0,-479.0,2.0,0.0,0.0,1.0,0.0,6.0,0.0,4158.0,4363.0,31.0,5138.0,5854.0,30.0,-980.0,-1491.0,1.0,0.0,0.0,3.0,0.0,12.0,0.0,,,,,,,,,,,,,,,
ESPORTSTMNT05_3223294,complete,,EM,2023,Spring,0,2023-04-20 16:02:46,2,13.06,100,Blue,team,,,Los Heretics,oe:team:2dfc66b98002c5afad2a98dbf86e350,,Xayah,Annie,LeBlanc,Rakan,Ahri,Jayce,Maokai,Jinx,Thresh,Gwen,1402,1,18,5,46,18,5,2.0,2.0,0.0,0.0,0.0,,,,0.7703,0.9843,1.0,3.0,0.0,3.0,0.0,0.0,0.0,0.0,1.0,1.0,1.0,,0.0,0.0,0.0,1.0,1.0,,,1.0,1.0,0.0,1.0,10.0,2.0,1.0,1.0,7.0,4.0,1.0,0.0,55451.0,2373.0813,,2563.6947,1906.99,74.0,3.1669,25.0,1.0699,30.0,174.0,7.4465,49851,34173,1462.4679,,42995.0,0.167496,2.08,,680.0,134.0,,,34.8359,16377.0,18141.0,314.0,15485.0,18079.0,304.0,892.0,62.0,10.0,4.0,11.0,2.0,2.0,3.0,4.0,27420.0,30532.0,516.0,25063.0,30085.0,509.0,2357.0,447.0,7.0,6.0,16.0,4.0,4.0,5.0,6.0,39416.0,43665.0,710.0,32811.0,40445.0,690.0,6605.0,3220.0,20.0,12.0,30.0,4.0,4.0,5.0,12.0,,,,,,,,,,,,,,,
ESPORTSTMNT05_3223294,complete,,EM,2023,Spring,0,2023-04-20 16:02:46,2,13.06,200,Red,team,,,Team GO,oe:team:8d538207b9de9d20e1a525aae593515,,Varus,Lissandra,Vi,Sylas,Rumble,Zeri,Wukong,Malphite,Gragas,Renata Glasc,1402,0,5,18,5,5,18,0.0,0.0,0.0,0.0,1.0,,,,0.214,0.9843,0.0,0.0,3.0,0.0,3.0,0.0,0.0,0.0,0.0,0.0,0.0,,0.0,0.0,1.0,1.0,1.0,,,0.0,0.0,1.0,0.0,2.0,10.0,0.0,0.0,4.0,7.0,0.0,1.0,32068.0,1372.3823,,3171.6976,2451.0984,63.0,2.6961,25.0,1.0699,22.0,158.0,6.7618,37443,21765,931.4551,,36350.0,-0.167496,-2.08,,625.0,124.0,,,32.0542,15485.0,18079.0,304.0,16377.0,18141.0,314.0,-892.0,-62.0,-10.0,2.0,3.0,4.0,4.0,11.0,2.0,25063.0,30085.0,509.0,27420.0,30532.0,516.0,-2357.0,-447.0,-7.0,4.0,5.0,6.0,6.0,16.0,4.0,32811.0,40445.0,690.0,39416.0,43665.0,710.0,-6605.0,-3220.0,-20.0,4.0,5.0,12.0,12.0,30.0,4.0,,,,,,,,,,,,,,,
ESPORTSTMNT05_3222594,complete,,EM,2023,Spring,0,2023-04-20 16:47:12,3,13.06,1,Blue,top,Ragner,oe:player:c0f78343a2ad4ba1463245d53a3b440,Team GO,oe:team:8d538207b9de9d20e1a525aae593515,Olaf,Varus,Malphite,Xayah,Thresh,Jax,,,,,,1622,0,4,3,3,11,20,0.0,0.0,0.0,0.0,1.0,0.0,1.0,0.0,0.4069,1.1467,,,,,,,,,,,,,,,,,,,,,0.0,0.0,,,,,,,,0.0,1.0,20116.0,744.1184,0.318296,717.5586,866.2639,14.0,0.5179,4.0,0.148,5.0,34.0,1.2577,11275,7691,284.5006,0.281791,11275.0,,,231.0,223.0,8.0,,,8.545,3774.0,4867.0,91.0,2975.0,4196.0,64.0,799.0,671.0,27.0,0.0,1.0,0.0,0.0,0.0,1.0,6427.0,7905.0,147.0,4687.0,6686.0,107.0,1740.0,1219.0,40.0,0.0,2.0,0.0,0.0,0.0,2.0,8870.0,10250.0,189.0,7725.0,8741.0,141.0,1145.0,1509.0,48.0,3.0,3.0,1.0,1.0,1.0,4.0,10343.0,11909.0,225.0,9894.0,12406.0,186.0,449.0,-497.0,39.0,3.0,3.0,2.0,1.0,1.0,4.0
ESPORTSTMNT05_3222594,complete,,EM,2023,Spring,0,2023-04-20 16:47:12,3,13.06,2,Blue,jng,Lyncas,oe:player:ca9701f085966dfca32e31b1b1e9d55,Team GO,oe:team:8d538207b9de9d20e1a525aae593515,Vi,Varus,Malphite,Xayah,Thresh,Jax,,,,,,1622,0,1,5,9,11,20,0.0,0.0,0.0,0.0,1.0,0.0,1.0,0.0,0.4069,1.1467,,,,,,,,,,,,,,,,,,,,,0.0,0.0,,,,,,,,0.0,0.0,6228.0,230.3822,0.0985459,890.6782,1006.4242,10.0,0.3699,6.0,0.2219,8.0,31.0,1.1467,7690,4106,151.8866,0.150432,7400.0,,,109.0,6.0,103.0,,,4.0321,3159.0,2875.0,41.0,2800.0,2631.0,46.0,359.0,244.0,-5.0,1.0,2.0,1.0,0.0,1.0,1.0,4775.0,5119.0,68.0,4437.0,4491.0,65.0,338.0,628.0,3.0,1.0,3.0,2.0,1.0,3.0,1.0,6409.0,7327.0,96.0,5989.0,6296.0,79.0,420.0,1031.0,17.0,1.0,8.0,3.0,1.0,5.0,2.0,7390.0,8333.0,109.0,8646.0,9038.0,98.0,-1256.0,-705.0,11.0,1.0,8.0,4.0,4.0,5.0,2.0
ESPORTSTMNT05_3222594,complete,,EM,2023,Spring,0,2023-04-20 16:47:12,3,13.06,3,Blue,mid,Toucouille,oe:player:525ac233cf71bc36a611e27a324144f,Team GO,oe:team:8d538207b9de9d20e1a525aae593515,Ahri,Varus,Malphite,Xayah,Thresh,Jax,,,,,,1622,0,2,3,5,11,20,0.0,0.0,0.0,0.0,1.0,1.0,0.0,0.0,0.4069,1.1467,,,,,,,,,,,,,,,,,,,,,0.0,1.0,,,,,,,,0.0,0.0,14341.0,530.4932,0.226918,545.0678,266.3009,9.0,0.3329,3.0,0.111,7.0,24.0,0.8878,9255,5671,209.7781,0.207775,9160.0,,,207.0,203.0,4.0,,,7.6572,3806.0,4285.0,81.0,3683.0,4244.0,76.0,123.0,41.0,5.0,2.0,0.0,0.0,2.0,1.0,1.0,5398.0,6302.0,123.0,5988.0,7316.0,137.0,-590.0,-1014.0,-14.0,2.0,0.0,1.0,2.0,4.0,1.0,7364.0,8459.0,158.0,8050.0,10280.0,184.0,-686.0,-1821.0,-26.0,2.0,5.0,1.0,2.0,6.0,1.0,8857.0,10796.0,198.0,10290.0,13534.0,233.0,-1433.0,-2738.0,-35.0,2.0,5.0,1.0,2.0,8.0,1.0
ESPORTSTMNT05_3222594,complete,,EM,2023,Spring,0,2023-04-20 16:47:12,3,13.06,4,Blue,bot,Jezu,oe:player:4817d93e8f26002377aec42233b3fc2,Team GO,oe:team:8d538207b9de9d20e1a525aae593515,Zeri,Varus,Malphite,Xayah,Thresh,Jax,,,,,,1622,0,3,5,3,11,20,0.0,0.0,0.0,0.0,0.0,0.0,0.0,0.0,0.4069,1.1467,,,,,,,,,,,,,,,,,,,,,0.0,0.0,,,,,,,,0.0,2.0,18104.0,669.6917,0.28646,614.9815,426.6954,12.0,0.4439,9.0,0.3329,4.0,39.0,1.4427,11028,7444,275.3637,0.27274,11375.0,,,225.0,209.0,16.0,,,8.3231,3419.0,3520.0,70.0,4081.0,3330.0,83.0,-662.0,190.0,-13.0,1.0,1.0,1.0,1.0,2.0,0.0,5188.0,5336.0,109.0,7911.0,5949.0,138.0,-2723.0,-613.0,-29.0,2.0,1.0,3.0,5.0,2.0,0.0,8397.0,8151.0,165.0,10639.0,7970.0,179.0,-2242.0,181.0,-14.0,3.0,2.0,3.0,6.0,3.0,1.0,10291.0,10487.0,215.0,13392.0,11735.0,242.0,-3101.0,-1248.0,-27.0,3.0,2.0,4.0,6.0,6.0,1.0
ESPORTSTMNT05_3222594,complete,,EM,2023,Spring,0,2023-04-20 16:47:12,3,13.06,5,Blue,sup,kamilius,oe:player:7aa0aebd379414d25f1fcdc396407f1,Team GO,oe:team:8d538207b9de9d20e1a525aae593515,Lulu,Varus,Malphite,Xayah,Thresh,Jax,,,,,,1622,0,1,4,7,11,20,0.0,0.0,0.0,0.0,0.0,0.0,0.0,0.0,0.4069,1.1467,,,,,,,,,,,,,,,,,,,,,0.0,0.0,,,,,,,,0.0,0.0,4410.0,163.1319,0.0697796,308.545,162.5771,38.0,1.4057,7.0,0.2589,13.0,74.0,2.7374,5966,2382,88.1134,0.087262,5325.0,,,13.0,13.0,0.0,,,0.4809,2387.0,1507.0,4.0,2460.0,2434.0,15.0,-73.0,-927.0,-11.0,0.0,2.0,2.0,1.0,1.0,1.0,3446.0,3003.0,9.0,3837.0,3602.0,23.0,-391.0,-599.0,-14.0,0.0,2.0,3.0,1.0,5.0,1.0,4827.0,4387.0,10.0,5012.0,4744.0,28.0,-185.0,-357.0,-18.0,1.0,6.0,3.0,1.0,7.0,2.0,5630.0,5521.0,13.0,6330.0,6670.0,31.0,-700.0,-1149.0,-18.0,1.0,6.0,3.0,1.0,9.0,2.0
ESPORTSTMNT05_3222594,complete,,EM,2023,Spring,0,2023-04-20 16:47:12,3,13.06,6,Red,top,iBo,oe:player:4bdb80c84e25651b3d62742c0b61f6d,Los Heretics,oe:team:2dfc66b98002c5afad2a98dbf86e350,Garen,Annie,Jayce,Lucian,Rakan,Kennen,,,,,,1622,1,3,4,3,20,11,1.0,0.0,0.0,0.0,0.0,0.0,0.0,1.0,0.7398,1.1467,,,,,,,,,,,,,,,,,,,,,0.0,0.0,,,,,,,,1.0,0.0,9966.0,368.656,0.153073,830.7522,736.4612,6.0,0.2219,5.0,0.185,2.0,20.0,0.7398,11349,7765,287.238,0.20815,9750.0,,,198.0,186.0,12.0,,,7.3243,2975.0,4196.0,64.0,3774.0,4867.0,91.0,-799.0,-671.0,-27.0,0.0,0.0,1.0,0.0,1.0,0.0,4687.0,6686.0,107.0,6427.0,7905.0,147.0,-1740.0,-1219.0,-40.0,0.0,0.0,2.0,0.0,2.0,0.0,7725.0,8741.0,141.0,8870.0,10250.0,189.0,-1145.0,-1509.0,-48.0,1.0,1.0,4.0,3.0,3.0,1.0,9894.0,12406.0,186.0,10343.0,11909.0,225.0,-449.0,497.0,-39.0,1.0,1.0,4.0,3.0,3.0,2.0
ESPORTSTMNT05_3222594,complete,,EM,2023,Spring,0,2023-04-20 16:47:12,3,13.06,7,Red,jng,bluerzor,oe:player:0973ddfd8ce96a62e85badbe503d163,Los Heretics,oe:team:2dfc66b98002c5afad2a98dbf86e350,Maokai,Annie,Jayce,Lucian,Rakan,Kennen,,,,,,1622,1,5,2,8,20,11,1.0,1.0,0.0,0.0,0.0,0.0,0.0,0.0,0.7398,1.1467,,,,,,,,,,,,,,,,,,,,,0.0,0.0,,,,,,,,0.0,0.0,8677.0,320.9741,0.133275,784.476,675.4994,11.0,0.4069,4.0,0.148,9.0,29.0,1.0727,9786,6202,229.4205,0.166249,7625.0,,,104.0,19.0,85.0,,,3.8471,2800.0,2631.0,46.0,3159.0,2875.0,41.0,-359.0,-244.0,5.0,0.0,1.0,1.0,1.0,2.0,1.0,4437.0,4491.0,65.0,4775.0,5119.0,68.0,-338.0,-628.0,-3.0,1.0,3.0,1.0,1.0,3.0,2.0,5989.0,6296.0,79.0,6409.0,7327.0,96.0,-420.0,-1031.0,-17.0,1.0,5.0,2.0,1.0,8.0,3.0,8646.0,9038.0,98.0,7390.0,8333.0,109.0,1256.0,705.0,-11.0,4.0,5.0,2.0,1.0,8.0,4.0
ESPORTSTMNT05_3222594,complete,,EM,2023,Spring,0,2023-04-20 16:47:12,3,13.06,8,Red,mid,Zwyroo,oe:player:1806cb4175771800d1d1ace2817103c,Los Heretics,oe:team:2dfc66b98002c5afad2a98dbf86e350,Lissandra,Annie,Jayce,Lucian,Rakan,Kennen,,,,,,1622,1,2,2,11,20,11,0.0,0.0,0.0,0.0,0.0,0.0,0.0,0.0,0.7398,1.1467,,,,,,,,,,,,,,,,,,,,,1.0,0.0,,,,,,,,0.0,0.0,11563.0,427.7312,0.177603,626.2269,444.5993,7.0,0.2589,14.0,0.5179,4.0,40.0,1.4797,11246,7662,283.4279,0.205388,10200.0,,,249.0,241.0,8.0,,,9.2109,3683.0,4244.0,76.0,3806.0,4285.0,81.0,-123.0,-41.0,-5.0,2.0,1.0,1.0,2.0,0.0,0.0,5988.0,7316.0,137.0,5398.0,6302.0,123.0,590.0,1014.0,14.0,2.0,4.0,1.0,2.0,0.0,1.0,8050.0,10280.0,184.0,7364.0,8459.0,158.0,686.0,1821.0,26.0,2.0,6.0,1.0,2.0,5.0,1.0,10290.0,13534.0,233.0,8857.0,10796.0,198.0,1433.0,2738.0,35.0,2.0,8.0,1.0,2.0,5.0,1.0
ESPORTSTMNT05_3222594,complete,,EM,2023,Spring,0,2023-04-20 16:47:12,3,13.06,9,Red,bot,Flakked,oe:player:717bb4d71a2dab54e7020b1a8fde420,Los Heretics,oe:team:2dfc66b98002c5afad2a98dbf86e350,Jinx,Annie,Jayce,Lucian,Rakan,Kennen,,,,,,1622,1,9,1,8,20,11,1.0,1.0,0.0,0.0,0.0,0.0,0.0,0.0,0.7398,1.1467,,,,,,,,,,,,,,,,,,,,,0.0,0.0,,,,,,,,2.0,0.0,28698.0,1061.5783,0.440789,547.9901,332.2565,14.0,0.5179,6.0,0.2219,6.0,38.0,1.4057,15662,12078,446.7818,0.323772,13550.0,,,266.0,230.0,36.0,,,9.8397,4081.0,3330.0,83.0,3419.0,3520.0,70.0,662.0,-190.0,13.0,1.0,2.0,0.0,1.0,1.0,1.0,7911.0,5949.0,138.0,5188.0,5336.0,109.0,2723.0,613.0,29.0,5.0,2.0,0.0,2.0,1.0,3.0,10639.0,7970.0,179.0,8397.0,8151.0,165.0,2242.0,-181.0,14.0,6.0,3.0,1.0,3.0,2.0,3.0,13392.0,11735.0,242.0,10291.0,10487.0,215.0,3101.0,1248.0,27.0,6.0,6.0,1.0,3.0,2.0,4.0
ESPORTSTMNT05_3222594,complete,,EM,2023,Spring,0,2023-04-20 16:47:12,3,13.06,10,Red,sup,marlon,oe:player:e1ddc411cd92f26392b707a48e5c700,Los Heretics,oe:team:2dfc66b98002c5afad2a98dbf86e350,Tahm Kench,Annie,Jayce,Lucian,Rakan,Kennen,,,,,,1622,1,1,2,15,20,11,0.0,0.0,0.0,0.0,0.0,0.0,0.0,0.0,0.7398,1.1467,,,,,,,,,,,,,,,,,,,,,0.0,0.0,,,,,,,,0.0,0.0,6202.0,229.4205,0.09526,564.0444,591.344,39.0,1.4427,8.0,0.2959,10.0,74.0,2.7374,7182,3598,133.0949,0.0964415,6300.0,,,31.0,31.0,0.0,,,1.1467,2460.0,2434.0,15.0,2387.0,1507.0,4.0,73.0,927.0,11.0,1.0,1.0,1.0,0.0,2.0,2.0,3837.0,3602.0,23.0,3446.0,3003.0,9.0,391.0,599.0,14.0,1.0,5.0,1.0,0.0,2.0,3.0,5012.0,4744.0,28.0,4827.0,4387.0,10.0,185.0,357.0,18.0,1.0,7.0,2.0,1.0,6.0,3.0,6330.0,6670.0,31.0,5630.0,5521.0,13.0,700.0,1149.0,18.0,1.0,9.0,2.0,1.0,6.0,3.0
ESPORTSTMNT05_3222594,complete,,EM,2023,Spring,0,2023-04-20 16:47:12,3,13.06,100,Blue,team,,,Team GO,oe:team:8d538207b9de9d20e1a525aae593515,,Varus,Malphite,Xayah,Thresh,Jax,Vi,Ahri,Zeri,Olaf,Lulu,1622,0,11,20,27,11,20,0.0,0.0,0.0,0.0,1.0,,,,0.4069,1.1467,0.0,0.0,4.0,0.0,4.0,0.0,0.0,0.0,0.0,0.0,0.0,,0.0,0.0,1.0,1.0,1.0,,,0.0,0.0,1.0,1.0,2.0,11.0,0.0,0.0,5.0,7.0,0.0,3.0,63199.0,2337.8175,,3076.8311,2728.2614,83.0,3.0703,29.0,1.0727,37.0,202.0,7.4723,45214,27292,1009.5684,,44535.0,-0.0628534,-1.01,,654.0,131.0,,,29.0382,16545.0,17054.0,287.0,15999.0,16835.0,284.0,546.0,219.0,3.0,4.0,6.0,4.0,4.0,5.0,4.0,25234.0,27665.0,456.0,26860.0,28044.0,470.0,-1626.0,-379.0,-14.0,5.0,8.0,9.0,9.0,14.0,5.0,35867.0,38574.0,618.0,37415.0,38031.0,611.0,-1548.0,543.0,7.0,10.0,24.0,11.0,11.0,22.0,10.0,42511.0,47046.0,760.0,48552.0,53383.0,790.0,-6041.0,-6337.0,-30.0,10.0,24.0,14.0,14.0,29.0,10.0
ESPORTSTMNT05_3222594,complete,,EM,2023,Spring,0,2023-04-20 16:47:12,3,13.06,200,Red,team,,,Los Heretics,oe:team:2dfc66b98002c5afad2a98dbf86e350,,Annie,Jayce,Lucian,Rakan,Kennen,Jinx,Maokai,Lissandra,Tahm Kench,Garen,1622,1,20,11,45,20,11,3.0,2.0,0.0,0.0,0.0,,,,0.7398,1.1467,1.0,4.0,0.0,4.0,0.0,1.0,0.0,1.0,0.0,0.0,2.0,,0.0,0.0,0.0,1.0,1.0,,,1.0,1.0,0.0,0.0,11.0,2.0,1.0,1.0,7.0,5.0,3.0,0.0,65106.0,2408.36,,3353.4895,2780.1603,77.0,2.8483,37.0,1.3687,31.0,201.0,7.4353,55225,37303,1379.889,,47425.0,0.0628534,1.01,,707.0,141.0,,,31.3687,15999.0,16835.0,284.0,16545.0,17054.0,287.0,-546.0,-219.0,-3.0,4.0,5.0,4.0,4.0,6.0,4.0,26860.0,28044.0,470.0,25234.0,27665.0,456.0,1626.0,379.0,14.0,9.0,14.0,5.0,5.0,8.0,9.0,37415.0,38031.0,611.0,35867.0,38574.0,618.0,1548.0,-543.0,-7.0,11.0,22.0,10.0,10.0,24.0,11.0,48552.0,53383.0,790.0,42511.0,47046.0,760.0,6041.0,6337.0,30.0,14.0,29.0,10.0,10.0,24.0,14.0
ESPORTSTMNT05_3220606,complete,,EM,2023,Spring,0,2023-04-20 17:36:44,4,13.06,1,Blue,top,Ragner,oe:player:c0f78343a2ad4ba1463245d53a3b440,Team GO,oe:team:8d538207b9de9d20e1a525aae593515,K'Sante,Varus,Maokai,Vi,Viktor,Malphite,,,,,,2675,1,3,1,17,27,5,0.0,0.0,0.0,0.0,1.0,0.0,1.0,0.0,0.6056,0.7178,,,,,,,,,,,,,,,,,,,,,0.0,0.0,,,,,,,,0.0,0.0,16202.0,363.4093,0.122351,846.2131,1590.0561,24.0,0.5383,8.0,0.1794,9.0,61.0,1.3682,16540,10807,242.4,0.20509,15275.0,,,310.0,302.0,8.0,,,6.9533,3513.0,4306.0,83.0,3136.0,4500.0,78.0,377.0,-194.0,5.0,0.0,3.0,1.0,0.0,2.0,1.0,5547.0,6587.0,125.0,5312.0,6984.0,123.0,235.0,-397.0,2.0,0.0,3.0,1.0,0.0,2.0,1.0,7504.0,9190.0,163.0,7307.0,9542.0,165.0,197.0,-352.0,-2.0,0.0,6.0,1.0,0.0,2.0,2.0,8768.0,10873.0,191.0,9507.0,12623.0,201.0,-739.0,-1750.0,-10.0,0.0,6.0,1.0,1.0,2.0,2.0
ESPORTSTMNT05_3220606,complete,,EM,2023,Spring,0,2023-04-20 17:36:44,4,13.06,2,Blue,jng,Lyncas,oe:player:ca9701f085966dfca32e31b1b1e9d55,Team GO,oe:team:8d538207b9de9d20e1a525aae593515,Wukong,Varus,Maokai,Vi,Viktor,Malphite,,,,,,2675,1,7,1,11,27,5,0.0,0.0,0.0,0.0,1.0,1.0,0.0,0.0,0.6056,0.7178,,,,,,,,,,,,,,,,,,,,,1.0,1.0,,,,,,,,0.0,0.0,21754.0,487.9402,0.164278,846.8636,793.8168,16.0,0.3589,15.0,0.3364,15.0,61.0,1.3682,14930,9197,206.2879,0.174537,14375.0,,,185.0,24.0,161.0,,,4.1495,3815.0,3425.0,65.0,3032.0,3148.0,55.0,783.0,277.0,10.0,2.0,1.0,1.0,0.0,2.0,1.0,5229.0,5326.0,95.0,4436.0,4315.0,75.0,793.0,1011.0,20.0,2.0,1.0,1.0,0.0,2.0,1.0,6590.0,6983.0,111.0,5805.0,6144.0,102.0,785.0,839.0,9.0,3.0,1.0,1.0,0.0,2.0,2.0,7808.0,8740.0,132.0,7579.0,8172.0,121.0,229.0,568.0,11.0,3.0,1.0,1.0,0.0,2.0,2.0
ESPORTSTMNT05_3220606,complete,,EM,2023,Spring,0,2023-04-20 17:36:44,4,13.06,3,Blue,mid,Toucouille,oe:player:525ac233cf71bc36a611e27a324144f,Team GO,oe:team:8d538207b9de9d20e1a525aae593515,Syndra,Varus,Maokai,Vi,Viktor,Malphite,,,,,,2675,1,6,0,8,27,5,1.0,0.0,0.0,0.0,0.0,0.0,0.0,0.0,0.6056,0.7178,,,,,,,,,,,,,,,,,,,,,0.0,1.0,,,,,,,,0.0,1.0,37408.0,839.0579,0.282491,394.7664,259.2673,24.0,0.5383,4.0,0.0897,7.0,31.0,0.6953,17769,12036,269.9664,0.228412,14925.0,,,356.0,346.0,10.0,,,7.985,3174.0,4572.0,91.0,3417.0,4859.0,92.0,-243.0,-287.0,-1.0,0.0,0.0,0.0,0.0,2.0,0.0,5253.0,7373.0,145.0,5059.0,7055.0,135.0,194.0,318.0,10.0,1.0,1.0,0.0,0.0,2.0,0.0,6814.0,9330.0,175.0,6399.0,8724.0,171.0,415.0,606.0,4.0,2.0,2.0,0.0,0.0,2.0,0.0,8165.0,11101.0,208.0,8944.0,11673.0,219.0,-779.0,-572.0,-11.0,2.0,2.0,0.0,0.0,3.0,0.0
ESPORTSTMNT05_3220606,complete,,EM,2023,Spring,0,2023-04-20 17:36:44,4,13.06,4,Blue,bot,Jezu,oe:player:4817d93e8f26002377aec42233b3fc2,Team GO,oe:team:8d538207b9de9d20e1a525aae593515,Jinx,Varus,Maokai,Vi,Viktor,Malphite,,,,,,2675,1,11,2,7,27,5,1.0,0.0,0.0,0.0,0.0,0.0,0.0,0.0,0.6056,0.7178,,,,,,,,,,,,,,,,,,,,,0.0,0.0,,,,,,,,1.0,2.0,50613.0,1135.2449,0.38221,502.385,378.9308,25.0,0.5607,18.0,0.4037,10.0,65.0,1.4579,22265,16532,370.8112,0.313732,22150.0,,,448.0,405.0,43.0,,,10.0486,3450.0,3343.0,84.0,3946.0,3484.0,83.0,-496.0,-141.0,1.0,1.0,0.0,0.0,2.0,0.0,0.0,5794.0,5158.0,128.0,6917.0,4940.0,124.0,-1123.0,218.0,4.0,2.0,0.0,0.0,2.0,0.0,1.0,8323.0,7956.0,192.0,9230.0,7854.0,191.0,-907.0,102.0,1.0,3.0,2.0,0.0,2.0,0.0,1.0,9937.0,9343.0,231.0,11624.0,10339.0,233.0,-1687.0,-996.0,-2.0,3.0,2.0,0.0,2.0,1.0,1.0
ESPORTSTMNT05_3220606,complete,,EM,2023,Spring,0,2023-04-20 17:36:44,4,13.06,5,Blue,sup,kamilius,oe:player:7aa0aebd379414d25f1fcdc396407f1,Team GO,oe:team:8d538207b9de9d20e1a525aae593515,Tahm Kench,Varus,Maokai,Vi,Viktor,Malphite,,,,,,2675,1,0,1,19,27,5,0.0,0.0,0.0,0.0,0.0,0.0,0.0,0.0,0.6056,0.7178,,,,,,,,,,,,,,,,,,,,,0.0,0.0,,,,,,,,0.0,0.0,6445.0,144.5607,0.0486702,380.2766,447.1626,71.0,1.5925,11.0,0.2467,17.0,122.0,2.7364,9855,4122,92.4561,0.0782298,8975.0,,,32.0,32.0,0.0,,,0.7178,2073.0,1937.0,15.0,2203.0,2033.0,13.0,-130.0,-96.0,2.0,0.0,0.0,0.0,0.0,2.0,1.0,3239.0,2952.0,20.0,3341.0,3316.0,21.0,-102.0,-364.0,-1.0,0.0,2.0,0.0,0.0,2.0,2.0,4297.0,4086.0,23.0,4179.0,4208.0,24.0,118.0,-122.0,-1.0,0.0,5.0,0.0,0.0,2.0,3.0,5161.0,5443.0,27.0,5700.0,5922.0,26.0,-539.0,-479.0,1.0,0.0,5.0,1.0,0.0,3.0,3.0
ESPORTSTMNT05_3220606,complete,,EM,2023,Spring,0,2023-04-20 17:36:44,4,13.06,6,Red,top,iBo,oe:player:4bdb80c84e25651b3d62742c0b61f6d,Los Heretics,oe:team:2dfc66b98002c5afad2a98dbf86e350,Gnar,Annie,Jayce,Xayah,Kennen,Blitzcrank,,,,,,2675,0,2,8,3,5,27,0.0,0.0,0.0,0.0,0.0,0.0,0.0,0.0,0.1121,0.7178,,,,,,,,,,,,,,,,,,,,,0.0,0.0,,,,,,,,0.0,0.0,21868.0,490.4972,0.222324,908.2542,1067.7308,22.0,0.4935,19.0,0.4262,8.0,87.0,1.9514,17195,11462,257.0916,0.249123,16933.0,,,328.0,304.0,24.0,,,7.357,3136.0,4500.0,78.0,3513.0,4306.0,83.0,-377.0,194.0,-5.0,0.0,2.0,1.0,0.0,3.0,1.0,5312.0,6984.0,123.0,5547.0,6587.0,125.0,-235.0,397.0,-2.0,0.0,2.0,1.0,0.0,3.0,1.0,7307.0,9542.0,165.0,7504.0,9190.0,163.0,-197.0,352.0,2.0,0.0,2.0,2.0,0.0,6.0,1.0,9507.0,12623.0,201.0,8768.0,10873.0,191.0,739.0,1750.0,10.0,1.0,2.0,2.0,0.0,6.0,1.0
ESPORTSTMNT05_3220606,complete,,EM,2023,Spring,0,2023-04-20 17:36:44,4,13.06,7,Red,jng,bluerzor,oe:player:0973ddfd8ce96a62e85badbe503d163,Los Heretics,oe:team:2dfc66b98002c5afad2a98dbf86e350,Sejuani,Annie,Jayce,Xayah,Kennen,Blitzcrank,,,,,,2675,0,0,5,2,5,27,0.0,0.0,0.0,0.0,0.0,0.0,0.0,1.0,0.1121,0.7178,,,,,,,,,,,,,,,,,,,,,1.0,1.0,,,,,,,,0.0,0.0,8543.0,191.6187,0.0868535,1016.6355,1042.5645,20.0,0.4486,17.0,0.3813,19.0,73.0,1.6374,11413,5680,127.4019,0.123457,10975.0,,,160.0,40.0,120.0,,,3.5888,3032.0,3148.0,55.0,3815.0,3425.0,65.0,-783.0,-277.0,-10.0,0.0,2.0,1.0,2.0,1.0,1.0,4436.0,4315.0,75.0,5229.0,5326.0,95.0,-793.0,-1011.0,-20.0,0.0,2.0,1.0,2.0,1.0,1.0,5805.0,6144.0,102.0,6590.0,6983.0,111.0,-785.0,-839.0,-9.0,0.0,2.0,2.0,3.0,1.0,1.0,7579.0,8172.0,121.0,7808.0,8740.0,132.0,-229.0,-568.0,-11.0,0.0,2.0,2.0,3.0,1.0,1.0
ESPORTSTMNT05_3220606,complete,,EM,2023,Spring,0,2023-04-20 17:36:44,4,13.06,8,Red,mid,Zwyroo,oe:player:1806cb4175771800d1d1ace2817103c,Los Heretics,oe:team:2dfc66b98002c5afad2a98dbf86e350,Ahri,Annie,Jayce,Xayah,Kennen,Blitzcrank,,,,,,2675,0,0,4,3,5,27,0.0,0.0,0.0,0.0,0.0,0.0,0.0,0.0,0.1121,0.7178,,,,,,,,,,,,,,,,,,,,,1.0,0.0,,,,,,,,1.0,0.0,19030.0,426.8411,0.193471,645.1514,421.0093,21.0,0.471,19.0,0.4262,6.0,78.0,1.7495,15551,9818,220.2168,0.213392,14950.0,,,340.0,315.0,25.0,,,7.6262,3417.0,4859.0,92.0,3174.0,4572.0,91.0,243.0,287.0,1.0,0.0,2.0,0.0,0.0,0.0,0.0,5059.0,7055.0,135.0,5253.0,7373.0,145.0,-194.0,-318.0,-10.0,0.0,2.0,0.0,1.0,1.0,0.0,6399.0,8724.0,171.0,6814.0,9330.0,175.0,-415.0,-606.0,-4.0,0.0,2.0,0.0,2.0,2.0,0.0,8944.0,11673.0,219.0,8165.0,11101.0,208.0,779.0,572.0,11.0,0.0,3.0,0.0,2.0,2.0,0.0
ESPORTSTMNT05_3220606,complete,,EM,2023,Spring,0,2023-04-20 17:36:44,4,13.06,9,Red,bot,Flakked,oe:player:717bb4d71a2dab54e7020b1a8fde420,Los Heretics,oe:team:2dfc66b98002c5afad2a98dbf86e350,Aphelios,Annie,Jayce,Xayah,Kennen,Blitzcrank,,,,,,2675,0,3,4,1,5,27,1.0,0.0,0.0,0.0,0.0,0.0,0.0,0.0,0.1121,0.7178,,,,,,,,,,,,,,,,,,,,,0.0,0.0,,,,,,,,2.0,1.0,44061.0,988.2841,0.447952,520.3963,847.2897,19.0,0.4262,27.0,0.6056,6.0,87.0,1.9514,20999,15266,342.415,0.331799,22325.0,,,451.0,361.0,90.0,,,10.1159,3946.0,3484.0,83.0,3450.0,3343.0,84.0,496.0,141.0,-1.0,2.0,0.0,0.0,1.0,0.0,0.0,6917.0,4940.0,124.0,5794.0,5158.0,128.0,1123.0,-218.0,-4.0,2.0,0.0,1.0,2.0,0.0,0.0,9230.0,7854.0,191.0,8323.0,7956.0,192.0,907.0,-102.0,-1.0,2.0,0.0,1.0,3.0,2.0,0.0,11624.0,10339.0,233.0,9937.0,9343.0,231.0,1687.0,996.0,2.0,2.0,1.0,1.0,3.0,2.0,0.0
ESPORTSTMNT05_3220606,complete,,EM,2023,Spring,0,2023-04-20 17:36:44,4,13.06,10,Red,sup,marlon,oe:player:e1ddc411cd92f26392b707a48e5c700,Los Heretics,oe:team:2dfc66b98002c5afad2a98dbf86e350,Thresh,Annie,Jayce,Xayah,Kennen,Blitzcrank,,,,,,2675,0,0,6,5,5,27,0.0,0.0,0.0,0.0,0.0,0.0,0.0,0.0,0.1121,0.7178,,,,,,,,,,,,,,,,,,,,,0.0,0.0,,,,,,,,0.0,0.0,4859.0,108.9869,0.0493997,565.1888,228.9869,70.0,1.5701,11.0,0.2467,22.0,131.0,2.9383,9516,3783,84.8523,0.0822282,9100.0,,,32.0,32.0,0.0,,,0.7178,2203.0,2033.0,13.0,2073.0,1937.0,15.0,130.0,96.0,-2.0,0.0,2.0,1.0,0.0,0.0,0.0,3341.0,3316.0,21.0,3239.0,2952.0,20.0,102.0,364.0,1.0,0.0,2.0,2.0,0.0,2.0,0.0,4179.0,4208.0,24.0,4297.0,4086.0,23.0,-118.0,122.0,1.0,0.0,2.0,3.0,0.0,5.0,0.0,5700.0,5922.0,26.0,5161.0,5443.0,27.0,539.0,479.0,-1.0,0.0,3.0,3.0,0.0,5.0,1.0
ESPORTSTMNT05_3220606,complete,,EM,2023,Spring,0,2023-04-20 17:36:44,4,13.06,100,Blue,team,,,Team GO,oe:team:8d538207b9de9d20e1a525aae593515,,Varus,Maokai,Vi,Viktor,Malphite,Jinx,Syndra,Wukong,Tahm Kench,K'Sante,2675,1,27,5,62,27,5,2.0,0.0,0.0,0.0,1.0,,,,0.6056,0.7178,1.0,5.0,2.0,4.0,2.0,0.0,1.0,0.0,1.0,0.0,2.0,,1.0,0.0,0.0,0.0,2.0,,,0.0,1.0,2.0,0.0,8.0,9.0,0.0,0.0,3.0,8.0,1.0,3.0,132422.0,2970.2131,,2970.5047,3469.2336,160.0,3.5888,56.0,1.2561,58.0,340.0,7.6262,81359,52696,1181.9664,,75700.0,0.0188955,0.28,,1109.0,222.0,,,29.8542,16025.0,17583.0,338.0,15734.0,18024.0,321.0,291.0,-441.0,17.0,3.0,4.0,2.0,2.0,8.0,3.0,25062.0,27396.0,513.0,25065.0,26610.0,478.0,-3.0,786.0,35.0,5.0,7.0,2.0,2.0,8.0,5.0,33528.0,37545.0,664.0,32920.0,36472.0,653.0,608.0,1073.0,11.0,8.0,16.0,2.0,2.0,8.0,8.0,39839.0,45500.0,789.0,43354.0,48729.0,800.0,-3515.0,-3229.0,-11.0,8.0,16.0,3.0,3.0,11.0,8.0
ESPORTSTMNT05_3220606,complete,,EM,2023,Spring,0,2023-04-20 17:36:44,4,13.06,200,Red,team,,,Los Heretics,oe:team:2dfc66b98002c5afad2a98dbf86e350,,Annie,Jayce,Xayah,Kennen,Blitzcrank,Aphelios,Sejuani,Thresh,Ahri,Gnar,2675,0,5,27,14,5,27,1.0,0.0,0.0,0.0,0.0,,,,0.1121,0.7178,0.0,2.0,5.0,2.0,4.0,0.0,0.0,0.0,0.0,0.0,2.0,,0.0,1.0,1.0,2.0,0.0,,,1.0,2.0,1.0,1.0,9.0,8.0,1.0,1.0,8.0,3.0,3.0,1.0,98361.0,2206.228,,3655.6262,3607.5813,152.0,3.4093,93.0,2.086,61.0,456.0,10.228,74674,46011,1032.0224,,74283.0,-0.0188955,-0.28,,1052.0,259.0,,,29.4056,15734.0,18024.0,321.0,16025.0,17583.0,338.0,-291.0,441.0,-17.0,2.0,8.0,3.0,3.0,4.0,2.0,25065.0,26610.0,478.0,25062.0,27396.0,513.0,3.0,-786.0,-35.0,2.0,8.0,5.0,5.0,7.0,2.0,32920.0,36472.0,653.0,33528.0,37545.0,664.0,-608.0,-1073.0,-11.0,2.0,8.0,8.0,8.0,16.0,2.0,43354.0,48729.0,800.0,39839.0,45500.0,789.0,3515.0,3229.0,11.0,3.0,11.0,8.0,8.0,16.0,3.0
ESPORTSTMNT05_3220607,complete,,EM,2023,Spring,0,2023-04-20 18:45:20,5,13.06,1,Blue,top,,,Los Heretics,oe:team:2dfc66b98002c5afad2a98dbf86e350,Rumble,Xayah,Lucian,Annie,Syndra,Orianna,,,,,,1777,1,2,1,6,16,1,0.0,0.0,0.0,0.0,0.0,0.0,0.0,0.0,0.5402,0.574,,,,,,,,,,,,,,,,,,,,,0.0,0.0,,,,,,,,0.0,0.0,24193.0,816.8711,0.338255,450.3208,473.5847,10.0,0.3376,8.0,0.2701,5.0,39.0,1.3168,13274,9373,316.4772,0.230736,12225.0,,,250.0,230.0,20.0,,,8.4412,3901.0,5079.0,92.0,3387.0,5136.0,73.0,514.0,-57.0,19.0,0.0,1.0,1.0,1.0,0.0,1.0,5668.0,7597.0,139.0,4975.0,7762.0,121.0,693.0,-165.0,18.0,0.0,1.0,1.0,1.0,0.0,1.0,7632.0,10008.0,187.0,6112.0,9585.0,148.0,1520.0,423.0,39.0,0.0,1.0,1.0,1.0,0.0,1.0,10213.0,12922.0,216.0,7080.0,10998.0,169.0,3133.0,1924.0,47.0,1.0,3.0,1.0,1.0,0.0,2.0
ESPORTSTMNT05_3220607,complete,,EM,2023,Spring,0,2023-04-20 18:45:20,5,13.06,2,Blue,jng,,,Los Heretics,oe:team:2dfc66b98002c5afad2a98dbf86e350,Vi,Xayah,Lucian,Annie,Syndra,Orianna,,,,,,1777,1,4,0,4,16,1,1.0,0.0,0.0,0.0,0.0,0.0,0.0,0.0,0.5402,0.574,,,,,,,,,,,,,,,,,,,,,1.0,0.0,,,,,,,,0.0,0.0,5409.0,182.6337,0.075626,693.9336,938.897,13.0,0.4389,8.0,0.2701,15.0,56.0,1.8908,10177,6276,211.9077,0.154499,9250.0,,,147.0,25.0,122.0,,,4.9634,3617.0,3841.0,70.0,2937.0,3250.0,59.0,680.0,591.0,11.0,1.0,0.0,0.0,0.0,0.0,0.0,5146.0,5562.0,99.0,4271.0,5260.0,88.0,875.0,302.0,11.0,1.0,0.0,0.0,0.0,0.0,0.0,6476.0,6910.0,119.0,5543.0,7371.0,111.0,933.0,-461.0,8.0,1.0,0.0,0.0,0.0,0.0,0.0,8087.0,8998.0,130.0,6466.0,8441.0,119.0,1621.0,557.0,11.0,2.0,1.0,0.0,0.0,0.0,1.0
ESPORTSTMNT05_3220607,complete,,EM,2023,Spring,0,2023-04-20 18:45:20,5,13.06,3,Blue,mid,Zwyroo,oe:player:1806cb4175771800d1d1ace2817103c,Los Heretics,oe:team:2dfc66b98002c5afad2a98dbf86e350,Lissandra,Xayah,Lucian,Annie,Syndra,Orianna,,,,,,1777,1,2,0,10,16,1,0.0,0.0,0.0,0.0,1.0,0.0,1.0,0.0,0.5402,0.574,,,,,,,,,,,,,,,,,,,,,0.0,0.0,,,,,,,,1.0,0.0,12765.0,431.0073,0.178474,432.7293,315.8357,13.0,0.4389,14.0,0.4727,5.0,57.0,1.9246,11681,7780,262.6899,0.191522,10325.0,,,208.0,204.0,4.0,,,7.0231,3115.0,4427.0,79.0,3377.0,4955.0,100.0,-262.0,-528.0,-21.0,0.0,1.0,0.0,0.0,0.0,0.0,5095.0,7125.0,131.0,5008.0,7435.0,152.0,87.0,-310.0,-21.0,0.0,1.0,0.0,0.0,0.0,0.0,6743.0,9133.0,165.0,6571.0,9427.0,192.0,172.0,-294.0,-27.0,0.0,1.0,0.0,0.0,0.0,0.0,9135.0,12452.0,188.0,7829.0,12381.0,223.0,1306.0,71.0,-35.0,1.0,4.0,0.0,0.0,0.0,1.0
ESPORTSTMNT05_3220607,complete,,EM,2023,Spring,0,2023-04-20 18:45:20,5,13.06,4,Blue,bot,Flakked,oe:player:717bb4d71a2dab54e7020b1a8fde420,Los Heretics,oe:team:2dfc66b98002c5afad2a98dbf86e350,Draven,Xayah,Lucian,Annie,Syndra,Orianna,,,,,,1777,1,5,0,8,16,1,0.0,0.0,0.0,0.0,1.0,1.0,0.0,0.0,0.5402,0.574,,,,,,,,,,,,,,,,,,,,,0.0,0.0,,,,,,,,0.0,0.0,25101.0,847.5295,0.35095,354.1587,420.7428,11.0,0.3714,5.0,0.1688,2.0,43.0,1.4519,17251,13350,450.7597,0.328635,15850.0,,,302.0,253.0,49.0,,,10.197,4214.0,3584.0,91.0,3163.0,3311.0,84.0,1051.0,273.0,7.0,1.0,0.0,0.0,0.0,0.0,0.0,7206.0,6508.0,149.0,4890.0,5340.0,146.0,2316.0,1168.0,3.0,1.0,0.0,0.0,0.0,0.0,0.0,9421.0,9403.0,206.0,6929.0,7381.0,204.0,2492.0,2022.0,2.0,1.0,0.0,0.0,0.0,0.0,0.0,13235.0,12605.0,261.0,8474.0,8934.0,244.0,4761.0,3671.0,17.0,2.0,3.0,0.0,0.0,0.0,1.0
ESPORTSTMNT05_3220607,complete,,EM,2023,Spring,0,2023-04-20 18:45:20,5,13.06,5,Blue,sup,marlon,oe:player:e1ddc411cd92f26392b707a48e5c700,Los Heretics,oe:team:2dfc66b98002c5afad2a98dbf86e350,Pyke,Xayah,Lucian,Annie,Syndra,Orianna,,,,,,1777,1,3,0,5,16,1,1.0,0.0,0.0,0.0,1.0,0.0,1.0,0.0,0.5402,0.574,,,,,,,,,,,,,,,,,,,,,0.0,0.0,,,,,,,,0.0,0.0,4055.0,136.9162,0.056695,290.0056,167.0343,65.0,2.1947,24.0,0.8104,13.0,139.0,4.6933,7744,3843,129.758,0.0946081,6825.0,,,46.0,46.0,0.0,,,1.5532,2284.0,2239.0,16.0,1982.0,2130.0,14.0,302.0,109.0,2.0,0.0,1.0,0.0,0.0,0.0,1.0,3328.0,2903.0,26.0,3071.0,3853.0,27.0,257.0,-950.0,-1.0,0.0,1.0,0.0,0.0,0.0,1.0,4335.0,3549.0,32.0,4157.0,4700.0,36.0,178.0,-1151.0,-4.0,0.0,1.0,0.0,0.0,0.0,1.0,6012.0,6339.0,43.0,5000.0,5124.0,41.0,1012.0,1215.0,2.0,1.0,2.0,0.0,0.0,0.0,2.0
ESPORTSTMNT05_3220607,complete,,EM,2023,Spring,0,2023-04-20 18:45:20,5,13.06,6,Red,top,Ragner,oe:player:c0f78343a2ad4ba1463245d53a3b440,Team GO,oe:team:8d538207b9de9d20e1a525aae593515,Ornn,Varus,Jayce,Jinx,Blitzcrank,Soraka,,,,,,1777,0,1,4,0,1,16,0.0,0.0,0.0,0.0,0.0,0.0,0.0,0.0,0.0338,0.574,,,,,,,,,,,,,,,,,,,,,0.0,0.0,,,,,,,,0.0,0.0,7099.0,239.6961,0.171918,809.2403,725.5037,10.0,0.3376,5.0,0.1688,2.0,29.0,0.9792,8027,4126,139.3134,0.201268,7650.0,,,187.0,187.0,0.0,,,6.314,3387.0,5136.0,73.0,3901.0,5079.0,92.0,-514.0,57.0,-19.0,1.0,0.0,1.0,0.0,1.0,1.0,4975.0,7762.0,121.0,5668.0,7597.0,139.0,-693.0,165.0,-18.0,1.0,0.0,1.0,0.0,1.0,1.0,6112.0,9585.0,148.0,7632.0,10008.0,187.0,-1520.0,-423.0,-39.0,1.0,0.0,1.0,0.0,1.0,1.0,7080.0,10998.0,169.0,10213.0,12922.0,216.0,-3133.0,-1924.0,-47.0,1.0,0.0,2.0,1.0,3.0,1.0
ESPORTSTMNT05_3220607,complete,,EM,2023,Spring,0,2023-04-20 18:45:20,5,13.06,7,Red,jng,Lyncas,oe:player:ca9701f085966dfca32e31b1b1e9d55,Team GO,oe:team:8d538207b9de9d20e1a525aae593515,Xin Zhao,Varus,Jayce,Jinx,Blitzcrank,Soraka,,,,,,1777,0,0,3,0,1,16,0.0,0.0,0.0,0.0,0.0,0.0,0.0,0.0,0.0338,0.574,,,,,,,,,,,,,,,,,,,,,0.0,1.0,,,,,,,,0.0,0.0,5558.0,187.6646,0.134599,833.5509,593.4834,8.0,0.2701,7.0,0.2364,6.0,27.0,0.9116,7331,3430,115.8132,0.16732,7050.0,,,131.0,21.0,110.0,,,4.4232,2937.0,3250.0,59.0,3617.0,3841.0,70.0,-680.0,-591.0,-11.0,0.0,0.0,0.0,1.0,0.0,0.0,4271.0,5260.0,88.0,5146.0,5562.0,99.0,-875.0,-302.0,-11.0,0.0,0.0,0.0,1.0,0.0,0.0,5543.0,7371.0,111.0,6476.0,6910.0,119.0,-933.0,461.0,-8.0,0.0,0.0,0.0,1.0,0.0,0.0,6466.0,8441.0,119.0,8087.0,8998.0,130.0,-1621.0,-557.0,-11.0,0.0,0.0,1.0,2.0,1.0,0.0
ESPORTSTMNT05_3220607,complete,,EM,2023,Spring,0,2023-04-20 18:45:20,5,13.06,8,Red,mid,Toucouille,oe:player:525ac233cf71bc36a611e27a324144f,Team GO,oe:team:8d538207b9de9d20e1a525aae593515,Cassiopeia,Varus,Jayce,Jinx,Blitzcrank,Soraka,,,,,,1777,0,0,3,0,1,16,0.0,0.0,0.0,0.0,0.0,0.0,0.0,0.0,0.0338,0.574,,,,,,,,,,,,,,,,,,,,,0.0,0.0,,,,,,,,0.0,1.0,11484.0,387.7546,0.27811,679.2122,454.5414,14.0,0.4727,4.0,0.1351,4.0,17.0,0.574,9083,5182,174.969,0.252776,8635.0,,,247.0,235.0,12.0,,,8.3399,3377.0,4955.0,100.0,3115.0,4427.0,79.0,262.0,528.0,21.0,0.0,0.0,0.0,0.0,1.0,0.0,5008.0,7435.0,152.0,5095.0,7125.0,131.0,-87.0,310.0,21.0,0.0,0.0,0.0,0.0,1.0,0.0,6571.0,9427.0,192.0,6743.0,9133.0,165.0,-172.0,294.0,27.0,0.0,0.0,0.0,0.0,1.0,0.0,7829.0,12381.0,223.0,9135.0,12452.0,188.0,-1306.0,-71.0,35.0,0.0,0.0,1.0,1.0,4.0,0.0
ESPORTSTMNT05_3220607,complete,,EM,2023,Spring,0,2023-04-20 18:45:20,5,13.06,9,Red,bot,Jezu,oe:player:4817d93e8f26002377aec42233b3fc2,Team GO,oe:team:8d538207b9de9d20e1a525aae593515,Zeri,Varus,Jayce,Jinx,Blitzcrank,Soraka,,,,,,1777,0,0,3,0,1,16,0.0,0.0,0.0,0.0,0.0,0.0,0.0,0.0,0.0338,0.574,,,,,,,,,,,,,,,,,,,,,0.0,0.0,,,,,,,,0.0,0.0,14578.0,492.2228,0.353038,605.5037,399.7074,14.0,0.4727,11.0,0.3714,6.0,32.0,1.0805,9859,5958,201.1705,0.290627,9350.0,,,274.0,267.0,7.0,,,9.2515,3163.0,3311.0,84.0,4214.0,3584.0,91.0,-1051.0,-273.0,-7.0,0.0,0.0,0.0,1.0,0.0,0.0,4890.0,5340.0,146.0,7206.0,6508.0,149.0,-2316.0,-1168.0,-3.0,0.0,0.0,0.0,1.0,0.0,0.0,6929.0,7381.0,204.0,9421.0,9403.0,206.0,-2492.0,-2022.0,-2.0,0.0,0.0,0.0,1.0,0.0,0.0,8474.0,8934.0,244.0,13235.0,12605.0,261.0,-4761.0,-3671.0,-17.0,0.0,0.0,1.0,2.0,3.0,0.0
ESPORTSTMNT05_3220607,complete,,EM,2023,Spring,0,2023-04-20 18:45:20,5,13.06,10,Red,sup,kamilius,oe:player:7aa0aebd379414d25f1fcdc396407f1,Team GO,oe:team:8d538207b9de9d20e1a525aae593515,Renata Glasc,Varus,Jayce,Jinx,Blitzcrank,Soraka,,,,,,1777,0,0,3,0,1,16,0.0,0.0,0.0,0.0,0.0,0.0,0.0,1.0,0.0338,0.574,,,,,,,,,,,,,,,,,,,,,0.0,0.0,,,,,,,,0.0,0.0,2574.0,86.9105,0.062335,267.1806,267.2144,44.0,1.4856,17.0,0.574,14.0,77.0,2.5999,5705,1804,60.9116,0.0880087,5410.0,,,44.0,44.0,0.0,,,1.4856,1982.0,2130.0,14.0,2284.0,2239.0,16.0,-302.0,-109.0,-2.0,0.0,0.0,1.0,0.0,1.0,0.0,3071.0,3853.0,27.0,3328.0,2903.0,26.0,-257.0,950.0,1.0,0.0,0.0,1.0,0.0,1.0,0.0,4157.0,4700.0,36.0,4335.0,3549.0,32.0,-178.0,1151.0,4.0,0.0,0.0,1.0,0.0,1.0,0.0,5000.0,5124.0,41.0,6012.0,6339.0,43.0,-1012.0,-1215.0,-2.0,0.0,0.0,2.0,1.0,2.0,0.0
ESPORTSTMNT05_3220607,complete,,EM,2023,Spring,0,2023-04-20 18:45:20,5,13.06,100,Blue,team,,,Los Heretics,oe:team:2dfc66b98002c5afad2a98dbf86e350,,Xayah,Lucian,Annie,Syndra,Orianna,Vi,Draven,Lissandra,Rumble,Pyke,1777,1,16,1,33,16,1,2.0,0.0,0.0,0.0,1.0,,,,0.5402,0.574,1.0,4.0,0.0,4.0,0.0,0.0,0.0,0.0,1.0,2.0,1.0,,0.0,0.0,1.0,2.0,0.0,,,1.0,1.0,0.0,1.0,9.0,0.0,1.0,1.0,8.0,0.0,1.0,0.0,71523.0,2414.9578,,2221.148,2316.0945,112.0,3.7817,59.0,1.9921,40.0,334.0,11.2774,60127,40624,1371.6601,,54475.0,0.353894,4.33,,758.0,195.0,,,32.1778,17131.0,19170.0,348.0,14846.0,18782.0,330.0,2285.0,388.0,18.0,2.0,3.0,1.0,1.0,0.0,2.0,26443.0,29695.0,544.0,22215.0,29650.0,534.0,4228.0,45.0,10.0,2.0,3.0,1.0,1.0,0.0,2.0,34607.0,39003.0,709.0,29312.0,38464.0,691.0,5295.0,539.0,18.0,2.0,3.0,1.0,1.0,0.0,2.0,46682.0,53316.0,838.0,34849.0,45878.0,796.0,11833.0,7438.0,42.0,7.0,13.0,1.0,1.0,0.0,7.0
ESPORTSTMNT05_3220607,complete,,EM,2023,Spring,0,2023-04-20 18:45:20,5,13.06,200,Red,team,,,Team GO,oe:team:8d538207b9de9d20e1a525aae593515,,Varus,Jayce,Jinx,Blitzcrank,Soraka,Zeri,Xin Zhao,Renata Glasc,Cassiopeia,Ornn,1777,0,1,16,0,1,16,0.0,0.0,0.0,0.0,0.0,,,,0.0338,0.574,0.0,0.0,4.0,0.0,4.0,0.0,0.0,0.0,0.0,0.0,0.0,,0.0,0.0,0.0,0.0,2.0,,,0.0,0.0,1.0,0.0,0.0,9.0,0.0,0.0,0.0,8.0,0.0,1.0,41293.0,1394.2487,,3194.6877,2440.4502,90.0,3.0388,44.0,1.4856,32.0,182.0,6.1452,40005,20502,692.2454,,38095.0,-0.353894,-4.33,,754.0,129.0,,,29.8143,14846.0,18782.0,330.0,17131.0,19170.0,348.0,-2285.0,-388.0,-18.0,1.0,0.0,2.0,2.0,3.0,1.0,22215.0,29650.0,534.0,26443.0,29695.0,544.0,-4228.0,-45.0,-10.0,1.0,0.0,2.0,2.0,3.0,1.0,29312.0,38464.0,691.0,34607.0,39003.0,709.0,-5295.0,-539.0,-18.0,1.0,0.0,2.0,2.0,3.0,1.0,34849.0,45878.0,796.0,46682.0,53316.0,838.0,-11833.0,-7438.0,-42.0,1.0,0.0,7.0,7.0,13.0,1.0
ESPORTSTMNT05_3223388,complete,,EM,2023,Spring,0,2023-04-25 14:59:08,1,13.06,1,Blue,top,JNX,oe:player:4bb53c6fa9f5d75901136feb8bdf817,SK Gaming Prime,oe:team:aa8c3b781d96ddb7a24ab3240918988,Kennen,Jayce,Gragas,Thresh,Rumble,Malphite,,,,,,1752,1,5,1,4,21,6,1.0,0.0,0.0,0.0,1.0,0.0,1.0,0.0,0.7192,0.9247,,,,,,,,,,,,,,,,,,,,,1.0,0.0,,,,,,,,0.0,0.0,17665.0,604.9658,0.267032,518.1849,362.774,9.0,0.3082,7.0,0.2397,3.0,29.0,0.9932,13177,9327,319.4178,0.230062,12125.0,,,284.0,276.0,8.0,,,9.726,3505.0,4781.0,85.0,3506.0,4740.0,85.0,-1.0,41.0,0.0,0.0,1.0,0.0,0.0,0.0,1.0,5947.0,8753.0,144.0,5763.0,6896.0,122.0,184.0,1857.0,22.0,1.0,2.0,0.0,0.0,0.0,3.0,8361.0,11753.0,203.0,8193.0,9995.0,182.0,168.0,1758.0,21.0,1.0,2.0,0.0,0.0,0.0,3.0,11086.0,14953.0,245.0,10701.0,12536.0,216.0,385.0,2417.0,29.0,4.0,3.0,1.0,2.0,1.0,4.0
ESPORTSTMNT05_3223388,complete,,EM,2023,Spring,0,2023-04-25 14:59:08,1,13.06,2,Blue,jng,Lurox,oe:player:6fc5fe723eed4ba4c230292be365c66,SK Gaming Prime,oe:team:aa8c3b781d96ddb7a24ab3240918988,Wukong,Jayce,Gragas,Thresh,Rumble,Malphite,,,,,,1752,1,7,1,11,21,6,0.0,0.0,0.0,0.0,1.0,1.0,0.0,0.0,0.7192,0.9247,,,,,,,,,,,,,,,,,,,,,0.0,0.0,,,,,,,,0.0,0.0,15334.0,525.137,0.231796,988.6301,1015.9932,7.0,0.2397,7.0,0.2397,7.0,41.0,1.4041,11836,7986,273.4932,0.196986,10125.0,,,160.0,13.0,147.0,,,5.4795,3521.0,3043.0,55.0,2982.0,3158.0,55.0,539.0,-115.0,0.0,2.0,0.0,1.0,0.0,1.0,1.0,5413.0,5804.0,94.0,4644.0,4918.0,88.0,769.0,886.0,6.0,3.0,0.0,1.0,0.0,1.0,1.0,8021.0,8079.0,119.0,5997.0,7140.0,117.0,2024.0,939.0,2.0,5.0,2.0,1.0,0.0,1.0,2.0,10313.0,11027.0,136.0,7406.0,9836.0,137.0,2907.0,1191.0,-1.0,7.0,6.0,1.0,0.0,4.0,3.0
ESPORTSTMNT05_3223388,complete,,EM,2023,Spring,0,2023-04-25 14:59:08,1,13.06,3,Blue,mid,FEBIVEN,oe:player:d62421836c8b27dc3ffaffa058b8098,SK Gaming Prime,oe:team:aa8c3b781d96ddb7a24ab3240918988,Ahri,Jayce,Gragas,Thresh,Rumble,Malphite,,,,,,1752,1,4,2,8,21,6,1.0,0.0,0.0,0.0,0.0,0.0,0.0,0.0,0.7192,0.9247,,,,,,,,,,,,,,,,,,,,,0.0,0.0,,,,,,,,1.0,0.0,14132.0,483.9726,0.213626,511.5411,322.4658,5.0,0.1712,7.0,0.2397,2.0,25.0,0.8562,12903,9053,310.0342,0.223304,11605.0,,,258.0,250.0,8.0,,,8.8356,3309.0,4631.0,92.0,3622.0,5262.0,90.0,-313.0,-631.0,2.0,0.0,0.0,1.0,1.0,0.0,0.0,5382.0,7452.0,151.0,5397.0,8114.0,143.0,-15.0,-662.0,8.0,0.0,0.0,1.0,1.0,0.0,0.0,8757.0,10501.0,199.0,7132.0,10207.0,180.0,1625.0,294.0,19.0,2.0,3.0,1.0,1.0,0.0,2.0,10776.0,13541.0,239.0,8607.0,12711.0,209.0,2169.0,830.0,30.0,2.0,5.0,2.0,1.0,3.0,3.0
ESPORTSTMNT05_3223388,complete,,EM,2023,Spring,0,2023-04-25 14:59:08,1,13.06,4,Blue,bot,Keduii,oe:player:44189e6dc3089dbf9520de800fa705a,SK Gaming Prime,oe:team:aa8c3b781d96ddb7a24ab3240918988,Zeri,Jayce,Gragas,Thresh,Rumble,Malphite,,,,,,1752,1,5,1,7,21,6,1.0,0.0,0.0,0.0,0.0,0.0,0.0,0.0,0.7192,0.9247,,,,,,,,,,,,,,,,,,,,,0.0,0.0,,,,,,,,0.0,0.0,15423.0,528.1849,0.233141,409.7945,521.5068,14.0,0.4795,10.0,0.3425,4.0,56.0,1.9178,14719,10869,372.226,0.268096,12750.0,,,328.0,292.0,36.0,,,11.2329,3728.0,3821.0,95.0,3798.0,3090.0,86.0,-70.0,731.0,9.0,1.0,0.0,0.0,1.0,0.0,0.0,6322.0,6772.0,154.0,6212.0,6002.0,144.0,110.0,770.0,10.0,1.0,0.0,0.0,1.0,0.0,0.0,9145.0,9705.0,210.0,8051.0,8494.0,196.0,1094.0,1211.0,14.0,2.0,2.0,0.0,1.0,0.0,1.0,11630.0,13778.0,265.0,11805.0,11773.0,258.0,-175.0,2005.0,7.0,3.0,4.0,1.0,3.0,2.0,2.0
ESPORTSTMNT05_3223388,complete,,EM,2023,Spring,0,2023-04-25 14:59:08,1,13.06,5,Blue,sup,Prime,oe:player:e038414b765a8bda52e602f7eaeff04,SK Gaming Prime,oe:team:aa8c3b781d96ddb7a24ab3240918988,Leona,Jayce,Gragas,Thresh,Rumble,Malphite,,,,,,1752,1,0,1,14,21,6,0.0,0.0,0.0,0.0,0.0,0.0,0.0,0.0,0.7192,0.9247,,,,,,,,,,,,,,,,,,,,,0.0,0.0,,,,,,,,0.0,0.0,3599.0,123.2534,0.0544042,399.2808,454.3836,49.0,1.6781,14.0,0.4795,15.0,103.0,3.5274,7156,3306,113.2192,0.0815518,6125.0,,,35.0,35.0,0.0,,,1.1986,2572.0,2491.0,18.0,2314.0,2482.0,16.0,258.0,9.0,2.0,0.0,2.0,0.0,0.0,1.0,1.0,3386.0,3143.0,22.0,3208.0,3220.0,21.0,178.0,-77.0,1.0,0.0,2.0,0.0,0.0,1.0,1.0,4767.0,5156.0,31.0,4171.0,4077.0,26.0,596.0,1079.0,5.0,0.0,5.0,0.0,0.0,1.0,2.0,6181.0,7481.0,35.0,5010.0,5599.0,27.0,1171.0,1882.0,8.0,0.0,10.0,1.0,0.0,3.0,4.0
ESPORTSTMNT05_3223388,complete,,EM,2023,Spring,0,2023-04-25 14:59:08,1,13.06,6,Red,top,Destroy,oe:player:21846207612858fb49a468b43e56dd3,İstanbul Wildcats,oe:team:a65adb2808377018a2a7832eb2bd7f4,Gangplank,Kalista,Rakan,Vi,Sion,Olaf,,,,,,1752,0,2,5,1,6,21,0.0,0.0,0.0,0.0,0.0,0.0,0.0,1.0,0.2055,0.9247,,,,,,,,,,,,,,,,,,,,,0.0,1.0,,,,,,,,0.0,0.0,15322.0,524.726,0.276665,810.8904,433.0479,13.0,0.4452,3.0,0.1027,6.0,25.0,0.8562,12469,8619,295.1712,0.281432,12733.0,,,254.0,247.0,7.0,,,8.6986,3506.0,4740.0,85.0,3505.0,4781.0,85.0,1.0,-41.0,0.0,0.0,0.0,1.0,0.0,1.0,0.0,5763.0,6896.0,122.0,5947.0,8753.0,144.0,-184.0,-1857.0,-22.0,0.0,0.0,3.0,1.0,2.0,0.0,8193.0,9995.0,182.0,8361.0,11753.0,203.0,-168.0,-1758.0,-21.0,0.0,0.0,3.0,1.0,2.0,0.0,10701.0,12536.0,216.0,11086.0,14953.0,245.0,-385.0,-2417.0,-29.0,2.0,1.0,4.0,4.0,3.0,1.0
ESPORTSTMNT05_3223388,complete,,EM,2023,Spring,0,2023-04-25 14:59:08,1,13.06,7,Red,jng,Elramir,oe:player:de442faff7b7cdc0fba7d6d5caff5e1,İstanbul Wildcats,oe:team:a65adb2808377018a2a7832eb2bd7f4,Maokai,Kalista,Rakan,Vi,Sion,Olaf,,,,,,1752,0,0,4,4,6,21,0.0,0.0,0.0,0.0,0.0,0.0,0.0,0.0,0.2055,0.9247,,,,,,,,,,,,,,,,,,,,,0.0,0.0,,,,,,,,0.0,0.0,13270.0,454.4521,0.239613,926.7808,1111.4384,12.0,0.411,11.0,0.3767,11.0,43.0,1.4726,8219,4369,149.6233,0.142664,7425.0,,,146.0,26.0,120.0,,,5.0,2982.0,3158.0,55.0,3521.0,3043.0,55.0,-539.0,115.0,0.0,0.0,1.0,1.0,2.0,0.0,1.0,4644.0,4918.0,88.0,5413.0,5804.0,94.0,-769.0,-886.0,-6.0,0.0,1.0,1.0,3.0,0.0,1.0,5997.0,7140.0,117.0,8021.0,8079.0,119.0,-2024.0,-939.0,-2.0,0.0,1.0,2.0,5.0,2.0,1.0,7406.0,9836.0,137.0,10313.0,11027.0,136.0,-2907.0,-1191.0,1.0,0.0,4.0,3.0,7.0,6.0,1.0
ESPORTSTMNT05_3223388,complete,,EM,2023,Spring,0,2023-04-25 14:59:08,1,13.06,8,Red,mid,Kofte,oe:player:db0cbdc72184ad44ab905be61fc0756,İstanbul Wildcats,oe:team:a65adb2808377018a2a7832eb2bd7f4,Yone,Kalista,Rakan,Vi,Sion,Olaf,,,,,,1752,0,1,4,3,6,21,0.0,0.0,0.0,0.0,0.0,0.0,0.0,0.0,0.2055,0.9247,,,,,,,,,,,,,,,,,,,,,0.0,0.0,,,,,,,,0.0,1.0,7689.0,263.3219,0.138838,499.6575,497.8767,13.0,0.4452,1.0,0.0342,5.0,25.0,0.8562,9807,5957,204.0068,0.194515,9675.0,,,233.0,229.0,4.0,,,7.9795,3622.0,5262.0,90.0,3309.0,4631.0,92.0,313.0,631.0,-2.0,1.0,0.0,0.0,0.0,0.0,1.0,5397.0,8114.0,143.0,5382.0,7452.0,151.0,15.0,662.0,-8.0,1.0,0.0,0.0,0.0,0.0,1.0,7132.0,10207.0,180.0,8757.0,10501.0,199.0,-1625.0,-294.0,-19.0,1.0,0.0,2.0,2.0,3.0,1.0,8607.0,12711.0,209.0,10776.0,13541.0,239.0,-2169.0,-830.0,-30.0,1.0,3.0,3.0,2.0,5.0,2.0
ESPORTSTMNT05_3223388,complete,,EM,2023,Spring,0,2023-04-25 14:59:08,1,13.06,9,Red,bot,BAO,oe:player:6c1d0c529e73fe4c8b9a5306867c4bf,İstanbul Wildcats,oe:team:a65adb2808377018a2a7832eb2bd7f4,Jinx,Kalista,Rakan,Vi,Sion,Olaf,,,,,,1752,0,3,3,2,6,21,0.0,0.0,0.0,0.0,0.0,0.0,0.0,0.0,0.2055,0.9247,,,,,,,,,,,,,,,,,,,,,0.0,0.0,,,,,,,,0.0,0.0,14227.0,487.226,0.256893,348.8699,189.9315,16.0,0.5479,5.0,0.1712,6.0,35.0,1.1986,13675,9825,336.4726,0.32081,13100.0,,,312.0,292.0,20.0,,,10.6849,3798.0,3090.0,86.0,3728.0,3821.0,95.0,70.0,-731.0,-9.0,1.0,0.0,0.0,1.0,0.0,0.0,6212.0,6002.0,144.0,6322.0,6772.0,154.0,-110.0,-770.0,-10.0,1.0,0.0,0.0,1.0,0.0,0.0,8051.0,8494.0,196.0,9145.0,9705.0,210.0,-1094.0,-1211.0,-14.0,1.0,0.0,1.0,2.0,2.0,0.0,11805.0,11773.0,258.0,11630.0,13778.0,265.0,175.0,-2005.0,-7.0,3.0,2.0,2.0,3.0,4.0,1.0
ESPORTSTMNT05_3223388,complete,,EM,2023,Spring,0,2023-04-25 14:59:08,1,13.06,10,Red,sup,Parus,oe:player:a9cfbc13e22eefdd22af7b346ce2af4,İstanbul Wildcats,oe:team:a65adb2808377018a2a7832eb2bd7f4,Nautilus,Kalista,Rakan,Vi,Sion,Olaf,,,,,,1752,0,0,5,3,6,21,0.0,0.0,0.0,0.0,0.0,0.0,0.0,0.0,0.2055,0.9247,,,,,,,,,,,,,,,,,,,,,0.0,0.0,,,,,,,,0.0,0.0,4873.0,166.8836,0.0879905,379.6575,359.1781,38.0,1.3014,8.0,0.274,9.0,78.0,2.6712,5705,1855,63.5274,0.0605787,5575.0,,,28.0,28.0,0.0,,,0.9589,2314.0,2482.0,16.0,2572.0,2491.0,18.0,-258.0,-9.0,-2.0,0.0,1.0,1.0,0.0,2.0,0.0,3208.0,3220.0,21.0,3386.0,3143.0,22.0,-178.0,77.0,-1.0,0.0,1.0,1.0,0.0,2.0,0.0,4171.0,4077.0,26.0,4767.0,5156.0,31.0,-596.0,-1079.0,-5.0,0.0,1.0,2.0,0.0,5.0,0.0,5010.0,5599.0,27.0,6181.0,7481.0,35.0,-1171.0,-1882.0,-8.0,0.0,3.0,4.0,0.0,10.0,1.0
ESPORTSTMNT05_3223388,complete,,EM,2023,Spring,0,2023-04-25 14:59:08,1,13.06,100,Blue,team,,,SK Gaming Prime,oe:team:aa8c3b781d96ddb7a24ab3240918988,,Jayce,Gragas,Thresh,Rumble,Malphite,Wukong,Zeri,Ahri,Kennen,Leona,1752,1,21,6,44,21,6,3.0,0.0,0.0,0.0,1.0,,,,0.7192,0.9247,1.0,3.0,1.0,3.0,1.0,1.0,0.0,0.0,0.0,0.0,2.0,,0.0,0.0,0.0,1.0,1.0,,,1.0,1.0,0.0,0.0,7.0,2.0,1.0,1.0,4.0,8.0,1.0,0.0,66153.0,2265.5137,,2827.4315,2677.1233,84.0,2.8767,45.0,1.5411,31.0,254.0,8.6986,59791,40543,1388.4589,,52730.0,0.0834074,2.26,,866.0,199.0,,,36.4726,16635.0,18767.0,345.0,16222.0,18732.0,332.0,413.0,35.0,13.0,3.0,3.0,2.0,2.0,2.0,3.0,26450.0,31924.0,565.0,25224.0,29150.0,518.0,1226.0,2774.0,47.0,5.0,4.0,2.0,2.0,2.0,5.0,39051.0,45194.0,762.0,33544.0,39913.0,701.0,5507.0,5281.0,61.0,10.0,14.0,2.0,2.0,2.0,10.0,49986.0,60780.0,920.0,43529.0,52455.0,847.0,6457.0,8325.0,73.0,16.0,28.0,6.0,6.0,13.0,16.0
ESPORTSTMNT05_3223388,complete,,EM,2023,Spring,0,2023-04-25 14:59:08,1,13.06,200,Red,team,,,İstanbul Wildcats,oe:team:a65adb2808377018a2a7832eb2bd7f4,,Kalista,Rakan,Vi,Sion,Olaf,Jinx,Maokai,Yone,Nautilus,Gangplank,1752,0,6,21,13,6,21,0.0,0.0,0.0,0.0,0.0,,,,0.2055,0.9247,0.0,1.0,3.0,1.0,3.0,0.0,0.0,0.0,1.0,0.0,0.0,,0.0,0.0,1.0,1.0,1.0,,,0.0,0.0,1.0,1.0,2.0,7.0,0.0,0.0,8.0,4.0,0.0,1.0,55381.0,1896.6096,,2965.8562,2591.4726,92.0,3.1507,28.0,0.9589,37.0,206.0,7.0548,49875,30627,1048.8699,,48508.0,-0.0834074,-2.26,,822.0,151.0,,,33.3219,16222.0,18732.0,332.0,16635.0,18767.0,345.0,-413.0,-35.0,-13.0,2.0,2.0,3.0,3.0,3.0,2.0,25224.0,29150.0,518.0,26450.0,31924.0,565.0,-1226.0,-2774.0,-47.0,2.0,2.0,5.0,5.0,4.0,2.0,33544.0,39913.0,701.0,39051.0,45194.0,762.0,-5507.0,-5281.0,-61.0,2.0,2.0,10.0,10.0,14.0,2.0,43529.0,52455.0,847.0,49986.0,60780.0,920.0,-6457.0,-8325.0,-73.0,6.0,13.0,16.0,16.0,28.0,6.0
ESPORTSTMNT05_3220700,complete,,EM,2023,Spring,0,2023-04-25 15:52:12,2,13.06,1,Blue,top,Destroy,oe:player:21846207612858fb49a468b43e56dd3,İstanbul Wildcats,oe:team:a65adb2808377018a2a7832eb2bd7f4,Ryze,Kalista,Rakan,Vi,Sion,Olaf,,,,,,1746,1,7,0,3,18,6,3.0,1.0,0.0,0.0,0.0,0.0,0.0,0.0,0.6186,0.8247,,,,,,,,,,,,,,,,,,,,,0.0,0.0,,,,,,,,0.0,0.0,16734.0,575.0515,0.269681,615.189,445.2234,11.0,0.378,5.0,0.1718,6.0,28.0,0.9622,15385,11548,396.8385,0.291019,14100.0,,,291.0,263.0,28.0,,,10.0,3492.0,5174.0,93.0,3562.0,5117.0,89.0,-70.0,57.0,4.0,0.0,0.0,0.0,0.0,1.0,0.0,6092.0,8149.0,146.0,5239.0,7945.0,140.0,853.0,204.0,6.0,0.0,0.0,0.0,0.0,1.0,0.0,9764.0,13121.0,206.0,6972.0,10842.0,190.0,2792.0,2279.0,16.0,3.0,2.0,0.0,0.0,1.0,1.0,12405.0,16418.0,267.0,8639.0,13825.0,230.0,3766.0,2593.0,37.0,3.0,2.0,0.0,0.0,2.0,1.0
ESPORTSTMNT05_3220700,complete,,EM,2023,Spring,0,2023-04-25 15:52:12,2,13.06,2,Blue,jng,Elramir,oe:player:de442faff7b7cdc0fba7d6d5caff5e1,İstanbul Wildcats,oe:team:a65adb2808377018a2a7832eb2bd7f4,Wukong,Kalista,Rakan,Vi,Sion,Olaf,,,,,,1746,1,1,3,11,18,6,0.0,0.0,0.0,0.0,0.0,0.0,0.0,1.0,0.6186,0.8247,,,,,,,,,,,,,,,,,,,,,1.0,0.0,,,,,,,,0.0,0.0,9670.0,332.3024,0.15584,930.7216,949.1753,13.0,0.4467,19.0,0.6529,11.0,60.0,2.0619,10101,6264,215.2577,0.157853,9275.0,,,170.0,26.0,144.0,,,5.8419,3600.0,3577.0,65.0,3001.0,2840.0,45.0,599.0,737.0,20.0,1.0,0.0,1.0,1.0,0.0,1.0,5164.0,5401.0,100.0,4512.0,5276.0,80.0,652.0,125.0,20.0,1.0,0.0,1.0,1.0,0.0,1.0,6936.0,7861.0,132.0,5837.0,7275.0,101.0,1099.0,586.0,31.0,1.0,2.0,2.0,1.0,2.0,2.0,8290.0,9591.0,152.0,6852.0,8556.0,114.0,1438.0,1035.0,38.0,1.0,4.0,3.0,1.0,3.0,3.0
ESPORTSTMNT05_3220700,complete,,EM,2023,Spring,0,2023-04-25 15:52:12,2,13.06,3,Blue,mid,Kofte,oe:player:db0cbdc72184ad44ab905be61fc0756,İstanbul Wildcats,oe:team:a65adb2808377018a2a7832eb2bd7f4,Ahri,Kalista,Rakan,Vi,Sion,Olaf,,,,,,1746,1,1,1,14,18,6,0.0,0.0,0.0,0.0,0.0,0.0,0.0,0.0,0.6186,0.8247,,,,,,,,,,,,,,,,,,,,,0.0,0.0,,,,,,,,1.0,0.0,12782.0,439.244,0.205992,527.2165,315.1546,8.0,0.2749,18.0,0.6186,5.0,52.0,1.7869,11772,7935,272.6804,0.199965,10625.0,,,268.0,256.0,12.0,,,9.2096,3356.0,4816.0,86.0,3044.0,4961.0,87.0,312.0,-145.0,-1.0,0.0,1.0,0.0,0.0,0.0,0.0,5370.0,8140.0,152.0,4946.0,8010.0,149.0,424.0,130.0,3.0,0.0,1.0,0.0,0.0,0.0,0.0,7469.0,11396.0,197.0,7116.0,11181.0,204.0,353.0,215.0,-7.0,0.0,5.0,0.0,1.0,0.0,0.0,9449.0,13827.0,245.0,9076.0,14119.0,246.0,373.0,-292.0,-1.0,0.0,7.0,0.0,2.0,1.0,0.0
ESPORTSTMNT05_3220700,complete,,EM,2023,Spring,0,2023-04-25 15:52:12,2,13.06,4,Blue,bot,BAO,oe:player:6c1d0c529e73fe4c8b9a5306867c4bf,İstanbul Wildcats,oe:team:a65adb2808377018a2a7832eb2bd7f4,Xayah,Kalista,Rakan,Vi,Sion,Olaf,,,,,,1746,1,7,2,6,18,6,1.0,1.0,0.0,0.0,0.0,0.0,0.0,0.0,0.6186,0.8247,,,,,,,,,,,,,,,,,,,,,0.0,0.0,,,,,,,,0.0,0.0,18105.0,622.1649,0.291776,381.512,172.4055,19.0,0.6529,9.0,0.3093,8.0,46.0,1.5808,13757,9920,340.8935,0.24999,12250.0,,,286.0,274.0,12.0,,,9.8282,3500.0,3461.0,95.0,3332.0,3330.0,89.0,168.0,131.0,6.0,0.0,0.0,0.0,0.0,0.0,0.0,5820.0,6179.0,155.0,5660.0,5921.0,151.0,160.0,258.0,4.0,0.0,0.0,0.0,0.0,0.0,0.0,8146.0,9192.0,198.0,7558.0,7843.0,194.0,588.0,1349.0,4.0,2.0,2.0,1.0,1.0,1.0,2.0,11166.0,12164.0,259.0,10097.0,10562.0,255.0,1069.0,1602.0,4.0,5.0,2.0,2.0,2.0,2.0,3.0
ESPORTSTMNT05_3220700,complete,,EM,2023,Spring,0,2023-04-25 15:52:12,2,13.06,5,Blue,sup,Parus,oe:player:a9cfbc13e22eefdd22af7b346ce2af4,İstanbul Wildcats,oe:team:a65adb2808377018a2a7832eb2bd7f4,Nautilus,Kalista,Rakan,Vi,Sion,Olaf,,,,,,1746,1,2,0,14,18,6,0.0,0.0,0.0,0.0,0.0,0.0,0.0,0.0,0.6186,0.8247,,,,,,,,,,,,,,,,,,,,,0.0,0.0,,,,,,,,0.0,0.0,4760.0,163.5739,0.0767111,220.2749,338.2131,43.0,1.4777,8.0,0.2749,10.0,94.0,3.2302,7852,4015,137.9725,0.101174,6150.0,,,27.0,27.0,0.0,,,0.9278,2196.0,2612.0,15.0,2079.0,2504.0,13.0,117.0,108.0,2.0,0.0,0.0,0.0,0.0,0.0,0.0,3282.0,3547.0,21.0,3102.0,3301.0,21.0,180.0,246.0,0.0,0.0,0.0,0.0,0.0,0.0,0.0,4842.0,5144.0,24.0,4110.0,5018.0,26.0,732.0,126.0,-2.0,1.0,5.0,0.0,0.0,2.0,2.0,5914.0,6675.0,24.0,5037.0,6022.0,28.0,877.0,653.0,-4.0,1.0,8.0,0.0,0.0,4.0,3.0
ESPORTSTMNT05_3220700,complete,,EM,2023,Spring,0,2023-04-25 15:52:12,2,13.06,6,Red,top,JNX,oe:player:4bb53c6fa9f5d75901136feb8bdf817,SK Gaming Prime,oe:team:aa8c3b781d96ddb7a24ab3240918988,Kennen,Gragas,Jayce,Annie,Rumble,Malphite,,,,,,1746,0,1,3,2,6,18,0.0,0.0,0.0,0.0,1.0,0.0,1.0,0.0,0.2062,0.8247,,,,,,,,,,,,,,,,,,,,,0.0,0.0,,,,,,,,0.0,0.0,15146.0,520.4811,0.314716,569.7251,404.7079,11.0,0.378,4.0,0.1375,2.0,24.0,0.8247,10141,6304,216.6323,0.245162,9710.0,,,249.0,245.0,4.0,,,8.5567,3562.0,5117.0,89.0,3492.0,5174.0,93.0,70.0,-57.0,-4.0,0.0,1.0,0.0,0.0,0.0,0.0,5239.0,7945.0,140.0,6092.0,8149.0,146.0,-853.0,-204.0,-6.0,0.0,1.0,0.0,0.0,0.0,0.0,6972.0,10842.0,190.0,9764.0,13121.0,206.0,-2792.0,-2279.0,-16.0,0.0,1.0,1.0,3.0,2.0,0.0,8639.0,13825.0,230.0,12405.0,16418.0,267.0,-3766.0,-2593.0,-37.0,0.0,2.0,1.0,3.0,2.0,0.0
ESPORTSTMNT05_3220700,complete,,EM,2023,Spring,0,2023-04-25 15:52:12,2,13.06,7,Red,jng,Lurox,oe:player:6fc5fe723eed4ba4c230292be365c66,SK Gaming Prime,oe:team:aa8c3b781d96ddb7a24ab3240918988,Lee Sin,Gragas,Jayce,Annie,Rumble,Malphite,,,,,,1746,0,1,4,3,6,18,0.0,0.0,0.0,0.0,1.0,1.0,0.0,0.0,0.2062,0.8247,,,,,,,,,,,,,,,,,,,,,0.0,1.0,,,,,,,,0.0,0.0,5278.0,181.3746,0.10967,734.055,906.3574,18.0,0.6186,8.0,0.2749,7.0,42.0,1.4433,7654,3817,131.1684,0.148436,7375.0,,,125.0,9.0,116.0,,,4.2955,3001.0,2840.0,45.0,3600.0,3577.0,65.0,-599.0,-737.0,-20.0,1.0,0.0,1.0,1.0,0.0,1.0,4512.0,5276.0,80.0,5164.0,5401.0,100.0,-652.0,-125.0,-20.0,1.0,0.0,1.0,1.0,0.0,1.0,5837.0,7275.0,101.0,6936.0,7861.0,132.0,-1099.0,-586.0,-31.0,1.0,2.0,2.0,1.0,2.0,2.0,6852.0,8556.0,114.0,8290.0,9591.0,152.0,-1438.0,-1035.0,-38.0,1.0,3.0,3.0,1.0,4.0,3.0
ESPORTSTMNT05_3220700,complete,,EM,2023,Spring,0,2023-04-25 15:52:12,2,13.06,8,Red,mid,FEBIVEN,oe:player:d62421836c8b27dc3ffaffa058b8098,SK Gaming Prime,oe:team:aa8c3b781d96ddb7a24ab3240918988,LeBlanc,Gragas,Jayce,Annie,Rumble,Malphite,,,,,,1746,0,2,1,1,6,18,0.0,0.0,0.0,0.0,0.0,0.0,0.0,0.0,0.2062,0.8247,,,,,,,,,,,,,,,,,,,,,0.0,0.0,,,,,,,,0.0,1.0,12188.0,418.8316,0.253252,528.6598,371.1684,15.0,0.5155,8.0,0.2749,3.0,39.0,1.3402,10066,6229,214.055,0.242245,9475.0,,,266.0,266.0,0.0,,,9.1409,3044.0,4961.0,87.0,3356.0,4816.0,86.0,-312.0,145.0,1.0,0.0,0.0,0.0,0.0,1.0,0.0,4946.0,8010.0,149.0,5370.0,8140.0,152.0,-424.0,-130.0,-3.0,0.0,0.0,0.0,0.0,1.0,0.0,7116.0,11181.0,204.0,7469.0,11396.0,197.0,-353.0,-215.0,7.0,1.0,0.0,0.0,0.0,5.0,0.0,9076.0,14119.0,246.0,9449.0,13827.0,245.0,-373.0,292.0,1.0,2.0,1.0,0.0,0.0,7.0,0.0
ESPORTSTMNT05_3220700,complete,,EM,2023,Spring,0,2023-04-25 15:52:12,2,13.06,9,Red,bot,Keduii,oe:player:44189e6dc3089dbf9520de800fa705a,SK Gaming Prime,oe:team:aa8c3b781d96ddb7a24ab3240918988,Zeri,Gragas,Jayce,Annie,Rumble,Malphite,,,,,,1746,0,2,5,3,6,18,0.0,0.0,0.0,0.0,0.0,0.0,0.0,0.0,0.2062,0.8247,,,,,,,,,,,,,,,,,,,,,0.0,0.0,,,,,,,,0.0,0.0,12560.0,431.6151,0.260982,540.3093,654.3986,13.0,0.4467,13.0,0.4467,5.0,44.0,1.512,11290,7453,256.1168,0.28985,10800.0,,,280.0,250.0,30.0,,,9.622,3332.0,3330.0,89.0,3500.0,3461.0,95.0,-168.0,-131.0,-6.0,0.0,0.0,0.0,0.0,0.0,0.0,5660.0,5921.0,151.0,5820.0,6179.0,155.0,-160.0,-258.0,-4.0,0.0,0.0,0.0,0.0,0.0,0.0,7558.0,7843.0,194.0,8146.0,9192.0,198.0,-588.0,-1349.0,-4.0,1.0,1.0,2.0,2.0,2.0,1.0,10097.0,10562.0,255.0,11166.0,12164.0,259.0,-1069.0,-1602.0,-4.0,2.0,2.0,3.0,5.0,2.0,2.0
ESPORTSTMNT05_3220700,complete,,EM,2023,Spring,0,2023-04-25 15:52:12,2,13.06,10,Red,sup,Prime,oe:player:e038414b765a8bda52e602f7eaeff04,SK Gaming Prime,oe:team:aa8c3b781d96ddb7a24ab3240918988,Braum,Gragas,Jayce,Annie,Rumble,Malphite,,,,,,1746,0,0,5,5,6,18,0.0,0.0,0.0,0.0,0.0,0.0,0.0,0.0,0.2062,0.8247,,,,,,,,,,,,,,,,,,,,,0.0,0.0,,,,,,,,0.0,0.0,2954.0,101.512,0.0613805,426.2199,484.6392,44.0,1.512,7.0,0.2405,15.0,70.0,2.4055,5748,1911,65.6701,0.0743067,5625.0,,,29.0,29.0,0.0,,,0.9966,2079.0,2504.0,13.0,2196.0,2612.0,15.0,-117.0,-108.0,-2.0,0.0,0.0,0.0,0.0,0.0,0.0,3102.0,3301.0,21.0,3282.0,3547.0,21.0,-180.0,-246.0,0.0,0.0,0.0,0.0,0.0,0.0,0.0,4110.0,5018.0,26.0,4842.0,5144.0,24.0,-732.0,-126.0,2.0,0.0,2.0,2.0,1.0,5.0,0.0,5037.0,6022.0,28.0,5914.0,6675.0,24.0,-877.0,-653.0,4.0,0.0,4.0,3.0,1.0,8.0,0.0
ESPORTSTMNT05_3220700,complete,,EM,2023,Spring,0,2023-04-25 15:52:12,2,13.06,100,Blue,team,,,İstanbul Wildcats,oe:team:a65adb2808377018a2a7832eb2bd7f4,,Kalista,Rakan,Vi,Sion,Olaf,Wukong,Ahri,Xayah,Ryze,Nautilus,1746,1,18,6,48,18,6,4.0,2.0,0.0,0.0,0.0,,,,0.6186,0.8247,0.0,4.0,1.0,4.0,1.0,0.0,0.0,0.0,3.0,1.0,0.0,,0.0,0.0,1.0,2.0,0.0,,,1.0,1.0,0.0,1.0,8.0,0.0,1.0,1.0,6.0,0.0,1.0,0.0,62051.0,2132.3368,,2674.9141,2220.1718,94.0,3.2302,59.0,2.0275,40.0,280.0,9.622,58867,39680,1363.5739,,52400.0,0.19741,2.87,,846.0,196.0,,,35.8076,16144.0,19640.0,354.0,15018.0,18752.0,323.0,1126.0,888.0,31.0,1.0,1.0,1.0,1.0,1.0,1.0,25728.0,31416.0,574.0,23459.0,30453.0,541.0,2269.0,963.0,33.0,1.0,1.0,1.0,1.0,1.0,1.0,37157.0,46714.0,757.0,31593.0,42159.0,715.0,5564.0,4555.0,42.0,7.0,16.0,3.0,3.0,6.0,7.0,47224.0,58675.0,947.0,39701.0,53084.0,873.0,7523.0,5591.0,74.0,10.0,23.0,5.0,5.0,12.0,10.0
ESPORTSTMNT05_3220700,complete,,EM,2023,Spring,0,2023-04-25 15:52:12,2,13.06,200,Red,team,,,SK Gaming Prime,oe:team:aa8c3b781d96ddb7a24ab3240918988,,Gragas,Jayce,Annie,Rumble,Malphite,Zeri,Lee Sin,LeBlanc,Kennen,Braum,1746,0,6,18,14,6,18,0.0,0.0,0.0,0.0,1.0,,,,0.2062,0.8247,1.0,1.0,4.0,1.0,4.0,0.0,1.0,0.0,0.0,0.0,0.0,,0.0,0.0,0.0,0.0,2.0,,,0.0,0.0,1.0,0.0,0.0,8.0,0.0,0.0,0.0,6.0,0.0,1.0,48126.0,1653.8144,,2798.9691,2821.2715,101.0,3.4708,40.0,1.3746,32.0,219.0,7.5258,44899,25712,883.5739,,42985.0,-0.19741,-2.87,,799.0,150.0,,,32.6117,15018.0,18752.0,323.0,16144.0,19640.0,354.0,-1126.0,-888.0,-31.0,1.0,1.0,1.0,1.0,1.0,1.0,23459.0,30453.0,541.0,25728.0,31416.0,574.0,-2269.0,-963.0,-33.0,1.0,1.0,1.0,1.0,1.0,1.0,31593.0,42159.0,715.0,37157.0,46714.0,757.0,-5564.0,-4555.0,-42.0,3.0,6.0,7.0,7.0,16.0,3.0,39701.0,53084.0,873.0,47224.0,58675.0,947.0,-7523.0,-5591.0,-74.0,5.0,12.0,10.0,10.0,23.0,5.0
ESPORTSTMNT05_3223389,complete,,EM,2023,Spring,0,2023-04-25 16:44:17,3,13.06,1,Blue,top,JNX,oe:player:4bb53c6fa9f5d75901136feb8bdf817,SK Gaming Prime,oe:team:aa8c3b781d96ddb7a24ab3240918988,Sion,Jayce,Gragas,Thresh,Gnar,Olaf,,,,,,2264,0,3,3,3,24,14,0.0,0.0,0.0,0.0,0.0,0.0,0.0,0.0,0.636,1.0071,,,,,,,,,,,,,,,,,,,,,0.0,0.0,,,,,,,,0.0,0.0,22163.0,587.3587,0.200699,1337.4117,2231.5283,16.0,0.424,1.0,0.0265,2.0,49.0,1.2986,14755,9861,261.3339,0.191833,13900.0,,,315.0,315.0,0.0,,,8.3481,3259.0,4877.0,89.0,3443.0,4835.0,87.0,-184.0,42.0,2.0,0.0,0.0,0.0,0.0,0.0,0.0,4966.0,7803.0,142.0,4995.0,7427.0,130.0,-29.0,376.0,12.0,0.0,0.0,0.0,0.0,0.0,0.0,7224.0,10848.0,200.0,6873.0,9986.0,178.0,351.0,862.0,22.0,1.0,0.0,0.0,0.0,0.0,0.0,9832.0,14832.0,254.0,9255.0,12944.0,224.0,577.0,1888.0,30.0,2.0,0.0,0.0,1.0,1.0,0.0
ESPORTSTMNT05_3223389,complete,,EM,2023,Spring,0,2023-04-25 16:44:17,3,13.06,2,Blue,jng,Lurox,oe:player:6fc5fe723eed4ba4c230292be365c66,SK Gaming Prime,oe:team:aa8c3b781d96ddb7a24ab3240918988,Kindred,Jayce,Gragas,Thresh,Gnar,Olaf,,,,,,2264,0,6,3,11,24,14,0.0,0.0,0.0,0.0,0.0,0.0,0.0,0.0,0.636,1.0071,,,,,,,,,,,,,,,,,,,,,1.0,0.0,,,,,,,,0.0,0.0,23242.0,615.9541,0.21047,694.9558,822.2438,9.0,0.2385,21.0,0.5565,10.0,67.0,1.7756,14008,9114,241.5371,0.177301,12875.0,,,217.0,46.0,171.0,,,5.7509,3284.0,3394.0,58.0,3192.0,3154.0,66.0,92.0,240.0,-8.0,1.0,0.0,0.0,0.0,0.0,1.0,4886.0,4773.0,75.0,4642.0,4554.0,80.0,244.0,219.0,-5.0,2.0,3.0,1.0,0.0,2.0,3.0,6628.0,7533.0,109.0,6258.0,7029.0,111.0,370.0,504.0,-2.0,2.0,5.0,1.0,0.0,2.0,4.0,8617.0,10873.0,145.0,7660.0,8963.0,134.0,957.0,1910.0,11.0,3.0,5.0,2.0,0.0,3.0,4.0
ESPORTSTMNT05_3223389,complete,,EM,2023,Spring,0,2023-04-25 16:44:17,3,13.06,3,Blue,mid,FEBIVEN,oe:player:d62421836c8b27dc3ffaffa058b8098,SK Gaming Prime,oe:team:aa8c3b781d96ddb7a24ab3240918988,Ahri,Jayce,Gragas,Thresh,Gnar,Olaf,,,,,,2264,0,4,3,10,24,14,1.0,0.0,0.0,0.0,0.0,0.0,0.0,0.0,0.636,1.0071,,,,,,,,,,,,,,,,,,,,,0.0,0.0,,,,,,,,0.0,1.0,25580.0,677.9152,0.231642,680.3799,481.4311,5.0,0.1325,11.0,0.2915,2.0,36.0,0.9541,16596,11702,310.1237,0.227648,17510.0,,,348.0,332.0,16.0,,,9.2226,3508.0,4980.0,87.0,3291.0,4879.0,94.0,217.0,101.0,-7.0,1.0,0.0,0.0,0.0,0.0,0.0,5690.0,8117.0,144.0,5251.0,7261.0,134.0,439.0,856.0,10.0,2.0,2.0,1.0,1.0,3.0,1.0,7986.0,11237.0,198.0,6809.0,9305.0,178.0,1177.0,1932.0,20.0,2.0,3.0,1.0,1.0,3.0,2.0,9874.0,14297.0,240.0,8965.0,14067.0,233.0,909.0,230.0,7.0,2.0,3.0,2.0,1.0,5.0,2.0
ESPORTSTMNT05_3223389,complete,,EM,2023,Spring,0,2023-04-25 16:44:17,3,13.06,4,Blue,bot,Keduii,oe:player:44189e6dc3089dbf9520de800fa705a,SK Gaming Prime,oe:team:aa8c3b781d96ddb7a24ab3240918988,Kalista,Jayce,Gragas,Thresh,Gnar,Olaf,,,,,,2264,0,6,3,11,24,14,1.0,1.0,1.0,0.0,1.0,0.0,1.0,0.0,0.636,1.0071,,,,,,,,,,,,,,,,,,,,,1.0,1.0,,,,,,,,0.0,0.0,27260.0,722.4382,0.246855,681.4929,557.3587,18.0,0.477,24.0,0.636,7.0,76.0,2.0141,20075,15181,402.3233,0.295329,17625.0,,,413.0,373.0,40.0,,,10.9452,3625.0,3134.0,90.0,3038.0,3051.0,73.0,587.0,83.0,17.0,0.0,2.0,0.0,0.0,0.0,1.0,5998.0,5065.0,131.0,5562.0,5121.0,118.0,436.0,-56.0,13.0,2.0,4.0,1.0,3.0,1.0,1.0,8171.0,7805.0,195.0,7925.0,7560.0,181.0,246.0,245.0,14.0,2.0,5.0,1.0,3.0,1.0,1.0,10578.0,11197.0,253.0,10404.0,10449.0,238.0,174.0,748.0,15.0,2.0,6.0,1.0,4.0,2.0,1.0
ESPORTSTMNT05_3223389,complete,,EM,2023,Spring,0,2023-04-25 16:44:17,3,13.06,5,Blue,sup,Prime,oe:player:e038414b765a8bda52e602f7eaeff04,SK Gaming Prime,oe:team:aa8c3b781d96ddb7a24ab3240918988,Blitzcrank,Jayce,Gragas,Thresh,Gnar,Olaf,,,,,,2264,0,5,2,15,24,14,0.0,0.0,0.0,0.0,1.0,1.0,0.0,0.0,0.636,1.0071,,,,,,,,,,,,,,,,,,,,,0.0,0.0,,,,,,,,0.0,0.0,12184.0,322.8975,0.110333,547.5,455.1678,58.0,1.5371,8.0,0.212,18.0,115.0,3.0477,10440,5546,146.9788,0.107889,10150.0,,,37.0,33.0,4.0,,,0.9806,2591.0,2641.0,14.0,2133.0,2687.0,18.0,458.0,-46.0,-4.0,1.0,1.0,0.0,0.0,0.0,1.0,4176.0,4333.0,21.0,3543.0,4092.0,31.0,633.0,241.0,-10.0,2.0,5.0,1.0,0.0,4.0,3.0,5526.0,5851.0,29.0,4672.0,5662.0,42.0,854.0,189.0,-13.0,3.0,6.0,1.0,0.0,4.0,3.0,6847.0,7726.0,33.0,5554.0,6963.0,43.0,1293.0,763.0,-10.0,3.0,7.0,1.0,0.0,4.0,5.0
ESPORTSTMNT05_3223389,complete,,EM,2023,Spring,0,2023-04-25 16:44:17,3,13.06,6,Red,top,Destroy,oe:player:21846207612858fb49a468b43e56dd3,İstanbul Wildcats,oe:team:a65adb2808377018a2a7832eb2bd7f4,Fiora,Vi,Rakan,Wukong,Jarvan IV,Renata Glasc,,,,,,2264,1,2,3,3,14,24,0.0,0.0,0.0,0.0,0.0,0.0,0.0,0.0,0.371,1.0071,,,,,,,,,,,,,,,,,,,,,0.0,0.0,,,,,,,,0.0,0.0,27988.0,741.7314,0.236964,1111.7491,1020.2385,11.0,0.2915,11.0,0.2915,5.0,46.0,1.2191,16688,11794,312.5618,0.243724,16975.0,,,339.0,331.0,8.0,,,8.9841,3443.0,4835.0,87.0,3259.0,4877.0,89.0,184.0,-42.0,-2.0,0.0,0.0,0.0,0.0,0.0,0.0,4995.0,7427.0,130.0,4966.0,7803.0,142.0,29.0,-376.0,-12.0,0.0,0.0,0.0,0.0,0.0,0.0,6873.0,9986.0,178.0,7224.0,10848.0,200.0,-351.0,-862.0,-22.0,0.0,0.0,0.0,1.0,0.0,0.0,9255.0,12944.0,224.0,9832.0,14832.0,254.0,-577.0,-1888.0,-30.0,1.0,1.0,0.0,2.0,0.0,0.0
ESPORTSTMNT05_3223389,complete,,EM,2023,Spring,0,2023-04-25 16:44:17,3,13.06,7,Red,jng,Elramir,oe:player:de442faff7b7cdc0fba7d6d5caff5e1,İstanbul Wildcats,oe:team:a65adb2808377018a2a7832eb2bd7f4,Maokai,Vi,Rakan,Wukong,Jarvan IV,Renata Glasc,,,,,,2264,1,0,7,11,14,24,0.0,0.0,0.0,0.0,0.0,0.0,0.0,0.0,0.371,1.0071,,,,,,,,,,,,,,,,,,,,,0.0,1.0,,,,,,,,0.0,0.0,13270.0,351.6784,0.112352,890.1678,1362.5618,10.0,0.265,17.0,0.4505,11.0,63.0,1.6696,11976,7082,187.6855,0.146349,11575.0,,,163.0,28.0,135.0,,,4.3198,3192.0,3154.0,66.0,3284.0,3394.0,58.0,-92.0,-240.0,8.0,0.0,0.0,1.0,1.0,0.0,0.0,4642.0,4554.0,80.0,4886.0,4773.0,75.0,-244.0,-219.0,5.0,0.0,2.0,3.0,2.0,3.0,1.0,6258.0,7029.0,111.0,6628.0,7533.0,109.0,-370.0,-504.0,2.0,0.0,2.0,4.0,2.0,5.0,1.0,7660.0,8963.0,134.0,8617.0,10873.0,145.0,-957.0,-1910.0,-11.0,0.0,3.0,4.0,3.0,5.0,2.0
ESPORTSTMNT05_3223389,complete,,EM,2023,Spring,0,2023-04-25 16:44:17,3,13.06,8,Red,mid,Kofte,oe:player:db0cbdc72184ad44ab905be61fc0756,İstanbul Wildcats,oe:team:a65adb2808377018a2a7832eb2bd7f4,Cassiopeia,Vi,Rakan,Wukong,Jarvan IV,Renata Glasc,,,,,,2264,1,3,3,10,14,24,0.0,0.0,0.0,0.0,0.0,0.0,0.0,0.0,0.371,1.0071,,,,,,,,,,,,,,,,,,,,,0.0,0.0,,,,,,,,1.0,0.0,21358.0,566.0247,0.18083,823.4364,617.1466,24.0,0.636,5.0,0.1325,11.0,57.0,1.5106,14810,9916,262.7915,0.204914,15075.0,,,317.0,300.0,17.0,,,8.4011,3291.0,4879.0,94.0,3508.0,4980.0,87.0,-217.0,-101.0,7.0,0.0,0.0,0.0,1.0,0.0,0.0,5251.0,7261.0,134.0,5690.0,8117.0,144.0,-439.0,-856.0,-10.0,1.0,3.0,1.0,2.0,2.0,1.0,6809.0,9305.0,178.0,7986.0,11237.0,198.0,-1177.0,-1932.0,-20.0,1.0,3.0,2.0,2.0,3.0,1.0,8965.0,14067.0,233.0,9874.0,14297.0,240.0,-909.0,-230.0,-7.0,1.0,5.0,2.0,2.0,3.0,2.0
ESPORTSTMNT05_3223389,complete,,EM,2023,Spring,0,2023-04-25 16:44:17,3,13.06,9,Red,bot,BAO,oe:player:6c1d0c529e73fe4c8b9a5306867c4bf,İstanbul Wildcats,oe:team:a65adb2808377018a2a7832eb2bd7f4,Xayah,Vi,Rakan,Wukong,Jarvan IV,Renata Glasc,,,,,,2264,1,9,2,5,14,24,1.0,1.0,0.0,0.0,0.0,0.0,0.0,1.0,0.371,1.0071,,,,,,,,,,,,,,,,,,,,,1.0,1.0,,,,,,,,0.0,0.0,48336.0,1280.9894,0.409242,568.4894,375.371,15.0,0.3975,6.0,0.159,2.0,34.0,0.9011,20121,15227,403.5424,0.314668,20700.0,,,398.0,351.0,47.0,,,10.5477,3038.0,3051.0,73.0,3625.0,3134.0,90.0,-587.0,-83.0,-17.0,0.0,0.0,1.0,0.0,2.0,0.0,5562.0,5121.0,118.0,5998.0,5065.0,131.0,-436.0,56.0,-13.0,3.0,1.0,1.0,2.0,4.0,1.0,7925.0,7560.0,181.0,8171.0,7805.0,195.0,-246.0,-245.0,-14.0,3.0,1.0,1.0,2.0,5.0,1.0,10404.0,10449.0,238.0,10578.0,11197.0,253.0,-174.0,-748.0,-15.0,4.0,2.0,1.0,2.0,6.0,1.0
ESPORTSTMNT05_3223389,complete,,EM,2023,Spring,0,2023-04-25 16:44:17,3,13.06,10,Red,sup,Parus,oe:player:a9cfbc13e22eefdd22af7b346ce2af4,İstanbul Wildcats,oe:team:a65adb2808377018a2a7832eb2bd7f4,Nautilus,Vi,Rakan,Wukong,Jarvan IV,Renata Glasc,,,,,,2264,1,0,9,11,14,24,0.0,0.0,0.0,0.0,0.0,0.0,0.0,0.0,0.371,1.0071,,,,,,,,,,,,,,,,,,,,,0.0,0.0,,,,,,,,0.0,0.0,7159.0,189.7261,0.0606125,577.9505,904.6908,60.0,1.5901,12.0,0.318,19.0,101.0,2.6767,9266,4372,115.8657,0.0903456,8925.0,,,50.0,50.0,0.0,,,1.3251,2133.0,2687.0,18.0,2591.0,2641.0,14.0,-458.0,46.0,4.0,0.0,0.0,1.0,1.0,1.0,0.0,3543.0,4092.0,31.0,4176.0,4333.0,21.0,-633.0,-241.0,10.0,0.0,4.0,3.0,2.0,5.0,1.0,4672.0,5662.0,42.0,5526.0,5851.0,29.0,-854.0,-189.0,13.0,0.0,4.0,3.0,3.0,6.0,1.0,5554.0,6963.0,43.0,6847.0,7726.0,33.0,-1293.0,-763.0,10.0,0.0,4.0,5.0,3.0,7.0,1.0
ESPORTSTMNT05_3223389,complete,,EM,2023,Spring,0,2023-04-25 16:44:17,3,13.06,100,Blue,team,,,SK Gaming Prime,oe:team:aa8c3b781d96ddb7a24ab3240918988,,Jayce,Gragas,Thresh,Gnar,Olaf,Ahri,Sion,Kalista,Kindred,Blitzcrank,2264,0,24,14,50,24,14,2.0,1.0,1.0,0.0,1.0,,,,0.636,1.0071,1.0,4.0,1.0,4.0,0.0,0.0,0.0,1.0,1.0,2.0,0.0,,0.0,1.0,0.0,0.0,2.0,,,1.0,2.0,1.0,1.0,6.0,11.0,0.0,1.0,0.0,4.0,0.0,3.0,110429.0,2926.5636,,3941.7403,4547.7297,106.0,2.8092,65.0,1.7226,39.0,343.0,9.0901,75874,51403,1362.2703,,72060.0,-0.0163788,1.6,,1099.0,231.0,,,35.2473,16267.0,19026.0,338.0,15097.0,18606.0,338.0,1170.0,420.0,0.0,3.0,3.0,0.0,0.0,0.0,3.0,25716.0,30091.0,513.0,23993.0,28455.0,493.0,1723.0,1636.0,20.0,8.0,14.0,4.0,4.0,10.0,8.0,35535.0,43274.0,731.0,32537.0,39542.0,690.0,2998.0,3732.0,41.0,10.0,19.0,4.0,4.0,10.0,10.0,45748.0,58925.0,925.0,41838.0,53386.0,872.0,3910.0,5539.0,53.0,12.0,21.0,6.0,6.0,15.0,12.0
ESPORTSTMNT05_3223389,complete,,EM,2023,Spring,0,2023-04-25 16:44:17,3,13.06,200,Red,team,,,İstanbul Wildcats,oe:team:a65adb2808377018a2a7832eb2bd7f4,,Vi,Rakan,Wukong,Jarvan IV,Renata Glasc,Xayah,Maokai,Cassiopeia,Fiora,Nautilus,2264,1,14,24,40,14,24,1.0,1.0,0.0,0.0,0.0,,,,0.371,1.0071,0.0,1.0,4.0,0.0,4.0,0.0,0.0,0.0,0.0,0.0,0.0,,1.0,0.0,1.0,2.0,0.0,,,0.0,1.0,2.0,0.0,11.0,6.0,1.0,0.0,4.0,0.0,3.0,0.0,118111.0,3130.1502,,3971.7933,4280.0088,120.0,3.1802,51.0,1.3516,48.0,301.0,7.977,72861,48390,1282.4205,,73250.0,0.0163788,-1.6,,1060.0,207.0,,,33.5777,15097.0,18606.0,338.0,16267.0,19026.0,338.0,-1170.0,-420.0,0.0,0.0,0.0,3.0,3.0,3.0,0.0,23993.0,28455.0,493.0,25716.0,30091.0,513.0,-1723.0,-1636.0,-20.0,4.0,10.0,8.0,8.0,14.0,4.0,32537.0,39542.0,690.0,35535.0,43274.0,731.0,-2998.0,-3732.0,-41.0,4.0,10.0,10.0,10.0,19.0,4.0,41838.0,53386.0,872.0,45748.0,58925.0,925.0,-3910.0,-5539.0,-53.0,6.0,15.0,12.0,12.0,21.0,6.0
ESPORTSTMNT05_3220701,complete,,EM,2023,Spring,0,2023-04-25 17:53:47,4,13.06,1,Blue,top,JNX,oe:player:4bb53c6fa9f5d75901136feb8bdf817,SK Gaming Prime,oe:team:aa8c3b781d96ddb7a24ab3240918988,Sion,Jayce,Gragas,Thresh,Gwen,Rumble,,,,,,1916,0,1,4,5,8,18,0.0,0.0,0.0,0.0,0.0,0.0,0.0,0.0,0.2505,0.8142,,,,,,,,,,,,,,,,,,,,,0.0,0.0,,,,,,,,0.0,0.0,7957.0,249.1754,0.162853,955.9916,1836.8267,12.0,0.3758,7.0,0.2192,3.0,37.0,1.1587,10282,6098,190.9603,0.201048,9175.0,,,228.0,228.0,0.0,,,7.1399,3398.0,4746.0,69.0,3302.0,4662.0,80.0,96.0,84.0,-11.0,1.0,1.0,1.0,0.0,2.0,1.0,5229.0,7866.0,125.0,5742.0,7845.0,139.0,-513.0,21.0,-14.0,1.0,1.0,1.0,0.0,2.0,1.0,6907.0,10462.0,171.0,7984.0,10629.0,191.0,-1077.0,-167.0,-20.0,1.0,3.0,1.0,0.0,2.0,1.0,8442.0,12312.0,196.0,10452.0,14214.0,239.0,-2010.0,-1902.0,-43.0,1.0,3.0,1.0,0.0,4.0,1.0
ESPORTSTMNT05_3220701,complete,,EM,2023,Spring,0,2023-04-25 17:53:47,4,13.06,2,Blue,jng,Lurox,oe:player:6fc5fe723eed4ba4c230292be365c66,SK Gaming Prime,oe:team:aa8c3b781d96ddb7a24ab3240918988,Jarvan IV,Jayce,Gragas,Thresh,Gwen,Rumble,,,,,,1916,0,2,5,6,8,18,0.0,0.0,0.0,0.0,0.0,0.0,0.0,0.0,0.2505,0.8142,,,,,,,,,,,,,,,,,,,,,0.0,2.0,,,,,,,,0.0,0.0,7102.0,222.4008,0.145354,701.5866,1054.6973,10.0,0.3132,16.0,0.501,10.0,59.0,1.8476,9493,5309,166.2526,0.175034,8700.0,,,144.0,30.0,114.0,,,4.5094,3600.0,3400.0,68.0,3323.0,3447.0,57.0,277.0,-47.0,11.0,1.0,1.0,1.0,0.0,4.0,1.0,5618.0,5526.0,104.0,4788.0,5199.0,86.0,830.0,327.0,18.0,1.0,2.0,1.0,0.0,4.0,1.0,7139.0,7464.0,123.0,6491.0,7410.0,119.0,648.0,54.0,4.0,2.0,3.0,1.0,0.0,4.0,2.0,8064.0,8123.0,129.0,8262.0,9540.0,136.0,-198.0,-1417.0,-7.0,2.0,3.0,2.0,0.0,5.0,2.0
ESPORTSTMNT05_3220701,complete,,EM,2023,Spring,0,2023-04-25 17:53:47,4,13.06,3,Blue,mid,FEBIVEN,oe:player:d62421836c8b27dc3ffaffa058b8098,SK Gaming Prime,oe:team:aa8c3b781d96ddb7a24ab3240918988,Ahri,Jayce,Gragas,Thresh,Gwen,Rumble,,,,,,1916,0,0,4,4,8,18,0.0,0.0,0.0,0.0,0.0,0.0,0.0,1.0,0.2505,0.8142,,,,,,,,,,,,,,,,,,,,,0.0,0.0,,,,,,,,0.0,0.0,14422.0,451.6284,0.29517,617.8497,388.9979,7.0,0.2192,5.0,0.1566,3.0,27.0,0.8455,10944,6760,211.691,0.222875,10525.0,,,277.0,269.0,8.0,,,8.6743,3072.0,4165.0,79.0,4699.0,4855.0,89.0,-1627.0,-690.0,-10.0,0.0,0.0,2.0,4.0,0.0,0.0,5036.0,6973.0,135.0,7025.0,7712.0,148.0,-1989.0,-739.0,-13.0,0.0,1.0,2.0,4.0,0.0,0.0,6859.0,9704.0,185.0,9205.0,9784.0,187.0,-2346.0,-80.0,-2.0,0.0,1.0,2.0,4.0,0.0,0.0,8960.0,12898.0,243.0,11965.0,13717.0,248.0,-3005.0,-819.0,-5.0,0.0,1.0,2.0,4.0,1.0,0.0
ESPORTSTMNT05_3220701,complete,,EM,2023,Spring,0,2023-04-25 17:53:47,4,13.06,4,Blue,bot,Keduii,oe:player:44189e6dc3089dbf9520de800fa705a,SK Gaming Prime,oe:team:aa8c3b781d96ddb7a24ab3240918988,Jinx,Jayce,Gragas,Thresh,Gwen,Rumble,,,,,,1916,0,5,3,1,8,18,0.0,0.0,0.0,0.0,0.0,0.0,0.0,0.0,0.2505,0.8142,,,,,,,,,,,,,,,,,,,,,0.0,0.0,,,,,,,,0.0,1.0,17145.0,536.8998,0.350901,486.6388,255.8768,13.0,0.4071,12.0,0.3758,4.0,44.0,1.3779,14276,10092,316.0334,0.332734,12575.0,,,335.0,293.0,42.0,,,10.4906,3263.0,3247.0,87.0,3569.0,4116.0,97.0,-306.0,-869.0,-10.0,0.0,0.0,0.0,0.0,0.0,0.0,5616.0,5653.0,148.0,6020.0,7117.0,161.0,-404.0,-1464.0,-13.0,1.0,0.0,0.0,0.0,0.0,0.0,7764.0,7992.0,202.0,8114.0,9713.0,218.0,-350.0,-1721.0,-16.0,2.0,1.0,0.0,0.0,0.0,0.0,10094.0,10283.0,269.0,11546.0,13378.0,272.0,-1452.0,-3095.0,-3.0,2.0,1.0,1.0,2.0,0.0,0.0
ESPORTSTMNT05_3220701,complete,,EM,2023,Spring,0,2023-04-25 17:53:47,4,13.06,5,Blue,sup,Prime,oe:player:e038414b765a8bda52e602f7eaeff04,SK Gaming Prime,oe:team:aa8c3b781d96ddb7a24ab3240918988,Renata Glasc,Jayce,Gragas,Thresh,Gwen,Rumble,,,,,,1916,0,0,2,6,8,18,0.0,0.0,0.0,0.0,0.0,0.0,0.0,0.0,0.2505,0.8142,,,,,,,,,,,,,,,,,,,,,0.0,0.0,,,,,,,,0.0,0.0,2234.0,69.9582,0.0457225,226.5658,151.7537,52.0,1.6284,8.0,0.2505,17.0,90.0,2.8184,6256,2072,64.8852,0.0683077,5925.0,,,33.0,33.0,0.0,,,1.0334,2058.0,2316.0,13.0,2310.0,2333.0,14.0,-252.0,-17.0,-1.0,0.0,0.0,0.0,0.0,3.0,0.0,3354.0,3898.0,27.0,3362.0,3618.0,27.0,-8.0,280.0,0.0,0.0,1.0,0.0,0.0,3.0,1.0,4257.0,4883.0,29.0,4619.0,4677.0,33.0,-362.0,206.0,-4.0,0.0,3.0,0.0,0.0,3.0,2.0,5095.0,6411.0,31.0,5949.0,6011.0,35.0,-854.0,400.0,-4.0,0.0,3.0,0.0,0.0,5.0,2.0
ESPORTSTMNT05_3220701,complete,,EM,2023,Spring,0,2023-04-25 17:53:47,4,13.06,6,Red,top,Destroy,oe:player:21846207612858fb49a468b43e56dd3,İstanbul Wildcats,oe:team:a65adb2808377018a2a7832eb2bd7f4,Kennen,Vi,Rakan,Wukong,,,,,,,,1916,1,3,1,11,18,8,0.0,0.0,0.0,0.0,0.0,0.0,0.0,0.0,0.5637,0.8142,,,,,,,,,,,,,,,,,,,,,0.0,0.0,,,,,,,,0.0,0.0,23003.0,720.3445,0.294888,431.9937,272.5052,12.0,0.3758,7.0,0.2192,7.0,47.0,1.4718,14638,10454,327.3695,0.22928,13310.0,,,279.0,259.0,20.0,,,8.737,3302.0,4662.0,80.0,3398.0,4746.0,69.0,-96.0,-84.0,11.0,0.0,2.0,1.0,1.0,1.0,1.0,5742.0,7845.0,139.0,5229.0,7866.0,125.0,513.0,-21.0,14.0,0.0,2.0,1.0,1.0,1.0,1.0,7984.0,10629.0,191.0,6907.0,10462.0,171.0,1077.0,167.0,20.0,0.0,2.0,1.0,1.0,3.0,1.0,10452.0,14214.0,239.0,8442.0,12312.0,196.0,2010.0,1902.0,43.0,0.0,4.0,1.0,1.0,3.0,1.0
ESPORTSTMNT05_3220701,complete,,EM,2023,Spring,0,2023-04-25 17:53:47,4,13.06,7,Red,jng,Elramir,oe:player:de442faff7b7cdc0fba7d6d5caff5e1,İstanbul Wildcats,oe:team:a65adb2808377018a2a7832eb2bd7f4,Maokai,Vi,Rakan,Wukong,,,,,,,,1916,1,1,3,13,18,8,0.0,0.0,0.0,0.0,1.0,0.0,1.0,0.0,0.5637,0.8142,,,,,,,,,,,,,,,,,,,,,2.0,0.0,,,,,,,,0.0,0.0,8642.0,270.6263,0.110786,1254.4885,1560.2505,11.0,0.3445,13.0,0.4071,9.0,48.0,1.5031,10845,6661,208.5908,0.146089,9575.0,,,155.0,24.0,131.0,,,4.8539,3323.0,3447.0,57.0,3600.0,3400.0,68.0,-277.0,47.0,-11.0,0.0,4.0,1.0,1.0,1.0,1.0,4788.0,5199.0,86.0,5618.0,5526.0,104.0,-830.0,-327.0,-18.0,0.0,4.0,1.0,1.0,2.0,1.0,6491.0,7410.0,119.0,7139.0,7464.0,123.0,-648.0,-54.0,-4.0,0.0,4.0,2.0,2.0,3.0,1.0,8262.0,9540.0,136.0,8064.0,8123.0,129.0,198.0,1417.0,7.0,0.0,5.0,2.0,2.0,3.0,2.0
ESPORTSTMNT05_3220701,complete,,EM,2023,Spring,0,2023-04-25 17:53:47,4,13.06,8,Red,mid,Kofte,oe:player:db0cbdc72184ad44ab905be61fc0756,İstanbul Wildcats,oe:team:a65adb2808377018a2a7832eb2bd7f4,Tristana,Vi,Rakan,Wukong,,,,,,,,1916,1,8,0,6,18,8,1.0,0.0,0.0,0.0,1.0,1.0,0.0,0.0,0.5637,0.8142,,,,,,,,,,,,,,,,,,,,,0.0,0.0,,,,,,,,0.0,0.0,24747.0,774.9582,0.317245,395.0731,684.6138,13.0,0.4071,12.0,0.3758,4.0,49.0,1.5344,16572,12388,387.9332,0.271698,14550.0,,,309.0,265.0,44.0,,,9.6764,4699.0,4855.0,89.0,3072.0,4165.0,79.0,1627.0,690.0,10.0,4.0,0.0,0.0,0.0,0.0,2.0,7025.0,7712.0,148.0,5036.0,6973.0,135.0,1989.0,739.0,13.0,4.0,0.0,0.0,0.0,1.0,2.0,9205.0,9784.0,187.0,6859.0,9704.0,185.0,2346.0,80.0,2.0,4.0,0.0,0.0,0.0,1.0,2.0,11965.0,13717.0,248.0,8960.0,12898.0,243.0,3005.0,819.0,5.0,4.0,1.0,0.0,0.0,1.0,2.0
ESPORTSTMNT05_3220701,complete,,EM,2023,Spring,0,2023-04-25 17:53:47,4,13.06,9,Red,bot,BAO,oe:player:6c1d0c529e73fe4c8b9a5306867c4bf,İstanbul Wildcats,oe:team:a65adb2808377018a2a7832eb2bd7f4,Xayah,Vi,Rakan,Wukong,,,,,,,,1916,1,4,1,7,18,8,1.0,0.0,0.0,0.0,0.0,0.0,0.0,0.0,0.5637,0.8142,,,,,,,,,,,,,,,,,,,,,0.0,0.0,,,,,,,,1.0,0.0,17792.0,557.1608,0.228085,350.0731,202.8288,16.0,0.501,8.0,0.2505,6.0,59.0,1.8476,15771,11587,362.8497,0.25413,13450.0,,,333.0,313.0,20.0,,,10.428,3569.0,4116.0,97.0,3263.0,3247.0,87.0,306.0,869.0,10.0,0.0,0.0,0.0,0.0,0.0,0.0,6020.0,7117.0,161.0,5616.0,5653.0,148.0,404.0,1464.0,13.0,0.0,0.0,0.0,1.0,0.0,0.0,8114.0,9713.0,218.0,7764.0,7992.0,202.0,350.0,1721.0,16.0,0.0,0.0,0.0,2.0,1.0,0.0,11546.0,13378.0,272.0,10094.0,10283.0,269.0,1452.0,3095.0,3.0,2.0,0.0,0.0,2.0,1.0,1.0
ESPORTSTMNT05_3220701,complete,,EM,2023,Spring,0,2023-04-25 17:53:47,4,13.06,10,Red,sup,Parus,oe:player:a9cfbc13e22eefdd22af7b346ce2af4,İstanbul Wildcats,oe:team:a65adb2808377018a2a7832eb2bd7f4,Nautilus,Vi,Rakan,Wukong,,,,,,,,1916,1,2,3,12,18,8,0.0,0.0,0.0,0.0,1.0,0.0,1.0,0.0,0.5637,0.8142,,,,,,,,,,,,,,,,,,,,,0.0,0.0,,,,,,,,0.0,0.0,3822.0,119.6868,0.0489962,327.9958,434.6242,53.0,1.6597,10.0,0.3132,14.0,103.0,3.2255,8689,4505,141.0752,0.098802,8400.0,,,40.0,40.0,0.0,,,1.2526,2310.0,2333.0,14.0,2058.0,2316.0,13.0,252.0,17.0,1.0,0.0,3.0,0.0,0.0,0.0,0.0,3362.0,3618.0,27.0,3354.0,3898.0,27.0,8.0,-280.0,0.0,0.0,3.0,1.0,0.0,1.0,0.0,4619.0,4677.0,33.0,4257.0,4883.0,29.0,362.0,-206.0,4.0,0.0,3.0,2.0,0.0,3.0,0.0,5949.0,6011.0,35.0,5095.0,6411.0,31.0,854.0,-400.0,4.0,0.0,5.0,2.0,0.0,3.0,0.0
ESPORTSTMNT05_3220701,complete,,EM,2023,Spring,0,2023-04-25 17:53:47,4,13.06,100,Blue,team,,,SK Gaming Prime,oe:team:aa8c3b781d96ddb7a24ab3240918988,,Jayce,Gragas,Thresh,Gwen,Rumble,Ahri,Jinx,Jarvan IV,Renata Glasc,Sion,1916,0,8,18,22,8,18,0.0,0.0,0.0,0.0,0.0,,,,0.2505,0.8142,1.0,1.0,4.0,1.0,4.0,0.0,1.0,0.0,0.0,0.0,0.0,,0.0,0.0,1.0,1.0,1.0,,,0.0,0.0,2.0,0.0,1.0,9.0,0.0,0.0,4.0,8.0,0.0,1.0,48860.0,1530.0626,,2988.6326,3688.1524,94.0,2.9436,48.0,1.5031,37.0,257.0,8.048,51251,30330,949.7912,,46900.0,-0.233272,-2.98,,853.0,164.0,,,31.8476,15391.0,17874.0,316.0,17203.0,19413.0,337.0,-1812.0,-1539.0,-21.0,2.0,2.0,4.0,4.0,9.0,2.0,24853.0,29916.0,539.0,26937.0,31491.0,561.0,-2084.0,-1575.0,-22.0,3.0,5.0,4.0,4.0,9.0,3.0,32926.0,40505.0,710.0,36413.0,42213.0,748.0,-3487.0,-1708.0,-38.0,5.0,11.0,4.0,4.0,9.0,5.0,40655.0,50027.0,868.0,48174.0,56860.0,930.0,-7519.0,-6833.0,-62.0,5.0,11.0,6.0,6.0,15.0,5.0
ESPORTSTMNT05_3220701,complete,,EM,2023,Spring,0,2023-04-25 17:53:47,4,13.06,200,Red,team,,,İstanbul Wildcats,oe:team:a65adb2808377018a2a7832eb2bd7f4,,Vi,Rakan,Wukong,,,Xayah,Maokai,Tristana,Nautilus,Kennen,1916,1,18,8,49,18,8,2.0,0.0,0.0,0.0,1.0,,,,0.5637,0.8142,0.0,4.0,1.0,4.0,1.0,0.0,0.0,3.0,0.0,1.0,0.0,,0.0,0.0,0.0,1.0,1.0,,,1.0,2.0,0.0,1.0,9.0,1.0,1.0,1.0,8.0,4.0,1.0,0.0,78006.0,2442.7766,,2759.6242,3154.8225,105.0,3.2881,50.0,1.5658,40.0,306.0,9.5825,66515,45594,1427.7871,,59285.0,0.233272,2.98,,901.0,215.0,,,34.9478,17203.0,19413.0,337.0,15391.0,17874.0,316.0,1812.0,1539.0,21.0,4.0,9.0,2.0,2.0,2.0,4.0,26937.0,31491.0,561.0,24853.0,29916.0,539.0,2084.0,1575.0,22.0,4.0,9.0,3.0,3.0,5.0,4.0,36413.0,42213.0,748.0,32926.0,40505.0,710.0,3487.0,1708.0,38.0,4.0,9.0,5.0,5.0,11.0,4.0,48174.0,56860.0,930.0,40655.0,50027.0,868.0,7519.0,6833.0,62.0,6.0,15.0,5.0,5.0,11.0,6.0
ESPORTSTMNT05_3220707,complete,,EM,2023,Spring,0,2023-04-26 15:02:43,1,13.06,1,Blue,top,iBo,oe:player:4bdb80c84e25651b3d62742c0b61f6d,Los Heretics,oe:team:2dfc66b98002c5afad2a98dbf86e350,Jayce,Olaf,Xayah,Varus,Irelia,Cassiopeia,,,,,,1835,0,4,3,2,11,20,0.0,0.0,0.0,0.0,0.0,0.0,0.0,0.0,0.3597,1.0136,,,,,,,,,,,,,,,,,,,,,0.0,0.0,,,,,,,,1.0,0.0,30330.0,991.7166,0.362925,480.0654,459.9891,14.0,0.4578,6.0,0.1962,5.0,38.0,1.2425,13607,9588,313.5041,0.304768,11225.0,,,266.0,239.0,27.0,,,8.6975,3563.0,5258.0,87.0,3039.0,4464.0,78.0,524.0,794.0,9.0,1.0,0.0,0.0,0.0,0.0,1.0,6583.0,8446.0,140.0,5751.0,8078.0,139.0,832.0,368.0,1.0,3.0,0.0,0.0,1.0,0.0,1.0,8843.0,11224.0,191.0,7557.0,10837.0,189.0,1286.0,387.0,2.0,3.0,0.0,0.0,1.0,0.0,1.0,10714.0,13468.0,227.0,9063.0,12524.0,215.0,1651.0,944.0,12.0,4.0,1.0,1.0,2.0,0.0,2.0
ESPORTSTMNT05_3220707,complete,,EM,2023,Spring,0,2023-04-26 15:02:43,1,13.06,2,Blue,jng,bluerzor,oe:player:0973ddfd8ce96a62e85badbe503d163,Los Heretics,oe:team:2dfc66b98002c5afad2a98dbf86e350,Wukong,Olaf,Xayah,Varus,Irelia,Cassiopeia,,,,,,1835,0,4,4,2,11,20,0.0,0.0,0.0,0.0,0.0,0.0,0.0,0.0,0.3597,1.0136,,,,,,,,,,,,,,,,,,,,,0.0,1.0,,,,,,,,0.0,0.0,13939.0,455.7711,0.166792,951.4332,973.0463,11.0,0.3597,18.0,0.5886,10.0,50.0,1.6349,10157,6138,200.6975,0.195105,9500.0,,,156.0,33.0,123.0,,,5.1008,3451.0,3439.0,57.0,3545.0,3428.0,65.0,-94.0,11.0,-8.0,1.0,0.0,0.0,1.0,2.0,0.0,5309.0,5405.0,79.0,5548.0,6055.0,105.0,-239.0,-650.0,-26.0,2.0,2.0,1.0,2.0,3.0,0.0,7191.0,7851.0,114.0,7274.0,8652.0,148.0,-83.0,-801.0,-34.0,3.0,2.0,1.0,2.0,3.0,0.0,8794.0,9942.0,142.0,8618.0,10531.0,174.0,176.0,-589.0,-32.0,4.0,2.0,1.0,2.0,5.0,0.0
ESPORTSTMNT05_3220707,complete,,EM,2023,Spring,0,2023-04-26 15:02:43,1,13.06,3,Blue,mid,Zwyroo,oe:player:1806cb4175771800d1d1ace2817103c,Los Heretics,oe:team:2dfc66b98002c5afad2a98dbf86e350,Lissandra,Olaf,Xayah,Varus,Irelia,Cassiopeia,,,,,,1835,0,0,6,3,11,20,0.0,0.0,0.0,0.0,0.0,0.0,0.0,1.0,0.3597,1.0136,,,,,,,,,,,,,,,,,,,,,0.0,0.0,,,,,,,,0.0,0.0,14430.0,471.8256,0.172668,590.2561,452.4033,12.0,0.3924,6.0,0.1962,3.0,36.0,1.1771,9437,5418,177.1553,0.172219,8375.0,,,213.0,213.0,0.0,,,6.9646,3326.0,4647.0,86.0,3767.0,4804.0,90.0,-441.0,-157.0,-4.0,0.0,1.0,2.0,1.0,2.0,1.0,4714.0,6701.0,121.0,5794.0,8108.0,147.0,-1080.0,-1407.0,-26.0,0.0,1.0,3.0,1.0,4.0,1.0,6494.0,9164.0,168.0,7364.0,10540.0,190.0,-870.0,-1376.0,-22.0,0.0,1.0,3.0,1.0,4.0,1.0,8243.0,11510.0,206.0,9791.0,14994.0,244.0,-1548.0,-3484.0,-38.0,0.0,3.0,3.0,2.0,5.0,1.0
ESPORTSTMNT05_3220707,complete,,EM,2023,Spring,0,2023-04-26 15:02:43,1,13.06,4,Blue,bot,Flakked,oe:player:717bb4d71a2dab54e7020b1a8fde420,Los Heretics,oe:team:2dfc66b98002c5afad2a98dbf86e350,Zeri,Olaf,Xayah,Varus,Irelia,Cassiopeia,,,,,,1835,0,2,3,3,11,20,0.0,0.0,0.0,0.0,0.0,0.0,0.0,0.0,0.3597,1.0136,,,,,,,,,,,,,,,,,,,,,0.0,0.0,,,,,,,,0.0,1.0,21332.0,697.5041,0.255256,458.4523,667.7493,11.0,0.3597,19.0,0.6213,2.0,42.0,1.3733,11778,7759,253.7003,0.246631,11250.0,,,275.0,261.0,14.0,,,8.9918,3146.0,3138.0,82.0,4113.0,3833.0,104.0,-967.0,-695.0,-22.0,0.0,0.0,0.0,0.0,0.0,0.0,5173.0,4920.0,111.0,6456.0,5955.0,140.0,-1283.0,-1035.0,-29.0,1.0,1.0,1.0,2.0,1.0,2.0,7304.0,7469.0,171.0,8576.0,7779.0,184.0,-1272.0,-310.0,-13.0,1.0,2.0,1.0,2.0,1.0,3.0,9365.0,9822.0,225.0,10486.0,10274.0,236.0,-1121.0,-452.0,-11.0,2.0,2.0,2.0,2.0,3.0,4.0
ESPORTSTMNT05_3220707,complete,,EM,2023,Spring,0,2023-04-26 15:02:43,1,13.06,5,Blue,sup,marlon,oe:player:e1ddc411cd92f26392b707a48e5c700,Los Heretics,oe:team:2dfc66b98002c5afad2a98dbf86e350,Leona,Olaf,Xayah,Varus,Irelia,Cassiopeia,,,,,,1835,0,1,4,2,11,20,0.0,0.0,0.0,0.0,0.0,0.0,0.0,0.0,0.3597,1.0136,,,,,,,,,,,,,,,,,,,,,0.0,0.0,,,,,,,,0.0,0.0,3540.0,115.7493,0.0423592,516.1635,592.0545,50.0,1.6349,18.0,0.5886,15.0,92.0,3.0082,6576,2557,83.6076,0.0812778,5875.0,,,40.0,40.0,0.0,,,1.3079,2085.0,2515.0,17.0,2629.0,2712.0,15.0,-544.0,-197.0,2.0,0.0,0.0,1.0,1.0,1.0,0.0,2953.0,3373.0,21.0,3914.0,3902.0,22.0,-961.0,-529.0,-1.0,0.0,1.0,2.0,1.0,3.0,2.0,4117.0,4675.0,32.0,4960.0,4872.0,30.0,-843.0,-197.0,2.0,0.0,1.0,2.0,1.0,3.0,2.0,4989.0,6150.0,36.0,5959.0,6323.0,36.0,-970.0,-173.0,0.0,0.0,2.0,2.0,1.0,5.0,3.0
ESPORTSTMNT05_3220707,complete,,EM,2023,Spring,0,2023-04-26 15:02:43,1,13.06,6,Red,top,Venour,oe:player:df13ba84b4ea6932f7e10b5e51e7cf5,Unicorns of Love Sexy Edition,oe:team:6a060bd74c9041bf0aa89adf9d15d12,K'Sante,Vi,Maokai,Annie,Nautilus,Lulu,,,,,,1835,1,3,2,7,20,11,0.0,0.0,0.0,0.0,0.0,0.0,0.0,0.0,0.654,1.0136,,,,,,,,,,,,,,,,,,,,,0.0,0.0,,,,,,,,0.0,1.0,8102.0,264.9155,0.112021,739.4223,1144.218,8.0,0.2616,7.0,0.2289,2.0,32.0,1.0463,12008,7989,261.2207,0.196565,10800.0,,,237.0,237.0,0.0,,,7.7493,3039.0,4464.0,78.0,3563.0,5258.0,87.0,-524.0,-794.0,-9.0,0.0,0.0,1.0,1.0,0.0,0.0,5751.0,8078.0,139.0,6583.0,8446.0,140.0,-832.0,-368.0,-1.0,1.0,0.0,1.0,3.0,0.0,0.0,7557.0,10837.0,189.0,8843.0,11224.0,191.0,-1286.0,-387.0,-2.0,1.0,0.0,1.0,3.0,0.0,0.0,9063.0,12524.0,215.0,10714.0,13468.0,227.0,-1651.0,-944.0,-12.0,2.0,0.0,2.0,4.0,1.0,1.0
ESPORTSTMNT05_3220707,complete,,EM,2023,Spring,0,2023-04-26 15:02:43,1,13.06,7,Red,jng,Peach,oe:player:53841c6e42a6ce77b6f3b80133c9342,Unicorns of Love Sexy Edition,oe:team:6a060bd74c9041bf0aa89adf9d15d12,Sejuani,Vi,Maokai,Annie,Nautilus,Lulu,,,,,,1835,1,3,0,14,20,11,0.0,0.0,0.0,0.0,1.0,1.0,0.0,0.0,0.654,1.0136,,,,,,,,,,,,,,,,,,,,,1.0,0.0,,,,,,,,0.0,0.0,13330.0,435.8583,0.184304,1268.3052,1712.861,12.0,0.3924,16.0,0.5232,8.0,63.0,2.0599,11510,7491,244.9373,0.184312,9900.0,,,193.0,38.0,155.0,,,6.3106,3545.0,3428.0,65.0,3451.0,3439.0,57.0,94.0,-11.0,8.0,1.0,2.0,0.0,1.0,0.0,0.0,5548.0,6055.0,105.0,5309.0,5405.0,79.0,239.0,650.0,26.0,2.0,3.0,0.0,2.0,2.0,1.0,7274.0,8652.0,148.0,7191.0,7851.0,114.0,83.0,801.0,34.0,2.0,3.0,0.0,3.0,2.0,1.0,8618.0,10531.0,174.0,8794.0,9942.0,142.0,-176.0,589.0,32.0,2.0,5.0,0.0,4.0,2.0,1.0
ESPORTSTMNT05_3220707,complete,,EM,2023,Spring,0,2023-04-26 15:02:43,1,13.06,8,Red,mid,Mask,oe:player:4a18312b5b75f549d5551e5912ad6eb,Unicorns of Love Sexy Edition,oe:team:6a060bd74c9041bf0aa89adf9d15d12,Galio,Vi,Maokai,Annie,Nautilus,Lulu,,,,,,1835,1,7,1,10,20,11,1.0,0.0,0.0,0.0,1.0,0.0,1.0,0.0,0.654,1.0136,,,,,,,,,,,,,,,,,,,,,0.0,0.0,,,,,,,,0.0,0.0,19835.0,648.5559,0.274244,799.5531,1319.4768,11.0,0.3597,8.0,0.2616,7.0,38.0,1.2425,14178,10159,332.1744,0.249957,12925.0,,,290.0,284.0,6.0,,,9.4823,3767.0,4804.0,90.0,3326.0,4647.0,86.0,441.0,157.0,4.0,1.0,2.0,1.0,0.0,1.0,2.0,5794.0,8108.0,147.0,4714.0,6701.0,121.0,1080.0,1407.0,26.0,1.0,4.0,1.0,0.0,1.0,3.0,7364.0,10540.0,190.0,6494.0,9164.0,168.0,870.0,1376.0,22.0,1.0,4.0,1.0,0.0,1.0,3.0,9791.0,14994.0,244.0,8243.0,11510.0,206.0,1548.0,3484.0,38.0,2.0,5.0,1.0,0.0,3.0,3.0
ESPORTSTMNT05_3220707,complete,,EM,2023,Spring,0,2023-04-26 15:02:43,1,13.06,9,Red,bot,Fun K3y,oe:player:9ea5afea85321b13df74acb62bfb530,Unicorns of Love Sexy Edition,oe:team:6a060bd74c9041bf0aa89adf9d15d12,Jinx,Vi,Maokai,Annie,Nautilus,Lulu,,,,,,1835,1,6,5,7,20,11,1.0,0.0,0.0,0.0,0.0,0.0,0.0,0.0,0.654,1.0136,,,,,,,,,,,,,,,,,,,,,0.0,0.0,,,,,,,,1.0,0.0,25826.0,844.4469,0.357078,596.3706,365.8856,14.0,0.4578,10.0,0.327,5.0,39.0,1.2752,14837,10818,353.7221,0.266171,12925.0,,,283.0,251.0,32.0,,,9.2534,4113.0,3833.0,104.0,3146.0,3138.0,82.0,967.0,695.0,22.0,0.0,0.0,0.0,0.0,0.0,0.0,6456.0,5955.0,140.0,5173.0,4920.0,111.0,1283.0,1035.0,29.0,2.0,1.0,2.0,1.0,1.0,1.0,8576.0,7779.0,184.0,7304.0,7469.0,171.0,1272.0,310.0,13.0,2.0,1.0,3.0,1.0,2.0,1.0,10486.0,10274.0,236.0,9365.0,9822.0,225.0,1121.0,452.0,11.0,2.0,3.0,4.0,2.0,2.0,2.0
ESPORTSTMNT05_3220707,complete,,EM,2023,Spring,0,2023-04-26 15:02:43,1,13.06,10,Red,sup,Lekcyc,oe:player:74f3f60a44ee916ecc257a5381be756,Unicorns of Love Sexy Edition,oe:team:6a060bd74c9041bf0aa89adf9d15d12,Rakan,Vi,Maokai,Annie,Nautilus,Lulu,,,,,,1835,1,1,3,16,20,11,0.0,0.0,0.0,0.0,0.0,0.0,0.0,0.0,0.654,1.0136,,,,,,,,,,,,,,,,,,,,,0.0,0.0,,,,,,,,0.0,0.0,5233.0,171.1063,0.072353,543.891,701.0027,76.0,2.485,17.0,0.5559,9.0,120.0,3.9237,8205,4186,136.8719,0.102994,7225.0,,,38.0,38.0,0.0,,,1.2425,2629.0,2712.0,15.0,2085.0,2515.0,17.0,544.0,197.0,-2.0,1.0,1.0,0.0,0.0,0.0,1.0,3914.0,3902.0,22.0,2953.0,3373.0,21.0,961.0,529.0,1.0,1.0,3.0,2.0,0.0,1.0,2.0,4960.0,4872.0,30.0,4117.0,4675.0,32.0,843.0,197.0,-2.0,1.0,3.0,2.0,0.0,1.0,2.0,5959.0,6323.0,36.0,4989.0,6150.0,36.0,970.0,173.0,0.0,1.0,5.0,3.0,0.0,2.0,2.0
ESPORTSTMNT05_3220707,complete,,EM,2023,Spring,0,2023-04-26 15:02:43,1,13.06,100,Blue,team,,,Los Heretics,oe:team:2dfc66b98002c5afad2a98dbf86e350,,Olaf,Xayah,Varus,Irelia,Cassiopeia,Jayce,Wukong,Zeri,Lissandra,Leona,1835,0,11,20,12,11,20,0.0,0.0,0.0,0.0,0.0,,,,0.3597,1.0136,0.0,2.0,2.0,2.0,2.0,1.0,0.0,0.0,0.0,1.0,0.0,,0.0,0.0,1.0,2.0,0.0,,,0.0,0.0,1.0,0.0,3.0,9.0,0.0,0.0,5.0,8.0,1.0,1.0,83571.0,2732.5668,,2996.3706,3145.2425,98.0,3.2044,67.0,2.1907,35.0,258.0,8.436,51555,31460,1028.6649,,46225.0,-0.151,-1.89,,786.0,164.0,,,31.0627,15571.0,18997.0,329.0,17093.0,19241.0,352.0,-1522.0,-244.0,-23.0,2.0,1.0,3.0,3.0,5.0,2.0,24732.0,28845.0,472.0,27463.0,32098.0,553.0,-2731.0,-3253.0,-81.0,6.0,5.0,7.0,7.0,11.0,6.0,33949.0,40383.0,676.0,35731.0,42680.0,741.0,-1782.0,-2297.0,-65.0,7.0,6.0,7.0,7.0,11.0,7.0,42105.0,50892.0,836.0,43917.0,54646.0,905.0,-1812.0,-3754.0,-69.0,10.0,10.0,9.0,9.0,18.0,10.0
ESPORTSTMNT05_3220707,complete,,EM,2023,Spring,0,2023-04-26 15:02:43,1,13.06,200,Red,team,,,Unicorns of Love Sexy Edition,oe:team:6a060bd74c9041bf0aa89adf9d15d12,,Vi,Maokai,Annie,Nautilus,Lulu,Sejuani,Rakan,Jinx,K'Sante,Galio,1835,1,20,11,54,20,11,2.0,0.0,0.0,0.0,1.0,,,,0.654,1.0136,1.0,2.0,2.0,2.0,2.0,0.0,0.0,1.0,0.0,1.0,0.0,,0.0,0.0,0.0,0.0,2.0,,,1.0,1.0,0.0,1.0,9.0,3.0,1.0,1.0,8.0,5.0,1.0,1.0,72326.0,2364.8828,,3947.5422,5243.4441,121.0,3.9564,58.0,1.8965,31.0,292.0,9.5477,60738,40643,1328.9264,,53775.0,0.151,1.89,,848.0,193.0,,,34.0381,17093.0,19241.0,352.0,15571.0,18997.0,329.0,1522.0,244.0,23.0,3.0,5.0,2.0,2.0,1.0,3.0,27463.0,32098.0,553.0,24732.0,28845.0,472.0,2731.0,3253.0,81.0,7.0,11.0,6.0,6.0,5.0,7.0,35731.0,42680.0,741.0,33949.0,40383.0,676.0,1782.0,2297.0,65.0,7.0,11.0,7.0,7.0,6.0,7.0,43917.0,54646.0,905.0,42105.0,50892.0,836.0,1812.0,3754.0,69.0,9.0,18.0,10.0,10.0,10.0,9.0
ESPORTSTMNT05_3223398,complete,,EM,2023,Spring,0,2023-04-26 15:56:45,2,13.06,1,Blue,top,iBo,oe:player:4bdb80c84e25651b3d62742c0b61f6d,Los Heretics,oe:team:2dfc66b98002c5afad2a98dbf86e350,Gwen,Olaf,Xayah,Rakan,Galio,Ahri,,,,,,2104,1,3,3,3,24,11,0.0,0.0,0.0,0.0,0.0,0.0,0.0,0.0,0.6844,0.9981,,,,,,,,,,,,,,,,,,,,,0.0,0.0,,,,,,,,0.0,0.0,21521.0,613.7167,0.213077,745.0951,854.4297,16.0,0.4563,7.0,0.1996,4.0,46.0,1.3118,14919,10351,295.1806,0.207655,13210.0,,,335.0,319.0,16.0,,,9.5532,3648.0,5174.0,98.0,3224.0,4959.0,88.0,424.0,215.0,10.0,0.0,0.0,0.0,0.0,0.0,0.0,5251.0,7517.0,141.0,5046.0,8060.0,138.0,205.0,-543.0,3.0,0.0,0.0,1.0,0.0,1.0,0.0,7023.0,10135.0,191.0,6577.0,10579.0,177.0,446.0,-444.0,14.0,0.0,0.0,2.0,0.0,1.0,0.0,9707.0,13601.0,234.0,9053.0,13798.0,213.0,654.0,-197.0,21.0,2.0,1.0,3.0,1.0,2.0,1.0
ESPORTSTMNT05_3223398,complete,,EM,2023,Spring,0,2023-04-26 15:56:45,2,13.06,2,Blue,jng,bluerzor,oe:player:0973ddfd8ce96a62e85badbe503d163,Los Heretics,oe:team:2dfc66b98002c5afad2a98dbf86e350,Wukong,Olaf,Xayah,Rakan,Galio,Ahri,,,,,,2104,1,3,4,10,24,11,0.0,0.0,0.0,0.0,0.0,0.0,0.0,0.0,0.6844,0.9981,,,,,,,,,,,,,,,,,,,,,2.0,0.0,,,,,,,,0.0,0.0,11695.0,333.5076,0.115791,931.2833,1038.3365,9.0,0.2567,17.0,0.4848,7.0,62.0,1.7681,12575,8007,228.3365,0.160632,11075.0,,,180.0,21.0,159.0,,,5.1331,3082.0,2970.0,53.0,3046.0,2932.0,60.0,36.0,38.0,-7.0,0.0,2.0,1.0,0.0,1.0,1.0,4847.0,4844.0,83.0,5033.0,5766.0,99.0,-186.0,-922.0,-16.0,1.0,2.0,2.0,1.0,3.0,1.0,6378.0,6762.0,108.0,6897.0,7938.0,129.0,-519.0,-1176.0,-21.0,1.0,2.0,2.0,2.0,3.0,1.0,8659.0,9683.0,127.0,7978.0,8953.0,144.0,681.0,730.0,-17.0,2.0,6.0,2.0,2.0,3.0,3.0
ESPORTSTMNT05_3223398,complete,,EM,2023,Spring,0,2023-04-26 15:56:45,2,13.06,3,Blue,mid,Zwyroo,oe:player:1806cb4175771800d1d1ace2817103c,Los Heretics,oe:team:2dfc66b98002c5afad2a98dbf86e350,Jayce,Olaf,Xayah,Rakan,Galio,Ahri,,,,,,2104,1,5,0,10,24,11,1.0,0.0,0.0,0.0,0.0,0.0,0.0,0.0,0.6844,0.9981,,,,,,,,,,,,,,,,,,,,,0.0,0.0,,,,,,,,1.0,0.0,20139.0,574.3061,0.199394,280.6939,369.5817,17.0,0.4848,15.0,0.4278,6.0,74.0,2.1103,16898,12330,351.616,0.247356,16175.0,,,307.0,278.0,29.0,,,8.7548,3595.0,4112.0,71.0,3659.0,4663.0,90.0,-64.0,-551.0,-19.0,2.0,1.0,0.0,1.0,0.0,1.0,5593.0,6958.0,133.0,5933.0,7753.0,152.0,-340.0,-795.0,-19.0,2.0,1.0,0.0,2.0,1.0,1.0,7805.0,9571.0,182.0,8292.0,10716.0,216.0,-487.0,-1145.0,-34.0,2.0,1.0,0.0,2.0,1.0,1.0,11370.0,14101.0,243.0,11018.0,13637.0,271.0,352.0,464.0,-28.0,4.0,4.0,0.0,3.0,1.0,2.0
ESPORTSTMNT05_3223398,complete,,EM,2023,Spring,0,2023-04-26 15:56:45,2,13.06,4,Blue,bot,Flakked,oe:player:717bb4d71a2dab54e7020b1a8fde420,Los Heretics,oe:team:2dfc66b98002c5afad2a98dbf86e350,Aphelios,Olaf,Xayah,Rakan,Galio,Ahri,,,,,,2104,1,12,2,7,24,11,2.0,0.0,0.0,0.0,1.0,0.0,1.0,0.0,0.6844,0.9981,,,,,,,,,,,,,,,,,,,,,0.0,0.0,,,,,,,,1.0,0.0,40026.0,1141.4259,0.396293,454.5627,686.4068,15.0,0.4278,4.0,0.1141,3.0,38.0,1.0837,18437,13869,395.5038,0.27823,17275.0,,,292.0,253.0,39.0,,,8.327,5023.0,3577.0,76.0,2819.0,2503.0,66.0,2204.0,1074.0,10.0,4.0,3.0,0.0,0.0,0.0,3.0,8049.0,6345.0,127.0,5260.0,4682.0,119.0,2789.0,1663.0,8.0,5.0,4.0,0.0,1.0,1.0,4.0,9872.0,8074.0,175.0,7449.0,7069.0,171.0,2423.0,1005.0,4.0,5.0,4.0,0.0,1.0,2.0,4.0,12425.0,11042.0,206.0,8637.0,8148.0,196.0,3788.0,2894.0,10.0,7.0,6.0,1.0,1.0,2.0,6.0
ESPORTSTMNT05_3223398,complete,,EM,2023,Spring,0,2023-04-26 15:56:45,2,13.06,5,Blue,sup,marlon,oe:player:e1ddc411cd92f26392b707a48e5c700,Los Heretics,oe:team:2dfc66b98002c5afad2a98dbf86e350,Braum,Olaf,Xayah,Rakan,Galio,Ahri,,,,,,2104,1,1,2,22,24,11,0.0,0.0,0.0,0.0,1.0,1.0,0.0,0.0,0.6844,0.9981,,,,,,,,,,,,,,,,,,,,,0.0,0.0,,,,,,,,0.0,0.0,7620.0,217.3004,0.0754448,604.7624,820.038,59.0,1.6825,10.0,0.2852,22.0,106.0,3.0228,9858,5290,150.8555,0.106127,9200.0,,,37.0,37.0,0.0,,,1.0551,3009.0,2616.0,15.0,2178.0,2444.0,19.0,831.0,172.0,-4.0,1.0,6.0,0.0,0.0,0.0,2.0,4109.0,3962.0,24.0,3363.0,4153.0,30.0,746.0,-191.0,-6.0,1.0,7.0,1.0,0.0,2.0,3.0,5211.0,5328.0,30.0,4572.0,5298.0,37.0,639.0,30.0,-7.0,1.0,7.0,1.0,0.0,3.0,3.0,6926.0,8311.0,31.0,5588.0,6430.0,41.0,1338.0,1881.0,-10.0,1.0,14.0,1.0,0.0,4.0,4.0
ESPORTSTMNT05_3223398,complete,,EM,2023,Spring,0,2023-04-26 15:56:45,2,13.06,6,Red,top,Venour,oe:player:df13ba84b4ea6932f7e10b5e51e7cf5,Unicorns of Love Sexy Edition,oe:team:6a060bd74c9041bf0aa89adf9d15d12,K'Sante,Vi,Maokai,Annie,Thresh,Lissandra,,,,,,2104,0,2,3,3,11,24,0.0,0.0,0.0,0.0,0.0,0.0,0.0,0.0,0.3137,0.9981,,,,,,,,,,,,,,,,,,,,,0.0,0.0,,,,,,,,0.0,0.0,9860.0,281.1787,0.143967,606.1597,1033.8023,10.0,0.2852,3.0,0.0856,1.0,24.0,0.6844,12011,7443,212.2529,0.201735,11825.0,,,260.0,256.0,4.0,,,7.4144,3224.0,4959.0,88.0,3648.0,5174.0,98.0,-424.0,-215.0,-10.0,0.0,0.0,0.0,0.0,0.0,0.0,5046.0,8060.0,138.0,5251.0,7517.0,141.0,-205.0,543.0,-3.0,0.0,1.0,0.0,0.0,0.0,1.0,6577.0,10579.0,177.0,7023.0,10135.0,191.0,-446.0,444.0,-14.0,0.0,1.0,0.0,0.0,0.0,2.0,9053.0,13798.0,213.0,9707.0,13601.0,234.0,-654.0,197.0,-21.0,1.0,2.0,1.0,2.0,1.0,3.0
ESPORTSTMNT05_3223398,complete,,EM,2023,Spring,0,2023-04-26 15:56:45,2,13.06,7,Red,jng,Peach,oe:player:53841c6e42a6ce77b6f3b80133c9342,Unicorns of Love Sexy Edition,oe:team:6a060bd74c9041bf0aa89adf9d15d12,Sejuani,Vi,Maokai,Annie,Thresh,Lissandra,,,,,,2104,0,2,5,7,11,24,0.0,0.0,0.0,0.0,0.0,0.0,0.0,0.0,0.3137,0.9981,,,,,,,,,,,,,,,,,,,,,0.0,2.0,,,,,,,,0.0,0.0,8971.0,255.827,0.130986,1191.673,1342.2719,8.0,0.2281,11.0,0.3137,6.0,52.0,1.4829,10752,6184,176.3498,0.167612,9850.0,,,192.0,32.0,160.0,,,5.4753,3046.0,2932.0,60.0,3082.0,2970.0,53.0,-36.0,-38.0,7.0,0.0,1.0,1.0,0.0,2.0,1.0,5033.0,5766.0,99.0,4847.0,4844.0,83.0,186.0,922.0,16.0,1.0,3.0,1.0,1.0,2.0,2.0,6897.0,7938.0,129.0,6378.0,6762.0,108.0,519.0,1176.0,21.0,2.0,3.0,1.0,1.0,2.0,2.0,7978.0,8953.0,144.0,8659.0,9683.0,127.0,-681.0,-730.0,17.0,2.0,3.0,3.0,2.0,6.0,2.0
ESPORTSTMNT05_3223398,complete,,EM,2023,Spring,0,2023-04-26 15:56:45,2,13.06,8,Red,mid,Mask,oe:player:4a18312b5b75f549d5551e5912ad6eb,Unicorns of Love Sexy Edition,oe:team:6a060bd74c9041bf0aa89adf9d15d12,Viktor,Vi,Maokai,Annie,Thresh,Lissandra,,,,,,2104,0,4,4,3,11,24,0.0,0.0,0.0,0.0,0.0,0.0,0.0,0.0,0.3137,0.9981,,,,,,,,,,,,,,,,,,,,,0.0,0.0,,,,,,,,0.0,1.0,26957.0,768.7357,0.393602,496.3688,560.6749,15.0,0.4278,14.0,0.3992,5.0,57.0,1.6255,14871,10303,293.8118,0.279249,13975.0,,,360.0,344.0,16.0,,,10.2662,3659.0,4663.0,90.0,3595.0,4112.0,71.0,64.0,551.0,19.0,1.0,0.0,1.0,2.0,1.0,0.0,5933.0,7753.0,152.0,5593.0,6958.0,133.0,340.0,795.0,19.0,2.0,1.0,1.0,2.0,1.0,0.0,8292.0,10716.0,216.0,7805.0,9571.0,182.0,487.0,1145.0,34.0,2.0,1.0,1.0,2.0,1.0,0.0,11018.0,13637.0,271.0,11370.0,14101.0,243.0,-352.0,-464.0,28.0,3.0,1.0,2.0,4.0,4.0,0.0
ESPORTSTMNT05_3223398,complete,,EM,2023,Spring,0,2023-04-26 15:56:45,2,13.06,9,Red,bot,Fun K3y,oe:player:9ea5afea85321b13df74acb62bfb530,Unicorns of Love Sexy Edition,oe:team:6a060bd74c9041bf0aa89adf9d15d12,Jinx,Vi,Maokai,Annie,Thresh,Lissandra,,,,,,2104,0,2,7,5,11,24,0.0,0.0,0.0,0.0,0.0,0.0,0.0,0.0,0.3137,0.9981,,,,,,,,,,,,,,,,,,,,,0.0,0.0,,,,,,,,0.0,1.0,18848.0,537.4905,0.275201,632.2814,286.8251,14.0,0.3992,19.0,0.5418,5.0,47.0,1.3403,14267,9699,276.5875,0.262879,12575.0,,,334.0,294.0,40.0,,,9.5247,2819.0,2503.0,66.0,5023.0,3577.0,76.0,-2204.0,-1074.0,-10.0,0.0,0.0,3.0,4.0,3.0,0.0,5260.0,4682.0,119.0,8049.0,6345.0,127.0,-2789.0,-1663.0,-8.0,1.0,1.0,4.0,5.0,4.0,0.0,7449.0,7069.0,171.0,9872.0,8074.0,175.0,-2423.0,-1005.0,-4.0,1.0,2.0,4.0,5.0,4.0,0.0,8637.0,8148.0,196.0,12425.0,11042.0,206.0,-3788.0,-2894.0,-10.0,1.0,2.0,6.0,7.0,6.0,1.0
ESPORTSTMNT05_3223398,complete,,EM,2023,Spring,0,2023-04-26 15:56:45,2,13.06,10,Red,sup,Lekcyc,oe:player:74f3f60a44ee916ecc257a5381be756,Unicorns of Love Sexy Edition,oe:team:6a060bd74c9041bf0aa89adf9d15d12,Nautilus,Vi,Maokai,Annie,Thresh,Lissandra,,,,,,2104,0,1,5,7,11,24,0.0,0.0,0.0,0.0,0.0,0.0,0.0,1.0,0.3137,0.9981,,,,,,,,,,,,,,,,,,,,,0.0,0.0,,,,,,,,0.0,0.0,3852.0,109.8479,0.0562434,580.7224,707.6236,74.0,2.1103,8.0,0.2281,17.0,111.0,3.1654,7834,3266,93.1369,0.0885251,7750.0,,,43.0,43.0,0.0,,,1.2262,2178.0,2444.0,19.0,3009.0,2616.0,15.0,-831.0,-172.0,4.0,0.0,0.0,2.0,1.0,6.0,0.0,3363.0,4153.0,30.0,4109.0,3962.0,24.0,-746.0,191.0,6.0,0.0,2.0,3.0,1.0,7.0,1.0,4572.0,5298.0,37.0,5211.0,5328.0,30.0,-639.0,-30.0,7.0,0.0,3.0,3.0,1.0,7.0,1.0,5588.0,6430.0,41.0,6926.0,8311.0,31.0,-1338.0,-1881.0,10.0,0.0,4.0,4.0,1.0,14.0,1.0
ESPORTSTMNT05_3223398,complete,,EM,2023,Spring,0,2023-04-26 15:56:45,2,13.06,100,Blue,team,,,Los Heretics,oe:team:2dfc66b98002c5afad2a98dbf86e350,,Olaf,Xayah,Rakan,Galio,Ahri,Jayce,Wukong,Aphelios,Braum,Gwen,2104,1,24,11,52,24,11,3.0,0.0,0.0,0.0,1.0,,,,0.6844,0.9981,0.0,4.0,1.0,4.0,1.0,0.0,3.0,0.0,0.0,0.0,1.0,,0.0,0.0,1.0,2.0,0.0,,,1.0,2.0,0.0,1.0,11.0,3.0,0.0,0.0,7.0,3.0,2.0,0.0,101001.0,2880.2567,,3016.3973,3768.7928,116.0,3.308,53.0,1.5114,42.0,326.0,9.2966,72687,49848,1421.5209,,66935.0,0.178342,3.09,,908.0,243.0,,,32.8232,18357.0,18449.0,313.0,14926.0,17501.0,323.0,3431.0,948.0,-10.0,7.0,12.0,1.0,1.0,1.0,7.0,27849.0,29626.0,508.0,24635.0,30414.0,538.0,3214.0,-788.0,-30.0,9.0,14.0,4.0,4.0,8.0,9.0,36289.0,39870.0,686.0,33787.0,41600.0,730.0,2502.0,-1730.0,-44.0,9.0,14.0,5.0,5.0,10.0,9.0,49087.0,56738.0,841.0,42274.0,50966.0,865.0,6813.0,5772.0,-24.0,16.0,31.0,7.0,7.0,12.0,16.0
ESPORTSTMNT05_3223398,complete,,EM,2023,Spring,0,2023-04-26 15:56:45,2,13.06,200,Red,team,,,Unicorns of Love Sexy Edition,oe:team:6a060bd74c9041bf0aa89adf9d15d12,,Vi,Maokai,Annie,Thresh,Lissandra,Sejuani,Jinx,K'Sante,Nautilus,Viktor,2104,0,11,24,25,11,24,0.0,0.0,0.0,0.0,0.0,,,,0.3137,0.9981,1.0,1.0,4.0,1.0,4.0,1.0,0.0,0.0,0.0,0.0,0.0,,0.0,0.0,0.0,0.0,2.0,,,0.0,0.0,2.0,0.0,3.0,11.0,1.0,1.0,3.0,7.0,0.0,2.0,68488.0,1953.0798,,3507.2053,3931.1977,121.0,3.4506,55.0,1.5684,34.0,291.0,8.2985,59735,36896,1052.1673,,55975.0,-0.178342,-3.09,,969.0,220.0,,,33.9068,14926.0,17501.0,323.0,18357.0,18449.0,313.0,-3431.0,-948.0,10.0,1.0,1.0,7.0,7.0,12.0,1.0,24635.0,30414.0,538.0,27849.0,29626.0,508.0,-3214.0,788.0,30.0,4.0,8.0,9.0,9.0,14.0,4.0,33787.0,41600.0,730.0,36289.0,39870.0,686.0,-2502.0,1730.0,44.0,5.0,10.0,9.0,9.0,14.0,5.0,42274.0,50966.0,865.0,49087.0,56738.0,841.0,-6813.0,-5772.0,24.0,7.0,12.0,16.0,16.0,31.0,7.0
ESPORTSTMNT05_3222690,complete,,EM,2023,Spring,0,2023-04-26 16:55:29,3,13.06,1,Blue,top,Venour,oe:player:df13ba84b4ea6932f7e10b5e51e7cf5,Unicorns of Love Sexy Edition,oe:team:6a060bd74c9041bf0aa89adf9d15d12,Fiora,Vi,Annie,Maokai,Thresh,Jax,,,,,,2380,1,4,3,1,18,17,1.0,0.0,0.0,0.0,0.0,0.0,0.0,0.0,0.4538,0.8824,,,,,,,,,,,,,,,,,,,,,0.0,0.0,,,,,,,,1.0,0.0,21597.0,544.4622,0.22287,1048.916,1074.4538,11.0,0.2773,11.0,0.2773,1.0,40.0,1.0084,17239,12108,305.2437,0.248863,15475.0,,,338.0,308.0,30.0,,,8.521,3159.0,4563.0,85.0,3572.0,5019.0,81.0,-413.0,-456.0,4.0,0.0,0.0,1.0,1.0,0.0,0.0,4837.0,7214.0,132.0,6000.0,8373.0,141.0,-1163.0,-1159.0,-9.0,0.0,0.0,2.0,2.0,0.0,0.0,6766.0,9507.0,171.0,8588.0,11252.0,195.0,-1822.0,-1745.0,-24.0,0.0,0.0,2.0,2.0,2.0,0.0,8540.0,11667.0,212.0,11081.0,14818.0,242.0,-2541.0,-3151.0,-30.0,0.0,0.0,2.0,3.0,2.0,0.0
ESPORTSTMNT05_3222690,complete,,EM,2023,Spring,0,2023-04-26 16:55:29,3,13.06,2,Blue,jng,Peach,oe:player:53841c6e42a6ce77b6f3b80133c9342,Unicorns of Love Sexy Edition,oe:team:6a060bd74c9041bf0aa89adf9d15d12,Wukong,Vi,Annie,Maokai,Thresh,Jax,,,,,,2380,1,6,5,11,18,17,2.0,0.0,0.0,0.0,1.0,0.0,1.0,0.0,0.4538,0.8824,,,,,,,,,,,,,,,,,,,,,0.0,1.0,,,,,,,,0.0,0.0,16033.0,404.1933,0.165452,1148.7479,1064.6471,12.0,0.3025,18.0,0.4538,10.0,75.0,1.8908,14697,9566,241.1597,0.196617,12100.0,,,198.0,32.0,166.0,,,4.9916,3403.0,3705.0,65.0,2790.0,2932.0,49.0,613.0,773.0,16.0,0.0,1.0,0.0,0.0,1.0,0.0,5423.0,5810.0,99.0,4256.0,5404.0,71.0,1167.0,406.0,28.0,0.0,3.0,0.0,0.0,3.0,0.0,6744.0,7403.0,127.0,5657.0,7103.0,88.0,1087.0,300.0,39.0,0.0,3.0,1.0,0.0,5.0,0.0,8616.0,9086.0,143.0,7323.0,10099.0,118.0,1293.0,-1013.0,25.0,2.0,3.0,2.0,0.0,6.0,0.0
ESPORTSTMNT05_3222690,complete,,EM,2023,Spring,0,2023-04-26 16:55:29,3,13.06,3,Blue,mid,Mask,oe:player:4a18312b5b75f549d5551e5912ad6eb,Unicorns of Love Sexy Edition,oe:team:6a060bd74c9041bf0aa89adf9d15d12,Ahri,Vi,Annie,Maokai,Thresh,Jax,,,,,,2380,1,2,3,4,18,17,0.0,0.0,0.0,0.0,1.0,1.0,0.0,0.0,0.4538,0.8824,,,,,,,,,,,,,,,,,,,,,0.0,0.0,,,,,,,,0.0,0.0,18060.0,455.2941,0.18637,586.3361,374.0672,11.0,0.2773,11.0,0.2773,2.0,38.0,0.958,14264,9133,230.2437,0.187717,14350.0,,,319.0,307.0,12.0,,,8.042,3628.0,5149.0,91.0,3300.0,4884.0,94.0,328.0,265.0,-3.0,1.0,0.0,0.0,0.0,0.0,1.0,5464.0,8039.0,145.0,5328.0,8120.0,154.0,136.0,-81.0,-9.0,1.0,0.0,1.0,0.0,1.0,1.0,7185.0,10576.0,193.0,7658.0,10806.0,201.0,-473.0,-230.0,-8.0,1.0,0.0,1.0,1.0,2.0,1.0,8877.0,12844.0,235.0,9399.0,13388.0,233.0,-522.0,-544.0,2.0,1.0,1.0,1.0,1.0,2.0,1.0
ESPORTSTMNT05_3222690,complete,,EM,2023,Spring,0,2023-04-26 16:55:29,3,13.06,4,Blue,bot,Fun K3y,oe:player:9ea5afea85321b13df74acb62bfb530,Unicorns of Love Sexy Edition,oe:team:6a060bd74c9041bf0aa89adf9d15d12,Zeri,Vi,Annie,Maokai,Thresh,Jax,,,,,,2380,1,6,2,7,18,17,3.0,0.0,0.0,0.0,0.0,0.0,0.0,0.0,0.4538,0.8824,,,,,,,,,,,,,,,,,,,,,1.0,0.0,,,,,,,,0.0,0.0,35469.0,894.1765,0.366022,627.0252,663.8067,14.0,0.3529,22.0,0.5546,6.0,68.0,1.7143,19047,13916,350.8235,0.286024,18000.0,,,393.0,349.0,44.0,,,9.9076,3314.0,3554.0,84.0,3235.0,3249.0,91.0,79.0,305.0,-7.0,0.0,0.0,0.0,0.0,0.0,0.0,6777.0,6079.0,142.0,5120.0,5286.0,138.0,1657.0,793.0,4.0,2.0,0.0,0.0,1.0,0.0,1.0,8661.0,8437.0,197.0,7800.0,7983.0,195.0,861.0,454.0,2.0,2.0,0.0,0.0,2.0,1.0,1.0,10697.0,11240.0,250.0,9463.0,10275.0,229.0,1234.0,965.0,21.0,2.0,1.0,0.0,2.0,2.0,2.0
ESPORTSTMNT05_3222690,complete,,EM,2023,Spring,0,2023-04-26 16:55:29,3,13.06,5,Blue,sup,Lekcyc,oe:player:74f3f60a44ee916ecc257a5381be756,Unicorns of Love Sexy Edition,oe:team:6a060bd74c9041bf0aa89adf9d15d12,Leona,Vi,Annie,Maokai,Thresh,Jax,,,,,,2380,1,0,4,11,18,17,0.0,0.0,0.0,0.0,0.0,0.0,0.0,0.0,0.4538,0.8824,,,,,,,,,,,,,,,,,,,,,0.0,0.0,,,,,,,,0.0,0.0,5745.0,144.8319,0.0592855,610.8908,708.3025,81.0,2.042,23.0,0.5798,17.0,136.0,3.4286,9061,3930,99.0756,0.0807786,8875.0,,,48.0,48.0,0.0,,,1.2101,2168.0,2084.0,15.0,2082.0,2644.0,20.0,86.0,-560.0,-5.0,0.0,0.0,0.0,0.0,0.0,0.0,3300.0,3833.0,24.0,3204.0,4117.0,28.0,96.0,-284.0,-4.0,0.0,1.0,0.0,0.0,1.0,1.0,4357.0,4768.0,32.0,4427.0,5046.0,33.0,-70.0,-278.0,-1.0,0.0,1.0,1.0,0.0,3.0,1.0,5434.0,5163.0,37.0,5559.0,7224.0,35.0,-125.0,-2061.0,2.0,0.0,2.0,1.0,0.0,4.0,2.0
ESPORTSTMNT05_3222690,complete,,EM,2023,Spring,0,2023-04-26 16:55:29,3,13.06,6,Red,top,iBo,oe:player:4bdb80c84e25651b3d62742c0b61f6d,Los Heretics,oe:team:2dfc66b98002c5afad2a98dbf86e350,Gnar,Xayah,Rakan,Jayce,Irelia,Olaf,,,,,,2380,0,6,2,6,17,18,0.0,0.0,0.0,0.0,0.0,0.0,0.0,0.0,0.4286,0.8824,,,,,,,,,,,,,,,,,,,,,0.0,0.0,,,,,,,,0.0,1.0,40470.0,1020.2521,0.343441,981.1513,1198.6387,21.0,0.5294,9.0,0.2269,6.0,51.0,1.2857,16311,11180,281.8487,0.251857,15633.0,,,297.0,277.0,20.0,,,7.4874,3572.0,5019.0,81.0,3159.0,4563.0,85.0,413.0,456.0,-4.0,1.0,0.0,0.0,0.0,0.0,1.0,6000.0,8373.0,141.0,4837.0,7214.0,132.0,1163.0,1159.0,9.0,2.0,0.0,0.0,0.0,0.0,2.0,8588.0,11252.0,195.0,6766.0,9507.0,171.0,1822.0,1745.0,24.0,2.0,2.0,0.0,0.0,0.0,2.0,11081.0,14818.0,242.0,8540.0,11667.0,212.0,2541.0,3151.0,30.0,3.0,2.0,0.0,0.0,0.0,2.0
ESPORTSTMNT05_3222690,complete,,EM,2023,Spring,0,2023-04-26 16:55:29,3,13.06,7,Red,jng,bluerzor,oe:player:0973ddfd8ce96a62e85badbe503d163,Los Heretics,oe:team:2dfc66b98002c5afad2a98dbf86e350,Sejuani,Xayah,Rakan,Jayce,Irelia,Olaf,,,,,,2380,0,2,3,13,17,18,0.0,0.0,0.0,0.0,0.0,0.0,0.0,0.0,0.4286,0.8824,,,,,,,,,,,,,,,,,,,,,1.0,0.0,,,,,,,,0.0,0.0,9990.0,251.8487,0.0847781,940.8403,1139.5714,16.0,0.4034,14.0,0.3529,15.0,64.0,1.6134,11528,6397,161.2689,0.14411,11325.0,,,155.0,27.0,128.0,,,3.9076,2790.0,2932.0,49.0,3403.0,3705.0,65.0,-613.0,-773.0,-16.0,0.0,1.0,0.0,0.0,1.0,0.0,4256.0,5404.0,71.0,5423.0,5810.0,99.0,-1167.0,-406.0,-28.0,0.0,3.0,0.0,0.0,3.0,0.0,5657.0,7103.0,88.0,6744.0,7403.0,127.0,-1087.0,-300.0,-39.0,0.0,5.0,0.0,0.0,3.0,1.0,7323.0,10099.0,118.0,8616.0,9086.0,143.0,-1293.0,1013.0,-25.0,0.0,6.0,0.0,2.0,3.0,2.0
ESPORTSTMNT05_3222690,complete,,EM,2023,Spring,0,2023-04-26 16:55:29,3,13.06,8,Red,mid,Zwyroo,oe:player:1806cb4175771800d1d1ace2817103c,Los Heretics,oe:team:2dfc66b98002c5afad2a98dbf86e350,Viktor,Xayah,Rakan,Jayce,Irelia,Olaf,,,,,,2380,0,2,4,10,17,18,0.0,0.0,0.0,0.0,0.0,0.0,0.0,1.0,0.4286,0.8824,,,,,,,,,,,,,,,,,,,,,0.0,0.0,,,,,,,,0.0,0.0,24646.0,621.3277,0.209153,460.6891,607.1597,19.0,0.479,6.0,0.1513,10.0,61.0,1.5378,15878,10747,270.9328,0.242103,17000.0,,,341.0,321.0,20.0,,,8.5966,3300.0,4884.0,94.0,3628.0,5149.0,91.0,-328.0,-265.0,3.0,0.0,0.0,1.0,1.0,0.0,0.0,5328.0,8120.0,154.0,5464.0,8039.0,145.0,-136.0,81.0,9.0,0.0,1.0,1.0,1.0,0.0,1.0,7658.0,10806.0,201.0,7185.0,10576.0,193.0,473.0,230.0,8.0,1.0,2.0,1.0,1.0,0.0,1.0,9399.0,13388.0,233.0,8877.0,12844.0,235.0,522.0,544.0,-2.0,1.0,2.0,1.0,1.0,1.0,1.0
ESPORTSTMNT05_3222690,complete,,EM,2023,Spring,0,2023-04-26 16:55:29,3,13.06,9,Red,bot,Flakked,oe:player:717bb4d71a2dab54e7020b1a8fde420,Los Heretics,oe:team:2dfc66b98002c5afad2a98dbf86e350,Jinx,Xayah,Rakan,Jayce,Irelia,Olaf,,,,,,2380,0,7,5,8,17,18,2.0,0.0,0.0,0.0,0.0,0.0,0.0,0.0,0.4286,0.8824,,,,,,,,,,,,,,,,,,,,,0.0,1.0,,,,,,,,0.0,0.0,35663.0,899.0672,0.302647,545.2185,386.8739,21.0,0.5294,18.0,0.4538,5.0,80.0,2.0168,17689,12558,316.5882,0.2829,16025.0,,,368.0,317.0,51.0,,,9.2773,3235.0,3249.0,91.0,3314.0,3554.0,84.0,-79.0,-305.0,7.0,0.0,0.0,0.0,0.0,0.0,0.0,5120.0,5286.0,138.0,6777.0,6079.0,142.0,-1657.0,-793.0,-4.0,1.0,0.0,1.0,2.0,0.0,0.0,7800.0,7983.0,195.0,8661.0,8437.0,197.0,-861.0,-454.0,-2.0,2.0,1.0,1.0,2.0,0.0,0.0,9463.0,10275.0,229.0,10697.0,11240.0,250.0,-1234.0,-965.0,-21.0,2.0,2.0,2.0,2.0,1.0,0.0
ESPORTSTMNT05_3222690,complete,,EM,2023,Spring,0,2023-04-26 16:55:29,3,13.06,10,Red,sup,marlon,oe:player:e1ddc411cd92f26392b707a48e5c700,Los Heretics,oe:team:2dfc66b98002c5afad2a98dbf86e350,Braum,Xayah,Rakan,Jayce,Irelia,Olaf,,,,,,2380,0,0,4,13,17,18,0.0,0.0,0.0,0.0,0.0,0.0,0.0,0.0,0.4286,0.8824,,,,,,,,,,,,,,,,,,,,,0.0,0.0,,,,,,,,0.0,0.0,7068.0,178.1849,0.0599812,560.5714,567.2017,66.0,1.6639,13.0,0.3277,20.0,119.0,3.0,8639,3508,88.437,0.0790295,8200.0,,,39.0,39.0,0.0,,,0.9832,2082.0,2644.0,20.0,2168.0,2084.0,15.0,-86.0,560.0,5.0,0.0,0.0,0.0,0.0,0.0,0.0,3204.0,4117.0,28.0,3300.0,3833.0,24.0,-96.0,284.0,4.0,0.0,1.0,1.0,0.0,1.0,0.0,4427.0,5046.0,33.0,4357.0,4768.0,32.0,70.0,278.0,1.0,0.0,3.0,1.0,0.0,1.0,1.0,5559.0,7224.0,35.0,5434.0,5163.0,37.0,125.0,2061.0,-2.0,0.0,4.0,2.0,0.0,2.0,1.0
ESPORTSTMNT05_3222690,complete,,EM,2023,Spring,0,2023-04-26 16:55:29,3,13.06,100,Blue,team,,,Unicorns of Love Sexy Edition,oe:team:6a060bd74c9041bf0aa89adf9d15d12,,Vi,Annie,Maokai,Thresh,Jax,Wukong,Zeri,Ahri,Fiora,Leona,2380,1,18,17,34,18,17,6.0,0.0,0.0,0.0,1.0,,,,0.4538,0.8824,0.0,2.0,4.0,2.0,4.0,1.0,0.0,0.0,0.0,0.0,1.0,,0.0,0.0,1.0,1.0,1.0,,,0.0,1.0,1.0,1.0,9.0,6.0,0.0,0.0,3.0,3.0,1.0,0.0,96904.0,2442.958,,4021.916,3885.2773,129.0,3.2521,85.0,2.1429,36.0,357.0,9.0,74308,48654,1226.5714,,68800.0,0.00900842,0.67,,1044.0,252.0,,,32.6723,15672.0,19055.0,340.0,14979.0,18728.0,335.0,693.0,327.0,5.0,1.0,1.0,1.0,1.0,1.0,1.0,25801.0,30975.0,542.0,23908.0,31300.0,532.0,1893.0,-325.0,10.0,3.0,4.0,3.0,3.0,5.0,3.0,33713.0,40691.0,720.0,34130.0,42190.0,712.0,-417.0,-1499.0,8.0,3.0,4.0,5.0,5.0,13.0,3.0,42164.0,50000.0,877.0,42825.0,55804.0,857.0,-661.0,-5804.0,20.0,5.0,7.0,6.0,6.0,16.0,5.0
ESPORTSTMNT05_3222690,complete,,EM,2023,Spring,0,2023-04-26 16:55:29,3,13.06,200,Red,team,,,Los Heretics,oe:team:2dfc66b98002c5afad2a98dbf86e350,,Xayah,Rakan,Jayce,Irelia,Olaf,Jinx,Sejuani,Viktor,Gnar,Braum,2380,0,17,18,50,17,18,2.0,0.0,0.0,0.0,0.0,,,,0.4286,0.8824,1.0,4.0,2.0,4.0,2.0,0.0,0.0,1.0,0.0,0.0,3.0,,0.0,0.0,0.0,1.0,1.0,,,1.0,1.0,1.0,0.0,6.0,9.0,1.0,1.0,3.0,3.0,0.0,1.0,117837.0,2970.6807,,3488.4706,3899.4454,143.0,3.605,60.0,1.5126,56.0,375.0,9.4538,70045,44391,1119.1008,,68183.0,-0.00900842,-0.67,,981.0,219.0,,,30.2521,14979.0,18728.0,335.0,15672.0,19055.0,340.0,-693.0,-327.0,-5.0,1.0,1.0,1.0,1.0,1.0,1.0,23908.0,31300.0,532.0,25801.0,30975.0,542.0,-1893.0,325.0,-10.0,3.0,5.0,3.0,3.0,4.0,3.0,34130.0,42190.0,712.0,33713.0,40691.0,720.0,417.0,1499.0,-8.0,5.0,13.0,3.0,3.0,4.0,5.0,42825.0,55804.0,857.0,42164.0,50000.0,877.0,661.0,5804.0,-20.0,6.0,16.0,5.0,5.0,7.0,6.0
ESPORTSTMNT05_3220711,complete,,EM,2023,Spring,0,2023-04-26 18:06:11,4,13.06,1,Blue,top,iBo,oe:player:4bdb80c84e25651b3d62742c0b61f6d,Los Heretics,oe:team:2dfc66b98002c5afad2a98dbf86e350,Malphite,Olaf,Xayah,Rakan,,,,,,,,2047,0,1,4,5,9,19,0.0,0.0,0.0,0.0,0.0,0.0,0.0,0.0,0.2638,0.8207,,,,,,,,,,,,,,,,,,,,,0.0,0.0,,,,,,,,0.0,0.0,13785.0,404.0547,0.16719,795.3591,2323.9375,15.0,0.4397,12.0,0.3517,9.0,70.0,2.0518,11647,7196,210.9233,0.203934,11525.0,,,280.0,267.0,13.0,,,8.2071,3153.0,4947.0,85.0,3340.0,4894.0,85.0,-187.0,53.0,0.0,0.0,0.0,0.0,0.0,0.0,0.0,4542.0,7295.0,123.0,5509.0,7792.0,137.0,-967.0,-497.0,-14.0,0.0,0.0,1.0,0.0,3.0,0.0,6376.0,10057.0,170.0,8197.0,11371.0,194.0,-1821.0,-1314.0,-24.0,0.0,1.0,2.0,1.0,5.0,0.0,8396.0,13159.0,226.0,10057.0,13281.0,224.0,-1661.0,-122.0,2.0,0.0,1.0,2.0,1.0,5.0,0.0
ESPORTSTMNT05_3220711,complete,,EM,2023,Spring,0,2023-04-26 18:06:11,4,13.06,2,Blue,jng,bluerzor,oe:player:0973ddfd8ce96a62e85badbe503d163,Los Heretics,oe:team:2dfc66b98002c5afad2a98dbf86e350,Wukong,Olaf,Xayah,Rakan,,,,,,,,2047,0,2,3,3,9,19,0.0,0.0,0.0,0.0,1.0,1.0,0.0,0.0,0.2638,0.8207,,,,,,,,,,,,,,,,,,,,,0.0,1.0,,,,,,,,0.0,0.0,8671.0,254.1573,0.105165,801.2506,906.4191,12.0,0.3517,14.0,0.4104,11.0,56.0,1.6414,10159,5708,167.3083,0.161761,10170.0,,,152.0,28.0,124.0,,,4.4553,3649.0,3600.0,60.0,3049.0,3381.0,66.0,600.0,219.0,-6.0,1.0,1.0,0.0,0.0,1.0,1.0,4935.0,4788.0,77.0,4842.0,5469.0,99.0,93.0,-681.0,-22.0,1.0,1.0,1.0,0.0,5.0,1.0,6482.0,7208.0,105.0,6813.0,8051.0,138.0,-331.0,-843.0,-33.0,1.0,1.0,1.0,1.0,7.0,2.0,7494.0,8541.0,119.0,8183.0,9799.0,162.0,-689.0,-1258.0,-43.0,1.0,1.0,1.0,1.0,7.0,2.0
ESPORTSTMNT05_3220711,complete,,EM,2023,Spring,0,2023-04-26 18:06:11,4,13.06,3,Blue,mid,Zwyroo,oe:player:1806cb4175771800d1d1ace2817103c,Los Heretics,oe:team:2dfc66b98002c5afad2a98dbf86e350,Annie,Olaf,Xayah,Rakan,,,,,,,,2047,0,2,4,6,9,19,0.0,0.0,0.0,0.0,1.0,0.0,1.0,0.0,0.2638,0.8207,,,,,,,,,,,,,,,,,,,,,0.0,0.0,,,,,,,,0.0,1.0,17143.0,502.4817,0.207917,434.2745,378.9057,10.0,0.2931,7.0,0.2052,8.0,30.0,0.8793,12879,8428,247.0347,0.238851,12270.0,,,279.0,263.0,16.0,,,8.1778,4069.0,4805.0,85.0,3290.0,4765.0,82.0,779.0,40.0,3.0,2.0,1.0,1.0,1.0,0.0,1.0,6005.0,7795.0,141.0,5257.0,7327.0,135.0,748.0,468.0,6.0,2.0,1.0,1.0,2.0,0.0,1.0,7852.0,9914.0,180.0,7270.0,10758.0,187.0,582.0,-844.0,-7.0,2.0,1.0,2.0,2.0,1.0,1.0,9756.0,12447.0,232.0,9536.0,14945.0,244.0,220.0,-2498.0,-12.0,2.0,1.0,2.0,2.0,1.0,1.0
ESPORTSTMNT05_3220711,complete,,EM,2023,Spring,0,2023-04-26 18:06:11,4,13.06,4,Blue,bot,Flakked,oe:player:717bb4d71a2dab54e7020b1a8fde420,Los Heretics,oe:team:2dfc66b98002c5afad2a98dbf86e350,Aphelios,Olaf,Xayah,Rakan,,,,,,,,2047,0,3,3,4,9,19,1.0,0.0,0.0,0.0,0.0,0.0,0.0,0.0,0.2638,0.8207,,,,,,,,,,,,,,,,,,,,,0.0,0.0,,,,,,,,0.0,1.0,36320.0,1064.5823,0.440504,434.0401,609.3503,9.0,0.2638,15.0,0.4397,3.0,51.0,1.4949,15685,11234,329.2819,0.318378,14300.0,,,364.0,344.0,20.0,,,10.6693,3467.0,3890.0,89.0,3882.0,3443.0,93.0,-415.0,447.0,-4.0,0.0,1.0,0.0,0.0,1.0,0.0,5265.0,5634.0,130.0,6899.0,5866.0,146.0,-1634.0,-232.0,-16.0,0.0,1.0,0.0,3.0,1.0,0.0,7321.0,7988.0,184.0,10247.0,9309.0,223.0,-2926.0,-1321.0,-39.0,0.0,2.0,1.0,5.0,2.0,0.0,9423.0,10298.0,248.0,12250.0,11844.0,282.0,-2827.0,-1546.0,-34.0,0.0,2.0,1.0,5.0,2.0,0.0
ESPORTSTMNT05_3220711,complete,,EM,2023,Spring,0,2023-04-26 18:06:11,4,13.06,5,Blue,sup,marlon,oe:player:e1ddc411cd92f26392b707a48e5c700,Los Heretics,oe:team:2dfc66b98002c5afad2a98dbf86e350,Tahm Kench,Olaf,Xayah,Rakan,,,,,,,,2047,0,1,5,7,9,19,0.0,0.0,0.0,0.0,0.0,0.0,0.0,0.0,0.2638,0.8207,,,,,,,,,,,,,,,,,,,,,0.0,0.0,,,,,,,,0.0,0.0,6532.0,191.4607,0.0792228,563.9472,651.8515,53.0,1.5535,10.0,0.2931,20.0,88.0,2.5794,7171,2720,79.7264,0.077076,6550.0,,,33.0,33.0,0.0,,,0.9673,2235.0,1999.0,15.0,2207.0,2507.0,14.0,28.0,-508.0,1.0,0.0,2.0,0.0,0.0,1.0,1.0,3187.0,3251.0,23.0,3273.0,3985.0,20.0,-86.0,-734.0,3.0,0.0,2.0,2.0,0.0,4.0,1.0,4575.0,4204.0,29.0,4481.0,5294.0,27.0,94.0,-1090.0,2.0,1.0,2.0,3.0,0.0,7.0,1.0,5398.0,5365.0,31.0,5313.0,5684.0,27.0,85.0,-319.0,4.0,1.0,2.0,3.0,0.0,7.0,1.0
ESPORTSTMNT05_3220711,complete,,EM,2023,Spring,0,2023-04-26 18:06:11,4,13.06,6,Red,top,Venour,oe:player:df13ba84b4ea6932f7e10b5e51e7cf5,Unicorns of Love Sexy Edition,oe:team:6a060bd74c9041bf0aa89adf9d15d12,K'Sante,Vi,Maokai,Jayce,Gnar,Gwen,,,,,,2047,1,3,1,8,19,9,1.0,0.0,0.0,0.0,0.0,0.0,0.0,0.0,0.5569,0.8207,,,,,,,,,,,,,,,,,,,,,0.0,0.0,,,,,,,,0.0,0.0,12752.0,373.7763,0.153507,829.829,1691.2262,7.0,0.2052,2.0,0.0586,0.0,15.0,0.4397,14219,9768,286.3117,0.218378,12450.0,,,280.0,280.0,0.0,,,8.2071,3340.0,4894.0,85.0,3153.0,4947.0,85.0,187.0,-53.0,0.0,0.0,0.0,0.0,0.0,0.0,0.0,5509.0,7792.0,137.0,4542.0,7295.0,123.0,967.0,497.0,14.0,0.0,3.0,0.0,0.0,0.0,1.0,8197.0,11371.0,194.0,6376.0,10057.0,170.0,1821.0,1314.0,24.0,1.0,5.0,0.0,0.0,1.0,2.0,10057.0,13281.0,224.0,8396.0,13159.0,226.0,1661.0,122.0,-2.0,1.0,5.0,0.0,0.0,1.0,2.0
ESPORTSTMNT05_3220711,complete,,EM,2023,Spring,0,2023-04-26 18:06:11,4,13.06,7,Red,jng,Peach,oe:player:53841c6e42a6ce77b6f3b80133c9342,Unicorns of Love Sexy Edition,oe:team:6a060bd74c9041bf0aa89adf9d15d12,Sejuani,Vi,Maokai,Jayce,Gnar,Gwen,,,,,,2047,1,1,3,13,19,9,0.0,0.0,0.0,0.0,0.0,0.0,0.0,1.0,0.5569,0.8207,,,,,,,,,,,,,,,,,,,,,1.0,0.0,,,,,,,,0.0,0.0,12773.0,374.3918,0.15376,1310.3566,1610.0635,12.0,0.3517,25.0,0.7328,8.0,85.0,2.4915,11711,7260,212.7992,0.162305,10400.0,,,212.0,41.0,171.0,,,6.214,3049.0,3381.0,66.0,3649.0,3600.0,60.0,-600.0,-219.0,6.0,0.0,1.0,1.0,1.0,1.0,0.0,4842.0,5469.0,99.0,4935.0,4788.0,77.0,-93.0,681.0,22.0,0.0,5.0,1.0,1.0,1.0,1.0,6813.0,8051.0,138.0,6482.0,7208.0,105.0,331.0,843.0,33.0,1.0,7.0,2.0,1.0,1.0,1.0,8183.0,9799.0,162.0,7494.0,8541.0,119.0,689.0,1258.0,43.0,1.0,7.0,2.0,1.0,1.0,1.0
ESPORTSTMNT05_3220711,complete,,EM,2023,Spring,0,2023-04-26 18:06:11,4,13.06,8,Red,mid,Mask,oe:player:4a18312b5b75f549d5551e5912ad6eb,Unicorns of Love Sexy Edition,oe:team:6a060bd74c9041bf0aa89adf9d15d12,Galio,Vi,Maokai,Jayce,Gnar,Gwen,,,,,,2047,1,6,2,6,19,9,1.0,1.0,0.0,0.0,0.0,0.0,0.0,0.0,0.5569,0.8207,,,,,,,,,,,,,,,,,,,,,0.0,0.0,,,,,,,,1.0,0.0,17291.0,506.8197,0.208147,546.6536,1112.3889,18.0,0.5276,6.0,0.1759,6.0,46.0,1.3483,14969,10518,308.2951,0.235146,14750.0,,,322.0,318.0,4.0,,,9.4382,3290.0,4765.0,82.0,4069.0,4805.0,85.0,-779.0,-40.0,-3.0,1.0,0.0,1.0,2.0,1.0,1.0,5257.0,7327.0,135.0,6005.0,7795.0,141.0,-748.0,-468.0,-6.0,2.0,0.0,1.0,2.0,1.0,1.0,7270.0,10758.0,187.0,7852.0,9914.0,180.0,-582.0,844.0,7.0,2.0,1.0,1.0,2.0,1.0,2.0,9536.0,14945.0,244.0,9756.0,12447.0,232.0,-220.0,2498.0,12.0,2.0,1.0,1.0,2.0,1.0,2.0
ESPORTSTMNT05_3220711,complete,,EM,2023,Spring,0,2023-04-26 18:06:11,4,13.06,9,Red,bot,Fun K3y,oe:player:9ea5afea85321b13df74acb62bfb530,Unicorns of Love Sexy Edition,oe:team:6a060bd74c9041bf0aa89adf9d15d12,Jinx,Vi,Maokai,Jayce,Gnar,Gwen,,,,,,2047,1,9,0,8,19,9,3.0,1.0,0.0,0.0,0.0,0.0,0.0,0.0,0.5569,0.8207,,,,,,,,,,,,,,,,,,,,,0.0,0.0,,,,,,,,1.0,0.0,34620.0,1014.7533,0.416752,415.6619,282.7064,16.0,0.469,14.0,0.4104,5.0,66.0,1.9345,18237,13786,404.084,0.308211,16225.0,,,365.0,292.0,73.0,,,10.6986,3882.0,3443.0,93.0,3467.0,3890.0,89.0,415.0,-447.0,4.0,0.0,1.0,0.0,0.0,1.0,0.0,6899.0,5866.0,146.0,5265.0,5634.0,130.0,1634.0,232.0,16.0,3.0,1.0,0.0,0.0,1.0,0.0,10247.0,9309.0,223.0,7321.0,7988.0,184.0,2926.0,1321.0,39.0,5.0,2.0,0.0,0.0,2.0,1.0,12250.0,11844.0,282.0,9423.0,10298.0,248.0,2827.0,1546.0,34.0,5.0,2.0,0.0,0.0,2.0,1.0
ESPORTSTMNT05_3220711,complete,,EM,2023,Spring,0,2023-04-26 18:06:11,4,13.06,10,Red,sup,Lekcyc,oe:player:74f3f60a44ee916ecc257a5381be756,Unicorns of Love Sexy Edition,oe:team:6a060bd74c9041bf0aa89adf9d15d12,Braum,Vi,Maokai,Jayce,Gnar,Gwen,,,,,,2047,1,0,3,12,19,9,0.0,0.0,0.0,0.0,0.0,0.0,0.0,0.0,0.5569,0.8207,,,,,,,,,,,,,,,,,,,,,0.0,0.0,,,,,,,,0.0,0.0,5635.0,165.1685,0.0678335,521.2408,479.0034,76.0,2.2277,7.0,0.2052,20.0,104.0,3.0484,7849,3398,99.5994,0.0759603,6950.0,,,31.0,31.0,0.0,,,0.9086,2207.0,2507.0,14.0,2235.0,1999.0,15.0,-28.0,508.0,-1.0,0.0,1.0,1.0,0.0,2.0,0.0,3273.0,3985.0,20.0,3187.0,3251.0,23.0,86.0,734.0,-3.0,0.0,4.0,1.0,0.0,2.0,2.0,4481.0,5294.0,27.0,4575.0,4204.0,29.0,-94.0,1090.0,-2.0,0.0,7.0,1.0,1.0,2.0,3.0,5313.0,5684.0,27.0,5398.0,5365.0,31.0,-85.0,319.0,-4.0,0.0,7.0,1.0,1.0,2.0,3.0
ESPORTSTMNT05_3220711,complete,,EM,2023,Spring,0,2023-04-26 18:06:11,4,13.06,100,Blue,team,,,Los Heretics,oe:team:2dfc66b98002c5afad2a98dbf86e350,,Olaf,Xayah,Rakan,,,Wukong,Annie,Aphelios,Tahm Kench,Malphite,2047,0,9,19,25,9,19,1.0,0.0,0.0,0.0,1.0,,,,0.2638,0.8207,0.0,1.0,4.0,1.0,4.0,0.0,0.0,0.0,0.0,1.0,0.0,,0.0,0.0,1.0,2.0,0.0,,,0.0,0.0,1.0,0.0,2.0,10.0,0.0,0.0,2.0,5.0,0.0,2.0,82451.0,2416.7367,,3028.8715,4870.4641,99.0,2.9018,58.0,1.7,51.0,295.0,8.6468,57541,35284,1034.2159,,54815.0,-0.103123,-1.48,,935.0,173.0,,,32.4768,16573.0,19241.0,334.0,15768.0,18990.0,340.0,805.0,251.0,-6.0,3.0,5.0,1.0,1.0,3.0,3.0,23934.0,28763.0,494.0,25780.0,30439.0,537.0,-1846.0,-1676.0,-43.0,3.0,5.0,5.0,5.0,13.0,3.0,32606.0,39371.0,668.0,37008.0,44783.0,769.0,-4402.0,-5412.0,-101.0,4.0,7.0,9.0,9.0,22.0,4.0,40467.0,49810.0,856.0,45339.0,55553.0,939.0,-4872.0,-5743.0,-83.0,4.0,7.0,9.0,9.0,22.0,4.0
ESPORTSTMNT05_3220711,complete,,EM,2023,Spring,0,2023-04-26 18:06:11,4,13.06,200,Red,team,,,Unicorns of Love Sexy Edition,oe:team:6a060bd74c9041bf0aa89adf9d15d12,,Vi,Maokai,Jayce,Gnar,Gwen,Sejuani,Jinx,Galio,K'Sante,Braum,2047,1,19,9,47,19,9,5.0,2.0,0.0,0.0,0.0,,,,0.5569,0.8207,1.0,4.0,1.0,4.0,1.0,0.0,0.0,1.0,0.0,0.0,3.0,,0.0,0.0,0.0,0.0,2.0,,,1.0,1.0,0.0,1.0,10.0,2.0,1.0,1.0,5.0,2.0,2.0,0.0,83071.0,2434.9096,,3623.7421,5175.3884,129.0,3.7811,54.0,1.5828,39.0,316.0,9.2623,66985,44728,1311.0308,,60775.0,0.103123,1.48,,962.0,248.0,,,35.4665,15768.0,18990.0,340.0,16573.0,19241.0,334.0,-805.0,-251.0,6.0,1.0,3.0,3.0,3.0,5.0,1.0,25780.0,30439.0,537.0,23934.0,28763.0,494.0,1846.0,1676.0,43.0,5.0,13.0,3.0,3.0,5.0,5.0,37008.0,44783.0,769.0,32606.0,39371.0,668.0,4402.0,5412.0,101.0,9.0,22.0,4.0,4.0,7.0,9.0,45339.0,55553.0,939.0,40467.0,49810.0,856.0,4872.0,5743.0,83.0,9.0,22.0,4.0,4.0,7.0,9.0
ESPORTSTMNT05_3225012,complete,,EM,2023,Spring,0,2023-04-29 15:06:33,1,13.06,1,Blue,top,Venour,oe:player:df13ba84b4ea6932f7e10b5e51e7cf5,Unicorns of Love Sexy Edition,oe:team:6a060bd74c9041bf0aa89adf9d15d12,K'Sante,Gragas,Wukong,Vi,Gwen,Ahri,,,,,,2320,1,4,0,8,16,19,0.0,0.0,0.0,0.0,0.0,0.0,0.0,0.0,0.4138,0.9052,,,,,,,,,,,,,,,,,,,,,0.0,0.0,,,,,,,,0.0,0.0,19204.0,496.6552,0.165304,954.6466,2087.1207,8.0,0.2069,7.0,0.181,1.0,30.0,0.7759,14231,9223,238.5259,0.196317,13825.0,,,243.0,237.0,6.0,,,6.2845,3342.0,4928.0,92.0,3622.0,5197.0,98.0,-280.0,-269.0,-6.0,0.0,0.0,0.0,0.0,0.0,0.0,5004.0,7949.0,142.0,5649.0,8218.0,155.0,-645.0,-269.0,-13.0,0.0,0.0,0.0,0.0,0.0,0.0,6578.0,10221.0,182.0,7902.0,10950.0,209.0,-1324.0,-729.0,-27.0,0.0,0.0,0.0,1.0,0.0,0.0,8995.0,12286.0,216.0,10517.0,13775.0,248.0,-1522.0,-1489.0,-32.0,2.0,0.0,0.0,4.0,2.0,0.0
ESPORTSTMNT05_3225012,complete,,EM,2023,Spring,0,2023-04-29 15:06:33,1,13.06,2,Blue,jng,Peach,oe:player:53841c6e42a6ce77b6f3b80133c9342,Unicorns of Love Sexy Edition,oe:team:6a060bd74c9041bf0aa89adf9d15d12,Maokai,Gragas,Wukong,Vi,Gwen,Ahri,,,,,,2320,1,1,4,8,16,19,0.0,0.0,0.0,0.0,0.0,0.0,0.0,0.0,0.4138,0.9052,,,,,,,,,,,,,,,,,,,,,1.0,0.0,,,,,,,,0.0,0.0,25250.0,653.0172,0.217346,1074.2328,815.7931,12.0,0.3103,11.0,0.2845,11.0,55.0,1.4224,13178,8170,211.2931,0.173903,12325.0,,,172.0,19.0,153.0,,,4.4483,3024.0,3009.0,58.0,3931.0,3982.0,77.0,-907.0,-973.0,-19.0,0.0,1.0,1.0,1.0,0.0,0.0,4595.0,5334.0,91.0,6038.0,5940.0,113.0,-1443.0,-606.0,-22.0,0.0,1.0,1.0,1.0,2.0,0.0,5865.0,6910.0,107.0,7700.0,7848.0,148.0,-1835.0,-938.0,-41.0,0.0,1.0,1.0,1.0,3.0,0.0,7663.0,8642.0,130.0,9273.0,10067.0,166.0,-1610.0,-1425.0,-36.0,1.0,1.0,2.0,2.0,6.0,1.0
ESPORTSTMNT05_3225012,complete,,EM,2023,Spring,0,2023-04-29 15:06:33,1,13.06,3,Blue,mid,Mask,oe:player:4a18312b5b75f549d5551e5912ad6eb,Unicorns of Love Sexy Edition,oe:team:6a060bd74c9041bf0aa89adf9d15d12,Cassiopeia,Gragas,Wukong,Vi,Gwen,Ahri,,,,,,2320,1,5,5,4,16,19,1.0,0.0,0.0,0.0,0.0,0.0,0.0,1.0,0.4138,0.9052,,,,,,,,,,,,,,,,,,,,,0.0,0.0,,,,,,,,0.0,0.0,29172.0,754.4483,0.251106,776.3017,670.2931,18.0,0.4655,3.0,0.0776,6.0,40.0,1.0345,17657,12649,327.1293,0.269245,16500.0,,,317.0,302.0,15.0,,,8.1983,3263.0,5127.0,95.0,3112.0,4640.0,81.0,151.0,487.0,14.0,0.0,0.0,1.0,0.0,1.0,0.0,5266.0,8290.0,157.0,4970.0,7492.0,137.0,296.0,798.0,20.0,0.0,0.0,1.0,0.0,2.0,0.0,6978.0,10694.0,201.0,6896.0,9085.0,164.0,82.0,1609.0,37.0,0.0,0.0,1.0,0.0,3.0,0.0,8646.0,14095.0,229.0,8848.0,11826.0,202.0,-202.0,2269.0,27.0,1.0,1.0,3.0,1.0,7.0,1.0
ESPORTSTMNT05_3225012,complete,,EM,2023,Spring,0,2023-04-29 15:06:33,1,13.06,4,Blue,bot,Fun K3y,oe:player:9ea5afea85321b13df74acb62bfb530,Unicorns of Love Sexy Edition,oe:team:6a060bd74c9041bf0aa89adf9d15d12,Jinx,Gragas,Wukong,Vi,Gwen,Ahri,,,,,,2320,1,5,5,8,16,19,0.0,0.0,0.0,0.0,0.0,0.0,0.0,0.0,0.4138,0.9052,,,,,,,,,,,,,,,,,,,,,1.0,0.0,,,,,,,,2.0,0.0,36203.0,936.2845,0.311627,593.8448,309.569,14.0,0.3621,19.0,0.4914,5.0,60.0,1.5517,17368,12360,319.6552,0.263093,16075.0,,,335.0,291.0,44.0,,,8.6638,3521.0,3188.0,81.0,3474.0,3095.0,80.0,47.0,93.0,1.0,1.0,0.0,0.0,1.0,0.0,0.0,5674.0,5218.0,134.0,6395.0,5344.0,134.0,-721.0,-126.0,0.0,1.0,0.0,1.0,3.0,0.0,0.0,7499.0,7157.0,182.0,8693.0,7795.0,195.0,-1194.0,-638.0,-13.0,1.0,0.0,1.0,3.0,1.0,0.0,9198.0,9701.0,221.0,10855.0,10478.0,245.0,-1657.0,-777.0,-24.0,1.0,3.0,3.0,4.0,3.0,1.0
ESPORTSTMNT05_3225012,complete,,EM,2023,Spring,0,2023-04-29 15:06:33,1,13.06,5,Blue,sup,Lekcyc,oe:player:74f3f60a44ee916ecc257a5381be756,Unicorns of Love Sexy Edition,oe:team:6a060bd74c9041bf0aa89adf9d15d12,Thresh,Gragas,Wukong,Vi,Gwen,Ahri,,,,,,2320,1,1,5,13,16,19,0.0,0.0,0.0,0.0,0.0,0.0,0.0,0.0,0.4138,0.9052,,,,,,,,,,,,,,,,,,,,,0.0,0.0,,,,,,,,0.0,0.0,6345.0,164.0948,0.0546164,497.9741,339.4914,67.0,1.7328,10.0,0.2586,19.0,120.0,3.1034,9586,4578,118.3966,0.0974414,8625.0,,,37.0,37.0,0.0,,,0.9569,2249.0,2398.0,20.0,2363.0,2473.0,14.0,-114.0,-75.0,6.0,0.0,1.0,0.0,0.0,2.0,1.0,3302.0,3430.0,27.0,3521.0,3921.0,22.0,-219.0,-491.0,5.0,0.0,1.0,1.0,0.0,4.0,1.0,4239.0,4603.0,33.0,4612.0,4957.0,23.0,-373.0,-354.0,10.0,0.0,1.0,2.0,0.0,5.0,1.0,5251.0,6120.0,35.0,5625.0,6382.0,28.0,-374.0,-262.0,7.0,0.0,4.0,3.0,0.0,8.0,2.0
ESPORTSTMNT05_3225012,complete,,EM,2023,Spring,0,2023-04-29 15:06:33,1,13.06,6,Red,top,Destroy,oe:player:21846207612858fb49a468b43e56dd3,İstanbul Wildcats,oe:team:a65adb2808377018a2a7832eb2bd7f4,Rumble,Sejuani,Rakan,Jayce,Olaf,Tristana,,,,,,2320,0,4,2,8,19,16,1.0,0.0,0.0,0.0,0.0,0.0,0.0,0.0,0.4914,0.9052,,,,,,,,,,,,,,,,,,,,,0.0,0.0,,,,,,,,0.0,0.0,40978.0,1059.7759,0.36292,726.931,872.0948,12.0,0.3103,6.0,0.1552,10.0,41.0,1.0603,14519,9511,245.9741,0.226481,14670.0,,,317.0,289.0,28.0,,,8.1983,3622.0,5197.0,98.0,3342.0,4928.0,92.0,280.0,269.0,6.0,0.0,0.0,0.0,0.0,0.0,0.0,5649.0,8218.0,155.0,5004.0,7949.0,142.0,645.0,269.0,13.0,0.0,0.0,0.0,0.0,0.0,0.0,7902.0,10950.0,209.0,6578.0,10221.0,182.0,1324.0,729.0,27.0,1.0,0.0,0.0,0.0,0.0,0.0,10517.0,13775.0,248.0,8995.0,12286.0,216.0,1522.0,1489.0,32.0,4.0,2.0,0.0,2.0,0.0,0.0
ESPORTSTMNT05_3225012,complete,,EM,2023,Spring,0,2023-04-29 15:06:33,1,13.06,7,Red,jng,Elramir,oe:player:de442faff7b7cdc0fba7d6d5caff5e1,İstanbul Wildcats,oe:team:a65adb2808377018a2a7832eb2bd7f4,Viego,Sejuani,Rakan,Jayce,Olaf,Tristana,,,,,,2320,0,5,3,11,19,16,0.0,0.0,0.0,0.0,1.0,1.0,0.0,0.0,0.4914,0.9052,,,,,,,,,,,,,,,,,,,,,0.0,1.0,,,,,,,,0.0,0.0,18799.0,486.181,0.166492,1192.9138,1238.5086,14.0,0.3621,18.0,0.4655,26.0,69.0,1.7845,13632,8624,223.0345,0.205358,12925.0,,,206.0,31.0,175.0,,,5.3276,3931.0,3982.0,77.0,3024.0,3009.0,58.0,907.0,973.0,19.0,1.0,0.0,0.0,0.0,1.0,1.0,6038.0,5940.0,113.0,4595.0,5334.0,91.0,1443.0,606.0,22.0,1.0,2.0,0.0,0.0,1.0,1.0,7700.0,7848.0,148.0,5865.0,6910.0,107.0,1835.0,938.0,41.0,1.0,3.0,0.0,0.0,1.0,1.0,9273.0,10067.0,166.0,7663.0,8642.0,130.0,1610.0,1425.0,36.0,2.0,6.0,1.0,1.0,1.0,2.0
ESPORTSTMNT05_3225012,complete,,EM,2023,Spring,0,2023-04-29 15:06:33,1,13.06,8,Red,mid,Kofte,oe:player:db0cbdc72184ad44ab905be61fc0756,İstanbul Wildcats,oe:team:a65adb2808377018a2a7832eb2bd7f4,Lissandra,Sejuani,Rakan,Jayce,Olaf,Tristana,,,,,,2320,0,2,3,13,19,16,0.0,0.0,0.0,0.0,1.0,0.0,1.0,0.0,0.4914,0.9052,,,,,,,,,,,,,,,,,,,,,0.0,0.0,,,,,,,,0.0,0.0,17240.0,445.8621,0.152685,757.7586,628.6293,16.0,0.4138,12.0,0.3103,8.0,61.0,1.5776,12967,7959,205.8362,0.189522,12650.0,,,255.0,251.0,4.0,,,6.5948,3112.0,4640.0,81.0,3263.0,5127.0,95.0,-151.0,-487.0,-14.0,0.0,1.0,0.0,0.0,0.0,1.0,4970.0,7492.0,137.0,5266.0,8290.0,157.0,-296.0,-798.0,-20.0,0.0,2.0,0.0,0.0,0.0,1.0,6896.0,9085.0,164.0,6978.0,10694.0,201.0,-82.0,-1609.0,-37.0,0.0,3.0,0.0,0.0,0.0,1.0,8848.0,11826.0,202.0,8646.0,14095.0,229.0,202.0,-2269.0,-27.0,1.0,7.0,1.0,1.0,1.0,3.0
ESPORTSTMNT05_3225012,complete,,EM,2023,Spring,0,2023-04-29 15:06:33,1,13.06,9,Red,bot,BAO,oe:player:6c1d0c529e73fe4c8b9a5306867c4bf,İstanbul Wildcats,oe:team:a65adb2808377018a2a7832eb2bd7f4,Xayah,Sejuani,Rakan,Jayce,Olaf,Tristana,,,,,,2320,0,7,4,6,19,16,1.0,0.0,0.0,0.0,0.0,0.0,0.0,0.0,0.4914,0.9052,,,,,,,,,,,,,,,,,,,,,0.0,1.0,,,,,,,,0.0,2.0,27506.0,711.3621,0.243606,574.4483,333.0,19.0,0.4914,14.0,0.3621,6.0,53.0,1.3707,17352,12344,319.2414,0.293944,17500.0,,,388.0,336.0,52.0,,,10.0345,3474.0,3095.0,80.0,3521.0,3188.0,81.0,-47.0,-93.0,-1.0,1.0,0.0,0.0,1.0,0.0,0.0,6395.0,5344.0,134.0,5674.0,5218.0,134.0,721.0,126.0,0.0,3.0,0.0,0.0,1.0,0.0,1.0,8693.0,7795.0,195.0,7499.0,7157.0,182.0,1194.0,638.0,13.0,3.0,1.0,0.0,1.0,0.0,1.0,10855.0,10478.0,245.0,9198.0,9701.0,221.0,1657.0,777.0,24.0,4.0,3.0,1.0,1.0,3.0,3.0
ESPORTSTMNT05_3225012,complete,,EM,2023,Spring,0,2023-04-29 15:06:33,1,13.06,10,Red,sup,Parus,oe:player:a9cfbc13e22eefdd22af7b346ce2af4,İstanbul Wildcats,oe:team:a65adb2808377018a2a7832eb2bd7f4,Blitzcrank,Sejuani,Rakan,Jayce,Olaf,Tristana,,,,,,2320,0,1,4,12,19,16,0.0,0.0,0.0,0.0,1.0,0.0,1.0,0.0,0.4914,0.9052,,,,,,,,,,,,,,,,,,,,,0.0,0.0,,,,,,,,0.0,0.0,8389.0,216.9569,0.0742968,621.931,581.2759,57.0,1.4741,4.0,0.1034,14.0,101.0,2.6121,8565,3557,91.9914,0.0846951,8400.0,,,34.0,34.0,0.0,,,0.8793,2363.0,2473.0,14.0,2249.0,2398.0,20.0,114.0,75.0,-6.0,0.0,2.0,1.0,0.0,1.0,0.0,3521.0,3921.0,22.0,3302.0,3430.0,27.0,219.0,491.0,-5.0,0.0,4.0,1.0,0.0,1.0,1.0,4612.0,4957.0,23.0,4239.0,4603.0,33.0,373.0,354.0,-10.0,0.0,5.0,1.0,0.0,1.0,2.0,5625.0,6382.0,28.0,5251.0,6120.0,35.0,374.0,262.0,-7.0,0.0,8.0,2.0,0.0,4.0,3.0
ESPORTSTMNT05_3225012,complete,,EM,2023,Spring,0,2023-04-29 15:06:33,1,13.06,100,Blue,team,,,Unicorns of Love Sexy Edition,oe:team:6a060bd74c9041bf0aa89adf9d15d12,,Gragas,Wukong,Vi,Gwen,Ahri,Maokai,Jinx,Thresh,Cassiopeia,K'Sante,2320,1,16,19,41,16,19,1.0,0.0,0.0,0.0,0.0,,,,0.4138,0.9052,0.0,1.0,4.0,1.0,4.0,0.0,0.0,0.0,1.0,0.0,0.0,,0.0,0.0,0.0,1.0,1.0,,,1.0,2.0,0.0,0.0,11.0,4.0,0.0,0.0,1.0,6.0,2.0,0.0,116174.0,3004.5,,3897.0,4222.2672,119.0,3.0776,50.0,1.2931,42.0,305.0,7.8879,72020,46978,1214.9483,,67350.0,0.0180531,-1.23,,886.0,218.0,,,28.5517,15399.0,18650.0,346.0,16502.0,19387.0,350.0,-1103.0,-737.0,-4.0,1.0,2.0,2.0,2.0,3.0,1.0,23841.0,30221.0,551.0,26573.0,30915.0,561.0,-2732.0,-694.0,-10.0,1.0,2.0,4.0,4.0,8.0,1.0,31159.0,39585.0,705.0,35803.0,40635.0,739.0,-4644.0,-1050.0,-34.0,1.0,2.0,5.0,5.0,12.0,1.0,39753.0,50844.0,831.0,45118.0,52528.0,889.0,-5365.0,-1684.0,-58.0,5.0,9.0,11.0,11.0,26.0,5.0
ESPORTSTMNT05_3225012,complete,,EM,2023,Spring,0,2023-04-29 15:06:33,1,13.06,200,Red,team,,,İstanbul Wildcats,oe:team:a65adb2808377018a2a7832eb2bd7f4,,Sejuani,Rakan,Jayce,Olaf,Tristana,Xayah,Viego,Blitzcrank,Lissandra,Rumble,2320,0,19,16,50,19,16,2.0,0.0,0.0,0.0,1.0,,,,0.4914,0.9052,1.0,4.0,1.0,4.0,1.0,0.0,1.0,0.0,2.0,0.0,1.0,,0.0,0.0,1.0,1.0,1.0,,,0.0,0.0,2.0,1.0,4.0,11.0,1.0,1.0,6.0,1.0,0.0,2.0,112912.0,2920.1379,,3873.9828,3653.5086,118.0,3.0517,54.0,1.3966,64.0,325.0,8.4052,67035,41993,1086.0259,,66145.0,-0.0180531,1.23,,941.0,259.0,,,31.0345,16502.0,19387.0,350.0,15399.0,18650.0,346.0,1103.0,737.0,4.0,2.0,3.0,1.0,1.0,2.0,2.0,26573.0,30915.0,561.0,23841.0,30221.0,551.0,2732.0,694.0,10.0,4.0,8.0,1.0,1.0,2.0,4.0,35803.0,40635.0,739.0,31159.0,39585.0,705.0,4644.0,1050.0,34.0,5.0,12.0,1.0,1.0,2.0,5.0,45118.0,52528.0,889.0,39753.0,50844.0,831.0,5365.0,1684.0,58.0,11.0,26.0,5.0,5.0,9.0,11.0
ESPORTSTMNT05_3226014,complete,,EM,2023,Spring,0,2023-04-29 16:08:15,2,13.06,1,Blue,top,Destroy,oe:player:21846207612858fb49a468b43e56dd3,İstanbul Wildcats,oe:team:a65adb2808377018a2a7832eb2bd7f4,Kennen,Sejuani,Rakan,Xayah,Tahm Kench,Olaf,,,,,,1804,0,0,3,1,4,15,0.0,0.0,0.0,0.0,0.0,0.0,0.0,0.0,0.133,0.6319,,,,,,,,,,,,,,,,,,,,,0.0,0.0,,,,,,,,0.0,0.0,12814.0,426.1863,0.2708,507.1729,422.3282,7.0,0.2328,8.0,0.2661,2.0,30.0,0.9978,9949,5993,199.3237,0.21542,9250.0,,,261.0,260.0,1.0,,,8.6807,3223.0,4806.0,84.0,3139.0,4836.0,81.0,84.0,-30.0,3.0,0.0,0.0,0.0,0.0,0.0,0.0,5077.0,7764.0,142.0,5343.0,7857.0,139.0,-266.0,-93.0,3.0,0.0,0.0,0.0,0.0,0.0,0.0,6484.0,9949.0,177.0,8212.0,10570.0,180.0,-1728.0,-621.0,-3.0,0.0,0.0,2.0,1.0,5.0,0.0,8193.0,12791.0,222.0,9879.0,12903.0,225.0,-1686.0,-112.0,-3.0,0.0,0.0,2.0,1.0,5.0,0.0
ESPORTSTMNT05_3226014,complete,,EM,2023,Spring,0,2023-04-29 16:08:15,2,13.06,2,Blue,jng,Elramir,oe:player:de442faff7b7cdc0fba7d6d5caff5e1,İstanbul Wildcats,oe:team:a65adb2808377018a2a7832eb2bd7f4,Vi,Sejuani,Rakan,Xayah,Tahm Kench,Olaf,,,,,,1804,0,2,3,1,4,15,0.0,0.0,0.0,0.0,0.0,0.0,0.0,0.0,0.133,0.6319,,,,,,,,,,,,,,,,,,,,,0.0,1.0,,,,,,,,0.0,0.0,6186.0,205.7428,0.13073,625.4767,1108.9024,12.0,0.3991,11.0,0.3659,12.0,47.0,1.5632,9105,5149,171.2528,0.185083,8800.0,,,166.0,29.0,137.0,,,5.5211,3063.0,3161.0,68.0,4341.0,3659.0,69.0,-1278.0,-498.0,-1.0,0.0,0.0,0.0,3.0,0.0,1.0,4447.0,5380.0,101.0,6093.0,5891.0,110.0,-1646.0,-511.0,-9.0,0.0,0.0,0.0,3.0,0.0,1.0,5668.0,6902.0,121.0,8819.0,8960.0,139.0,-3151.0,-2058.0,-18.0,0.0,1.0,1.0,4.0,5.0,2.0,7334.0,8974.0,145.0,10389.0,11339.0,178.0,-3055.0,-2365.0,-33.0,1.0,1.0,1.0,4.0,5.0,2.0
ESPORTSTMNT05_3226014,complete,,EM,2023,Spring,0,2023-04-29 16:08:15,2,13.06,3,Blue,mid,Kofte,oe:player:db0cbdc72184ad44ab905be61fc0756,İstanbul Wildcats,oe:team:a65adb2808377018a2a7832eb2bd7f4,Ahri,Sejuani,Rakan,Xayah,Tahm Kench,Olaf,,,,,,1804,0,0,2,3,4,15,0.0,0.0,0.0,0.0,0.0,0.0,0.0,0.0,0.133,0.6319,,,,,,,,,,,,,,,,,,,,,0.0,0.0,,,,,,,,0.0,1.0,8129.0,270.3659,0.171791,399.3459,310.0776,7.0,0.2328,8.0,0.2661,4.0,29.0,0.9645,9412,5456,181.4634,0.196118,9550.0,,,244.0,242.0,2.0,,,8.1153,3084.0,4942.0,83.0,3532.0,5048.0,99.0,-448.0,-106.0,-16.0,0.0,0.0,0.0,0.0,0.0,0.0,4930.0,7930.0,141.0,5673.0,8074.0,161.0,-743.0,-144.0,-20.0,0.0,0.0,0.0,0.0,0.0,0.0,6470.0,10237.0,180.0,7903.0,10987.0,206.0,-1433.0,-750.0,-26.0,0.0,1.0,1.0,1.0,2.0,0.0,8095.0,12584.0,220.0,9347.0,12993.0,238.0,-1252.0,-409.0,-18.0,0.0,2.0,1.0,1.0,2.0,1.0
ESPORTSTMNT05_3226014,complete,,EM,2023,Spring,0,2023-04-29 16:08:15,2,13.06,4,Blue,bot,BAO,oe:player:6c1d0c529e73fe4c8b9a5306867c4bf,İstanbul Wildcats,oe:team:a65adb2808377018a2a7832eb2bd7f4,Aphelios,Sejuani,Rakan,Xayah,Tahm Kench,Olaf,,,,,,1804,0,1,3,2,4,15,0.0,0.0,0.0,0.0,0.0,0.0,0.0,0.0,0.133,0.6319,,,,,,,,,,,,,,,,,,,,,0.0,0.0,,,,,,,,0.0,1.0,15196.0,505.4102,0.32114,358.8027,438.6585,14.0,0.4656,14.0,0.4656,5.0,38.0,1.2639,12143,8187,272.2949,0.294281,11525.0,,,308.0,294.0,14.0,,,10.2439,3692.0,3238.0,85.0,3662.0,3543.0,81.0,30.0,-305.0,4.0,1.0,0.0,1.0,0.0,3.0,0.0,5701.0,5460.0,137.0,6015.0,5660.0,130.0,-314.0,-200.0,7.0,1.0,0.0,1.0,0.0,3.0,0.0,7490.0,7343.0,173.0,9061.0,7946.0,175.0,-1571.0,-603.0,-2.0,1.0,1.0,2.0,3.0,4.0,0.0,9919.0,10584.0,250.0,11290.0,10729.0,245.0,-1371.0,-145.0,5.0,1.0,2.0,2.0,3.0,4.0,0.0
ESPORTSTMNT05_3226014,complete,,EM,2023,Spring,0,2023-04-29 16:08:15,2,13.06,5,Blue,sup,Parus,oe:player:a9cfbc13e22eefdd22af7b346ce2af4,İstanbul Wildcats,oe:team:a65adb2808377018a2a7832eb2bd7f4,Lulu,Sejuani,Rakan,Xayah,Tahm Kench,Olaf,,,,,,1804,0,1,4,3,4,15,0.0,0.0,0.0,0.0,0.0,0.0,0.0,1.0,0.133,0.6319,,,,,,,,,,,,,,,,,,,,,0.0,0.0,,,,,,,,0.0,0.0,4994.0,166.0976,0.105539,299.102,201.3525,38.0,1.2639,7.0,0.2328,10.0,82.0,2.7273,6991,3035,100.9424,0.109098,6450.0,,,12.0,12.0,0.0,,,0.3991,2306.0,2437.0,2.0,2393.0,2332.0,15.0,-87.0,105.0,-13.0,0.0,1.0,2.0,0.0,3.0,0.0,3177.0,3803.0,2.0,3654.0,3578.0,26.0,-477.0,225.0,-24.0,0.0,1.0,2.0,0.0,3.0,0.0,5118.0,4563.0,5.0,5040.0,5638.0,34.0,78.0,-1075.0,-29.0,1.0,1.0,3.0,0.0,7.0,0.0,6015.0,6154.0,8.0,5857.0,6498.0,37.0,158.0,-344.0,-29.0,1.0,2.0,3.0,0.0,7.0,0.0
ESPORTSTMNT05_3226014,complete,,EM,2023,Spring,0,2023-04-29 16:08:15,2,13.06,6,Red,top,Venour,oe:player:df13ba84b4ea6932f7e10b5e51e7cf5,Unicorns of Love Sexy Edition,oe:team:6a060bd74c9041bf0aa89adf9d15d12,Irelia,Wukong,Maokai,Jayce,Thresh,Nautilus,,,,,,1804,1,3,1,7,15,4,0.0,0.0,0.0,0.0,0.0,0.0,0.0,0.0,0.4989,0.6319,,,,,,,,,,,,,,,,,,,,,0.0,0.0,,,,,,,,0.0,0.0,13639.0,453.6253,0.263923,543.4922,774.2461,12.0,0.3991,1.0,0.0333,3.0,23.0,0.765,12624,8668,288.2927,0.211786,11575.0,,,260.0,248.0,12.0,,,8.6475,3139.0,4836.0,81.0,3223.0,4806.0,84.0,-84.0,30.0,-3.0,0.0,0.0,0.0,0.0,0.0,0.0,5343.0,7857.0,139.0,5077.0,7764.0,142.0,266.0,93.0,-3.0,0.0,0.0,0.0,0.0,0.0,0.0,8212.0,10570.0,180.0,6484.0,9949.0,177.0,1728.0,621.0,3.0,1.0,5.0,0.0,0.0,0.0,2.0,9879.0,12903.0,225.0,8193.0,12791.0,222.0,1686.0,112.0,3.0,1.0,5.0,0.0,0.0,0.0,2.0
ESPORTSTMNT05_3226014,complete,,EM,2023,Spring,0,2023-04-29 16:08:15,2,13.06,7,Red,jng,Peach,oe:player:53841c6e42a6ce77b6f3b80133c9342,Unicorns of Love Sexy Edition,oe:team:6a060bd74c9041bf0aa89adf9d15d12,Lee Sin,Wukong,Maokai,Jayce,Thresh,Nautilus,,,,,,1804,1,4,2,10,15,4,1.0,0.0,0.0,0.0,1.0,1.0,0.0,0.0,0.4989,0.6319,,,,,,,,,,,,,,,,,,,,,1.0,0.0,,,,,,,,0.0,0.0,9596.0,319.1574,0.185688,843.1264,1278.9246,14.0,0.4656,7.0,0.2328,4.0,36.0,1.1973,12650,8694,289.1574,0.212421,11000.0,,,205.0,25.0,180.0,,,6.8182,4341.0,3659.0,69.0,3063.0,3161.0,68.0,1278.0,498.0,1.0,3.0,0.0,1.0,0.0,0.0,0.0,6093.0,5891.0,110.0,4447.0,5380.0,101.0,1646.0,511.0,9.0,3.0,0.0,1.0,0.0,0.0,0.0,8819.0,8960.0,139.0,5668.0,6902.0,121.0,3151.0,2058.0,18.0,4.0,5.0,2.0,0.0,1.0,1.0,10389.0,11339.0,178.0,7334.0,8974.0,145.0,3055.0,2365.0,33.0,4.0,5.0,2.0,1.0,1.0,1.0
ESPORTSTMNT05_3226014,complete,,EM,2023,Spring,0,2023-04-29 16:08:15,2,13.06,8,Red,mid,Mask,oe:player:4a18312b5b75f549d5551e5912ad6eb,Unicorns of Love Sexy Edition,oe:team:6a060bd74c9041bf0aa89adf9d15d12,Lissandra,Wukong,Maokai,Jayce,Thresh,Nautilus,,,,,,1804,1,1,1,7,15,4,0.0,0.0,0.0,0.0,0.0,0.0,0.0,0.0,0.4989,0.6319,,,,,,,,,,,,,,,,,,,,,0.0,0.0,,,,,,,,1.0,0.0,12692.0,422.1286,0.245598,541.0976,368.2483,7.0,0.2328,8.0,0.2661,3.0,31.0,1.031,12382,8426,280.2439,0.205874,12275.0,,,290.0,290.0,0.0,,,9.6452,3532.0,5048.0,99.0,3084.0,4942.0,83.0,448.0,106.0,16.0,0.0,0.0,0.0,0.0,0.0,0.0,5673.0,8074.0,161.0,4930.0,7930.0,141.0,743.0,144.0,20.0,0.0,0.0,0.0,0.0,0.0,0.0,7903.0,10987.0,206.0,6470.0,10237.0,180.0,1433.0,750.0,26.0,1.0,2.0,0.0,0.0,1.0,1.0,9347.0,12993.0,238.0,8095.0,12584.0,220.0,1252.0,409.0,18.0,1.0,2.0,1.0,0.0,2.0,1.0
ESPORTSTMNT05_3226014,complete,,EM,2023,Spring,0,2023-04-29 16:08:15,2,13.06,9,Red,bot,Fun K3y,oe:player:9ea5afea85321b13df74acb62bfb530,Unicorns of Love Sexy Edition,oe:team:6a060bd74c9041bf0aa89adf9d15d12,Jinx,Wukong,Maokai,Jayce,Thresh,Nautilus,,,,,,1804,1,7,0,5,15,4,2.0,1.0,0.0,0.0,1.0,0.0,1.0,0.0,0.4989,0.6319,,,,,,,,,,,,,,,,,,,,,0.0,0.0,,,,,,,,1.0,0.0,13382.0,445.0776,0.25895,256.2306,140.4545,16.0,0.5322,8.0,0.2661,6.0,40.0,1.3304,15490,11534,383.6142,0.28181,13400.0,,,303.0,263.0,40.0,,,10.0776,3662.0,3543.0,81.0,3692.0,3238.0,85.0,-30.0,305.0,-4.0,0.0,3.0,0.0,1.0,0.0,1.0,6015.0,5660.0,130.0,5701.0,5460.0,137.0,314.0,200.0,-7.0,0.0,3.0,0.0,1.0,0.0,1.0,9061.0,7946.0,175.0,7490.0,7343.0,173.0,1571.0,603.0,2.0,3.0,4.0,0.0,1.0,1.0,2.0,11290.0,10729.0,245.0,9919.0,10584.0,250.0,1371.0,145.0,-5.0,3.0,4.0,0.0,1.0,2.0,2.0
ESPORTSTMNT05_3226014,complete,,EM,2023,Spring,0,2023-04-29 16:08:15,2,13.06,10,Red,sup,Lekcyc,oe:player:74f3f60a44ee916ecc257a5381be756,Unicorns of Love Sexy Edition,oe:team:6a060bd74c9041bf0aa89adf9d15d12,Braum,Wukong,Maokai,Jayce,Thresh,Nautilus,,,,,,1804,1,0,0,13,15,4,0.0,0.0,0.0,0.0,1.0,0.0,1.0,0.0,0.4989,0.6319,,,,,,,,,,,,,,,,,,,,,0.0,0.0,,,,,,,,0.0,0.0,2369.0,78.7916,0.0458416,401.1419,397.6164,51.0,1.6962,14.0,0.4656,9.0,102.0,3.3925,7562,3606,119.9335,0.0881092,6725.0,,,40.0,40.0,0.0,,,1.3304,2393.0,2332.0,15.0,2306.0,2437.0,2.0,87.0,-105.0,13.0,0.0,3.0,0.0,0.0,1.0,2.0,3654.0,3578.0,26.0,3177.0,3803.0,2.0,477.0,-225.0,24.0,0.0,3.0,0.0,0.0,1.0,2.0,5040.0,5638.0,34.0,5118.0,4563.0,5.0,-78.0,1075.0,29.0,0.0,7.0,0.0,1.0,1.0,3.0,5857.0,6498.0,37.0,6015.0,6154.0,8.0,-158.0,344.0,29.0,0.0,7.0,0.0,1.0,2.0,3.0
ESPORTSTMNT05_3226014,complete,,EM,2023,Spring,0,2023-04-29 16:08:15,2,13.06,100,Blue,team,,,İstanbul Wildcats,oe:team:a65adb2808377018a2a7832eb2bd7f4,,Sejuani,Rakan,Xayah,Tahm Kench,Olaf,Vi,Aphelios,Ahri,Lulu,Kennen,1804,0,4,15,10,4,15,0.0,0.0,0.0,0.0,0.0,,,,0.133,0.6319,0.0,1.0,4.0,1.0,4.0,1.0,0.0,0.0,0.0,0.0,0.0,,0.0,0.0,0.0,0.0,2.0,,,0.0,0.0,1.0,1.0,1.0,9.0,0.0,0.0,1.0,9.0,0.0,2.0,47319.0,1573.8027,,2189.9002,2481.3193,78.0,2.5942,48.0,1.5965,33.0,226.0,7.5166,47600,27821,925.3104,,45575.0,-0.186972,-3.41,,837.0,154.0,,,32.9601,15368.0,18584.0,322.0,17067.0,19418.0,345.0,-1699.0,-834.0,-23.0,1.0,1.0,3.0,3.0,6.0,1.0,23332.0,30337.0,523.0,26778.0,31060.0,566.0,-3446.0,-723.0,-43.0,1.0,1.0,3.0,3.0,6.0,1.0,31230.0,38994.0,656.0,39035.0,44101.0,734.0,-7805.0,-5107.0,-78.0,2.0,4.0,9.0,9.0,23.0,2.0,39556.0,51087.0,845.0,46762.0,54462.0,923.0,-7206.0,-3375.0,-78.0,3.0,7.0,9.0,9.0,23.0,3.0
ESPORTSTMNT05_3226014,complete,,EM,2023,Spring,0,2023-04-29 16:08:15,2,13.06,200,Red,team,,,Unicorns of Love Sexy Edition,oe:team:6a060bd74c9041bf0aa89adf9d15d12,,Wukong,Maokai,Jayce,Thresh,Nautilus,Jinx,Lee Sin,Lissandra,Braum,Irelia,1804,1,15,4,42,15,4,3.0,1.0,0.0,0.0,1.0,,,,0.4989,0.6319,1.0,4.0,1.0,4.0,1.0,2.0,0.0,0.0,1.0,1.0,0.0,,0.0,0.0,1.0,2.0,0.0,,,1.0,1.0,0.0,0.0,9.0,1.0,1.0,1.0,9.0,1.0,2.0,0.0,51678.0,1718.7805,,2585.0887,2959.49,100.0,3.3259,38.0,1.2639,25.0,232.0,7.7162,60708,40929,1361.2749,,54975.0,0.186972,3.41,,866.0,232.0,,,36.5188,17067.0,19418.0,345.0,15368.0,18584.0,322.0,1699.0,834.0,23.0,3.0,6.0,1.0,1.0,1.0,3.0,26778.0,31060.0,566.0,23332.0,30337.0,523.0,3446.0,723.0,43.0,3.0,6.0,1.0,1.0,1.0,3.0,39035.0,44101.0,734.0,31230.0,38994.0,656.0,7805.0,5107.0,78.0,9.0,23.0,2.0,2.0,4.0,9.0,46762.0,54462.0,923.0,39556.0,51087.0,845.0,7206.0,3375.0,78.0,9.0,23.0,3.0,3.0,7.0,9.0
ESPORTSTMNT05_3226015,complete,,EM,2023,Spring,0,2023-04-29 17:00:57,3,13.06,1,Blue,top,Destroy,oe:player:21846207612858fb49a468b43e56dd3,İstanbul Wildcats,oe:team:a65adb2808377018a2a7832eb2bd7f4,Fiora,Sejuani,Rakan,Lee Sin,LeBlanc,Thresh,,,,,,1676,1,1,3,5,22,12,0.0,0.0,0.0,0.0,0.0,0.0,0.0,0.0,0.7876,1.2172,,,,,,,,,,,,,,,,,,,,,0.0,0.0,,,,,,,,0.0,0.0,12321.0,441.0859,0.167845,931.79,819.1647,11.0,0.3938,6.0,0.2148,6.0,36.0,1.2888,10443,6748,241.5752,0.170036,9675.0,,,224.0,216.0,8.0,,,8.0191,2942.0,4498.0,74.0,3889.0,5174.0,95.0,-947.0,-676.0,-21.0,0.0,0.0,0.0,0.0,0.0,0.0,4429.0,6879.0,114.0,6240.0,7961.0,147.0,-1811.0,-1082.0,-33.0,0.0,0.0,1.0,1.0,0.0,0.0,6459.0,9603.0,164.0,7920.0,10504.0,179.0,-1461.0,-901.0,-15.0,0.0,1.0,2.0,1.0,3.0,0.0,8882.0,12489.0,199.0,9368.0,12260.0,200.0,-486.0,229.0,-1.0,1.0,3.0,3.0,2.0,5.0,1.0
ESPORTSTMNT05_3226015,complete,,EM,2023,Spring,0,2023-04-29 17:00:57,3,13.06,2,Blue,jng,Elramir,oe:player:de442faff7b7cdc0fba7d6d5caff5e1,İstanbul Wildcats,oe:team:a65adb2808377018a2a7832eb2bd7f4,Gragas,Sejuani,Rakan,Lee Sin,LeBlanc,Thresh,,,,,,1676,1,7,2,7,22,12,0.0,0.0,0.0,0.0,1.0,1.0,0.0,0.0,0.7876,1.2172,,,,,,,,,,,,,,,,,,,,,1.0,0.0,,,,,,,,0.0,0.0,17080.0,611.4558,0.232675,891.3365,1021.5036,28.0,1.0024,11.0,0.3938,13.0,63.0,2.2554,12190,8495,304.1169,0.214055,10825.0,,,192.0,25.0,167.0,,,6.8735,4953.0,3527.0,65.0,3593.0,3575.0,61.0,1360.0,-48.0,4.0,5.0,2.0,0.0,1.0,1.0,2.0,7206.0,6392.0,118.0,5704.0,5686.0,96.0,1502.0,706.0,22.0,6.0,3.0,0.0,1.0,2.0,2.0,9060.0,8531.0,144.0,7659.0,8141.0,123.0,1401.0,390.0,21.0,7.0,4.0,1.0,2.0,6.0,3.0,10969.0,11634.0,174.0,9207.0,9970.0,140.0,1762.0,1664.0,34.0,7.0,5.0,2.0,3.0,8.0,4.0
ESPORTSTMNT05_3226015,complete,,EM,2023,Spring,0,2023-04-29 17:00:57,3,13.06,3,Blue,mid,Kofte,oe:player:db0cbdc72184ad44ab905be61fc0756,İstanbul Wildcats,oe:team:a65adb2808377018a2a7832eb2bd7f4,Tristana,Sejuani,Rakan,Lee Sin,LeBlanc,Thresh,,,,,,1676,1,4,1,6,22,12,1.0,0.0,0.0,0.0,0.0,0.0,0.0,0.0,0.7876,1.2172,,,,,,,,,,,,,,,,,,,,,0.0,0.0,,,,,,,,1.0,0.0,9538.0,341.4558,0.129933,387.1002,259.2601,14.0,0.5012,5.0,0.179,5.0,33.0,1.1814,11485,7790,278.8783,0.196291,10550.0,,,219.0,211.0,8.0,,,7.8401,3590.0,4557.0,84.0,3234.0,4768.0,90.0,356.0,-211.0,-6.0,1.0,1.0,0.0,0.0,0.0,0.0,5787.0,7657.0,139.0,4804.0,6995.0,135.0,983.0,662.0,4.0,2.0,1.0,0.0,0.0,0.0,1.0,7564.0,9370.0,169.0,7215.0,9883.0,179.0,349.0,-513.0,-10.0,2.0,3.0,1.0,2.0,2.0,1.0,10308.0,13252.0,207.0,8745.0,11919.0,216.0,1563.0,1333.0,-9.0,4.0,6.0,1.0,2.0,2.0,3.0
ESPORTSTMNT05_3226015,complete,,EM,2023,Spring,0,2023-04-29 17:00:57,3,13.06,4,Blue,bot,BAO,oe:player:6c1d0c529e73fe4c8b9a5306867c4bf,İstanbul Wildcats,oe:team:a65adb2808377018a2a7832eb2bd7f4,Xayah,Sejuani,Rakan,Lee Sin,LeBlanc,Thresh,,,,,,1676,1,9,1,12,22,12,2.0,1.0,1.0,0.0,1.0,0.0,1.0,0.0,0.7876,1.2172,,,,,,,,,,,,,,,,,,,,,0.0,0.0,,,,,,,,0.0,0.0,29196.0,1045.2029,0.397728,416.2768,208.3532,15.0,0.537,12.0,0.4296,5.0,43.0,1.5394,16216,12521,448.2458,0.315496,14225.0,,,282.0,270.0,12.0,,,10.0955,4132.0,3765.0,84.0,3281.0,2985.0,76.0,851.0,780.0,8.0,1.0,6.0,0.0,0.0,2.0,3.0,7301.0,6717.0,147.0,5314.0,4724.0,120.0,1987.0,1993.0,27.0,2.0,7.0,0.0,0.0,2.0,4.0,9803.0,9401.0,202.0,9149.0,7459.0,169.0,654.0,1942.0,33.0,3.0,8.0,1.0,3.0,3.0,4.0,13558.0,13534.0,252.0,11279.0,9846.0,216.0,2279.0,3688.0,36.0,5.0,12.0,1.0,4.0,5.0,5.0
ESPORTSTMNT05_3226015,complete,,EM,2023,Spring,0,2023-04-29 17:00:57,3,13.06,5,Blue,sup,Parus,oe:player:a9cfbc13e22eefdd22af7b346ce2af4,İstanbul Wildcats,oe:team:a65adb2808377018a2a7832eb2bd7f4,Blitzcrank,Sejuani,Rakan,Lee Sin,LeBlanc,Thresh,,,,,,1676,1,1,5,12,22,12,0.0,0.0,0.0,0.0,1.0,0.0,1.0,0.0,0.7876,1.2172,,,,,,,,,,,,,,,,,,,,,0.0,0.0,,,,,,,,0.0,0.0,5272.0,188.7351,0.0718188,551.7064,375.9308,38.0,1.3604,11.0,0.3938,11.0,82.0,2.9356,7827,4132,147.9236,0.104122,6725.0,,,36.0,36.0,0.0,,,1.2888,2508.0,2145.0,17.0,2433.0,2057.0,15.0,75.0,88.0,2.0,0.0,6.0,2.0,1.0,1.0,2.0,3823.0,3799.0,24.0,3557.0,3453.0,24.0,266.0,346.0,0.0,0.0,8.0,2.0,1.0,1.0,3.0,5030.0,4590.0,32.0,4642.0,5184.0,28.0,388.0,-594.0,4.0,0.0,10.0,4.0,1.0,5.0,4.0,6897.0,6935.0,33.0,5610.0,6959.0,32.0,1287.0,-24.0,1.0,1.0,11.0,5.0,1.0,7.0,5.0
ESPORTSTMNT05_3226015,complete,,EM,2023,Spring,0,2023-04-29 17:00:57,3,13.06,6,Red,top,Venour,oe:player:df13ba84b4ea6932f7e10b5e51e7cf5,Unicorns of Love Sexy Edition,oe:team:6a060bd74c9041bf0aa89adf9d15d12,K'Sante,Maokai,Wukong,Jayce,Gwen,Nautilus,,,,,,1676,0,2,2,5,12,22,0.0,0.0,0.0,0.0,0.0,0.0,0.0,0.0,0.4296,1.2172,,,,,,,,,,,,,,,,,,,,,0.0,0.0,,,,,,,,0.0,0.0,15285.0,547.1957,0.268502,733.568,1076.9928,8.0,0.2864,3.0,0.1074,1.0,16.0,0.5728,10125,6430,230.1909,0.216192,10325.0,,,216.0,216.0,0.0,,,7.7327,3889.0,5174.0,95.0,2942.0,4498.0,74.0,947.0,676.0,21.0,0.0,0.0,0.0,0.0,0.0,0.0,6240.0,7961.0,147.0,4429.0,6879.0,114.0,1811.0,1082.0,33.0,1.0,0.0,0.0,0.0,0.0,1.0,7920.0,10504.0,179.0,6459.0,9603.0,164.0,1461.0,901.0,15.0,1.0,3.0,0.0,0.0,1.0,2.0,9368.0,12260.0,200.0,8882.0,12489.0,199.0,486.0,-229.0,1.0,2.0,5.0,1.0,1.0,3.0,3.0
ESPORTSTMNT05_3226015,complete,,EM,2023,Spring,0,2023-04-29 17:00:57,3,13.06,7,Red,jng,Peach,oe:player:53841c6e42a6ce77b6f3b80133c9342,Unicorns of Love Sexy Edition,oe:team:6a060bd74c9041bf0aa89adf9d15d12,Vi,Maokai,Wukong,Jayce,Gwen,Nautilus,,,,,,1676,0,3,4,8,12,22,0.0,0.0,0.0,0.0,0.0,0.0,0.0,0.0,0.4296,1.2172,,,,,,,,,,,,,,,,,,,,,0.0,1.0,,,,,,,,0.0,0.0,13417.0,480.3222,0.235688,841.8258,1129.4749,7.0,0.2506,12.0,0.4296,5.0,46.0,1.6468,9717,6022,215.5847,0.202474,8875.0,,,144.0,20.0,124.0,,,5.1551,3593.0,3575.0,61.0,4953.0,3527.0,65.0,-1360.0,48.0,-4.0,1.0,1.0,2.0,5.0,2.0,0.0,5704.0,5686.0,96.0,7206.0,6392.0,118.0,-1502.0,-706.0,-22.0,1.0,2.0,2.0,6.0,3.0,0.0,7659.0,8141.0,123.0,9060.0,8531.0,144.0,-1401.0,-390.0,-21.0,2.0,6.0,3.0,7.0,4.0,1.0,9207.0,9970.0,140.0,10969.0,11634.0,174.0,-1762.0,-1664.0,-34.0,3.0,8.0,4.0,7.0,5.0,2.0
ESPORTSTMNT05_3226015,complete,,EM,2023,Spring,0,2023-04-29 17:00:57,3,13.06,8,Red,mid,Mask,oe:player:4a18312b5b75f549d5551e5912ad6eb,Unicorns of Love Sexy Edition,oe:team:6a060bd74c9041bf0aa89adf9d15d12,Ahri,Maokai,Wukong,Jayce,Gwen,Nautilus,,,,,,1676,0,2,4,2,12,22,1.0,0.0,0.0,0.0,0.0,0.0,0.0,0.0,0.4296,1.2172,,,,,,,,,,,,,,,,,,,,,0.0,0.0,,,,,,,,0.0,1.0,8734.0,312.673,0.153425,506.6348,306.6229,7.0,0.2506,8.0,0.2864,4.0,28.0,1.0024,9834,6139,219.7733,0.206408,9400.0,,,242.0,242.0,0.0,,,8.6635,3234.0,4768.0,90.0,3590.0,4557.0,84.0,-356.0,211.0,6.0,0.0,0.0,0.0,1.0,1.0,0.0,4804.0,6995.0,135.0,5787.0,7657.0,139.0,-983.0,-662.0,-4.0,0.0,0.0,1.0,2.0,1.0,0.0,7215.0,9883.0,179.0,7564.0,9370.0,169.0,-349.0,513.0,10.0,2.0,2.0,1.0,2.0,3.0,1.0,8745.0,11919.0,216.0,10308.0,13252.0,207.0,-1563.0,-1333.0,9.0,2.0,2.0,3.0,4.0,6.0,1.0
ESPORTSTMNT05_3226015,complete,,EM,2023,Spring,0,2023-04-29 17:00:57,3,13.06,9,Red,bot,Fun K3y,oe:player:9ea5afea85321b13df74acb62bfb530,Unicorns of Love Sexy Edition,oe:team:6a060bd74c9041bf0aa89adf9d15d12,Jinx,Maokai,Wukong,Jayce,Gwen,Nautilus,,,,,,1676,0,4,6,5,12,22,0.0,0.0,0.0,0.0,0.0,0.0,0.0,1.0,0.4296,1.2172,,,,,,,,,,,,,,,,,,,,,0.0,0.0,,,,,,,,0.0,0.0,15745.0,563.6635,0.276582,473.6993,230.0477,11.0,0.3938,14.0,0.5012,4.0,41.0,1.4678,12432,8737,312.7804,0.293754,11200.0,,,249.0,217.0,32.0,,,8.9141,3281.0,2985.0,76.0,4132.0,3765.0,84.0,-851.0,-780.0,-8.0,0.0,2.0,3.0,1.0,6.0,0.0,5314.0,4724.0,120.0,7301.0,6717.0,147.0,-1987.0,-1993.0,-27.0,0.0,2.0,4.0,2.0,7.0,0.0,9149.0,7459.0,169.0,9803.0,9401.0,202.0,-654.0,-1942.0,-33.0,3.0,3.0,4.0,3.0,8.0,1.0,11279.0,9846.0,216.0,13558.0,13534.0,252.0,-2279.0,-3688.0,-36.0,4.0,5.0,5.0,5.0,12.0,1.0
ESPORTSTMNT05_3226015,complete,,EM,2023,Spring,0,2023-04-29 17:00:57,3,13.06,10,Red,sup,Lekcyc,oe:player:74f3f60a44ee916ecc257a5381be756,Unicorns of Love Sexy Edition,oe:team:6a060bd74c9041bf0aa89adf9d15d12,Braum,Maokai,Wukong,Jayce,Gwen,Nautilus,,,,,,1676,0,1,6,7,12,22,0.0,0.0,0.0,0.0,0.0,0.0,0.0,0.0,0.4296,1.2172,,,,,,,,,,,,,,,,,,,,,0.0,0.0,,,,,,,,0.0,0.0,3746.0,134.105,0.0658036,687.5298,612.7804,43.0,1.5394,10.0,0.358,9.0,83.0,2.9714,6109,2414,86.42,0.0811719,5625.0,,,34.0,34.0,0.0,,,1.2172,2433.0,2057.0,15.0,2508.0,2145.0,17.0,-75.0,-88.0,-2.0,1.0,1.0,2.0,0.0,6.0,2.0,3557.0,3453.0,24.0,3823.0,3799.0,24.0,-266.0,-346.0,0.0,1.0,1.0,3.0,0.0,8.0,2.0,4642.0,5184.0,28.0,5030.0,4590.0,32.0,-388.0,594.0,-4.0,1.0,5.0,4.0,0.0,10.0,4.0,5610.0,6959.0,32.0,6897.0,6935.0,33.0,-1287.0,24.0,-1.0,1.0,7.0,5.0,1.0,11.0,5.0
ESPORTSTMNT05_3226015,complete,,EM,2023,Spring,0,2023-04-29 17:00:57,3,13.06,100,Blue,team,,,İstanbul Wildcats,oe:team:a65adb2808377018a2a7832eb2bd7f4,,Sejuani,Rakan,Lee Sin,LeBlanc,Thresh,Xayah,Gragas,Tristana,Fiora,Blitzcrank,1676,1,22,12,42,22,12,3.0,1.0,1.0,0.0,1.0,,,,0.7876,1.2172,1.0,4.0,0.0,4.0,0.0,1.0,0.0,1.0,0.0,2.0,0.0,,0.0,0.0,0.0,1.0,1.0,,,1.0,1.0,0.0,0.0,9.0,1.0,1.0,1.0,4.0,5.0,1.0,0.0,73407.0,2627.9356,,3178.21,2684.2124,106.0,3.7947,45.0,1.611,40.0,257.0,9.2005,58161,39688,1420.8115,,52000.0,0.134976,2.27,,758.0,195.0,,,34.1169,18125.0,18492.0,324.0,16430.0,18559.0,337.0,1695.0,-67.0,-13.0,7.0,15.0,2.0,2.0,4.0,7.0,28546.0,31444.0,542.0,25619.0,28819.0,522.0,2927.0,2625.0,20.0,10.0,19.0,3.0,3.0,5.0,10.0,37916.0,41495.0,711.0,36585.0,41171.0,678.0,1331.0,324.0,33.0,12.0,26.0,9.0,9.0,19.0,12.0,50614.0,57844.0,865.0,44209.0,50954.0,804.0,6405.0,6890.0,61.0,18.0,37.0,12.0,12.0,27.0,18.0
ESPORTSTMNT05_3226015,complete,,EM,2023,Spring,0,2023-04-29 17:00:57,3,13.06,200,Red,team,,,Unicorns of Love Sexy Edition,oe:team:6a060bd74c9041bf0aa89adf9d15d12,,Maokai,Wukong,Jayce,Gwen,Nautilus,Jinx,K'Sante,Vi,Ahri,Braum,1676,0,12,22,27,12,22,1.0,0.0,0.0,0.0,0.0,,,,0.4296,1.2172,0.0,0.0,4.0,0.0,4.0,0.0,0.0,0.0,0.0,0.0,0.0,,0.0,0.0,1.0,1.0,1.0,,,0.0,0.0,1.0,1.0,1.0,9.0,0.0,0.0,5.0,4.0,0.0,1.0,56927.0,2037.9594,,3243.2578,3355.9189,76.0,2.7208,47.0,1.6826,23.0,214.0,7.6611,48217,29744,1064.821,,45425.0,-0.134976,-2.27,,729.0,156.0,,,31.6826,16430.0,18559.0,337.0,18125.0,18492.0,324.0,-1695.0,67.0,13.0,2.0,4.0,7.0,7.0,15.0,2.0,25619.0,28819.0,522.0,28546.0,31444.0,542.0,-2927.0,-2625.0,-20.0,3.0,5.0,10.0,10.0,19.0,3.0,36585.0,41171.0,678.0,37916.0,41495.0,711.0,-1331.0,-324.0,-33.0,9.0,19.0,12.0,12.0,26.0,9.0,44209.0,50954.0,804.0,50614.0,57844.0,865.0,-6405.0,-6890.0,-61.0,12.0,27.0,18.0,18.0,37.0,12.0
ESPORTSTMNT05_3225013,complete,,EM,2023,Spring,0,2023-04-29 17:51:07,4,13.06,1,Blue,top,Venour,oe:player:df13ba84b4ea6932f7e10b5e51e7cf5,Unicorns of Love Sexy Edition,oe:team:6a060bd74c9041bf0aa89adf9d15d12,K'Sante,Gragas,Vi,Wukong,Gwen,Blitzcrank,,,,,,1575,0,0,2,0,3,17,0.0,0.0,0.0,0.0,0.0,0.0,0.0,0.0,0.1143,0.7619,,,,,,,,,,,,,,,,,,,,,0.0,0.0,,,,,,,,0.0,0.0,3225.0,122.8571,0.0862507,503.581,690.2476,8.0,0.3048,4.0,0.1524,2.0,25.0,0.9524,8287,4798,182.781,0.209977,8300.0,,,216.0,212.0,4.0,,,8.2286,3158.0,4958.0,80.0,3341.0,4996.0,90.0,-183.0,-38.0,-10.0,0.0,0.0,0.0,0.0,0.0,0.0,5071.0,8179.0,142.0,5447.0,8168.0,158.0,-376.0,11.0,-16.0,0.0,0.0,0.0,0.0,0.0,0.0,6970.0,10645.0,188.0,8194.0,11193.0,213.0,-1224.0,-548.0,-25.0,0.0,0.0,0.0,2.0,0.0,0.0,8134.0,12870.0,216.0,9781.0,12913.0,244.0,-1647.0,-43.0,-28.0,0.0,0.0,1.0,2.0,3.0,0.0
ESPORTSTMNT05_3225013,complete,,EM,2023,Spring,0,2023-04-29 17:51:07,4,13.06,2,Blue,jng,Peach,oe:player:53841c6e42a6ce77b6f3b80133c9342,Unicorns of Love Sexy Edition,oe:team:6a060bd74c9041bf0aa89adf9d15d12,Maokai,Gragas,Vi,Wukong,Gwen,Blitzcrank,,,,,,1575,0,1,4,2,3,17,0.0,0.0,0.0,0.0,0.0,0.0,0.0,0.0,0.1143,0.7619,,,,,,,,,,,,,,,,,,,,,0.0,1.0,,,,,,,,0.0,0.0,14652.0,558.1714,0.391859,950.2857,549.981,6.0,0.2286,9.0,0.3429,5.0,38.0,1.4476,8054,4565,173.9048,0.199781,7725.0,,,130.0,15.0,115.0,,,4.9524,3400.0,3232.0,58.0,3328.0,3526.0,69.0,72.0,-294.0,-11.0,1.0,1.0,0.0,0.0,1.0,0.0,4853.0,5236.0,88.0,5049.0,5752.0,99.0,-196.0,-516.0,-11.0,1.0,1.0,1.0,0.0,3.0,0.0,6241.0,6608.0,106.0,6834.0,7805.0,128.0,-593.0,-1197.0,-22.0,1.0,1.0,2.0,0.0,5.0,0.0,7858.0,8535.0,130.0,8199.0,9194.0,146.0,-341.0,-659.0,-16.0,1.0,2.0,3.0,0.0,8.0,1.0
ESPORTSTMNT05_3225013,complete,,EM,2023,Spring,0,2023-04-29 17:51:07,4,13.06,3,Blue,mid,Mask,oe:player:4a18312b5b75f549d5551e5912ad6eb,Unicorns of Love Sexy Edition,oe:team:6a060bd74c9041bf0aa89adf9d15d12,Viktor,Gragas,Vi,Wukong,Gwen,Blitzcrank,,,,,,1575,0,0,4,1,3,17,0.0,0.0,0.0,0.0,0.0,0.0,0.0,1.0,0.1143,0.7619,,,,,,,,,,,,,,,,,,,,,0.0,0.0,,,,,,,,0.0,1.0,9496.0,361.7524,0.253965,381.6,350.7048,14.0,0.5333,6.0,0.2286,6.0,28.0,1.0667,8300,4811,183.2762,0.210546,8050.0,,,234.0,230.0,4.0,,,8.9143,3209.0,4838.0,87.0,3367.0,4412.0,73.0,-158.0,426.0,14.0,0.0,1.0,1.0,1.0,0.0,0.0,4889.0,7371.0,143.0,6025.0,7095.0,124.0,-1136.0,276.0,19.0,0.0,1.0,2.0,3.0,0.0,0.0,6965.0,10735.0,207.0,8459.0,9993.0,179.0,-1494.0,742.0,28.0,0.0,1.0,2.0,3.0,1.0,0.0,8147.0,12159.0,234.0,11278.0,13163.0,225.0,-3131.0,-1004.0,9.0,0.0,1.0,3.0,5.0,2.0,0.0
ESPORTSTMNT05_3225013,complete,,EM,2023,Spring,0,2023-04-29 17:51:07,4,13.06,4,Blue,bot,Fun K3y,oe:player:9ea5afea85321b13df74acb62bfb530,Unicorns of Love Sexy Edition,oe:team:6a060bd74c9041bf0aa89adf9d15d12,Jinx,Gragas,Vi,Wukong,Gwen,Blitzcrank,,,,,,1575,0,1,3,0,3,17,0.0,0.0,0.0,0.0,0.0,0.0,0.0,0.0,0.1143,0.7619,,,,,,,,,,,,,,,,,,,,,0.0,0.0,,,,,,,,0.0,0.0,6903.0,262.9714,0.184617,339.3905,170.0571,11.0,0.419,10.0,0.381,4.0,36.0,1.3714,9889,6400,243.8095,0.280081,9975.0,,,249.0,229.0,20.0,,,9.4857,3374.0,3052.0,88.0,3810.0,4079.0,98.0,-436.0,-1027.0,-10.0,0.0,0.0,1.0,1.0,0.0,1.0,5380.0,5277.0,137.0,6743.0,6525.0,148.0,-1363.0,-1248.0,-11.0,0.0,0.0,1.0,2.0,0.0,1.0,7391.0,7531.0,193.0,9649.0,10305.0,218.0,-2258.0,-2774.0,-25.0,0.0,0.0,2.0,2.0,2.0,1.0,9731.0,10023.0,249.0,12079.0,13369.0,270.0,-2348.0,-3346.0,-21.0,1.0,0.0,2.0,4.0,2.0,1.0
ESPORTSTMNT05_3225013,complete,,EM,2023,Spring,0,2023-04-29 17:51:07,4,13.06,5,Blue,sup,Lekcyc,oe:player:74f3f60a44ee916ecc257a5381be756,Unicorns of Love Sexy Edition,oe:team:6a060bd74c9041bf0aa89adf9d15d12,Nautilus,Gragas,Vi,Wukong,Gwen,Blitzcrank,,,,,,1575,0,1,4,2,3,17,0.0,0.0,0.0,0.0,0.0,0.0,0.0,0.0,0.1143,0.7619,,,,,,,,,,,,,,,,,,,,,0.0,0.0,,,,,,,,0.0,0.0,3115.0,118.6667,0.0833088,458.5524,562.4381,43.0,1.6381,7.0,0.2667,10.0,77.0,2.9333,5765,2276,86.7048,0.0996149,5400.0,,,37.0,37.0,0.0,,,1.4095,2752.0,3118.0,21.0,2186.0,2478.0,14.0,566.0,640.0,7.0,1.0,1.0,0.0,0.0,1.0,1.0,3852.0,4308.0,33.0,3577.0,3901.0,21.0,275.0,407.0,12.0,1.0,1.0,1.0,0.0,3.0,1.0,4738.0,4825.0,36.0,4826.0,4558.0,28.0,-88.0,267.0,8.0,1.0,1.0,1.0,0.0,3.0,1.0,5590.0,5855.0,37.0,5795.0,5498.0,30.0,-205.0,357.0,7.0,1.0,2.0,2.0,0.0,6.0,1.0
ESPORTSTMNT05_3225013,complete,,EM,2023,Spring,0,2023-04-29 17:51:07,4,13.06,6,Red,top,Destroy,oe:player:21846207612858fb49a468b43e56dd3,İstanbul Wildcats,oe:team:a65adb2808377018a2a7832eb2bd7f4,Rumble,Lee Sin,Rakan,Jayce,Cassiopeia,Thresh,,,,,,1575,1,3,0,4,17,3,0.0,0.0,0.0,0.0,0.0,0.0,0.0,0.0,0.6476,0.7619,,,,,,,,,,,,,,,,,,,,,0.0,0.0,,,,,,,,0.0,0.0,15775.0,600.9524,0.317923,375.0857,494.0571,13.0,0.4952,5.0,0.1905,7.0,39.0,1.4857,10785,7296,277.9429,0.203463,9375.0,,,246.0,217.0,29.0,,,9.3714,3341.0,4996.0,90.0,3158.0,4958.0,80.0,183.0,38.0,10.0,0.0,0.0,0.0,0.0,0.0,0.0,5447.0,8168.0,158.0,5071.0,8179.0,142.0,376.0,-11.0,16.0,0.0,0.0,0.0,0.0,0.0,0.0,8194.0,11193.0,213.0,6970.0,10645.0,188.0,1224.0,548.0,25.0,2.0,0.0,0.0,0.0,0.0,0.0,9781.0,12913.0,244.0,8134.0,12870.0,216.0,1647.0,43.0,28.0,2.0,3.0,0.0,0.0,0.0,1.0
ESPORTSTMNT05_3225013,complete,,EM,2023,Spring,0,2023-04-29 17:51:07,4,13.06,7,Red,jng,Elramir,oe:player:de442faff7b7cdc0fba7d6d5caff5e1,İstanbul Wildcats,oe:team:a65adb2808377018a2a7832eb2bd7f4,Sejuani,Lee Sin,Rakan,Jayce,Cassiopeia,Thresh,,,,,,1575,1,0,1,11,17,3,0.0,0.0,0.0,0.0,1.0,0.0,1.0,0.0,0.6476,0.7619,,,,,,,,,,,,,,,,,,,,,1.0,0.0,,,,,,,,0.0,0.0,5837.0,222.3619,0.117636,1010.8571,1282.7429,11.0,0.419,13.0,0.4952,10.0,47.0,1.7905,9076,5587,212.8381,0.155807,7650.0,,,150.0,20.0,130.0,,,5.7143,3328.0,3526.0,69.0,3400.0,3232.0,58.0,-72.0,294.0,11.0,0.0,1.0,0.0,1.0,1.0,0.0,5049.0,5752.0,99.0,4853.0,5236.0,88.0,196.0,516.0,11.0,0.0,3.0,0.0,1.0,1.0,1.0,6834.0,7805.0,128.0,6241.0,6608.0,106.0,593.0,1197.0,22.0,0.0,5.0,0.0,1.0,1.0,2.0,8199.0,9194.0,146.0,7858.0,8535.0,130.0,341.0,659.0,16.0,0.0,8.0,1.0,1.0,2.0,3.0
ESPORTSTMNT05_3225013,complete,,EM,2023,Spring,0,2023-04-29 17:51:07,4,13.06,8,Red,mid,Kofte,oe:player:db0cbdc72184ad44ab905be61fc0756,İstanbul Wildcats,oe:team:a65adb2808377018a2a7832eb2bd7f4,Tristana,Lee Sin,Rakan,Jayce,Cassiopeia,Thresh,,,,,,1575,1,7,0,4,17,3,0.0,0.0,0.0,0.0,1.0,1.0,0.0,0.0,0.6476,0.7619,,,,,,,,,,,,,,,,,,,,,0.0,0.0,,,,,,,,1.0,0.0,11865.0,452.0,0.239122,401.3333,431.5429,10.0,0.381,8.0,0.3048,3.0,47.0,1.7905,12995,9506,362.1333,0.26509,11075.0,,,235.0,220.0,15.0,,,8.9524,3367.0,4412.0,73.0,3209.0,4838.0,87.0,158.0,-426.0,-14.0,1.0,0.0,0.0,0.0,1.0,1.0,6025.0,7095.0,124.0,4889.0,7371.0,143.0,1136.0,-276.0,-19.0,3.0,0.0,0.0,0.0,1.0,2.0,8459.0,9993.0,179.0,6965.0,10735.0,207.0,1494.0,-742.0,-28.0,3.0,1.0,0.0,0.0,1.0,2.0,11278.0,13163.0,225.0,8147.0,12159.0,234.0,3131.0,1004.0,-9.0,5.0,2.0,0.0,0.0,1.0,3.0
ESPORTSTMNT05_3225013,complete,,EM,2023,Spring,0,2023-04-29 17:51:07,4,13.06,9,Red,bot,BAO,oe:player:6c1d0c529e73fe4c8b9a5306867c4bf,İstanbul Wildcats,oe:team:a65adb2808377018a2a7832eb2bd7f4,Xayah,Lee Sin,Rakan,Jayce,Cassiopeia,Thresh,,,,,,1575,1,7,1,5,17,3,1.0,0.0,0.0,0.0,0.0,0.0,0.0,0.0,0.6476,0.7619,,,,,,,,,,,,,,,,,,,,,0.0,0.0,,,,,,,,0.0,0.0,14276.0,543.8476,0.287712,303.4667,143.7333,14.0,0.5333,6.0,0.2286,5.0,41.0,1.5619,13799,10310,392.7619,0.28751,11925.0,,,275.0,255.0,20.0,,,10.4762,3810.0,4079.0,98.0,3374.0,3052.0,88.0,436.0,1027.0,10.0,1.0,0.0,1.0,0.0,0.0,1.0,6743.0,6525.0,148.0,5380.0,5277.0,137.0,1363.0,1248.0,11.0,2.0,0.0,1.0,0.0,0.0,1.0,9649.0,10305.0,218.0,7391.0,7531.0,193.0,2258.0,2774.0,25.0,2.0,2.0,1.0,0.0,0.0,2.0,12079.0,13369.0,270.0,9731.0,10023.0,249.0,2348.0,3346.0,21.0,4.0,2.0,1.0,1.0,0.0,2.0
ESPORTSTMNT05_3225013,complete,,EM,2023,Spring,0,2023-04-29 17:51:07,4,13.06,10,Red,sup,Parus,oe:player:a9cfbc13e22eefdd22af7b346ce2af4,İstanbul Wildcats,oe:team:a65adb2808377018a2a7832eb2bd7f4,Leona,Lee Sin,Rakan,Jayce,Cassiopeia,Thresh,,,,,,1575,1,0,1,10,17,3,0.0,0.0,0.0,0.0,1.0,0.0,1.0,0.0,0.6476,0.7619,,,,,,,,,,,,,,,,,,,,,0.0,0.0,,,,,,,,0.0,0.0,1866.0,71.0857,0.0376066,413.7524,342.7429,37.0,1.4095,8.0,0.3048,9.0,73.0,2.781,6649,3160,120.381,0.0881292,6225.0,,,30.0,30.0,0.0,,,1.1429,2186.0,2478.0,14.0,2752.0,3118.0,21.0,-566.0,-640.0,-7.0,0.0,1.0,1.0,1.0,1.0,0.0,3577.0,3901.0,21.0,3852.0,4308.0,33.0,-275.0,-407.0,-12.0,0.0,3.0,1.0,1.0,1.0,1.0,4826.0,4558.0,28.0,4738.0,4825.0,36.0,88.0,-267.0,-8.0,0.0,3.0,1.0,1.0,1.0,1.0,5795.0,5498.0,30.0,5590.0,5855.0,37.0,205.0,-357.0,-7.0,0.0,6.0,1.0,1.0,2.0,2.0
ESPORTSTMNT05_3225013,complete,,EM,2023,Spring,0,2023-04-29 17:51:07,4,13.06,100,Blue,team,,,Unicorns of Love Sexy Edition,oe:team:6a060bd74c9041bf0aa89adf9d15d12,,Gragas,Vi,Wukong,Gwen,Blitzcrank,Maokai,Jinx,K'Sante,Nautilus,Viktor,1575,0,3,17,5,3,17,0.0,0.0,0.0,0.0,0.0,,,,0.1143,0.7619,0.0,0.0,3.0,0.0,3.0,0.0,0.0,0.0,0.0,0.0,0.0,,0.0,0.0,0.0,0.0,2.0,,,0.0,0.0,1.0,0.0,1.0,8.0,0.0,0.0,1.0,6.0,0.0,1.0,37391.0,1424.419,,2633.4095,2323.4286,82.0,3.1238,36.0,1.3714,27.0,204.0,7.7714,40295,22852,870.5524,,39450.0,-0.158693,-2.34,,723.0,143.0,,,32.9905,15893.0,19198.0,334.0,16032.0,19491.0,344.0,-139.0,-293.0,-10.0,2.0,3.0,2.0,2.0,2.0,2.0,24045.0,30371.0,543.0,26841.0,31441.0,550.0,-2796.0,-1070.0,-7.0,2.0,3.0,5.0,5.0,6.0,2.0,32305.0,40344.0,730.0,37962.0,43854.0,766.0,-5657.0,-3510.0,-36.0,2.0,3.0,7.0,7.0,11.0,2.0,39460.0,49442.0,866.0,47132.0,54137.0,915.0,-7672.0,-4695.0,-49.0,3.0,5.0,11.0,11.0,21.0,3.0
ESPORTSTMNT05_3225013,complete,,EM,2023,Spring,0,2023-04-29 17:51:07,4,13.06,200,Red,team,,,İstanbul Wildcats,oe:team:a65adb2808377018a2a7832eb2bd7f4,,Lee Sin,Rakan,Jayce,Cassiopeia,Thresh,Sejuani,Xayah,Tristana,Rumble,Leona,1575,1,17,3,34,17,3,1.0,0.0,0.0,0.0,1.0,,,,0.6476,0.7619,1.0,3.0,0.0,3.0,0.0,1.0,0.0,1.0,1.0,0.0,0.0,,0.0,0.0,1.0,2.0,0.0,,,1.0,1.0,0.0,1.0,8.0,1.0,1.0,1.0,6.0,1.0,1.0,0.0,49619.0,1890.2476,,2504.4952,2694.819,85.0,3.2381,40.0,1.5238,34.0,247.0,9.4095,53304,35861,1366.1333,,46250.0,0.158693,2.34,,742.0,194.0,,,35.6571,16032.0,19491.0,344.0,15893.0,19198.0,334.0,139.0,293.0,10.0,2.0,2.0,2.0,2.0,3.0,2.0,26841.0,31441.0,550.0,24045.0,30371.0,543.0,2796.0,1070.0,7.0,5.0,6.0,2.0,2.0,3.0,5.0,37962.0,43854.0,766.0,32305.0,40344.0,730.0,5657.0,3510.0,36.0,7.0,11.0,2.0,2.0,3.0,7.0,47132.0,54137.0,915.0,39460.0,49442.0,866.0,7672.0,4695.0,49.0,11.0,21.0,3.0,3.0,5.0,11.0
ESPORTSTMNT05_3225016,complete,,EM,2023,Spring,0,2023-04-29 18:40:48,5,13.06,1,Blue,top,Venour,oe:player:df13ba84b4ea6932f7e10b5e51e7cf5,Unicorns of Love Sexy Edition,oe:team:6a060bd74c9041bf0aa89adf9d15d12,Fiora,Gragas,Tristana,Xayah,Yone,Renekton,,,,,,1772,0,2,3,3,9,16,0.0,0.0,0.0,0.0,0.0,0.0,0.0,1.0,0.3047,0.8465,,,,,,,,,,,,,,,,,,,,,0.0,0.0,,,,,,,,0.0,1.0,5812.0,196.7946,0.106677,644.0181,630.5079,10.0,0.3386,8.0,0.2709,1.0,33.0,1.1174,10567,6677,226.0835,0.224499,10625.0,,,243.0,243.0,0.0,,,8.228,3076.0,4502.0,76.0,3798.0,5039.0,89.0,-722.0,-537.0,-13.0,0.0,0.0,1.0,1.0,0.0,0.0,4622.0,6911.0,121.0,5988.0,7931.0,146.0,-1366.0,-1020.0,-25.0,0.0,0.0,1.0,1.0,0.0,0.0,6606.0,9930.0,179.0,8137.0,10772.0,205.0,-1531.0,-842.0,-26.0,0.0,0.0,1.0,1.0,0.0,0.0,8780.0,12149.0,220.0,10439.0,13271.0,254.0,-1659.0,-1122.0,-34.0,1.0,1.0,1.0,2.0,0.0,0.0
ESPORTSTMNT05_3225016,complete,,EM,2023,Spring,0,2023-04-29 18:40:48,5,13.06,2,Blue,jng,Peach,oe:player:53841c6e42a6ce77b6f3b80133c9342,Unicorns of Love Sexy Edition,oe:team:6a060bd74c9041bf0aa89adf9d15d12,Wukong,Gragas,Tristana,Xayah,Yone,Renekton,,,,,,1772,0,1,4,5,9,16,0.0,0.0,0.0,0.0,0.0,0.0,0.0,0.0,0.3047,0.8465,,,,,,,,,,,,,,,,,,,,,0.0,1.0,,,,,,,,0.0,0.0,7367.0,249.447,0.135219,867.0203,683.465,8.0,0.2709,13.0,0.4402,6.0,52.0,1.7607,8903,5013,169.7404,0.168547,8500.0,,,164.0,18.0,146.0,,,5.553,3365.0,3126.0,65.0,3239.0,3407.0,61.0,126.0,-281.0,4.0,1.0,0.0,1.0,0.0,1.0,0.0,4996.0,5587.0,96.0,5182.0,5198.0,87.0,-186.0,389.0,9.0,1.0,1.0,1.0,1.0,2.0,0.0,6380.0,7344.0,125.0,6774.0,7462.0,120.0,-394.0,-118.0,5.0,1.0,1.0,1.0,1.0,2.0,0.0,7752.0,9129.0,149.0,7940.0,8881.0,138.0,-188.0,248.0,11.0,1.0,2.0,2.0,1.0,3.0,1.0
ESPORTSTMNT05_3225016,complete,,EM,2023,Spring,0,2023-04-29 18:40:48,5,13.06,3,Blue,mid,Mask,oe:player:4a18312b5b75f549d5551e5912ad6eb,Unicorns of Love Sexy Edition,oe:team:6a060bd74c9041bf0aa89adf9d15d12,Sylas,Gragas,Tristana,Xayah,Yone,Renekton,,,,,,1772,0,3,2,2,9,16,0.0,0.0,0.0,0.0,0.0,0.0,0.0,0.0,0.3047,0.8465,,,,,,,,,,,,,,,,,,,,,0.0,0.0,,,,,,,,0.0,0.0,17345.0,587.3025,0.318362,660.0339,467.5395,9.0,0.3047,8.0,0.2709,4.0,34.0,1.1512,11477,7587,256.8962,0.255098,10750.0,,,267.0,267.0,0.0,,,9.0406,3283.0,4881.0,89.0,3322.0,4627.0,94.0,-39.0,254.0,-5.0,0.0,0.0,0.0,0.0,1.0,0.0,5638.0,8140.0,152.0,4949.0,6716.0,136.0,689.0,1424.0,16.0,1.0,0.0,0.0,0.0,2.0,1.0,7451.0,12092.0,198.0,6804.0,9591.0,186.0,647.0,2501.0,12.0,1.0,0.0,0.0,0.0,2.0,1.0,9820.0,14882.0,249.0,8891.0,12380.0,242.0,929.0,2502.0,7.0,2.0,1.0,0.0,0.0,3.0,1.0
ESPORTSTMNT05_3225016,complete,,EM,2023,Spring,0,2023-04-29 18:40:48,5,13.06,4,Blue,bot,Fun K3y,oe:player:9ea5afea85321b13df74acb62bfb530,Unicorns of Love Sexy Edition,oe:team:6a060bd74c9041bf0aa89adf9d15d12,Jinx,Gragas,Tristana,Xayah,Yone,Renekton,,,,,,1772,0,2,3,5,9,16,0.0,0.0,0.0,0.0,0.0,0.0,0.0,0.0,0.3047,0.8465,,,,,,,,,,,,,,,,,,,,,0.0,0.0,,,,,,,,0.0,0.0,20055.0,679.0632,0.368103,407.167,245.8916,11.0,0.3725,9.0,0.3047,4.0,30.0,1.0158,11816,7926,268.3747,0.266497,11775.0,,,274.0,254.0,20.0,,,9.2777,3325.0,3040.0,76.0,3821.0,3226.0,88.0,-496.0,-186.0,-12.0,0.0,1.0,1.0,2.0,0.0,1.0,5682.0,5743.0,130.0,6324.0,6175.0,145.0,-642.0,-432.0,-15.0,0.0,2.0,1.0,3.0,0.0,1.0,7614.0,8004.0,191.0,9013.0,8620.0,209.0,-1399.0,-616.0,-18.0,0.0,2.0,1.0,3.0,0.0,1.0,10057.0,10648.0,246.0,10898.0,10899.0,257.0,-841.0,-251.0,-11.0,1.0,3.0,1.0,3.0,1.0,2.0
ESPORTSTMNT05_3225016,complete,,EM,2023,Spring,0,2023-04-29 18:40:48,5,13.06,5,Blue,sup,Lekcyc,oe:player:74f3f60a44ee916ecc257a5381be756,Unicorns of Love Sexy Edition,oe:team:6a060bd74c9041bf0aa89adf9d15d12,Braum,Gragas,Tristana,Xayah,Yone,Renekton,,,,,,1772,0,1,4,6,9,16,0.0,0.0,0.0,0.0,0.0,0.0,0.0,0.0,0.3047,0.8465,,,,,,,,,,,,,,,,,,,,,0.0,0.0,,,,,,,,0.0,0.0,3903.0,132.1558,0.0716383,654.0406,683.0587,50.0,1.693,8.0,0.2709,10.0,80.0,2.7088,6429,2539,85.9707,0.0853582,6850.0,,,38.0,38.0,0.0,,,1.2867,2571.0,2540.0,19.0,2284.0,2892.0,13.0,287.0,-352.0,6.0,1.0,1.0,0.0,0.0,2.0,1.0,3562.0,3761.0,27.0,3402.0,3758.0,21.0,160.0,3.0,6.0,1.0,1.0,2.0,0.0,4.0,1.0,4659.0,5459.0,36.0,4561.0,5114.0,27.0,98.0,345.0,9.0,1.0,1.0,2.0,0.0,4.0,1.0,5656.0,6573.0,37.0,5437.0,5947.0,30.0,219.0,626.0,7.0,1.0,4.0,2.0,0.0,4.0,2.0
ESPORTSTMNT05_3225016,complete,,EM,2023,Spring,0,2023-04-29 18:40:48,5,13.06,6,Red,top,Destroy,oe:player:21846207612858fb49a468b43e56dd3,İstanbul Wildcats,oe:team:a65adb2808377018a2a7832eb2bd7f4,Rumble,Lee Sin,Rakan,Jayce,K'Sante,Olaf,,,,,,1772,1,4,0,3,16,9,0.0,0.0,0.0,0.0,1.0,1.0,0.0,0.0,0.5418,0.8465,,,,,,,,,,,,,,,,,,,,,0.0,0.0,,,,,,,,1.0,0.0,18992.0,643.07,0.286369,351.1964,507.9007,12.0,0.4063,4.0,0.1354,8.0,34.0,1.1512,13181,9291,314.5937,0.242107,11900.0,,,282.0,254.0,28.0,,,9.5485,3798.0,5039.0,89.0,3076.0,4502.0,76.0,722.0,537.0,13.0,1.0,0.0,0.0,0.0,0.0,1.0,5988.0,7931.0,146.0,4622.0,6911.0,121.0,1366.0,1020.0,25.0,1.0,0.0,0.0,0.0,0.0,1.0,8137.0,10772.0,205.0,6606.0,9930.0,179.0,1531.0,842.0,26.0,1.0,0.0,0.0,0.0,0.0,1.0,10439.0,13271.0,254.0,8780.0,12149.0,220.0,1659.0,1122.0,34.0,2.0,0.0,0.0,1.0,1.0,1.0
ESPORTSTMNT05_3225016,complete,,EM,2023,Spring,0,2023-04-29 18:40:48,5,13.06,7,Red,jng,Elramir,oe:player:de442faff7b7cdc0fba7d6d5caff5e1,İstanbul Wildcats,oe:team:a65adb2808377018a2a7832eb2bd7f4,Maokai,Lee Sin,Rakan,Jayce,K'Sante,Olaf,,,,,,1772,1,1,1,13,16,9,0.0,0.0,0.0,0.0,0.0,0.0,0.0,0.0,0.5418,0.8465,,,,,,,,,,,,,,,,,,,,,1.0,0.0,,,,,,,,0.0,0.0,12413.0,420.3047,0.187168,936.3995,1230.6772,11.0,0.3725,17.0,0.5756,11.0,64.0,2.167,10344,6454,218.5327,0.168176,8975.0,,,158.0,36.0,122.0,,,5.3499,3239.0,3407.0,61.0,3365.0,3126.0,65.0,-126.0,281.0,-4.0,0.0,1.0,0.0,1.0,0.0,1.0,5182.0,5198.0,87.0,4996.0,5587.0,96.0,186.0,-389.0,-9.0,1.0,2.0,0.0,1.0,1.0,1.0,6774.0,7462.0,120.0,6380.0,7344.0,125.0,394.0,118.0,-5.0,1.0,2.0,0.0,1.0,1.0,1.0,7940.0,8881.0,138.0,7752.0,9129.0,149.0,188.0,-248.0,-11.0,1.0,3.0,1.0,1.0,2.0,2.0
ESPORTSTMNT05_3225016,complete,,EM,2023,Spring,0,2023-04-29 18:40:48,5,13.06,8,Red,mid,Kofte,oe:player:db0cbdc72184ad44ab905be61fc0756,İstanbul Wildcats,oe:team:a65adb2808377018a2a7832eb2bd7f4,Aatrox,Lee Sin,Rakan,Jayce,K'Sante,Olaf,,,,,,1772,1,3,1,8,16,9,0.0,0.0,0.0,0.0,0.0,0.0,0.0,0.0,0.5418,0.8465,,,,,,,,,,,,,,,,,,,,,0.0,0.0,,,,,,,,0.0,0.0,12021.0,407.0316,0.181258,737.4379,623.6682,13.0,0.4402,8.0,0.2709,5.0,32.0,1.0835,11894,8004,271.0158,0.208568,10050.0,,,263.0,247.0,16.0,,,8.9052,3322.0,4627.0,94.0,3283.0,4881.0,89.0,39.0,-254.0,5.0,0.0,1.0,0.0,0.0,0.0,0.0,4949.0,6716.0,136.0,5638.0,8140.0,152.0,-689.0,-1424.0,-16.0,0.0,2.0,1.0,1.0,0.0,0.0,6804.0,9591.0,186.0,7451.0,12092.0,198.0,-647.0,-2501.0,-12.0,0.0,2.0,1.0,1.0,0.0,0.0,8891.0,12380.0,242.0,9820.0,14882.0,249.0,-929.0,-2502.0,-7.0,0.0,3.0,1.0,2.0,1.0,0.0
ESPORTSTMNT05_3225016,complete,,EM,2023,Spring,0,2023-04-29 18:40:48,5,13.06,9,Red,bot,BAO,oe:player:6c1d0c529e73fe4c8b9a5306867c4bf,İstanbul Wildcats,oe:team:a65adb2808377018a2a7832eb2bd7f4,Zeri,Lee Sin,Rakan,Jayce,K'Sante,Olaf,,,,,,1772,1,8,4,6,16,9,2.0,1.0,0.0,0.0,0.0,0.0,0.0,0.0,0.5418,0.8465,,,,,,,,,,,,,,,,,,,,,0.0,0.0,,,,,,,,0.0,0.0,19212.0,650.5192,0.289686,504.2777,553.9503,16.0,0.5418,13.0,0.4402,6.0,51.0,1.7269,15292,11402,386.0722,0.297119,15250.0,,,290.0,272.0,18.0,,,9.8194,3821.0,3226.0,88.0,3325.0,3040.0,76.0,496.0,186.0,12.0,2.0,0.0,1.0,0.0,1.0,1.0,6324.0,6175.0,145.0,5682.0,5743.0,130.0,642.0,432.0,15.0,3.0,0.0,1.0,0.0,2.0,1.0,9013.0,8620.0,209.0,7614.0,8004.0,191.0,1399.0,616.0,18.0,3.0,0.0,1.0,0.0,2.0,1.0,10898.0,10899.0,257.0,10057.0,10648.0,246.0,841.0,251.0,11.0,3.0,1.0,2.0,1.0,3.0,1.0
ESPORTSTMNT05_3225016,complete,,EM,2023,Spring,0,2023-04-29 18:40:48,5,13.06,10,Red,sup,Parus,oe:player:a9cfbc13e22eefdd22af7b346ce2af4,İstanbul Wildcats,oe:team:a65adb2808377018a2a7832eb2bd7f4,Rell,Lee Sin,Rakan,Jayce,K'Sante,Olaf,,,,,,1772,1,0,3,11,16,9,0.0,0.0,0.0,0.0,0.0,0.0,0.0,0.0,0.5418,0.8465,,,,,,,,,,,,,,,,,,,,,0.0,0.0,,,,,,,,0.0,0.0,3682.0,124.6727,0.0555187,385.4628,430.4628,40.0,1.3544,8.0,0.2709,9.0,79.0,2.6749,7115,3225,109.1986,0.0840296,5675.0,,,31.0,31.0,0.0,,,1.0497,2284.0,2892.0,13.0,2571.0,2540.0,19.0,-287.0,352.0,-6.0,0.0,2.0,1.0,1.0,1.0,0.0,3402.0,3758.0,21.0,3562.0,3761.0,27.0,-160.0,-3.0,-6.0,0.0,4.0,1.0,1.0,1.0,2.0,4561.0,5114.0,27.0,4659.0,5459.0,36.0,-98.0,-345.0,-9.0,0.0,4.0,1.0,1.0,1.0,2.0,5437.0,5947.0,30.0,5656.0,6573.0,37.0,-219.0,-626.0,-7.0,0.0,4.0,2.0,1.0,4.0,2.0
ESPORTSTMNT05_3225016,complete,,EM,2023,Spring,0,2023-04-29 18:40:48,5,13.06,100,Blue,team,,,Unicorns of Love Sexy Edition,oe:team:6a060bd74c9041bf0aa89adf9d15d12,,Gragas,Tristana,Xayah,Yone,Renekton,Wukong,Jinx,Braum,Sylas,Fiora,1772,0,9,16,21,9,16,0.0,0.0,0.0,0.0,0.0,,,,0.3047,0.8465,0.0,0.0,4.0,0.0,4.0,0.0,0.0,0.0,0.0,0.0,0.0,,0.0,0.0,0.0,1.0,1.0,,,0.0,0.0,1.0,0.0,1.0,8.0,0.0,0.0,0.0,4.0,0.0,1.0,54482.0,1844.763,,3232.2799,2710.4628,88.0,2.9797,46.0,1.5576,25.0,229.0,7.754,49192,29740,1006.9977,,48500.0,-0.0667663,-1.5,,820.0,166.0,,,33.386,15620.0,18089.0,325.0,16464.0,19191.0,345.0,-844.0,-1102.0,-20.0,2.0,2.0,3.0,3.0,4.0,2.0,24500.0,30142.0,526.0,25845.0,29778.0,535.0,-1345.0,364.0,-9.0,3.0,4.0,5.0,5.0,8.0,3.0,32710.0,42829.0,729.0,35289.0,41559.0,747.0,-2579.0,1270.0,-18.0,3.0,4.0,5.0,5.0,8.0,3.0,42065.0,53381.0,901.0,43605.0,51378.0,921.0,-1540.0,2003.0,-20.0,6.0,11.0,6.0,6.0,11.0,6.0
ESPORTSTMNT05_3225016,complete,,EM,2023,Spring,0,2023-04-29 18:40:48,5,13.06,200,Red,team,,,İstanbul Wildcats,oe:team:a65adb2808377018a2a7832eb2bd7f4,,Lee Sin,Rakan,Jayce,K'Sante,Olaf,Maokai,Zeri,Rumble,Rell,Aatrox,1772,1,16,9,41,16,9,2.0,1.0,0.0,0.0,1.0,,,,0.5418,0.8465,1.0,4.0,0.0,4.0,0.0,0.0,1.0,0.0,1.0,2.0,0.0,,0.0,0.0,1.0,1.0,1.0,,,1.0,1.0,0.0,1.0,8.0,1.0,1.0,1.0,4.0,0.0,1.0,0.0,66320.0,2245.5982,,2914.7743,3346.6591,92.0,3.1151,50.0,1.693,39.0,260.0,8.8036,57826,38374,1299.3454,,51850.0,0.0667663,1.5,,840.0,184.0,,,34.6727,16464.0,19191.0,345.0,15620.0,18089.0,325.0,844.0,1102.0,20.0,3.0,4.0,2.0,2.0,2.0,3.0,25845.0,29778.0,535.0,24500.0,30142.0,526.0,1345.0,-364.0,9.0,5.0,8.0,3.0,3.0,4.0,5.0,35289.0,41559.0,747.0,32710.0,42829.0,729.0,2579.0,-1270.0,18.0,5.0,8.0,3.0,3.0,4.0,5.0,43605.0,51378.0,921.0,42065.0,53381.0,901.0,1540.0,-2003.0,20.0,6.0,11.0,6.0,6.0,11.0,6.0
ESPORTSTMNT04_2693199,complete,,EM,2023,Summer,0,2023-08-14 15:00:58,1,13.14,1,Blue,top,Boda,oe:player:a600b912c936aadcc1337cc2a3c928e,Nigma Galaxy,oe:team:c6aa23f2afcbe6fc281c7bb9b96c843,Jax,Rakan,Rumble,Jayce,Maokai,Sejuani,,,,,,1766,1,6,4,4,18,5,1.0,1.0,0.0,0.0,1.0,1.0,0.0,0.0,0.6116,0.7814,,,,,,,,,,,,,,,,,,,,,0.0,0.0,,,,,,,,0.0,0.0,26980.0,916.6478,0.294236,1039.8414,1367.8709,14.0,0.4757,4.0,0.1359,6.0,29.0,0.9853,13110,9232,313.658,0.233587,12600.0,,,212.0,212.0,0.0,,,7.2027,4413.0,4770.0,78.0,3210.0,4101.0,78.0,1203.0,669.0,0.0,3.0,0.0,0.0,0.0,0.0,3.0,6286.0,7368.0,125.0,5835.0,7370.0,134.0,451.0,-2.0,-9.0,3.0,0.0,1.0,1.0,0.0,3.0,8046.0,9535.0,155.0,7965.0,10454.0,193.0,81.0,-919.0,-38.0,3.0,0.0,2.0,1.0,0.0,3.0,11217.0,12822.0,190.0,9251.0,11735.0,214.0,1966.0,1087.0,-24.0,6.0,2.0,3.0,1.0,1.0,5.0
ESPORTSTMNT04_2693199,complete,,EM,2023,Summer,0,2023-08-14 15:00:58,1,13.14,2,Blue,jng,Pabu,oe:player:b0a4ae62486ca215c199e72698738b7,Nigma Galaxy,oe:team:c6aa23f2afcbe6fc281c7bb9b96c843,Rell,Rakan,Rumble,Jayce,Maokai,Sejuani,,,,,,1766,1,2,0,14,18,5,0.0,0.0,0.0,0.0,1.0,0.0,1.0,0.0,0.6116,0.7814,,,,,,,,,,,,,,,,,,,,,1.0,0.0,,,,,,,,2.0,0.0,9187.0,312.1291,0.100191,580.906,1578.8562,8.0,0.2718,10.0,0.3398,7.0,43.0,1.4609,11434,7556,256.7157,0.19118,10225.0,,,189.0,24.0,165.0,,,6.4213,3620.0,3777.0,76.0,2904.0,2932.0,52.0,716.0,845.0,24.0,0.0,2.0,0.0,0.0,0.0,0.0,5224.0,5746.0,112.0,4525.0,5373.0,87.0,699.0,373.0,25.0,0.0,2.0,0.0,0.0,0.0,0.0,6795.0,7908.0,149.0,6291.0,7651.0,122.0,504.0,257.0,27.0,0.0,2.0,0.0,0.0,1.0,0.0,9253.0,10575.0,163.0,7581.0,9080.0,136.0,1672.0,1495.0,27.0,2.0,7.0,0.0,0.0,2.0,2.0
ESPORTSTMNT04_2693199,complete,,EM,2023,Summer,0,2023-08-14 15:00:58,1,13.14,3,Blue,mid,Dehaste,oe:player:5f4898a107d2948045588584562be3f,Nigma Galaxy,oe:team:c6aa23f2afcbe6fc281c7bb9b96c843,Viktor,Rakan,Rumble,Jayce,Maokai,Sejuani,,,,,,1766,1,4,0,11,18,5,1.0,1.0,0.0,0.0,0.0,0.0,0.0,0.0,0.6116,0.7814,,,,,,,,,,,,,,,,,,,,,0.0,0.0,,,,,,,,1.0,1.0,30184.0,1025.504,0.329178,445.0057,660.3737,12.0,0.4077,1.0,0.034,3.0,27.0,0.9173,13361,9483,322.1857,0.239937,11325.0,,,288.0,280.0,8.0,,,9.7848,3205.0,4773.0,87.0,3393.0,4753.0,89.0,-188.0,20.0,-2.0,0.0,0.0,0.0,0.0,0.0,0.0,4971.0,7734.0,140.0,5350.0,7790.0,141.0,-379.0,-56.0,-1.0,0.0,0.0,0.0,0.0,0.0,0.0,7160.0,10892.0,201.0,8119.0,10392.0,185.0,-959.0,500.0,16.0,0.0,1.0,0.0,1.0,0.0,0.0,9916.0,15039.0,245.0,10925.0,12617.0,231.0,-1009.0,2422.0,14.0,0.0,8.0,0.0,2.0,0.0,1.0
ESPORTSTMNT04_2693199,complete,,EM,2023,Summer,0,2023-08-14 15:00:58,1,13.14,4,Blue,bot,Rust,oe:player:f5e265d607cb720058fc166e00083fe,Nigma Galaxy,oe:team:c6aa23f2afcbe6fc281c7bb9b96c843,Varus,Rakan,Rumble,Jayce,Maokai,Sejuani,,,,,,1766,1,6,1,6,18,5,1.0,0.0,0.0,0.0,0.0,0.0,0.0,0.0,0.6116,0.7814,,,,,,,,,,,,,,,,,,,,,0.0,0.0,,,,,,,,0.0,0.0,21030.0,714.496,0.229347,354.6319,221.1778,12.0,0.4077,9.0,0.3058,4.0,38.0,1.2911,13676,9798,332.8879,0.247908,13300.0,,,269.0,261.0,8.0,,,9.1393,3406.0,3445.0,86.0,3332.0,3181.0,79.0,74.0,264.0,7.0,0.0,0.0,0.0,0.0,0.0,0.0,5194.0,5611.0,145.0,5885.0,5253.0,133.0,-691.0,358.0,12.0,0.0,0.0,0.0,0.0,0.0,0.0,7894.0,8248.0,201.0,8027.0,7956.0,190.0,-133.0,292.0,11.0,1.0,0.0,0.0,0.0,0.0,0.0,10581.0,11108.0,229.0,10311.0,10469.0,243.0,270.0,639.0,-14.0,3.0,5.0,0.0,0.0,1.0,1.0
ESPORTSTMNT04_2693199,complete,,EM,2023,Summer,0,2023-08-14 15:00:58,1,13.14,5,Blue,sup,Klownz,oe:player:1c6282fdf403e4e63f3b339d0bca034,Nigma Galaxy,oe:team:c6aa23f2afcbe6fc281c7bb9b96c843,Braum,Rakan,Rumble,Jayce,Maokai,Sejuani,,,,,,1766,1,0,0,15,18,5,0.0,0.0,0.0,0.0,0.0,0.0,0.0,0.0,0.6116,0.7814,,,,,,,,,,,,,,,,,,,,,0.0,0.0,,,,,,,,0.0,0.0,4314.0,146.5685,0.0470473,424.2809,537.6217,37.0,1.2571,10.0,0.3398,10.0,80.0,2.718,7332,3454,117.3499,0.0873887,6650.0,,,33.0,33.0,0.0,,,1.1212,2102.0,2228.0,17.0,2166.0,2834.0,16.0,-64.0,-606.0,1.0,0.0,0.0,0.0,0.0,0.0,0.0,3143.0,3621.0,25.0,3266.0,4161.0,25.0,-123.0,-540.0,0.0,0.0,0.0,0.0,0.0,0.0,0.0,4235.0,4717.0,30.0,4473.0,5258.0,30.0,-238.0,-541.0,0.0,0.0,1.0,0.0,0.0,1.0,1.0,5797.0,7433.0,32.0,5433.0,6541.0,32.0,364.0,892.0,0.0,0.0,8.0,0.0,0.0,2.0,2.0
ESPORTSTMNT04_2693199,complete,,EM,2023,Summer,0,2023-08-14 15:00:58,1,13.14,6,Red,top,Empyros,oe:player:9db3f170213f562a9613fe4f99d7dfa,DSYRE,oe:team:3e3ca0895ded506fd637e723d6ae2a1,Renekton,Kai'Sa,Syndra,Azir,Neeko,Lillia,,,,,,1766,0,2,7,1,5,18,0.0,0.0,0.0,0.0,0.0,0.0,0.0,1.0,0.1699,0.7814,,,,,,,,,,,,,,,,,,,,,0.0,0.0,,,,,,,,0.0,0.0,15374.0,522.333,0.268143,1466.2288,1105.4473,12.0,0.4077,5.0,0.1699,5.0,28.0,0.9513,11034,7156,243.1257,0.215647,11175.0,,,229.0,209.0,20.0,,,7.7803,3210.0,4101.0,78.0,4413.0,4770.0,78.0,-1203.0,-669.0,0.0,0.0,0.0,3.0,3.0,0.0,0.0,5835.0,7370.0,134.0,6286.0,7368.0,125.0,-451.0,2.0,9.0,1.0,0.0,3.0,3.0,0.0,1.0,7965.0,10454.0,193.0,8046.0,9535.0,155.0,-81.0,919.0,38.0,1.0,0.0,3.0,3.0,0.0,2.0,9251.0,11735.0,214.0,11217.0,12822.0,190.0,-1966.0,-1087.0,24.0,1.0,1.0,5.0,6.0,2.0,3.0
ESPORTSTMNT04_2693199,complete,,EM,2023,Summer,0,2023-08-14 15:00:58,1,13.14,7,Red,jng,Rhilech,oe:player:cbe20c64274a87a21e5bdac1ccc3e77,DSYRE,oe:team:3e3ca0895ded506fd637e723d6ae2a1,Poppy,Kai'Sa,Syndra,Azir,Neeko,Lillia,,,,,,1766,0,0,4,4,5,18,0.0,0.0,0.0,0.0,0.0,0.0,0.0,0.0,0.1699,0.7814,,,,,,,,,,,,,,,,,,,,,0.0,1.0,,,,,,,,0.0,2.0,5792.0,196.7837,0.10102,865.3794,1024.2129,6.0,0.2039,7.0,0.2378,6.0,34.0,1.1552,8668,4790,162.7407,0.144345,8600.0,,,147.0,17.0,130.0,,,4.9943,2904.0,2932.0,52.0,3620.0,3777.0,76.0,-716.0,-845.0,-24.0,0.0,0.0,0.0,0.0,2.0,0.0,4525.0,5373.0,87.0,5224.0,5746.0,112.0,-699.0,-373.0,-25.0,0.0,0.0,0.0,0.0,2.0,0.0,6291.0,7651.0,122.0,6795.0,7908.0,149.0,-504.0,-257.0,-27.0,0.0,1.0,0.0,0.0,2.0,0.0,7581.0,9080.0,136.0,9253.0,10575.0,163.0,-1672.0,-1495.0,-27.0,0.0,2.0,2.0,2.0,7.0,0.0
ESPORTSTMNT04_2693199,complete,,EM,2023,Summer,0,2023-08-14 15:00:58,1,13.14,8,Red,mid,XoNix,oe:player:be877a261fb0c3a320db45091bdefec,DSYRE,oe:team:3e3ca0895ded506fd637e723d6ae2a1,Tristana,Kai'Sa,Syndra,Azir,Neeko,Lillia,,,,,,1766,0,2,2,1,5,18,0.0,0.0,0.0,0.0,0.0,0.0,0.0,0.0,0.1699,0.7814,,,,,,,,,,,,,,,,,,,,,0.0,0.0,,,,,,,,1.0,1.0,11286.0,383.4428,0.196843,636.2854,504.7339,8.0,0.2718,5.0,0.1699,1.0,21.0,0.7135,13197,9319,316.6138,0.280831,13025.0,,,284.0,272.0,12.0,,,9.6489,3393.0,4753.0,89.0,3205.0,4773.0,87.0,188.0,-20.0,2.0,0.0,0.0,0.0,0.0,0.0,0.0,5350.0,7790.0,141.0,4971.0,7734.0,140.0,379.0,56.0,1.0,0.0,0.0,0.0,0.0,0.0,0.0,8119.0,10392.0,185.0,7160.0,10892.0,201.0,959.0,-500.0,-16.0,1.0,0.0,0.0,0.0,1.0,0.0,10925.0,12617.0,231.0,9916.0,15039.0,245.0,1009.0,-2422.0,-14.0,2.0,0.0,1.0,0.0,8.0,0.0
ESPORTSTMNT04_2693199,complete,,EM,2023,Summer,0,2023-08-14 15:00:58,1,13.14,9,Red,bot,Aetinoth,oe:player:d47955c8bc06bf316f24ee15d45407b,DSYRE,oe:team:3e3ca0895ded506fd637e723d6ae2a1,Xayah,Kai'Sa,Syndra,Azir,Neeko,Lillia,,,,,,1766,0,1,2,2,5,18,0.0,0.0,0.0,0.0,0.0,0.0,0.0,0.0,0.1699,0.7814,,,,,,,,,,,,,,,,,,,,,0.0,0.0,,,,,,,,0.0,0.0,21164.0,719.0487,0.369129,366.829,178.573,13.0,0.4417,9.0,0.3058,2.0,47.0,1.5968,13434,9556,324.6659,0.287973,13500.0,,,305.0,289.0,16.0,,,10.3624,3332.0,3181.0,79.0,3406.0,3445.0,86.0,-74.0,-264.0,-7.0,0.0,0.0,0.0,0.0,0.0,0.0,5885.0,5253.0,133.0,5194.0,5611.0,145.0,691.0,-358.0,-12.0,0.0,0.0,0.0,0.0,0.0,0.0,8027.0,7956.0,190.0,7894.0,8248.0,201.0,133.0,-292.0,-11.0,0.0,0.0,0.0,1.0,0.0,0.0,10311.0,10469.0,243.0,10581.0,11108.0,229.0,-270.0,-639.0,14.0,0.0,1.0,1.0,3.0,5.0,0.0
ESPORTSTMNT04_2693199,complete,,EM,2023,Summer,0,2023-08-14 15:00:58,1,13.14,10,Red,sup,Nash,oe:player:6b9f3420febdbc475dd3c1e4e0bcb5e,DSYRE,oe:team:3e3ca0895ded506fd637e723d6ae2a1,Alistar,Kai'Sa,Syndra,Azir,Neeko,Lillia,,,,,,1766,0,0,3,4,5,18,0.0,0.0,0.0,0.0,0.0,0.0,0.0,0.0,0.1699,0.7814,,,,,,,,,,,,,,,,,,,,,0.0,0.0,,,,,,,,0.0,0.0,3719.0,126.3533,0.0648644,502.1518,545.436,44.0,1.4949,10.0,0.3398,10.0,85.0,2.8879,6241,2363,80.2831,0.0712044,5875.0,,,32.0,32.0,0.0,,,1.0872,2166.0,2834.0,16.0,2102.0,2228.0,17.0,64.0,606.0,-1.0,0.0,0.0,0.0,0.0,0.0,0.0,3266.0,4161.0,25.0,3143.0,3621.0,25.0,123.0,540.0,0.0,0.0,0.0,0.0,0.0,0.0,0.0,4473.0,5258.0,30.0,4235.0,4717.0,30.0,238.0,541.0,0.0,0.0,1.0,1.0,0.0,1.0,0.0,5433.0,6541.0,32.0,5797.0,7433.0,32.0,-364.0,-892.0,0.0,0.0,2.0,2.0,0.0,8.0,0.0
ESPORTSTMNT04_2693199,complete,,EM,2023,Summer,0,2023-08-14 15:00:58,1,13.14,100,Blue,team,,,Nigma Galaxy,oe:team:c6aa23f2afcbe6fc281c7bb9b96c843,,Rakan,Rumble,Jayce,Maokai,Sejuani,Rell,Varus,Jax,Viktor,Braum,1766,1,18,5,50,18,5,3.0,2.0,0.0,0.0,1.0,,,,0.6116,0.7814,0.0,1.0,1.0,1.0,1.0,0.0,0.0,0.0,0.0,1.0,0.0,,0.0,0.0,0.0,0.0,2.0,,,1.0,1.0,0.0,1.0,11.0,6.0,0.0,0.0,4.0,8.0,3.0,1.0,91695.0,3115.3454,,2844.6659,4365.9003,83.0,2.8199,34.0,1.1552,30.0,217.0,7.3726,58913,39522,1342.7633,,54100.0,0.0362268,1.19,,810.0,181.0,,,33.6693,16746.0,18993.0,344.0,15005.0,17801.0,314.0,1741.0,1192.0,30.0,3.0,2.0,0.0,0.0,0.0,3.0,24818.0,30080.0,547.0,24861.0,29947.0,520.0,-43.0,133.0,27.0,3.0,2.0,1.0,1.0,0.0,3.0,34130.0,41300.0,736.0,34875.0,41711.0,720.0,-745.0,-411.0,16.0,4.0,4.0,2.0,2.0,2.0,4.0,46764.0,56977.0,859.0,43501.0,50442.0,856.0,3263.0,6535.0,3.0,11.0,30.0,3.0,3.0,6.0,11.0
ESPORTSTMNT04_2693199,complete,,EM,2023,Summer,0,2023-08-14 15:00:58,1,13.14,200,Red,team,,,DSYRE,oe:team:3e3ca0895ded506fd637e723d6ae2a1,,Kai'Sa,Syndra,Azir,Neeko,Lillia,Xayah,Renekton,Tristana,Alistar,Poppy,1766,0,5,18,12,5,18,0.0,0.0,0.0,0.0,0.0,,,,0.1699,0.7814,1.0,1.0,1.0,1.0,1.0,0.0,0.0,0.0,1.0,0.0,0.0,,0.0,0.0,1.0,2.0,0.0,,,0.0,0.0,1.0,0.0,6.0,11.0,1.0,1.0,8.0,4.0,1.0,3.0,57335.0,1947.9615,,3836.8743,3358.4032,83.0,2.8199,36.0,1.2231,24.0,215.0,7.3046,52574,33183,1127.3952,,52175.0,-0.0362268,-1.19,,819.0,178.0,,,33.8732,15005.0,17801.0,314.0,16746.0,18993.0,344.0,-1741.0,-1192.0,-30.0,0.0,0.0,3.0,3.0,2.0,0.0,24861.0,29947.0,520.0,24818.0,30080.0,547.0,43.0,-133.0,-27.0,1.0,0.0,3.0,3.0,2.0,1.0,34875.0,41711.0,720.0,34130.0,41300.0,736.0,745.0,411.0,-16.0,2.0,2.0,4.0,4.0,4.0,2.0,43501.0,50442.0,856.0,46764.0,56977.0,859.0,-3263.0,-6535.0,-3.0,3.0,6.0,11.0,11.0,30.0,3.0
ESPORTSTMNT04_2694179,complete,,EM,2023,Summer,0,2023-08-14 15:01:50,1,13.14,1,Blue,top,Zhergoth,oe:player:368db8366e1e5de655938dd9f8296dc,Team 7AM,oe:team:fc3d0bdc84e08efc1b6623448e64c15,Aatrox,Ashe,LeBlanc,Sejuani,Miss Fortune,Varus,,,,,,1801,1,1,0,5,14,8,0.0,0.0,0.0,0.0,0.0,0.0,0.0,0.0,0.4664,0.7329,,,,,,,,,,,,,,,,,,,,,0.0,0.0,,,,,,,,0.0,0.0,22250.0,741.2549,0.292833,670.0611,714.5697,15.0,0.4997,3.0,0.0999,7.0,34.0,1.1327,13213,9263,308.5952,0.244837,12025.0,,,291.0,271.0,20.0,,,9.6946,3103.0,4775.0,81.0,3258.0,4958.0,87.0,-155.0,-183.0,-6.0,0.0,0.0,0.0,0.0,0.0,0.0,5186.0,7887.0,142.0,5113.0,8011.0,143.0,73.0,-124.0,-1.0,0.0,0.0,0.0,0.0,0.0,0.0,7492.0,10802.0,199.0,7294.0,11043.0,203.0,198.0,-241.0,-4.0,0.0,0.0,0.0,0.0,0.0,0.0,9701.0,14524.0,239.0,8037.0,11643.0,209.0,1664.0,2881.0,30.0,1.0,4.0,0.0,0.0,0.0,3.0
ESPORTSTMNT04_2694179,complete,,EM,2023,Summer,0,2023-08-14 15:01:50,1,13.14,2,Blue,jng,Julbu,oe:player:fd78e127e45463dcfc2ea3836af0335,Team 7AM,oe:team:fc3d0bdc84e08efc1b6623448e64c15,Maokai,Ashe,LeBlanc,Sejuani,Miss Fortune,Varus,,,,,,1801,1,0,1,11,14,8,0.0,0.0,0.0,0.0,0.0,0.0,0.0,0.0,0.4664,0.7329,,,,,,,,,,,,,,,,,,,,,1.0,0.0,,,,,,,,0.0,0.0,8946.0,298.0344,0.117738,855.8579,1102.4542,10.0,0.3331,11.0,0.3665,8.0,45.0,1.4992,8831,4881,162.6097,0.129018,8150.0,,,130.0,17.0,113.0,,,4.3309,2763.0,3028.0,50.0,4158.0,3617.0,63.0,-1395.0,-589.0,-13.0,0.0,0.0,1.0,2.0,2.0,0.0,4244.0,5081.0,82.0,5963.0,5771.0,91.0,-1719.0,-690.0,-9.0,0.0,0.0,1.0,3.0,3.0,0.0,5599.0,7269.0,108.0,7432.0,7063.0,117.0,-1833.0,206.0,-9.0,0.0,0.0,1.0,3.0,3.0,0.0,7066.0,9307.0,121.0,8434.0,8206.0,129.0,-1368.0,1101.0,-8.0,0.0,6.0,1.0,3.0,3.0,2.0
ESPORTSTMNT04_2694179,complete,,EM,2023,Summer,0,2023-08-14 15:01:50,1,13.14,3,Blue,mid,Erolle,oe:player:33f41da3cc793a226c6d42474e3cd95,Team 7AM,oe:team:fc3d0bdc84e08efc1b6623448e64c15,Azir,Ashe,LeBlanc,Sejuani,Miss Fortune,Varus,,,,,,1801,1,5,0,6,14,8,2.0,0.0,0.0,0.0,0.0,0.0,0.0,0.0,0.4664,0.7329,,,,,,,,,,,,,,,,,,,,,0.0,0.0,,,,,,,,1.0,0.0,14520.0,483.7313,0.191098,347.5069,240.533,10.0,0.3331,5.0,0.1666,5.0,25.0,0.8329,13832,9882,329.2171,0.261198,13410.0,,,283.0,270.0,13.0,,,9.4281,3068.0,4637.0,80.0,3116.0,4790.0,83.0,-48.0,-153.0,-3.0,0.0,0.0,0.0,0.0,0.0,0.0,4887.0,7709.0,136.0,4968.0,7415.0,123.0,-81.0,294.0,13.0,0.0,0.0,0.0,1.0,1.0,0.0,7180.0,10793.0,197.0,6998.0,10135.0,166.0,182.0,658.0,31.0,0.0,0.0,0.0,1.0,1.0,0.0,11206.0,14183.0,242.0,8284.0,11770.0,197.0,2922.0,2413.0,45.0,5.0,2.0,0.0,1.0,1.0,1.0
ESPORTSTMNT04_2694179,complete,,EM,2023,Summer,0,2023-08-14 15:01:50,1,13.14,4,Blue,bot,FlickeR,oe:player:f35ed031a08d7393374d2f921d754c9,Team 7AM,oe:team:fc3d0bdc84e08efc1b6623448e64c15,Aphelios,Ashe,LeBlanc,Sejuani,Miss Fortune,Varus,,,,,,1801,1,8,3,3,14,8,2.0,1.0,0.0,0.0,0.0,0.0,0.0,1.0,0.4664,0.7329,,,,,,,,,,,,,,,,,,,,,0.0,0.0,,,,,,,,2.0,0.0,25021.0,833.5702,0.329302,257.5236,299.8001,10.0,0.3331,11.0,0.3665,2.0,32.0,1.0661,14734,10784,359.2671,0.285038,13000.0,,,292.0,264.0,28.0,,,9.7279,3441.0,2798.0,78.0,4263.0,3507.0,85.0,-822.0,-709.0,-7.0,0.0,0.0,2.0,3.0,3.0,0.0,5060.0,4773.0,125.0,6236.0,6094.0,143.0,-1176.0,-1321.0,-18.0,0.0,0.0,3.0,3.0,5.0,0.0,7319.0,7438.0,191.0,8563.0,9001.0,205.0,-1244.0,-1563.0,-14.0,0.0,0.0,3.0,3.0,5.0,0.0,10898.0,10250.0,243.0,9903.0,10307.0,237.0,995.0,-57.0,6.0,3.0,3.0,3.0,3.0,5.0,1.0
ESPORTSTMNT04_2694179,complete,,EM,2023,Summer,0,2023-08-14 15:01:50,1,13.14,5,Blue,sup,KINGPIN,oe:player:4fca9f76fb87127e7bb220b11debdde,Team 7AM,oe:team:fc3d0bdc84e08efc1b6623448e64c15,Nautilus,Ashe,LeBlanc,Sejuani,Miss Fortune,Varus,,,,,,1801,1,0,4,9,14,8,0.0,0.0,0.0,0.0,0.0,0.0,0.0,0.0,0.4664,0.7329,,,,,,,,,,,,,,,,,,,,,0.0,0.0,,,,,,,,0.0,0.0,5245.0,174.7363,0.0690295,437.7235,563.7535,44.0,1.4659,6.0,0.1999,14.0,84.0,2.7984,6973,3023,100.7107,0.0799095,6450.0,,,28.0,28.0,0.0,,,0.9328,2086.0,2583.0,12.0,2857.0,2693.0,16.0,-771.0,-110.0,-4.0,0.0,0.0,3.0,1.0,5.0,0.0,3067.0,3773.0,20.0,3908.0,3774.0,28.0,-841.0,-1.0,-8.0,0.0,0.0,4.0,1.0,7.0,0.0,4172.0,4988.0,25.0,5335.0,4949.0,35.0,-1163.0,39.0,-10.0,0.0,0.0,4.0,1.0,7.0,0.0,5281.0,7190.0,27.0,6091.0,5454.0,36.0,-810.0,1736.0,-9.0,0.0,4.0,4.0,1.0,7.0,2.0
ESPORTSTMNT04_2694179,complete,,EM,2023,Summer,0,2023-08-14 15:01:50,1,13.14,6,Red,top,Caucha,oe:player:190d3ffa9c4734a633e2103dbbdb815,White Dragons,oe:team:6468029fb605bd6fdf1cf866e890739,Renekton,Draven,Rumble,Rell,Samira,Kalista,,,,,,1801,0,0,5,0,8,14,0.0,0.0,0.0,0.0,0.0,0.0,0.0,0.0,0.2665,0.7329,,,,,,,,,,,,,,,,,,,,,0.0,0.0,,,,,,,,0.0,0.0,10654.0,354.9361,0.22084,1086.4631,709.3059,13.0,0.4331,2.0,0.0666,4.0,24.0,0.7996,8949,4999,166.5408,0.180725,8400.0,,,221.0,217.0,4.0,,,7.3626,3258.0,4958.0,87.0,3103.0,4775.0,81.0,155.0,183.0,6.0,0.0,0.0,0.0,0.0,0.0,0.0,5113.0,8011.0,143.0,5186.0,7887.0,142.0,-73.0,124.0,1.0,0.0,0.0,0.0,0.0,0.0,0.0,7294.0,11043.0,203.0,7492.0,10802.0,199.0,-198.0,241.0,4.0,0.0,0.0,0.0,0.0,0.0,0.0,8037.0,11643.0,209.0,9701.0,14524.0,239.0,-1664.0,-2881.0,-30.0,0.0,0.0,3.0,1.0,4.0,0.0
ESPORTSTMNT04_2694179,complete,,EM,2023,Summer,0,2023-08-14 15:01:50,1,13.14,7,Red,jng,D4SH,oe:player:b665b9fa5f821ff73a873d0cecb0682,White Dragons,oe:team:6468029fb605bd6fdf1cf866e890739,Ivern,Draven,Rumble,Rell,Samira,Kalista,,,,,,1801,0,3,3,3,8,14,0.0,0.0,0.0,0.0,1.0,1.0,0.0,0.0,0.2665,0.7329,,,,,,,,,,,,,,,,,,,,,0.0,1.0,,,,,,,,0.0,0.0,6412.0,213.6147,0.13291,425.9634,340.1444,13.0,0.4331,10.0,0.3331,11.0,41.0,1.3659,9376,5426,180.7662,0.196161,9325.0,,,138.0,19.0,119.0,,,4.5974,4158.0,3617.0,63.0,2763.0,3028.0,50.0,1395.0,589.0,13.0,2.0,2.0,0.0,0.0,0.0,1.0,5963.0,5771.0,91.0,4244.0,5081.0,82.0,1719.0,690.0,9.0,3.0,3.0,0.0,0.0,0.0,1.0,7432.0,7063.0,117.0,5599.0,7269.0,108.0,1833.0,-206.0,9.0,3.0,3.0,0.0,0.0,0.0,1.0,8434.0,8206.0,129.0,7066.0,9307.0,121.0,1368.0,-1101.0,8.0,3.0,3.0,2.0,0.0,6.0,1.0
ESPORTSTMNT04_2694179,complete,,EM,2023,Summer,0,2023-08-14 15:01:50,1,13.14,8,Red,mid,NOMA,oe:player:a0768d89dec26206b95179ad9a1c08d,White Dragons,oe:team:6468029fb605bd6fdf1cf866e890739,Neeko,Draven,Rumble,Rell,Samira,Kalista,,,,,,1801,0,1,2,1,8,14,0.0,0.0,0.0,0.0,0.0,0.0,0.0,0.0,0.2665,0.7329,,,,,,,,,,,,,,,,,,,,,0.0,0.0,,,,,,,,0.0,1.0,9988.0,332.7485,0.207035,424.6974,203.92,12.0,0.3998,5.0,0.1666,5.0,35.0,1.166,10114,6164,205.3526,0.222839,10050.0,,,239.0,239.0,0.0,,,7.9622,3116.0,4790.0,83.0,3068.0,4637.0,80.0,48.0,153.0,3.0,0.0,0.0,0.0,0.0,0.0,0.0,4968.0,7415.0,123.0,4887.0,7709.0,136.0,81.0,-294.0,-13.0,1.0,1.0,0.0,0.0,0.0,0.0,6998.0,10135.0,166.0,7180.0,10793.0,197.0,-182.0,-658.0,-31.0,1.0,1.0,0.0,0.0,0.0,0.0,8284.0,11770.0,197.0,11206.0,14183.0,242.0,-2922.0,-2413.0,-45.0,1.0,1.0,1.0,5.0,2.0,0.0
ESPORTSTMNT04_2694179,complete,,EM,2023,Summer,0,2023-08-14 15:01:50,1,13.14,9,Red,bot,Worst,oe:player:4f4e71938a105fe72bd18788fe53d40,White Dragons,oe:team:6468029fb605bd6fdf1cf866e890739,Xayah,Draven,Rumble,Rell,Samira,Kalista,,,,,,1801,0,3,1,5,8,14,1.0,0.0,0.0,0.0,1.0,0.0,1.0,0.0,0.2665,0.7329,,,,,,,,,,,,,,,,,,,,,0.0,0.0,,,,,,,,0.0,2.0,16694.0,556.1577,0.34604,437.1238,183.7313,12.0,0.3998,8.0,0.2665,7.0,36.0,1.1993,12051,8101,269.8834,0.292861,12025.0,,,295.0,279.0,16.0,,,9.8279,4263.0,3507.0,85.0,3441.0,2798.0,78.0,822.0,709.0,7.0,3.0,3.0,0.0,0.0,0.0,2.0,6236.0,6094.0,143.0,5060.0,4773.0,125.0,1176.0,1321.0,18.0,3.0,5.0,0.0,0.0,0.0,3.0,8563.0,9001.0,205.0,7319.0,7438.0,191.0,1244.0,1563.0,14.0,3.0,5.0,0.0,0.0,0.0,3.0,9903.0,10307.0,237.0,10898.0,10250.0,243.0,-995.0,57.0,-6.0,3.0,5.0,1.0,3.0,3.0,3.0
ESPORTSTMNT04_2694179,complete,,EM,2023,Summer,0,2023-08-14 15:01:50,1,13.14,10,Red,sup,Calmsky,oe:player:f32776bb3b0bfb1cd3261868df4dfce,White Dragons,oe:team:6468029fb605bd6fdf1cf866e890739,Leona,Draven,Rumble,Rell,Samira,Kalista,,,,,,1801,0,1,3,7,8,14,0.0,0.0,0.0,0.0,1.0,0.0,1.0,0.0,0.2665,0.7329,,,,,,,,,,,,,,,,,,,,,0.0,0.0,,,,,,,,0.0,0.0,4495.0,149.7501,0.0931741,549.5947,674.392,39.0,1.2993,12.0,0.3998,12.0,80.0,2.6652,6921,2971,98.9783,0.107414,6500.0,,,38.0,38.0,0.0,,,1.266,2857.0,2693.0,16.0,2086.0,2583.0,12.0,771.0,110.0,4.0,1.0,5.0,0.0,0.0,0.0,3.0,3908.0,3774.0,28.0,3067.0,3773.0,20.0,841.0,1.0,8.0,1.0,7.0,0.0,0.0,0.0,4.0,5335.0,4949.0,35.0,4172.0,4988.0,25.0,1163.0,-39.0,10.0,1.0,7.0,0.0,0.0,0.0,4.0,6091.0,5454.0,36.0,5281.0,7190.0,27.0,810.0,-1736.0,9.0,1.0,7.0,2.0,0.0,4.0,4.0
ESPORTSTMNT04_2694179,complete,,EM,2023,Summer,0,2023-08-14 15:01:50,1,13.14,100,Blue,team,,,Team 7AM,oe:team:fc3d0bdc84e08efc1b6623448e64c15,,Ashe,LeBlanc,Sejuani,Miss Fortune,Varus,Maokai,Azir,Aatrox,Aphelios,Nautilus,1801,1,14,8,34,14,8,4.0,1.0,0.0,0.0,0.0,,,,0.4664,0.7329,0.0,2.0,2.0,2.0,2.0,0.0,2.0,0.0,0.0,0.0,0.0,,0.0,0.0,0.0,0.0,2.0,,,1.0,1.0,0.0,0.0,11.0,2.0,0.0,1.0,3.0,2.0,3.0,0.0,75982.0,2531.327,,2568.673,2921.1105,89.0,2.965,36.0,1.1993,36.0,220.0,7.3293,57583,37835,1260.4664,,53035.0,0.135602,-1.25,,850.0,174.0,,,34.1144,14461.0,17821.0,301.0,17652.0,19565.0,334.0,-3191.0,-1744.0,-33.0,0.0,0.0,6.0,6.0,10.0,0.0,22444.0,29223.0,505.0,26188.0,31065.0,528.0,-3744.0,-1842.0,-23.0,0.0,0.0,8.0,8.0,16.0,0.0,31762.0,41290.0,720.0,35622.0,42191.0,726.0,-3860.0,-901.0,-6.0,0.0,0.0,8.0,8.0,16.0,0.0,44152.0,55454.0,872.0,40749.0,47380.0,808.0,3403.0,8074.0,64.0,9.0,19.0,8.0,8.0,16.0,9.0
ESPORTSTMNT04_2694179,complete,,EM,2023,Summer,0,2023-08-14 15:01:50,1,13.14,200,Red,team,,,White Dragons,oe:team:6468029fb605bd6fdf1cf866e890739,,Draven,Rumble,Rell,Samira,Kalista,Renekton,Ivern,Neeko,Xayah,Leona,1801,0,8,14,16,8,14,1.0,0.0,0.0,0.0,1.0,,,,0.2665,0.7329,1.0,2.0,2.0,2.0,2.0,1.0,0.0,0.0,0.0,1.0,0.0,,0.0,0.0,1.0,2.0,0.0,,,0.0,0.0,1.0,1.0,2.0,11.0,1.0,0.0,2.0,3.0,0.0,3.0,48243.0,1607.2071,,2923.8423,2111.4936,89.0,2.965,37.0,1.2326,39.0,216.0,7.196,47411,27663,921.588,,46300.0,-0.135602,1.25,,792.0,139.0,,,31.0161,17652.0,19565.0,334.0,14461.0,17821.0,301.0,3191.0,1744.0,33.0,6.0,10.0,0.0,0.0,0.0,6.0,26188.0,31065.0,528.0,22444.0,29223.0,505.0,3744.0,1842.0,23.0,8.0,16.0,0.0,0.0,0.0,8.0,35622.0,42191.0,726.0,31762.0,41290.0,720.0,3860.0,901.0,6.0,8.0,16.0,0.0,0.0,0.0,8.0,40749.0,47380.0,808.0,44152.0,55454.0,872.0,-3403.0,-8074.0,-64.0,8.0,16.0,9.0,9.0,19.0,8.0
ESPORTSTMNT04_2692216,complete,,EM,2023,Summer,0,2023-08-14 15:02:32,1,13.14,1,Blue,top,Ryuto,oe:player:6d4cd67512d152a71a44885dab1ac15,BRUTE,oe:team:ddb6aa775eebeffd5cc41ba5c35c6a1,Ornn,Ivern,LeBlanc,Poppy,Aatrox,Gnar,,,,,,1650,0,0,3,2,3,18,0.0,0.0,0.0,0.0,0.0,0.0,0.0,0.0,0.1091,0.7636,,,,,,,,,,,,,,,,,,,,,0.0,0.0,,,,,,,,0.0,1.0,4599.0,167.2364,0.128492,806.9091,913.7455,11.0,0.4,5.0,0.1818,2.0,17.0,0.6182,8126,4484,163.0545,0.202676,7950.0,,,197.0,197.0,0.0,,,7.1636,2978.0,4896.0,75.0,3991.0,5291.0,103.0,-1013.0,-395.0,-28.0,0.0,1.0,0.0,0.0,0.0,0.0,4464.0,7292.0,119.0,6212.0,8194.0,162.0,-1748.0,-902.0,-43.0,0.0,1.0,0.0,0.0,1.0,0.0,6246.0,10247.0,155.0,8603.0,11676.0,231.0,-2357.0,-1429.0,-76.0,0.0,2.0,1.0,0.0,1.0,0.0,7672.0,12502.0,188.0,11535.0,16395.0,308.0,-3863.0,-3893.0,-120.0,0.0,2.0,1.0,0.0,1.0,0.0
ESPORTSTMNT04_2692216,complete,,EM,2023,Summer,0,2023-08-14 15:02:32,1,13.14,2,Blue,jng,eaRyz,oe:player:a0cff4167fb5c141dd41760bcf18b6d,BRUTE,oe:team:ddb6aa775eebeffd5cc41ba5c35c6a1,Wukong,Ivern,LeBlanc,Poppy,Aatrox,Gnar,,,,,,1650,0,0,5,1,3,18,0.0,0.0,0.0,0.0,0.0,0.0,0.0,0.0,0.1091,0.7636,,,,,,,,,,,,,,,,,,,,,0.0,1.0,,,,,,,,0.0,0.0,6036.0,219.4909,0.168641,985.8182,837.3455,10.0,0.3636,11.0,0.4,10.0,40.0,1.4545,7372,3730,135.6364,0.168598,7250.0,,,132.0,30.0,102.0,,,4.8,3012.0,3326.0,61.0,3694.0,3638.0,65.0,-682.0,-312.0,-4.0,0.0,1.0,1.0,1.0,3.0,1.0,4371.0,5010.0,85.0,5322.0,5360.0,98.0,-951.0,-350.0,-13.0,0.0,1.0,2.0,1.0,4.0,1.0,5969.0,7699.0,118.0,6931.0,7767.0,139.0,-962.0,-68.0,-21.0,0.0,1.0,2.0,1.0,4.0,1.0,6857.0,8910.0,128.0,8598.0,10013.0,156.0,-1741.0,-1103.0,-28.0,0.0,1.0,3.0,1.0,6.0,1.0
ESPORTSTMNT04_2692216,complete,,EM,2023,Summer,0,2023-08-14 15:02:32,1,13.14,3,Blue,mid,Silk,oe:player:5d4533491a34d8306436b20deddc4d3,BRUTE,oe:team:ddb6aa775eebeffd5cc41ba5c35c6a1,Jayce,Ivern,LeBlanc,Poppy,Aatrox,Gnar,,,,,,1650,0,2,4,0,3,18,0.0,0.0,0.0,0.0,0.0,0.0,0.0,0.0,0.1091,0.7636,,,,,,,,,,,,,,,,,,,,,0.0,0.0,,,,,,,,0.0,0.0,9893.0,359.7455,0.276403,524.9818,406.9455,10.0,0.3636,5.0,0.1818,4.0,26.0,0.9455,9966,6324,229.9636,0.285836,9825.0,,,216.0,212.0,4.0,,,7.8545,3387.0,4492.0,74.0,4228.0,4900.0,86.0,-841.0,-408.0,-12.0,1.0,0.0,1.0,2.0,1.0,0.0,5074.0,7308.0,125.0,7151.0,7867.0,148.0,-2077.0,-559.0,-23.0,1.0,0.0,1.0,3.0,1.0,0.0,8058.0,10121.0,178.0,9246.0,11030.0,199.0,-1188.0,-909.0,-21.0,2.0,0.0,1.0,4.0,1.0,1.0,9555.0,12115.0,215.0,12034.0,14931.0,246.0,-2479.0,-2816.0,-31.0,2.0,0.0,2.0,4.0,3.0,1.0
ESPORTSTMNT04_2692216,complete,,EM,2023,Summer,0,2023-08-14 15:02:32,1,13.14,4,Blue,bot,raining,oe:player:ffa7f50db949da3f7ccec7e2c4ec4c6,BRUTE,oe:team:ddb6aa775eebeffd5cc41ba5c35c6a1,Kog'Maw,Ivern,LeBlanc,Poppy,Aatrox,Gnar,,,,,,1650,0,0,3,2,3,18,0.0,0.0,0.0,0.0,0.0,0.0,0.0,1.0,0.1091,0.7636,,,,,,,,,,,,,,,,,,,,,0.0,0.0,,,,,,,,0.0,0.0,12578.0,457.3818,0.351419,388.4364,163.8909,10.0,0.3636,4.0,0.1455,1.0,29.0,1.0545,9199,5557,202.0727,0.251171,8325.0,,,240.0,240.0,0.0,,,8.7273,3399.0,3691.0,73.0,3989.0,3339.0,89.0,-590.0,352.0,-16.0,0.0,2.0,1.0,1.0,2.0,1.0,5074.0,5839.0,124.0,6317.0,6210.0,149.0,-1243.0,-371.0,-25.0,0.0,2.0,1.0,1.0,2.0,1.0,6807.0,8328.0,176.0,8872.0,9346.0,218.0,-2065.0,-1018.0,-42.0,0.0,2.0,1.0,1.0,2.0,1.0,8483.0,10795.0,229.0,12111.0,13029.0,280.0,-3628.0,-2234.0,-51.0,0.0,2.0,1.0,3.0,2.0,1.0
ESPORTSTMNT04_2692216,complete,,EM,2023,Summer,0,2023-08-14 15:02:32,1,13.14,5,Blue,sup,Peto,oe:player:3b32fe34a610a6a7e433b0741923b96,BRUTE,oe:team:ddb6aa775eebeffd5cc41ba5c35c6a1,Rakan,Ivern,LeBlanc,Poppy,Aatrox,Gnar,,,,,,1650,0,1,3,1,3,18,0.0,0.0,0.0,0.0,0.0,0.0,0.0,0.0,0.1091,0.7636,,,,,,,,,,,,,,,,,,,,,0.0,0.0,,,,,,,,0.0,0.0,2686.0,97.6727,0.0750447,518.5818,549.6,33.0,1.2,11.0,0.4,9.0,82.0,2.9818,5671,2029,73.7818,0.0917201,5225.0,,,36.0,36.0,0.0,,,1.3091,2387.0,2060.0,14.0,2424.0,2632.0,16.0,-37.0,-572.0,-2.0,1.0,1.0,1.0,0.0,4.0,0.0,3454.0,3619.0,24.0,3570.0,3465.0,25.0,-116.0,154.0,-1.0,1.0,1.0,1.0,0.0,5.0,0.0,4429.0,4954.0,29.0,4511.0,4365.0,28.0,-82.0,589.0,1.0,1.0,1.0,1.0,0.0,5.0,0.0,5256.0,5942.0,33.0,5748.0,6407.0,31.0,-492.0,-465.0,2.0,1.0,1.0,1.0,0.0,6.0,0.0
ESPORTSTMNT04_2692216,complete,,EM,2023,Summer,0,2023-08-14 15:02:32,1,13.14,6,Red,top,Ragner,oe:player:c0f78343a2ad4ba1463245d53a3b440,Team GO,oe:team:8d538207b9de9d20e1a525aae593515,Yone,Tristana,Maokai,Rell,Braum,Gragas,,,,,,1650,1,2,0,4,18,3,0.0,0.0,0.0,0.0,0.0,0.0,0.0,0.0,0.6545,0.7636,,,,,,,,,,,,,,,,,,,,,0.0,0.0,,,,,,,,1.0,0.0,15833.0,575.7455,0.220396,567.7455,690.5455,13.0,0.4727,6.0,0.2182,5.0,38.0,1.3818,13209,9567,347.8909,0.233653,12675.0,,,316.0,272.0,44.0,,,11.4909,3991.0,5291.0,103.0,2978.0,4896.0,75.0,1013.0,395.0,28.0,0.0,0.0,0.0,0.0,1.0,0.0,6212.0,8194.0,162.0,4464.0,7292.0,119.0,1748.0,902.0,43.0,0.0,1.0,0.0,0.0,1.0,0.0,8603.0,11676.0,231.0,6246.0,10247.0,155.0,2357.0,1429.0,76.0,0.0,1.0,0.0,0.0,2.0,1.0,11535.0,16395.0,308.0,7672.0,12502.0,188.0,3863.0,3893.0,120.0,0.0,1.0,0.0,0.0,2.0,1.0
ESPORTSTMNT04_2692216,complete,,EM,2023,Summer,0,2023-08-14 15:02:32,1,13.14,7,Red,jng,Lyncas,oe:player:ca9701f085966dfca32e31b1b1e9d55,Team GO,oe:team:8d538207b9de9d20e1a525aae593515,Sejuani,Tristana,Maokai,Rell,Braum,Gragas,,,,,,1650,1,1,1,14,18,3,0.0,0.0,0.0,0.0,1.0,0.0,1.0,0.0,0.6545,0.7636,,,,,,,,,,,,,,,,,,,,,1.0,0.0,,,,,,,,0.0,0.0,8251.0,300.0364,0.114854,832.4364,1138.5455,12.0,0.4364,6.0,0.2182,10.0,41.0,1.4909,10054,6412,233.1636,0.156602,9250.0,,,176.0,22.0,154.0,,,6.4,3694.0,3638.0,65.0,3012.0,3326.0,61.0,682.0,312.0,4.0,1.0,3.0,1.0,0.0,1.0,1.0,5322.0,5360.0,98.0,4371.0,5010.0,85.0,951.0,350.0,13.0,1.0,4.0,1.0,0.0,1.0,2.0,6931.0,7767.0,139.0,5969.0,7699.0,118.0,962.0,68.0,21.0,1.0,4.0,1.0,0.0,1.0,2.0,8598.0,10013.0,156.0,6857.0,8910.0,128.0,1741.0,1103.0,28.0,1.0,6.0,1.0,0.0,1.0,3.0
ESPORTSTMNT04_2692216,complete,,EM,2023,Summer,0,2023-08-14 15:02:32,1,13.14,8,Red,mid,Toucouille,oe:player:525ac233cf71bc36a611e27a324144f,Team GO,oe:team:8d538207b9de9d20e1a525aae593515,Ahri,Tristana,Maokai,Rell,Braum,Gragas,,,,,,1650,1,7,1,5,18,3,1.0,0.0,0.0,0.0,0.0,0.0,0.0,0.0,0.6545,0.7636,,,,,,,,,,,,,,,,,,,,,0.0,0.0,,,,,,,,0.0,0.0,20708.0,753.0182,0.288256,489.5273,241.6727,7.0,0.2545,4.0,0.1455,3.0,21.0,0.7636,14343,10701,389.1273,0.261348,13075.0,,,270.0,270.0,0.0,,,9.8182,4228.0,4900.0,86.0,3387.0,4492.0,74.0,841.0,408.0,12.0,2.0,1.0,0.0,1.0,0.0,1.0,7151.0,7867.0,148.0,5074.0,7308.0,125.0,2077.0,559.0,23.0,3.0,1.0,0.0,1.0,0.0,1.0,9246.0,11030.0,199.0,8058.0,10121.0,178.0,1188.0,909.0,21.0,4.0,1.0,1.0,2.0,0.0,1.0,12034.0,14931.0,246.0,9555.0,12115.0,215.0,2479.0,2816.0,31.0,4.0,3.0,1.0,2.0,0.0,2.0
ESPORTSTMNT04_2692216,complete,,EM,2023,Summer,0,2023-08-14 15:02:32,1,13.14,9,Red,bot,Jezu,oe:player:4817d93e8f26002377aec42233b3fc2,Team GO,oe:team:8d538207b9de9d20e1a525aae593515,Kai'Sa,Tristana,Maokai,Rell,Braum,Gragas,,,,,,1650,1,8,1,6,18,3,3.0,0.0,0.0,0.0,1.0,1.0,0.0,0.0,0.6545,0.7636,,,,,,,,,,,,,,,,,,,,,0.0,0.0,,,,,,,,0.0,0.0,22776.0,828.2182,0.317042,436.0364,271.3091,12.0,0.4364,4.0,0.1455,3.0,26.0,0.9455,14804,11162,405.8909,0.272606,12425.0,,,296.0,273.0,23.0,,,10.7636,3989.0,3339.0,89.0,3399.0,3691.0,73.0,590.0,-352.0,16.0,1.0,2.0,1.0,0.0,2.0,1.0,6317.0,6210.0,149.0,5074.0,5839.0,124.0,1243.0,371.0,25.0,1.0,2.0,1.0,0.0,2.0,1.0,8872.0,9346.0,218.0,6807.0,8328.0,176.0,2065.0,1018.0,42.0,1.0,2.0,1.0,0.0,2.0,1.0,12111.0,13029.0,280.0,8483.0,10795.0,229.0,3628.0,2234.0,51.0,3.0,2.0,1.0,0.0,2.0,1.0
ESPORTSTMNT04_2692216,complete,,EM,2023,Summer,0,2023-08-14 15:02:32,1,13.14,10,Red,sup,kamilius,oe:player:7aa0aebd379414d25f1fcdc396407f1,Team GO,oe:team:8d538207b9de9d20e1a525aae593515,Nautilus,Tristana,Maokai,Rell,Braum,Gragas,,,,,,1650,1,0,0,11,18,3,0.0,0.0,0.0,0.0,1.0,0.0,1.0,0.0,0.6545,0.7636,,,,,,,,,,,,,,,,,,,,,0.0,0.0,,,,,,,,0.0,0.0,4271.0,155.3091,0.0594524,391.3818,480.6909,42.0,1.5273,11.0,0.4,9.0,90.0,3.2727,6745,3103,112.8364,0.0757907,6325.0,,,31.0,31.0,0.0,,,1.1273,2424.0,2632.0,16.0,2387.0,2060.0,14.0,37.0,572.0,2.0,0.0,4.0,0.0,1.0,1.0,1.0,3570.0,3465.0,25.0,3454.0,3619.0,24.0,116.0,-154.0,1.0,0.0,5.0,0.0,1.0,1.0,1.0,4511.0,4365.0,28.0,4429.0,4954.0,29.0,82.0,-589.0,-1.0,0.0,5.0,0.0,1.0,1.0,1.0,5748.0,6407.0,31.0,5256.0,5942.0,33.0,492.0,465.0,-2.0,0.0,6.0,0.0,1.0,1.0,1.0
ESPORTSTMNT04_2692216,complete,,EM,2023,Summer,0,2023-08-14 15:02:32,1,13.14,100,Blue,team,,,BRUTE,oe:team:ddb6aa775eebeffd5cc41ba5c35c6a1,,Ivern,LeBlanc,Poppy,Aatrox,Gnar,Jayce,Kog'Maw,Ornn,Rakan,Wukong,1650,0,3,18,6,3,18,0.0,0.0,0.0,0.0,0.0,,,,0.1091,0.7636,0.0,0.0,4.0,0.0,4.0,0.0,0.0,0.0,0.0,0.0,0.0,,0.0,0.0,0.0,1.0,1.0,,,0.0,0.0,1.0,0.0,0.0,9.0,0.0,0.0,1.0,9.0,0.0,1.0,35792.0,1301.5273,,3224.7273,2871.5273,74.0,2.6909,36.0,1.3091,26.0,194.0,7.0545,40334,22126,804.5818,,38575.0,-0.32873,-5.0,,715.0,106.0,,,29.8545,15163.0,18465.0,297.0,18326.0,19800.0,359.0,-3163.0,-1335.0,-62.0,2.0,5.0,4.0,4.0,10.0,2.0,22437.0,29068.0,477.0,28572.0,31096.0,582.0,-6135.0,-2028.0,-105.0,2.0,5.0,5.0,5.0,13.0,2.0,31509.0,41349.0,656.0,38163.0,44184.0,815.0,-6654.0,-2835.0,-159.0,3.0,6.0,6.0,6.0,13.0,3.0,37823.0,50264.0,793.0,50026.0,60775.0,1021.0,-12203.0,-10511.0,-228.0,3.0,6.0,8.0,8.0,18.0,3.0
ESPORTSTMNT04_2692216,complete,,EM,2023,Summer,0,2023-08-14 15:02:32,1,13.14,200,Red,team,,,Team GO,oe:team:8d538207b9de9d20e1a525aae593515,,Tristana,Maokai,Rell,Braum,Gragas,Kai'Sa,Sejuani,Ahri,Yone,Nautilus,1650,1,18,3,40,18,3,4.0,0.0,0.0,0.0,1.0,,,,0.6545,0.7636,1.0,4.0,0.0,4.0,0.0,0.0,1.0,2.0,0.0,0.0,1.0,,0.0,0.0,1.0,1.0,1.0,,,1.0,1.0,0.0,1.0,9.0,0.0,1.0,1.0,9.0,1.0,1.0,0.0,71839.0,2612.3273,,2717.1273,2822.7636,86.0,3.1273,31.0,1.1273,30.0,216.0,7.8545,59155,40947,1488.9818,,53750.0,0.32873,5.0,,868.0,221.0,,,39.6,18326.0,19800.0,359.0,15163.0,18465.0,297.0,3163.0,1335.0,62.0,4.0,10.0,2.0,2.0,5.0,4.0,28572.0,31096.0,582.0,22437.0,29068.0,477.0,6135.0,2028.0,105.0,5.0,13.0,2.0,2.0,5.0,5.0,38163.0,44184.0,815.0,31509.0,41349.0,656.0,6654.0,2835.0,159.0,6.0,13.0,3.0,3.0,6.0,6.0,50026.0,60775.0,1021.0,37823.0,50264.0,793.0,12203.0,10511.0,228.0,8.0,18.0,3.0,3.0,6.0,8.0
ESPORTSTMNT04_2692227,complete,,EM,2023,Summer,0,2023-08-14 15:20:35,1,13.14,1,Blue,top,CPM,oe:player:cbdaba5605992f8e1635ad782152d65,GTZ Esports,oe:team:3659b5cb3434354530c31ce71461fc1,Ornn,Rakan,Rell,Sejuani,Aatrox,Malphite,,,,,,1971,1,2,2,12,28,12,0.0,0.0,0.0,0.0,0.0,0.0,0.0,0.0,0.8524,1.2177,,,,,,,,,,,,,,,,,,,,,0.0,0.0,,,,,,,,0.0,0.0,14832.0,451.5068,0.140967,935.1903,1430.2283,7.0,0.2131,3.0,0.0913,1.0,24.0,0.7306,13037,8741,266.0883,0.1891,11525.0,,,253.0,249.0,4.0,,,7.7017,3284.0,4950.0,88.0,3496.0,4934.0,95.0,-212.0,16.0,-7.0,0.0,0.0,0.0,0.0,0.0,0.0,5242.0,7863.0,137.0,5157.0,7561.0,144.0,85.0,302.0,-7.0,0.0,2.0,0.0,0.0,0.0,1.0,7551.0,10093.0,173.0,6839.0,9384.0,171.0,712.0,709.0,2.0,2.0,4.0,0.0,1.0,1.0,2.0,9195.0,12274.0,192.0,8081.0,11192.0,185.0,1114.0,1082.0,7.0,2.0,6.0,1.0,2.0,2.0,3.0
ESPORTSTMNT04_2692227,complete,,EM,2023,Summer,0,2023-08-14 15:20:35,1,13.14,2,Blue,jng,Time,oe:player:550fa477eff3885416f22c0b3f2fc88,GTZ Esports,oe:team:3659b5cb3434354530c31ce71461fc1,Kindred,Rakan,Rell,Sejuani,Aatrox,Malphite,,,,,,1971,1,8,2,14,28,12,2.0,1.0,0.0,0.0,1.0,1.0,0.0,0.0,0.8524,1.2177,,,,,,,,,,,,,,,,,,,,,1.0,0.0,,,,,,,,1.0,0.0,20800.0,633.1811,0.197689,943.7139,840.0,9.0,0.274,10.0,0.3044,7.0,52.0,1.583,14473,10177,309.8021,0.220168,12708.0,,,214.0,26.0,188.0,,,6.5145,3417.0,3027.0,56.0,2854.0,2879.0,52.0,563.0,148.0,4.0,1.0,1.0,0.0,0.0,0.0,0.0,6092.0,6343.0,102.0,4037.0,4369.0,72.0,2055.0,1974.0,30.0,4.0,3.0,0.0,0.0,0.0,2.0,8984.0,9865.0,149.0,5169.0,5962.0,84.0,3815.0,3903.0,65.0,7.0,4.0,0.0,0.0,2.0,5.0,10898.0,12227.0,165.0,7328.0,8529.0,101.0,3570.0,3698.0,64.0,8.0,8.0,1.0,1.0,4.0,7.0
ESPORTSTMNT04_2692227,complete,,EM,2023,Summer,0,2023-08-14 15:20:35,1,13.14,3,Blue,mid,Heroic,oe:player:c71b4244f70372f8be07a3e83c58490,GTZ Esports,oe:team:3659b5cb3434354530c31ce71461fc1,Azir,Rakan,Rell,Sejuani,Aatrox,Malphite,,,,,,1971,1,8,3,16,28,12,2.0,1.0,0.0,0.0,0.0,0.0,0.0,0.0,0.8524,1.2177,,,,,,,,,,,,,,,,,,,,,0.0,0.0,,,,,,,,0.0,0.0,39314.0,1196.7732,0.37365,698.9954,543.1355,15.0,0.4566,3.0,0.0913,3.0,37.0,1.1263,15188,10892,331.5677,0.235637,13625.0,,,285.0,268.0,17.0,,,8.6758,3546.0,5089.0,96.0,2889.0,4498.0,71.0,657.0,591.0,25.0,0.0,0.0,0.0,0.0,0.0,0.0,5426.0,7850.0,144.0,4296.0,6268.0,108.0,1130.0,1582.0,36.0,0.0,4.0,1.0,0.0,0.0,1.0,7897.0,10662.0,181.0,6033.0,8484.0,143.0,1864.0,2178.0,38.0,2.0,9.0,1.0,1.0,2.0,3.0,10892.0,14472.0,231.0,8387.0,11944.0,195.0,2505.0,2528.0,36.0,5.0,11.0,2.0,2.0,4.0,3.0
ESPORTSTMNT04_2692227,complete,,EM,2023,Summer,0,2023-08-14 15:20:35,1,13.14,4,Blue,bot,Avra,oe:player:1a38c55db5f8af06ebac94d8530ff71,GTZ Esports,oe:team:3659b5cb3434354530c31ce71461fc1,Varus,Rakan,Rell,Sejuani,Aatrox,Malphite,,,,,,1971,1,9,3,7,28,12,2.0,1.0,0.0,0.0,1.0,0.0,1.0,0.0,0.8524,1.2177,,,,,,,,,,,,,,,,,,,,,1.0,0.0,,,,,,,,1.0,0.0,22799.0,694.0335,0.216688,331.5677,164.7793,20.0,0.6088,13.0,0.3957,9.0,57.0,1.7352,15229,10933,332.8158,0.236524,13445.0,,,277.0,273.0,4.0,,,8.4323,3681.0,2931.0,90.0,3165.0,3043.0,79.0,516.0,-112.0,11.0,1.0,1.0,0.0,0.0,1.0,1.0,6228.0,5364.0,136.0,5077.0,5098.0,116.0,1151.0,266.0,20.0,3.0,2.0,0.0,1.0,1.0,1.0,7669.0,7325.0,170.0,7728.0,7830.0,176.0,-59.0,-505.0,-6.0,3.0,3.0,2.0,2.0,1.0,1.0,10198.0,10252.0,216.0,11012.0,11435.0,244.0,-814.0,-1183.0,-28.0,4.0,4.0,3.0,3.0,4.0,2.0
ESPORTSTMNT04_2692227,complete,,EM,2023,Summer,0,2023-08-14 15:20:35,1,13.14,5,Blue,sup,Nightmares,oe:player:fb20df3c2584739649c47e15bdd1e1e,GTZ Esports,oe:team:3659b5cb3434354530c31ce71461fc1,Alistar,Rakan,Rell,Sejuani,Aatrox,Malphite,,,,,,1971,1,1,2,25,28,12,0.0,0.0,0.0,0.0,1.0,0.0,1.0,0.0,0.8524,1.2177,,,,,,,,,,,,,,,,,,,,,0.0,0.0,,,,,,,,0.0,0.0,7471.0,227.4277,0.0710063,600.9741,833.3333,44.0,1.3394,6.0,0.1826,11.0,92.0,2.8006,9777,5481,166.8493,0.118571,8825.0,,,31.0,31.0,0.0,,,0.9437,2435.0,2779.0,14.0,2189.0,2344.0,11.0,246.0,435.0,3.0,0.0,2.0,1.0,1.0,0.0,1.0,3955.0,4530.0,19.0,3232.0,3964.0,18.0,723.0,566.0,1.0,0.0,7.0,1.0,1.0,0.0,2.0,5252.0,5952.0,21.0,4200.0,5125.0,24.0,1052.0,827.0,-3.0,0.0,13.0,2.0,1.0,1.0,3.0,6654.0,8243.0,24.0,5224.0,6790.0,28.0,1430.0,1453.0,-4.0,0.0,17.0,2.0,1.0,4.0,4.0
ESPORTSTMNT04_2692227,complete,,EM,2023,Summer,0,2023-08-14 15:20:35,1,13.14,6,Red,top,Kackos,oe:player:4841aa27ab85be0b9f45fed1d5e7b09,NORD Esports,oe:team:6ef01b22224b92f917d70dd9f33568b,Cho'Gath,Maokai,Ivern,Kai'Sa,Jarvan IV,Wukong,,,,,,1971,0,3,4,3,12,28,0.0,0.0,0.0,0.0,0.0,0.0,0.0,0.0,0.3653,1.2177,,,,,,,,,,,,,,,,,,,,,0.0,0.0,,,,,,,,0.0,0.0,9528.0,290.0457,0.113999,1104.0791,1456.0426,14.0,0.4262,3.0,0.0913,3.0,36.0,1.0959,10525,6229,189.6195,0.191467,10525.0,,,217.0,203.0,14.0,,,6.6058,3496.0,4934.0,95.0,3284.0,4950.0,88.0,212.0,-16.0,7.0,0.0,0.0,0.0,0.0,0.0,0.0,5157.0,7561.0,144.0,5242.0,7863.0,137.0,-85.0,-302.0,7.0,0.0,0.0,1.0,0.0,2.0,0.0,6839.0,9384.0,171.0,7551.0,10093.0,173.0,-712.0,-709.0,-2.0,1.0,1.0,2.0,2.0,4.0,0.0,8081.0,11192.0,185.0,9195.0,12274.0,192.0,-1114.0,-1082.0,-7.0,2.0,2.0,3.0,2.0,6.0,1.0
ESPORTSTMNT04_2692227,complete,,EM,2023,Summer,0,2023-08-14 15:20:35,1,13.14,7,Red,jng,Indecision,oe:player:40ec21bf3a960cc7bfe0c38885bf906,NORD Esports,oe:team:6ef01b22224b92f917d70dd9f33568b,Vi,Maokai,Ivern,Kai'Sa,Jarvan IV,Wukong,,,,,,1971,0,1,9,6,12,28,0.0,0.0,0.0,0.0,0.0,0.0,0.0,0.0,0.3653,1.2177,,,,,,,,,,,,,,,,,,,,,0.0,1.0,,,,,,,,0.0,1.0,8264.0,251.5677,0.0988753,875.7382,844.0791,7.0,0.2131,11.0,0.3349,5.0,40.0,1.2177,9219,4923,149.863,0.15132,8575.0,,,119.0,17.0,102.0,,,3.6225,2854.0,2879.0,52.0,3417.0,3027.0,56.0,-563.0,-148.0,-4.0,0.0,0.0,0.0,1.0,1.0,0.0,4037.0,4369.0,72.0,6092.0,6343.0,102.0,-2055.0,-1974.0,-30.0,0.0,0.0,2.0,4.0,3.0,0.0,5169.0,5962.0,84.0,8984.0,9865.0,149.0,-3815.0,-3903.0,-65.0,0.0,2.0,5.0,7.0,4.0,0.0,7328.0,8529.0,101.0,10898.0,12227.0,165.0,-3570.0,-3698.0,-64.0,1.0,4.0,7.0,8.0,8.0,1.0
ESPORTSTMNT04_2692227,complete,,EM,2023,Summer,0,2023-08-14 15:20:35,1,13.14,8,Red,mid,OMON,oe:player:e42fd90dea956c3986b69209b56ce16,NORD Esports,oe:team:6ef01b22224b92f917d70dd9f33568b,Ahri,Maokai,Ivern,Kai'Sa,Jarvan IV,Wukong,,,,,,1971,0,3,5,6,12,28,0.0,0.0,0.0,0.0,0.0,0.0,0.0,0.0,0.3653,1.2177,,,,,,,,,,,,,,,,,,,,,0.0,0.0,,,,,,,,0.0,0.0,21056.0,640.9741,0.251926,691.446,321.7656,5.0,0.1522,5.0,0.1522,4.0,21.0,0.6393,11756,7460,227.0928,0.229308,11450.0,,,261.0,261.0,0.0,,,7.9452,2889.0,4498.0,71.0,3546.0,5089.0,96.0,-657.0,-591.0,-25.0,0.0,0.0,0.0,0.0,0.0,0.0,4296.0,6268.0,108.0,5426.0,7850.0,144.0,-1130.0,-1582.0,-36.0,0.0,0.0,1.0,0.0,4.0,1.0,6033.0,8484.0,143.0,7897.0,10662.0,181.0,-1864.0,-2178.0,-38.0,1.0,2.0,3.0,2.0,9.0,1.0,8387.0,11944.0,195.0,10892.0,14472.0,231.0,-2505.0,-2528.0,-36.0,2.0,4.0,3.0,5.0,11.0,2.0
ESPORTSTMNT04_2692227,complete,,EM,2023,Summer,0,2023-08-14 15:20:35,1,13.14,9,Red,bot,Hid0,oe:player:97e228a45bb28f8d270f77deabd1282,NORD Esports,oe:team:6ef01b22224b92f917d70dd9f33568b,Xayah,Maokai,Ivern,Kai'Sa,Jarvan IV,Wukong,,,,,,1971,0,4,4,5,12,28,0.0,0.0,0.0,0.0,0.0,0.0,0.0,1.0,0.3653,1.2177,,,,,,,,,,,,,,,,,,,,,0.0,1.0,,,,,,,,0.0,1.0,38773.0,1180.3044,0.463903,531.9635,194.6119,12.0,0.3653,3.0,0.0913,3.0,19.0,0.5784,15623,11327,344.8097,0.34818,14775.0,,,347.0,306.0,41.0,,,10.5632,3165.0,3043.0,79.0,3681.0,2931.0,90.0,-516.0,112.0,-11.0,0.0,1.0,1.0,1.0,1.0,0.0,5077.0,5098.0,116.0,6228.0,5364.0,136.0,-1151.0,-266.0,-20.0,1.0,1.0,1.0,3.0,2.0,0.0,7728.0,7830.0,176.0,7669.0,7325.0,170.0,59.0,505.0,6.0,2.0,1.0,1.0,3.0,3.0,2.0,11012.0,11435.0,244.0,10198.0,10252.0,216.0,814.0,1183.0,28.0,3.0,4.0,2.0,4.0,4.0,3.0
ESPORTSTMNT04_2692227,complete,,EM,2023,Summer,0,2023-08-14 15:20:35,1,13.14,10,Red,sup,Seneca,oe:player:e3decbc40c573363c151a8300127922,NORD Esports,oe:team:6ef01b22224b92f917d70dd9f33568b,Nautilus,Maokai,Ivern,Kai'Sa,Jarvan IV,Wukong,,,,,,1971,0,1,6,7,12,28,0.0,0.0,0.0,0.0,0.0,0.0,0.0,0.0,0.3653,1.2177,,,,,,,,,,,,,,,,,,,,,0.0,0.0,,,,,,,,0.0,0.0,5959.0,181.4003,0.071297,521.1568,765.723,38.0,1.1568,11.0,0.3349,14.0,81.0,2.4658,6890,2594,78.965,0.0797263,6350.0,,,32.0,32.0,0.0,,,0.9741,2189.0,2344.0,11.0,2435.0,2779.0,14.0,-246.0,-435.0,-3.0,1.0,0.0,1.0,0.0,2.0,1.0,3232.0,3964.0,18.0,3955.0,4530.0,19.0,-723.0,-566.0,-1.0,1.0,0.0,2.0,0.0,7.0,1.0,4200.0,5125.0,24.0,5252.0,5952.0,21.0,-1052.0,-827.0,3.0,1.0,1.0,3.0,0.0,13.0,2.0,5224.0,6790.0,28.0,6654.0,8243.0,24.0,-1430.0,-1453.0,4.0,1.0,4.0,4.0,0.0,17.0,2.0
ESPORTSTMNT04_2692227,complete,,EM,2023,Summer,0,2023-08-14 15:20:35,1,13.14,100,Blue,team,,,GTZ Esports,oe:team:3659b5cb3434354530c31ce71461fc1,,Rakan,Rell,Sejuani,Aatrox,Malphite,Azir,Varus,Ornn,Alistar,Kindred,1971,1,28,12,74,28,12,6.0,3.0,0.0,0.0,1.0,,,,0.8524,1.2177,1.0,3.0,1.0,3.0,1.0,1.0,0.0,1.0,0.0,1.0,0.0,,0.0,0.0,0.0,1.0,1.0,,,1.0,2.0,0.0,1.0,10.0,1.0,1.0,1.0,4.0,0.0,2.0,0.0,105216.0,3202.9224,,3510.4414,3811.4764,95.0,2.8919,35.0,1.0654,31.0,262.0,7.9756,67704,46222,1407.0624,,60128.0,0.151212,3.55,,847.0,213.0,,,32.2679,16363.0,18776.0,344.0,14593.0,17698.0,308.0,1770.0,1078.0,36.0,2.0,4.0,1.0,1.0,1.0,2.0,26943.0,31950.0,538.0,21799.0,27260.0,458.0,5144.0,4690.0,80.0,7.0,18.0,2.0,2.0,1.0,7.0,37353.0,43897.0,694.0,29969.0,36785.0,598.0,7384.0,7112.0,96.0,14.0,33.0,5.0,5.0,7.0,14.0,47837.0,57468.0,828.0,40032.0,49890.0,753.0,7805.0,7578.0,75.0,19.0,46.0,9.0,9.0,18.0,19.0
ESPORTSTMNT04_2692227,complete,,EM,2023,Summer,0,2023-08-14 15:20:35,1,13.14,200,Red,team,,,NORD Esports,oe:team:6ef01b22224b92f917d70dd9f33568b,,Maokai,Ivern,Kai'Sa,Jarvan IV,Wukong,Vi,Xayah,Ahri,Cho'Gath,Nautilus,1971,0,12,28,27,12,28,0.0,0.0,0.0,0.0,0.0,,,,0.3653,1.2177,0.0,1.0,3.0,1.0,3.0,0.0,0.0,1.0,0.0,0.0,0.0,,0.0,0.0,1.0,1.0,1.0,,,0.0,0.0,2.0,0.0,1.0,10.0,0.0,0.0,0.0,4.0,0.0,2.0,83580.0,2544.2922,,3724.3836,3582.2222,76.0,2.3135,33.0,1.0046,29.0,197.0,5.997,54013,32531,990.2892,,51675.0,-0.151212,-3.55,,819.0,157.0,,,29.7108,14593.0,17698.0,308.0,16363.0,18776.0,344.0,-1770.0,-1078.0,-36.0,1.0,1.0,2.0,2.0,4.0,1.0,21799.0,27260.0,458.0,26943.0,31950.0,538.0,-5144.0,-4690.0,-80.0,2.0,1.0,7.0,7.0,18.0,2.0,29969.0,36785.0,598.0,37353.0,43897.0,694.0,-7384.0,-7112.0,-96.0,5.0,7.0,14.0,14.0,33.0,5.0,40032.0,49890.0,753.0,47837.0,57468.0,828.0,-7805.0,-7578.0,-75.0,9.0,18.0,19.0,19.0,46.0,9.0
ESPORTSTMNT04_2692228,complete,,EM,2023,Summer,0,2023-08-14 15:52:08,1,13.14,1,Blue,top,Juzu,oe:player:a61da83af5e3738845fa6dd56e1d41a,Anubis Gaming,oe:team:f2094ae60f9b1f3b6a17ad88ad75fc1,Aatrox,Ashe,Xayah,Tristana,Jax,Azir,,,,,,2214,1,3,7,12,31,25,0.0,0.0,0.0,0.0,0.0,0.0,0.0,0.0,0.8401,1.5176,,,,,,,,,,,,,,,,,,,,,0.0,0.0,,,,,,,,0.0,0.0,25282.0,685.1491,0.168786,1045.5556,897.8591,9.0,0.2439,7.0,0.1897,6.0,29.0,0.7859,13237,8445,228.8618,0.177203,16020.0,,,239.0,231.0,8.0,,,6.477,3078.0,4712.0,64.0,3788.0,4781.0,94.0,-710.0,-69.0,-30.0,1.0,0.0,1.0,0.0,2.0,1.0,4724.0,7537.0,112.0,6225.0,7518.0,145.0,-1501.0,19.0,-33.0,1.0,1.0,2.0,2.0,2.0,1.0,6539.0,10024.0,152.0,8437.0,10991.0,213.0,-1898.0,-967.0,-61.0,2.0,1.0,2.0,2.0,2.0,1.0,8727.0,11677.0,172.0,11200.0,14225.0,259.0,-2473.0,-2548.0,-87.0,3.0,4.0,4.0,4.0,5.0,2.0
ESPORTSTMNT04_2692228,complete,,EM,2023,Summer,0,2023-08-14 15:52:08,1,13.14,2,Blue,jng,Elramir,oe:player:de442faff7b7cdc0fba7d6d5caff5e1,Anubis Gaming,oe:team:f2094ae60f9b1f3b6a17ad88ad75fc1,Ivern,Ashe,Xayah,Tristana,Jax,Azir,,,,,,2214,1,4,4,22,31,25,0.0,0.0,0.0,0.0,0.0,0.0,0.0,1.0,0.8401,1.5176,,,,,,,,,,,,,,,,,,,,,0.0,1.0,,,,,,,,0.0,0.0,13946.0,377.9404,0.0931055,533.7669,646.5041,9.0,0.2439,9.0,0.2439,9.0,47.0,1.2737,13126,8334,225.8537,0.174874,12425.0,,,202.0,10.0,192.0,,,5.4743,3454.0,3394.0,57.0,3570.0,3683.0,67.0,-116.0,-289.0,-10.0,1.0,2.0,1.0,1.0,1.0,0.0,5071.0,5533.0,91.0,5673.0,5633.0,99.0,-602.0,-100.0,-8.0,1.0,4.0,2.0,2.0,3.0,0.0,6826.0,8067.0,123.0,7844.0,8355.0,142.0,-1018.0,-288.0,-19.0,2.0,5.0,2.0,3.0,3.0,0.0,8236.0,10702.0,144.0,9499.0,9754.0,149.0,-1263.0,948.0,-5.0,2.0,9.0,3.0,5.0,5.0,1.0
ESPORTSTMNT04_2692228,complete,,EM,2023,Summer,0,2023-08-14 15:52:08,1,13.14,3,Blue,mid,Cipher,oe:player:c8ef68c0fce4f4bfe0219809473d365,Anubis Gaming,oe:team:f2094ae60f9b1f3b6a17ad88ad75fc1,Jayce,Ashe,Xayah,Tristana,Jax,Azir,,,,,,2214,1,5,5,15,31,25,0.0,0.0,0.0,0.0,0.0,0.0,0.0,0.0,0.8401,1.5176,,,,,,,,,,,,,,,,,,,,,0.0,0.0,,,,,,,,0.0,0.0,32767.0,887.9946,0.218757,591.355,588.4011,19.0,0.5149,12.0,0.3252,7.0,54.0,1.4634,13701,8909,241.4363,0.18694,12525.0,,,252.0,252.0,0.0,,,6.8293,3465.0,4528.0,78.0,3284.0,4444.0,80.0,181.0,84.0,-2.0,1.0,1.0,0.0,0.0,1.0,1.0,5309.0,7271.0,133.0,5085.0,6256.0,113.0,224.0,1015.0,20.0,1.0,3.0,0.0,0.0,4.0,2.0,7125.0,9979.0,184.0,6450.0,8633.0,147.0,675.0,1346.0,37.0,1.0,3.0,0.0,0.0,4.0,2.0,9226.0,11612.0,204.0,8176.0,10452.0,170.0,1050.0,1160.0,34.0,2.0,4.0,2.0,1.0,8.0,3.0
ESPORTSTMNT04_2692228,complete,,EM,2023,Summer,0,2023-08-14 15:52:08,1,13.14,4,Blue,bot,san1,oe:player:f581f857e43aea4c5b241874f8a4394,Anubis Gaming,oe:team:f2094ae60f9b1f3b6a17ad88ad75fc1,Zeri,Ashe,Xayah,Tristana,Jax,Azir,,,,,,2214,1,17,6,9,31,25,3.0,2.0,1.0,0.0,0.0,0.0,0.0,0.0,0.8401,1.5176,,,,,,,,,,,,,,,,,,,,,0.0,0.0,,,,,,,,1.0,0.0,65851.0,1784.5799,0.439631,1023.7669,680.813,12.0,0.3252,18.0,0.4878,2.0,43.0,1.1653,22435,17643,478.1301,0.370211,18350.0,,,377.0,349.0,28.0,,,10.2168,3335.0,3474.0,80.0,4493.0,3569.0,85.0,-1158.0,-95.0,-5.0,0.0,0.0,1.0,3.0,0.0,0.0,5952.0,5447.0,124.0,7089.0,5780.0,127.0,-1137.0,-333.0,-3.0,2.0,0.0,2.0,4.0,2.0,0.0,8700.0,7594.0,174.0,9008.0,7957.0,175.0,-308.0,-363.0,-1.0,3.0,2.0,3.0,4.0,3.0,1.0,11383.0,10530.0,230.0,10660.0,9651.0,201.0,723.0,879.0,29.0,5.0,5.0,4.0,5.0,5.0,3.0
ESPORTSTMNT04_2692228,complete,,EM,2023,Summer,0,2023-08-14 15:52:08,1,13.14,5,Blue,sup,Mishal,oe:player:72afadf3f4701a666860c0c442b08f5,Anubis Gaming,oe:team:f2094ae60f9b1f3b6a17ad88ad75fc1,Alistar,Ashe,Xayah,Tristana,Jax,Azir,,,,,,2214,1,2,3,22,31,25,0.0,0.0,0.0,0.0,0.0,0.0,0.0,0.0,0.8401,1.5176,,,,,,,,,,,,,,,,,,,,,0.0,0.0,,,,,,,,0.0,0.0,11941.0,323.6043,0.0797199,852.2764,1186.6396,61.0,1.6531,10.0,0.271,16.0,118.0,3.1978,9118,4326,117.2358,0.0907718,8100.0,,,31.0,31.0,0.0,,,0.8401,1970.0,1800.0,8.0,2361.0,2453.0,18.0,-391.0,-653.0,-10.0,0.0,2.0,1.0,0.0,2.0,1.0,3132.0,3308.0,17.0,3537.0,3854.0,29.0,-405.0,-546.0,-12.0,0.0,3.0,2.0,0.0,3.0,2.0,4160.0,4481.0,24.0,4765.0,5330.0,39.0,-605.0,-849.0,-15.0,0.0,4.0,2.0,0.0,4.0,4.0,5732.0,7683.0,24.0,5989.0,7517.0,40.0,-257.0,166.0,-16.0,2.0,7.0,2.0,0.0,10.0,5.0
ESPORTSTMNT04_2692228,complete,,EM,2023,Summer,0,2023-08-14 15:52:08,1,13.14,6,Red,top,Kektz,oe:player:f5ea6213c328518f2840a59bf48acec,Diamant Esports,oe:team:830f05a5024d0794bd8d5b598b2432b,Renekton,Varus,Rell,Maokai,Braum,Rakan,,,,,,2214,0,7,6,9,25,31,0.0,0.0,0.0,0.0,1.0,0.0,1.0,0.0,0.6775,1.5176,,,,,,,,,,,,,,,,,,,,,0.0,0.0,,,,,,,,0.0,0.0,31830.0,862.6016,0.241173,1636.3415,1972.5203,16.0,0.4336,12.0,0.3252,5.0,43.0,1.1653,15697,10905,295.5285,0.246119,16725.0,,,309.0,293.0,16.0,,,8.374,3788.0,4781.0,94.0,3078.0,4712.0,64.0,710.0,69.0,30.0,0.0,2.0,1.0,1.0,0.0,1.0,6225.0,7518.0,145.0,4724.0,7537.0,112.0,1501.0,-19.0,33.0,2.0,2.0,1.0,1.0,1.0,2.0,8437.0,10991.0,213.0,6539.0,10024.0,152.0,1898.0,967.0,61.0,2.0,2.0,1.0,2.0,1.0,2.0,11200.0,14225.0,259.0,8727.0,11677.0,172.0,2473.0,2548.0,87.0,4.0,5.0,2.0,3.0,4.0,4.0
ESPORTSTMNT04_2692228,complete,,EM,2023,Summer,0,2023-08-14 15:52:08,1,13.14,7,Red,jng,Mafro,oe:player:cd521f662fbbec89f03a900e7d9bb63,Diamant Esports,oe:team:830f05a5024d0794bd8d5b598b2432b,Sejuani,Varus,Rell,Maokai,Braum,Rakan,,,,,,2214,0,5,4,13,25,31,1.0,0.0,0.0,0.0,1.0,0.0,1.0,0.0,0.6775,1.5176,,,,,,,,,,,,,,,,,,,,,1.0,0.0,,,,,,,,0.0,0.0,14447.0,391.5176,0.109464,1187.0461,1654.4986,7.0,0.1897,10.0,0.271,9.0,44.0,1.1924,13128,8336,225.9079,0.188137,12875.0,,,188.0,37.0,151.0,,,5.0949,3570.0,3683.0,67.0,3454.0,3394.0,57.0,116.0,289.0,10.0,1.0,1.0,0.0,1.0,2.0,1.0,5673.0,5633.0,99.0,5071.0,5533.0,91.0,602.0,100.0,8.0,2.0,3.0,0.0,1.0,4.0,2.0,7844.0,8355.0,142.0,6826.0,8067.0,123.0,1018.0,288.0,19.0,3.0,3.0,0.0,2.0,5.0,2.0,9499.0,9754.0,149.0,8236.0,10702.0,144.0,1263.0,-948.0,5.0,5.0,5.0,1.0,2.0,9.0,3.0
ESPORTSTMNT04_2692228,complete,,EM,2023,Summer,0,2023-08-14 15:52:08,1,13.14,8,Red,mid,Diva,oe:player:72de20c106a52f0aaf21bd650af81bd,Diamant Esports,oe:team:830f05a5024d0794bd8d5b598b2432b,Ahri,Varus,Rell,Maokai,Braum,Rakan,,,,,,2214,0,5,5,13,25,31,0.0,0.0,0.0,0.0,1.0,0.0,1.0,0.0,0.6775,1.5176,,,,,,,,,,,,,,,,,,,,,0.0,0.0,,,,,,,,0.0,0.0,31632.0,857.2358,0.239673,782.0867,449.8103,25.0,0.6775,13.0,0.3523,6.0,67.0,1.8157,13434,8642,234.2005,0.195044,13650.0,,,241.0,241.0,0.0,,,6.5312,3284.0,4444.0,80.0,3465.0,4528.0,78.0,-181.0,-84.0,2.0,0.0,1.0,1.0,1.0,1.0,0.0,5085.0,6256.0,113.0,5309.0,7271.0,133.0,-224.0,-1015.0,-20.0,0.0,4.0,2.0,1.0,3.0,0.0,6450.0,8633.0,147.0,7125.0,9979.0,184.0,-675.0,-1346.0,-37.0,0.0,4.0,2.0,1.0,3.0,0.0,8176.0,10452.0,170.0,9226.0,11612.0,204.0,-1050.0,-1160.0,-34.0,1.0,8.0,3.0,2.0,4.0,2.0
ESPORTSTMNT04_2692228,complete,,EM,2023,Summer,0,2023-08-14 15:52:08,1,13.14,9,Red,bot,Shy Carry,oe:player:af020342617bd4e5c5da5a4c31ff591,Diamant Esports,oe:team:830f05a5024d0794bd8d5b598b2432b,Kai'Sa,Varus,Rell,Maokai,Braum,Rakan,,,,,,2214,0,8,7,10,25,31,0.0,0.0,0.0,0.0,1.0,1.0,0.0,0.0,0.6775,1.5176,,,,,,,,,,,,,,,,,,,,,0.0,0.0,,,,,,,,0.0,1.0,45605.0,1235.9079,0.345545,733.0623,544.065,11.0,0.2981,11.0,0.2981,3.0,39.0,1.0569,17404,12612,341.7886,0.284645,17175.0,,,298.0,254.0,44.0,,,8.0759,4493.0,3569.0,85.0,3335.0,3474.0,80.0,1158.0,95.0,5.0,3.0,0.0,0.0,0.0,0.0,1.0,7089.0,5780.0,127.0,5952.0,5447.0,124.0,1137.0,333.0,3.0,4.0,2.0,0.0,2.0,0.0,2.0,9008.0,7957.0,175.0,8700.0,7594.0,174.0,308.0,363.0,1.0,4.0,3.0,1.0,3.0,2.0,3.0,10660.0,9651.0,201.0,11383.0,10530.0,230.0,-723.0,-879.0,-29.0,5.0,5.0,3.0,5.0,5.0,4.0
ESPORTSTMNT04_2692228,complete,,EM,2023,Summer,0,2023-08-14 15:52:08,1,13.14,10,Red,sup,Wojtus,oe:player:a93e0326b85f0312cf1b451e175a7a0,Diamant Esports,oe:team:830f05a5024d0794bd8d5b598b2432b,Nautilus,Varus,Rell,Maokai,Braum,Rakan,,,,,,2214,0,0,9,13,25,31,0.0,0.0,0.0,0.0,1.0,0.0,1.0,0.0,0.6775,1.5176,,,,,,,,,,,,,,,,,,,,,0.0,0.0,,,,,,,,0.0,0.0,8466.0,229.4309,0.0641461,696.3686,1144.4444,50.0,1.355,14.0,0.3794,15.0,119.0,3.2249,8605,3813,103.3333,0.0860546,8375.0,,,47.0,47.0,0.0,,,1.2737,2361.0,2453.0,18.0,1970.0,1800.0,8.0,391.0,653.0,10.0,0.0,2.0,1.0,0.0,2.0,1.0,3537.0,3854.0,29.0,3132.0,3308.0,17.0,405.0,546.0,12.0,0.0,3.0,2.0,0.0,3.0,2.0,4765.0,5330.0,39.0,4160.0,4481.0,24.0,605.0,849.0,15.0,0.0,4.0,4.0,0.0,4.0,2.0,5989.0,7517.0,40.0,5732.0,7683.0,24.0,257.0,-166.0,16.0,0.0,10.0,5.0,2.0,7.0,2.0
ESPORTSTMNT04_2692228,complete,,EM,2023,Summer,0,2023-08-14 15:52:08,1,13.14,100,Blue,team,,,Anubis Gaming,oe:team:f2094ae60f9b1f3b6a17ad88ad75fc1,,Ashe,Xayah,Tristana,Jax,Azir,Jayce,Ivern,Zeri,Alistar,Aatrox,2214,1,31,25,80,31,25,3.0,2.0,1.0,0.0,0.0,,,,0.8401,1.5176,0.0,3.0,3.0,3.0,3.0,0.0,0.0,0.0,0.0,3.0,0.0,,0.0,0.0,0.0,0.0,2.0,,,0.0,0.0,1.0,0.0,8.0,5.0,0.0,0.0,1.0,9.0,1.0,0.0,149787.0,4059.2683,,4046.7209,4000.2168,110.0,2.981,56.0,1.5176,40.0,291.0,7.8862,71617,47656,1291.4905,,67420.0,-0.0202613,-2.19,,873.0,228.0,,,29.8374,15302.0,17908.0,287.0,17496.0,18930.0,344.0,-2194.0,-1022.0,-57.0,3.0,5.0,4.0,4.0,6.0,3.0,24188.0,29096.0,477.0,27609.0,29041.0,513.0,-3421.0,55.0,-36.0,5.0,11.0,8.0,8.0,14.0,5.0,33350.0,40145.0,657.0,36504.0,41266.0,716.0,-3154.0,-1121.0,-59.0,8.0,15.0,9.0,9.0,16.0,8.0,43304.0,52204.0,774.0,45524.0,51599.0,819.0,-2220.0,605.0,-45.0,14.0,29.0,15.0,15.0,33.0,14.0
ESPORTSTMNT04_2692228,complete,,EM,2023,Summer,0,2023-08-14 15:52:08,1,13.14,200,Red,team,,,Diamant Esports,oe:team:830f05a5024d0794bd8d5b598b2432b,,Varus,Rell,Maokai,Braum,Rakan,Sejuani,Kai'Sa,Nautilus,Ahri,Renekton,2214,0,25,31,58,25,31,1.0,0.0,0.0,0.0,1.0,,,,0.6775,1.5176,1.0,3.0,3.0,3.0,3.0,1.0,0.0,0.0,0.0,1.0,1.0,,0.0,0.0,1.0,2.0,0.0,,,1.0,1.0,0.0,1.0,5.0,8.0,1.0,1.0,9.0,1.0,0.0,1.0,131980.0,3576.6938,,5034.9051,5765.3388,109.0,2.9539,60.0,1.626,38.0,312.0,8.4553,68268,44307,1200.7317,,68800.0,0.0202613,2.19,,872.0,211.0,,,29.3496,17496.0,18930.0,344.0,15302.0,17908.0,287.0,2194.0,1022.0,57.0,4.0,6.0,3.0,3.0,5.0,4.0,27609.0,29041.0,513.0,24188.0,29096.0,477.0,3421.0,-55.0,36.0,8.0,14.0,5.0,5.0,11.0,8.0,36504.0,41266.0,716.0,33350.0,40145.0,657.0,3154.0,1121.0,59.0,9.0,16.0,8.0,8.0,15.0,9.0,45524.0,51599.0,819.0,43304.0,52204.0,774.0,2220.0,-605.0,45.0,15.0,33.0,14.0,14.0,29.0,15.0
ESPORTSTMNT04_2692230,complete,,EM,2023,Summer,0,2023-08-14 15:55:38,1,13.14,1,Blue,top,Lunddorf,oe:player:6cb2f925e1216835980ce1a01bb62f6,Partizan Esports,oe:team:e42ade212c09777da0f54bffe481f6d,Ornn,Ivern,Poppy,Rakan,Sejuani,Gwen,,,,,,1746,1,0,1,10,15,3,0.0,0.0,0.0,0.0,1.0,0.0,1.0,0.0,0.5155,0.6186,,,,,,,,,,,,,,,,,,,,,0.0,0.0,,,,,,,,0.0,0.0,12676.0,435.6014,0.212481,744.811,913.1615,11.0,0.378,2.0,0.0687,5.0,24.0,0.8247,10610,6773,232.7491,0.175852,9885.0,,,241.0,237.0,4.0,,,8.2818,3433.0,4867.0,88.0,3540.0,4867.0,87.0,-107.0,0.0,1.0,0.0,2.0,0.0,0.0,0.0,1.0,5087.0,7330.0,132.0,5478.0,7761.0,136.0,-391.0,-431.0,-4.0,0.0,2.0,1.0,0.0,1.0,1.0,6727.0,9482.0,170.0,7299.0,10139.0,183.0,-572.0,-657.0,-13.0,0.0,2.0,1.0,0.0,1.0,2.0,8693.0,12853.0,207.0,8629.0,12189.0,209.0,64.0,664.0,-2.0,0.0,7.0,1.0,0.0,3.0,4.0
ESPORTSTMNT04_2692230,complete,,EM,2023,Summer,0,2023-08-14 15:55:38,1,13.14,2,Blue,jng,Sn1lle,oe:player:947d42fad1e2f3afeb911e5ae3888ce,Partizan Esports,oe:team:e42ade212c09777da0f54bffe481f6d,Lillia,Ivern,Poppy,Rakan,Sejuani,Gwen,,,,,,1746,1,4,1,6,15,3,0.0,0.0,0.0,0.0,1.0,1.0,0.0,0.0,0.5155,0.6186,,,,,,,,,,,,,,,,,,,,,0.0,0.0,,,,,,,,0.0,0.0,14614.0,502.1993,0.244967,859.3814,1200.4811,8.0,0.2749,3.0,0.1031,6.0,30.0,1.0309,11169,7332,251.9588,0.190367,10650.0,,,183.0,30.0,153.0,,,6.2887,3678.0,3158.0,64.0,3168.0,3365.0,64.0,510.0,-207.0,0.0,2.0,0.0,0.0,0.0,0.0,1.0,5463.0,5742.0,104.0,5201.0,5531.0,96.0,262.0,211.0,8.0,2.0,0.0,0.0,0.0,1.0,1.0,7160.0,7864.0,131.0,6859.0,8018.0,141.0,301.0,-154.0,-10.0,2.0,2.0,0.0,0.0,1.0,1.0,9568.0,12376.0,152.0,9389.0,10793.0,184.0,179.0,1583.0,-32.0,4.0,6.0,1.0,1.0,2.0,2.0
ESPORTSTMNT04_2692230,complete,,EM,2023,Summer,0,2023-08-14 15:55:38,1,13.14,3,Blue,mid,Rylle,oe:player:aa11f28607376fa521dd2625569a656,Partizan Esports,oe:team:e42ade212c09777da0f54bffe481f6d,Tristana,Ivern,Poppy,Rakan,Sejuani,Gwen,,,,,,1746,1,7,0,5,15,3,1.0,0.0,0.0,0.0,1.0,0.0,1.0,0.0,0.5155,0.6186,,,,,,,,,,,,,,,,,,,,,1.0,0.0,,,,,,,,1.0,0.0,17656.0,606.7354,0.295959,436.2887,408.5567,14.0,0.4811,9.0,0.3093,6.0,39.0,1.3402,15289,11452,393.5395,0.297344,12850.0,,,289.0,281.0,8.0,,,9.9313,3546.0,4904.0,81.0,3335.0,4567.0,91.0,211.0,337.0,-10.0,1.0,1.0,0.0,0.0,0.0,1.0,5832.0,7868.0,137.0,6074.0,7509.0,152.0,-242.0,359.0,-15.0,1.0,1.0,0.0,1.0,0.0,1.0,8682.0,11077.0,197.0,8154.0,10633.0,211.0,528.0,444.0,-14.0,2.0,2.0,0.0,1.0,0.0,1.0,12326.0,15064.0,255.0,9901.0,13110.0,259.0,2425.0,1954.0,-4.0,4.0,4.0,0.0,1.0,1.0,2.0
ESPORTSTMNT04_2692230,complete,,EM,2023,Summer,0,2023-08-14 15:55:38,1,13.14,4,Blue,bot,Yakkey,oe:player:a272c3f80649036f8e168cb2f3df17c,Partizan Esports,oe:team:e42ade212c09777da0f54bffe481f6d,Kog'Maw,Ivern,Poppy,Rakan,Sejuani,Gwen,,,,,,1746,1,4,0,7,15,3,0.0,0.0,0.0,0.0,0.0,0.0,0.0,0.0,0.5155,0.6186,,,,,,,,,,,,,,,,,,,,,0.0,0.0,,,,,,,,0.0,0.0,12231.0,420.3093,0.205022,218.1443,150.4124,16.0,0.5498,8.0,0.2749,6.0,39.0,1.3402,13525,9688,332.921,0.251541,12650.0,,,295.0,279.0,16.0,,,10.1375,3610.0,3818.0,92.0,3396.0,3390.0,79.0,214.0,428.0,13.0,0.0,2.0,0.0,0.0,0.0,0.0,5934.0,6445.0,158.0,5765.0,5841.0,139.0,169.0,604.0,19.0,0.0,2.0,0.0,0.0,0.0,0.0,8269.0,8295.0,209.0,7726.0,7683.0,184.0,543.0,612.0,25.0,1.0,2.0,0.0,0.0,0.0,0.0,11303.0,12060.0,258.0,9431.0,9930.0,233.0,1872.0,2130.0,25.0,3.0,5.0,0.0,0.0,0.0,1.0
ESPORTSTMNT04_2692230,complete,,EM,2023,Summer,0,2023-08-14 15:55:38,1,13.14,5,Blue,sup,Cl0x,oe:player:85b3b3e91202ccada9f1f5a24dc1bfb,Partizan Esports,oe:team:e42ade212c09777da0f54bffe481f6d,Braum,Ivern,Poppy,Rakan,Sejuani,Gwen,,,,,,1746,1,0,1,12,15,3,0.0,0.0,0.0,0.0,0.0,0.0,0.0,0.0,0.5155,0.6186,,,,,,,,,,,,,,,,,,,,,0.0,0.0,,,,,,,,0.0,0.0,2480.0,85.2234,0.041571,406.2887,490.2749,42.0,1.4433,3.0,0.1031,8.0,83.0,2.8522,7107,3270,112.3711,0.0848954,6550.0,,,23.0,23.0,0.0,,,0.7904,2140.0,1960.0,13.0,1986.0,1935.0,13.0,154.0,25.0,0.0,0.0,1.0,0.0,0.0,0.0,0.0,3244.0,3076.0,19.0,3171.0,3652.0,24.0,73.0,-576.0,-5.0,0.0,1.0,0.0,0.0,1.0,0.0,4377.0,4833.0,22.0,4255.0,4722.0,30.0,122.0,111.0,-8.0,0.0,2.0,0.0,0.0,1.0,1.0,5892.0,7910.0,22.0,5432.0,6325.0,32.0,460.0,1585.0,-10.0,0.0,8.0,1.0,1.0,2.0,2.0
ESPORTSTMNT04_2692230,complete,,EM,2023,Summer,0,2023-08-14 15:55:38,1,13.14,6,Red,top,Eyliph,oe:player:4b20700639bada36a5a58cc4a8e7135,Anorthosis Famagusta Esports,oe:team:5f1bc4a914b49c7b7ff4c2f1b8d8df9,Renekton,Maokai,Rumble,Rell,Gragas,Jax,,,,,,1746,0,0,4,3,3,15,0.0,0.0,0.0,0.0,0.0,0.0,0.0,1.0,0.1031,0.6186,,,,,,,,,,,,,,,,,,,,,0.0,0.0,,,,,,,,0.0,0.0,14160.0,486.5979,0.275229,790.0,588.7285,10.0,0.3436,6.0,0.2062,5.0,33.0,1.134,10479,6642,228.2474,0.207836,10300.0,,,232.0,224.0,8.0,,,7.9725,3540.0,4867.0,87.0,3433.0,4867.0,88.0,107.0,0.0,-1.0,0.0,0.0,1.0,0.0,2.0,0.0,5478.0,7761.0,136.0,5087.0,7330.0,132.0,391.0,431.0,4.0,0.0,1.0,1.0,0.0,2.0,1.0,7299.0,10139.0,183.0,6727.0,9482.0,170.0,572.0,657.0,13.0,0.0,1.0,2.0,0.0,2.0,1.0,8629.0,12189.0,209.0,8693.0,12853.0,207.0,-64.0,-664.0,2.0,0.0,3.0,4.0,0.0,7.0,1.0
ESPORTSTMNT04_2692230,complete,,EM,2023,Summer,0,2023-08-14 15:55:38,1,13.14,7,Red,jng,SPOOKY,oe:player:11389d6d8a29729807c3cf528a98050,Anorthosis Famagusta Esports,oe:team:5f1bc4a914b49c7b7ff4c2f1b8d8df9,Diana,Maokai,Rumble,Rell,Gragas,Jax,,,,,,1746,0,1,3,2,3,15,0.0,0.0,0.0,0.0,0.0,0.0,0.0,0.0,0.1031,0.6186,,,,,,,,,,,,,,,,,,,,,0.0,0.0,,,,,,,,0.0,0.0,12275.0,421.8213,0.23859,689.2096,1070.6529,4.0,0.1375,8.0,0.2749,3.0,31.0,1.0653,11154,7317,251.4433,0.228959,10175.0,,,231.0,39.0,192.0,,,7.9381,3168.0,3365.0,64.0,3678.0,3158.0,64.0,-510.0,207.0,0.0,0.0,0.0,1.0,2.0,0.0,0.0,5201.0,5531.0,96.0,5463.0,5742.0,104.0,-262.0,-211.0,-8.0,0.0,1.0,1.0,2.0,0.0,0.0,6859.0,8018.0,141.0,7160.0,7864.0,131.0,-301.0,154.0,10.0,0.0,1.0,1.0,2.0,2.0,0.0,9389.0,10793.0,184.0,9568.0,12376.0,152.0,-179.0,-1583.0,32.0,1.0,2.0,2.0,4.0,6.0,1.0
ESPORTSTMNT04_2692230,complete,,EM,2023,Summer,0,2023-08-14 15:55:38,1,13.14,8,Red,mid,HAWHAW,oe:player:ae06413dcf80aa496ab8448d8ea586f,Anorthosis Famagusta Esports,oe:team:5f1bc4a914b49c7b7ff4c2f1b8d8df9,Jayce,Maokai,Rumble,Rell,Gragas,Jax,,,,,,1746,0,1,3,1,3,15,0.0,0.0,0.0,0.0,0.0,0.0,0.0,0.0,0.1031,0.6186,,,,,,,,,,,,,,,,,,,,,0.0,1.0,,,,,,,,0.0,1.0,12820.0,440.5498,0.249184,460.9966,338.5567,12.0,0.4124,5.0,0.1718,5.0,35.0,1.2027,11682,7845,269.5876,0.245482,11025.0,,,300.0,296.0,4.0,,,10.3093,3335.0,4567.0,91.0,3546.0,4904.0,81.0,-211.0,-337.0,10.0,0.0,0.0,1.0,1.0,1.0,0.0,6074.0,7509.0,152.0,5832.0,7868.0,137.0,242.0,-359.0,15.0,1.0,0.0,1.0,1.0,1.0,0.0,8154.0,10633.0,211.0,8682.0,11077.0,197.0,-528.0,-444.0,14.0,1.0,0.0,1.0,2.0,2.0,0.0,9901.0,13110.0,259.0,12326.0,15064.0,255.0,-2425.0,-1954.0,4.0,1.0,1.0,2.0,4.0,4.0,0.0
ESPORTSTMNT04_2692230,complete,,EM,2023,Summer,0,2023-08-14 15:55:38,1,13.14,9,Red,bot,GOLDENTO4ST,oe:player:5c58c2e986e8aec0ee6f2465823349a,Anorthosis Famagusta Esports,oe:team:5f1bc4a914b49c7b7ff4c2f1b8d8df9,Xayah,Maokai,Rumble,Rell,Gragas,Jax,,,,,,1746,0,0,2,0,3,15,0.0,0.0,0.0,0.0,0.0,0.0,0.0,0.0,0.1031,0.6186,,,,,,,,,,,,,,,,,,,,,0.0,0.0,,,,,,,,0.0,0.0,8753.0,300.7904,0.170133,294.7423,154.811,14.0,0.4811,10.0,0.3436,6.0,44.0,1.512,11561,7724,265.4296,0.241695,11250.0,,,287.0,271.0,16.0,,,9.8625,3396.0,3390.0,79.0,3610.0,3818.0,92.0,-214.0,-428.0,-13.0,0.0,0.0,0.0,0.0,2.0,0.0,5765.0,5841.0,139.0,5934.0,6445.0,158.0,-169.0,-604.0,-19.0,0.0,0.0,0.0,0.0,2.0,0.0,7726.0,7683.0,184.0,8269.0,8295.0,209.0,-543.0,-612.0,-25.0,0.0,0.0,0.0,1.0,2.0,0.0,9431.0,9930.0,233.0,11303.0,12060.0,258.0,-1872.0,-2130.0,-25.0,0.0,0.0,1.0,3.0,5.0,0.0
ESPORTSTMNT04_2692230,complete,,EM,2023,Summer,0,2023-08-14 15:55:38,1,13.14,10,Red,sup,iLEVI,oe:player:b226880189cb11f7da7a0c86544b556,Anorthosis Famagusta Esports,oe:team:5f1bc4a914b49c7b7ff4c2f1b8d8df9,Alistar,Maokai,Rumble,Rell,Gragas,Jax,,,,,,1746,0,1,3,2,3,15,0.0,0.0,0.0,0.0,0.0,0.0,0.0,0.0,0.1031,0.6186,,,,,,,,,,,,,,,,,,,,,0.0,0.0,,,,,,,,0.0,0.0,3440.0,118.2131,0.0668636,382.8866,826.3574,40.0,1.3746,11.0,0.378,10.0,79.0,2.7148,6267,2430,83.5052,0.0760288,5800.0,,,33.0,33.0,0.0,,,1.134,1986.0,1935.0,13.0,2140.0,1960.0,13.0,-154.0,-25.0,0.0,0.0,0.0,0.0,0.0,1.0,0.0,3171.0,3652.0,24.0,3244.0,3076.0,19.0,-73.0,576.0,5.0,0.0,1.0,0.0,0.0,1.0,0.0,4255.0,4722.0,30.0,4377.0,4833.0,22.0,-122.0,-111.0,8.0,0.0,1.0,1.0,0.0,2.0,0.0,5432.0,6325.0,32.0,5892.0,7910.0,22.0,-460.0,-1585.0,10.0,1.0,2.0,2.0,0.0,8.0,1.0
ESPORTSTMNT04_2692230,complete,,EM,2023,Summer,0,2023-08-14 15:55:38,1,13.14,100,Blue,team,,,Partizan Esports,oe:team:e42ade212c09777da0f54bffe481f6d,,Ivern,Poppy,Rakan,Sejuani,Gwen,Tristana,Kog'Maw,Braum,Ornn,Lillia,1746,1,15,3,40,15,3,1.0,0.0,0.0,0.0,1.0,,,,0.5155,0.6186,1.0,4.0,0.0,4.0,0.0,0.0,0.0,2.0,1.0,1.0,0.0,,0.0,0.0,0.0,1.0,1.0,,,1.0,1.0,0.0,0.0,9.0,3.0,1.0,1.0,5.0,6.0,1.0,0.0,59657.0,2050.0687,,2664.9141,3162.8866,91.0,3.1271,25.0,0.8591,31.0,215.0,7.3883,57700,38513,1323.4708,,52585.0,0.0797943,1.39,,850.0,181.0,,,35.4296,16407.0,18707.0,338.0,15425.0,18124.0,334.0,982.0,583.0,4.0,3.0,6.0,0.0,0.0,0.0,3.0,25560.0,30461.0,550.0,25689.0,30294.0,547.0,-129.0,167.0,3.0,3.0,6.0,1.0,1.0,3.0,3.0,35215.0,41551.0,729.0,34293.0,41195.0,749.0,922.0,356.0,-20.0,5.0,10.0,1.0,1.0,3.0,5.0,47782.0,60263.0,894.0,42782.0,52347.0,917.0,5000.0,7916.0,-23.0,11.0,30.0,3.0,3.0,8.0,11.0
ESPORTSTMNT04_2692230,complete,,EM,2023,Summer,0,2023-08-14 15:55:38,1,13.14,200,Red,team,,,Anorthosis Famagusta Esports,oe:team:5f1bc4a914b49c7b7ff4c2f1b8d8df9,,Maokai,Rumble,Rell,Gragas,Jax,Jayce,Xayah,Alistar,Renekton,Diana,1746,0,3,15,8,3,15,0.0,0.0,0.0,0.0,0.0,,,,0.1031,0.6186,0.0,0.0,4.0,0.0,4.0,0.0,0.0,0.0,0.0,0.0,0.0,,0.0,0.0,1.0,1.0,1.0,,,0.0,0.0,1.0,1.0,3.0,9.0,0.0,0.0,6.0,5.0,0.0,1.0,51448.0,1767.9725,,2617.8351,2979.1065,80.0,2.7491,40.0,1.3746,29.0,222.0,7.6289,51143,31956,1098.1443,,48550.0,-0.0797943,-1.39,,863.0,220.0,,,37.2165,15425.0,18124.0,334.0,16407.0,18707.0,338.0,-982.0,-583.0,-4.0,0.0,0.0,3.0,3.0,6.0,0.0,25689.0,30294.0,547.0,25560.0,30461.0,550.0,129.0,-167.0,-3.0,1.0,3.0,3.0,3.0,6.0,1.0,34293.0,41195.0,749.0,35215.0,41551.0,729.0,-922.0,-356.0,20.0,1.0,3.0,5.0,5.0,10.0,1.0,42782.0,52347.0,917.0,47782.0,60263.0,894.0,-5000.0,-7916.0,23.0,3.0,8.0,11.0,11.0,30.0,3.0
ESPORTSTMNT04_2692229,complete,,EM,2023,Summer,0,2023-08-14 16:04:34,1,13.14,1,Blue,top,StarScreen,oe:player:1bc0756ba9102abb5a7cd13d2b618aa,FUT Esports,oe:team:8df5e2c8825f60f136b2cbed5633a81,Malphite,Xayah,Ivern,Aatrox,Varus,Lillia,,,,,,2009,1,1,2,6,10,9,0.0,0.0,0.0,0.0,0.0,0.0,0.0,0.0,0.2987,0.5674,,,,,,,,,,,,,,,,,,,,,0.0,0.0,,,,,,,,0.0,0.0,15359.0,458.7058,0.16172,641.9612,1420.229,10.0,0.2987,12.0,0.3584,5.0,45.0,1.344,12237,7863,234.8333,0.197449,11575.0,,,273.0,269.0,4.0,,,8.1533,3230.0,4935.0,83.0,3357.0,4802.0,95.0,-127.0,133.0,-12.0,0.0,0.0,0.0,0.0,0.0,0.0,5517.0,7912.0,141.0,5473.0,7615.0,147.0,44.0,297.0,-6.0,1.0,1.0,0.0,0.0,0.0,1.0,7200.0,10262.0,185.0,7658.0,10619.0,202.0,-458.0,-357.0,-17.0,1.0,1.0,0.0,0.0,0.0,1.0,8606.0,11942.0,209.0,9868.0,13271.0,224.0,-1262.0,-1329.0,-15.0,1.0,3.0,1.0,2.0,3.0,1.0
ESPORTSTMNT04_2692229,complete,,EM,2023,Summer,0,2023-08-14 16:04:34,1,13.14,2,Blue,jng,Mojito,oe:player:d92b0904aa4f08f128aa8c6d2775056,FUT Esports,oe:team:8df5e2c8825f60f136b2cbed5633a81,Poppy,Xayah,Ivern,Aatrox,Varus,Lillia,,,,,,2009,1,2,3,5,10,9,0.0,0.0,0.0,0.0,1.0,0.0,1.0,0.0,0.2987,0.5674,,,,,,,,,,,,,,,,,,,,,0.0,1.0,,,,,,,,0.0,0.0,8591.0,256.5754,0.0904573,835.0722,1079.6117,12.0,0.3584,8.0,0.2389,12.0,45.0,1.344,10277,5903,176.2967,0.148231,9500.0,,,146.0,21.0,125.0,,,4.3604,3090.0,3353.0,54.0,2853.0,3104.0,58.0,237.0,249.0,-4.0,0.0,1.0,0.0,0.0,0.0,1.0,4668.0,4897.0,77.0,4173.0,5179.0,88.0,495.0,-282.0,-11.0,1.0,2.0,0.0,0.0,0.0,2.0,6256.0,7262.0,104.0,6060.0,7800.0,124.0,196.0,-538.0,-20.0,1.0,2.0,1.0,0.0,0.0,2.0,7348.0,8298.0,116.0,7601.0,10224.0,145.0,-253.0,-1926.0,-29.0,1.0,3.0,3.0,0.0,3.0,3.0
ESPORTSTMNT04_2692229,complete,,EM,2023,Summer,0,2023-08-14 16:04:34,1,13.14,3,Blue,mid,Tempt,oe:player:2861898294dd867b05fd28dca284e57,FUT Esports,oe:team:8df5e2c8825f60f136b2cbed5633a81,Jayce,Xayah,Ivern,Aatrox,Varus,Lillia,,,,,,2009,1,0,1,5,10,9,0.0,0.0,0.0,0.0,0.0,0.0,0.0,0.0,0.2987,0.5674,,,,,,,,,,,,,,,,,,,,,1.0,0.0,,,,,,,,0.0,0.0,21856.0,652.7427,0.230129,547.2275,431.7372,19.0,0.5674,14.0,0.4181,9.0,58.0,1.7322,13912,9538,284.8581,0.23951,12925.0,,,346.0,318.0,28.0,,,10.3335,3253.0,4302.0,82.0,3165.0,4595.0,84.0,88.0,-293.0,-2.0,0.0,0.0,0.0,0.0,0.0,0.0,5477.0,7441.0,142.0,4963.0,7439.0,140.0,514.0,2.0,2.0,0.0,2.0,0.0,0.0,0.0,0.0,8139.0,10610.0,209.0,7491.0,9969.0,194.0,648.0,641.0,15.0,0.0,2.0,0.0,0.0,1.0,0.0,9798.0,12605.0,245.0,10478.0,14146.0,232.0,-680.0,-1541.0,13.0,0.0,3.0,1.0,3.0,4.0,0.0
ESPORTSTMNT04_2692229,complete,,EM,2023,Summer,0,2023-08-14 16:04:34,1,13.14,4,Blue,bot,Kaori,oe:player:c63c7e0755b31f1effbdf2e1f831e7d,FUT Esports,oe:team:8df5e2c8825f60f136b2cbed5633a81,Kai'Sa,Xayah,Ivern,Aatrox,Varus,Lillia,,,,,,2009,1,7,1,2,10,9,2.0,0.0,0.0,0.0,1.0,1.0,0.0,0.0,0.2987,0.5674,,,,,,,,,,,,,,,,,,,,,0.0,0.0,,,,,,,,1.0,0.0,41825.0,1249.1289,0.440388,401.7521,272.434,36.0,1.0752,16.0,0.4778,9.0,74.0,2.2101,17370,12996,388.1334,0.326343,15275.0,,,328.0,304.0,24.0,,,9.7959,3589.0,3224.0,83.0,3228.0,3322.0,76.0,361.0,-98.0,7.0,1.0,0.0,0.0,0.0,0.0,0.0,5743.0,5836.0,148.0,5712.0,5619.0,133.0,31.0,217.0,15.0,1.0,1.0,0.0,0.0,0.0,0.0,8357.0,8571.0,209.0,7824.0,7627.0,183.0,533.0,944.0,26.0,1.0,1.0,0.0,0.0,0.0,0.0,10865.0,10303.0,250.0,10272.0,9962.0,209.0,593.0,341.0,41.0,3.0,1.0,1.0,2.0,1.0,1.0
ESPORTSTMNT04_2692229,complete,,EM,2023,Summer,0,2023-08-14 16:04:34,1,13.14,5,Blue,sup,Asper,oe:player:29e873916dcb14c9feb6b85d253cb87,FUT Esports,oe:team:8df5e2c8825f60f136b2cbed5633a81,Nautilus,Xayah,Ivern,Aatrox,Varus,Lillia,,,,,,2009,1,0,2,9,10,9,0.0,0.0,0.0,0.0,1.0,0.0,1.0,0.0,0.2987,0.5674,,,,,,,,,,,,,,,,,,,,,0.0,0.0,,,,,,,,0.0,0.0,7342.0,219.2733,0.0773062,309.8556,563.0264,59.0,1.7621,7.0,0.2091,20.0,104.0,3.106,7897,3523,105.2165,0.088467,6850.0,,,39.0,39.0,0.0,,,1.1648,2184.0,2350.0,14.0,1951.0,2439.0,12.0,233.0,-89.0,2.0,0.0,1.0,0.0,0.0,0.0,0.0,3405.0,3751.0,26.0,3072.0,4133.0,24.0,333.0,-382.0,2.0,0.0,2.0,0.0,0.0,0.0,0.0,4439.0,4989.0,30.0,4454.0,5322.0,30.0,-15.0,-333.0,0.0,0.0,2.0,0.0,1.0,0.0,0.0,5426.0,6383.0,31.0,6025.0,8073.0,34.0,-599.0,-1690.0,-3.0,0.0,4.0,2.0,1.0,6.0,0.0
ESPORTSTMNT04_2692229,complete,,EM,2023,Summer,0,2023-08-14 16:04:34,1,13.14,6,Red,top,Robocop,oe:player:bf0fcdb863d11c4f6e7802f434de734,Entropiq,oe:team:06554c70cfe8a6be14b004b3c18abe6,Renekton,Rumble,Maokai,Sejuani,Jax,Ornn,,,,,,2009,0,2,3,3,9,10,0.0,0.0,0.0,0.0,0.0,0.0,0.0,0.0,0.2688,0.5674,,,,,,,,,,,,,,,,,,,,,0.0,0.0,,,,,,,,0.0,0.0,13084.0,390.7616,0.208119,1089.0791,922.1603,18.0,0.5376,6.0,0.1792,7.0,32.0,0.9557,12443,8069,240.9856,0.223122,12375.0,,,278.0,274.0,4.0,,,8.3026,3357.0,4802.0,95.0,3230.0,4935.0,83.0,127.0,-133.0,12.0,0.0,0.0,0.0,0.0,0.0,0.0,5473.0,7615.0,147.0,5517.0,7912.0,141.0,-44.0,-297.0,6.0,0.0,0.0,1.0,1.0,1.0,0.0,7658.0,10619.0,202.0,7200.0,10262.0,185.0,458.0,357.0,17.0,0.0,0.0,1.0,1.0,1.0,0.0,9868.0,13271.0,224.0,8606.0,11942.0,209.0,1262.0,1329.0,15.0,2.0,3.0,1.0,1.0,3.0,1.0
ESPORTSTMNT04_2692229,complete,,EM,2023,Summer,0,2023-08-14 16:04:34,1,13.14,7,Red,jng,Zicssi,oe:player:060e16e1c91434827c294bac52e8b47,Entropiq,oe:team:06554c70cfe8a6be14b004b3c18abe6,Rell,Rumble,Maokai,Sejuani,Jax,Ornn,,,,,,2009,0,0,3,4,9,10,0.0,0.0,0.0,0.0,0.0,0.0,0.0,1.0,0.2688,0.5674,,,,,,,,,,,,,,,,,,,,,1.0,0.0,,,,,,,,0.0,0.0,7202.0,215.0921,0.114557,878.1981,1653.5391,11.0,0.3285,10.0,0.2987,9.0,48.0,1.4335,9689,5315,158.7357,0.14697,9375.0,,,180.0,15.0,165.0,,,5.3758,2853.0,3104.0,58.0,3090.0,3353.0,54.0,-237.0,-249.0,4.0,0.0,0.0,1.0,0.0,1.0,0.0,4173.0,5179.0,88.0,4668.0,4897.0,77.0,-495.0,282.0,11.0,0.0,0.0,2.0,1.0,2.0,0.0,6060.0,7800.0,124.0,6256.0,7262.0,104.0,-196.0,538.0,20.0,0.0,0.0,2.0,1.0,2.0,1.0,7601.0,10224.0,145.0,7348.0,8298.0,116.0,253.0,1926.0,29.0,0.0,3.0,3.0,1.0,3.0,3.0
ESPORTSTMNT04_2692229,complete,,EM,2023,Summer,0,2023-08-14 16:04:34,1,13.14,8,Red,mid,Jackies,oe:player:204746c853a12888ad72d8035cdf8c7,Entropiq,oe:team:06554c70cfe8a6be14b004b3c18abe6,LeBlanc,Rumble,Maokai,Sejuani,Jax,Ornn,,,,,,2009,0,3,1,5,9,10,0.0,0.0,0.0,0.0,0.0,0.0,0.0,0.0,0.2688,0.5674,,,,,,,,,,,,,,,,,,,,,0.0,1.0,,,,,,,,0.0,0.0,27434.0,819.333,0.436375,607.0483,341.6028,13.0,0.3883,8.0,0.2389,2.0,36.0,1.0752,13746,9372,279.9004,0.259152,14550.0,,,286.0,282.0,4.0,,,8.5416,3165.0,4595.0,84.0,3253.0,4302.0,82.0,-88.0,293.0,2.0,0.0,0.0,0.0,0.0,0.0,0.0,4963.0,7439.0,140.0,5477.0,7441.0,142.0,-514.0,-2.0,-2.0,0.0,0.0,0.0,0.0,2.0,0.0,7491.0,9969.0,194.0,8139.0,10610.0,209.0,-648.0,-641.0,-15.0,0.0,1.0,0.0,0.0,2.0,0.0,10478.0,14146.0,232.0,9798.0,12605.0,245.0,680.0,1541.0,-13.0,3.0,4.0,0.0,0.0,3.0,1.0
ESPORTSTMNT04_2692229,complete,,EM,2023,Summer,0,2023-08-14 16:04:34,1,13.14,9,Red,bot,Khantos,oe:player:58cff57941b3605087bb9208b3d76d0,Entropiq,oe:team:06554c70cfe8a6be14b004b3c18abe6,Tristana,Rumble,Maokai,Sejuani,Jax,Ornn,,,,,,2009,0,3,2,1,9,10,0.0,0.0,0.0,0.0,0.0,0.0,0.0,0.0,0.2688,0.5674,,,,,,,,,,,,,,,,,,,,,0.0,0.0,,,,,,,,0.0,1.0,9596.0,286.5903,0.152637,482.5983,254.216,16.0,0.4778,5.0,0.1493,6.0,30.0,0.896,14403,10029,299.5222,0.27732,13750.0,,,293.0,273.0,20.0,,,8.7506,3228.0,3322.0,76.0,3589.0,3224.0,83.0,-361.0,98.0,-7.0,0.0,0.0,0.0,1.0,0.0,0.0,5712.0,5619.0,133.0,5743.0,5836.0,148.0,-31.0,-217.0,-15.0,0.0,0.0,0.0,1.0,1.0,0.0,7824.0,7627.0,183.0,8357.0,8571.0,209.0,-533.0,-944.0,-26.0,0.0,0.0,0.0,1.0,1.0,0.0,10272.0,9962.0,209.0,10865.0,10303.0,250.0,-593.0,-341.0,-41.0,2.0,1.0,1.0,3.0,1.0,1.0
ESPORTSTMNT04_2692229,complete,,EM,2023,Summer,0,2023-08-14 16:04:34,1,13.14,10,Red,sup,denyk,oe:player:9adc23fff49c05d7b22cfd79ca1841d,Entropiq,oe:team:06554c70cfe8a6be14b004b3c18abe6,Braum,Rumble,Maokai,Sejuani,Jax,Ornn,,,,,,2009,0,1,1,7,9,10,0.0,0.0,0.0,0.0,0.0,0.0,0.0,0.0,0.2688,0.5674,,,,,,,,,,,,,,,,,,,,,0.0,0.0,,,,,,,,0.0,0.0,5552.0,165.8138,0.088312,539.4027,540.4778,63.0,1.8815,13.0,0.3883,19.0,108.0,3.2255,7753,3379,100.9159,0.093436,7175.0,,,41.0,41.0,0.0,,,1.2245,1951.0,2439.0,12.0,2184.0,2350.0,14.0,-233.0,89.0,-2.0,0.0,0.0,0.0,0.0,1.0,0.0,3072.0,4133.0,24.0,3405.0,3751.0,26.0,-333.0,382.0,-2.0,0.0,0.0,0.0,0.0,2.0,0.0,4454.0,5322.0,30.0,4439.0,4989.0,30.0,15.0,333.0,0.0,1.0,0.0,0.0,0.0,2.0,0.0,6025.0,8073.0,34.0,5426.0,6383.0,31.0,599.0,1690.0,3.0,1.0,6.0,0.0,0.0,4.0,2.0
ESPORTSTMNT04_2692229,complete,,EM,2023,Summer,0,2023-08-14 16:04:34,1,13.14,100,Blue,team,,,FUT Esports,oe:team:8df5e2c8825f60f136b2cbed5633a81,,Xayah,Ivern,Aatrox,Varus,Lillia,Kai'Sa,Poppy,Jayce,Malphite,Nautilus,2009,1,10,9,27,10,9,2.0,0.0,0.0,0.0,1.0,,,,0.2987,0.5674,0.0,3.0,2.0,3.0,2.0,0.0,0.0,0.0,3.0,0.0,0.0,,0.0,0.0,1.0,1.0,1.0,,,0.0,1.0,1.0,1.0,9.0,5.0,1.0,1.0,4.0,5.0,1.0,0.0,94973.0,2836.4261,,2735.8686,3767.0383,136.0,4.0617,57.0,1.7023,55.0,326.0,9.7362,61693,39823,1189.338,,56125.0,-0.0194089,0.51,,951.0,181.0,,,33.8079,15346.0,18164.0,316.0,14554.0,18262.0,325.0,792.0,-98.0,-9.0,1.0,2.0,0.0,0.0,0.0,1.0,24810.0,29837.0,534.0,23393.0,29985.0,532.0,1417.0,-148.0,2.0,3.0,8.0,0.0,0.0,0.0,3.0,34391.0,41694.0,737.0,33487.0,41337.0,733.0,904.0,357.0,4.0,3.0,8.0,1.0,1.0,1.0,3.0,42043.0,49531.0,851.0,44244.0,55676.0,844.0,-2201.0,-6145.0,7.0,5.0,14.0,8.0,8.0,17.0,5.0
ESPORTSTMNT04_2692229,complete,,EM,2023,Summer,0,2023-08-14 16:04:34,1,13.14,200,Red,team,,,Entropiq,oe:team:06554c70cfe8a6be14b004b3c18abe6,,Rumble,Maokai,Sejuani,Jax,Ornn,Rell,Tristana,Renekton,LeBlanc,Braum,2009,0,9,10,20,9,10,0.0,0.0,0.0,0.0,0.0,,,,0.2688,0.5674,1.0,2.0,3.0,2.0,3.0,0.0,0.0,1.0,0.0,1.0,0.0,,0.0,0.0,0.0,1.0,1.0,,,1.0,1.0,1.0,0.0,5.0,9.0,0.0,0.0,5.0,4.0,0.0,1.0,62868.0,1877.5908,,3596.3265,3711.996,121.0,3.6137,42.0,1.2544,43.0,254.0,7.5859,58034,36164,1080.0597,,57225.0,0.0194089,-0.51,,885.0,193.0,,,32.1951,14554.0,18262.0,325.0,15346.0,18164.0,316.0,-792.0,98.0,9.0,0.0,0.0,1.0,1.0,2.0,0.0,23393.0,29985.0,532.0,24810.0,29837.0,534.0,-1417.0,148.0,-2.0,0.0,0.0,3.0,3.0,8.0,0.0,33487.0,41337.0,733.0,34391.0,41694.0,737.0,-904.0,-357.0,-4.0,1.0,1.0,3.0,3.0,8.0,1.0,44244.0,55676.0,844.0,42043.0,49531.0,851.0,2201.0,6145.0,-7.0,8.0,17.0,5.0,5.0,14.0,8.0
ESPORTSTMNT04_2694185,complete,,EM,2023,Summer,0,2023-08-14 16:13:06,1,13.14,1,Blue,top,Robba,oe:player:0a08034cdc4feac55c0bdfbc0f300db,KRC Genk Esports,oe:team:01a959b2a20ca77057e580ec051aa3e,Aatrox,Rell,Jax,Maokai,Xayah,Alistar,,,,,,2128,1,8,0,6,17,7,2.0,1.0,0.0,0.0,0.0,0.0,0.0,0.0,0.4793,0.6767,,,,,,,,,,,,,,,,,,,,,0.0,0.0,,,,,,,,0.0,0.0,22793.0,642.6598,0.276933,542.5376,448.844,16.0,0.4511,14.0,0.3947,3.0,54.0,1.5226,17625,13008,366.7669,0.267862,15325.0,,,326.0,309.0,17.0,,,9.1917,3130.0,4775.0,78.0,3442.0,5027.0,93.0,-312.0,-252.0,-15.0,0.0,0.0,0.0,0.0,0.0,0.0,5786.0,7856.0,133.0,5569.0,7487.0,143.0,217.0,369.0,-10.0,1.0,0.0,0.0,0.0,0.0,1.0,8366.0,11604.0,196.0,7631.0,10019.0,192.0,735.0,1585.0,4.0,2.0,0.0,0.0,0.0,0.0,2.0,11381.0,15295.0,243.0,9902.0,13196.0,249.0,1479.0,2099.0,-6.0,5.0,0.0,0.0,0.0,0.0,2.0
ESPORTSTMNT04_2694185,complete,,EM,2023,Summer,0,2023-08-14 16:13:06,1,13.14,2,Blue,jng,Guertas,oe:player:66dfc0444c571e87d4442178fee3ab4,KRC Genk Esports,oe:team:01a959b2a20ca77057e580ec051aa3e,Sejuani,Rell,Jax,Maokai,Xayah,Alistar,,,,,,2128,1,0,0,11,17,7,0.0,0.0,0.0,0.0,0.0,0.0,0.0,0.0,0.4793,0.6767,,,,,,,,,,,,,,,,,,,,,2.0,0.0,,,,,,,,0.0,0.0,7647.0,215.6109,0.0929105,1113.1579,1125.282,14.0,0.3947,20.0,0.5639,12.0,70.0,1.9737,11699,7082,199.6805,0.145836,10250.0,,,197.0,31.0,166.0,,,5.5545,3328.0,3714.0,70.0,3292.0,3496.0,67.0,36.0,218.0,3.0,0.0,0.0,0.0,0.0,1.0,0.0,4967.0,5466.0,96.0,4804.0,5659.0,101.0,163.0,-193.0,-5.0,0.0,0.0,0.0,0.0,2.0,0.0,6489.0,7774.0,132.0,6304.0,7690.0,124.0,185.0,84.0,8.0,0.0,0.0,0.0,0.0,3.0,0.0,7957.0,10589.0,157.0,7552.0,9745.0,140.0,405.0,844.0,17.0,0.0,2.0,0.0,0.0,4.0,1.0
ESPORTSTMNT04_2694185,complete,,EM,2023,Summer,0,2023-08-14 16:13:06,1,13.14,3,Blue,mid,Mikkel,oe:player:b2c05a26758d82a8643a27eec405dcb,KRC Genk Esports,oe:team:01a959b2a20ca77057e580ec051aa3e,Yone,Rell,Jax,Maokai,Xayah,Alistar,,,,,,2128,1,1,3,6,17,7,0.0,0.0,0.0,0.0,0.0,0.0,0.0,0.0,0.4793,0.6767,,,,,,,,,,,,,,,,,,,,,0.0,0.0,,,,,,,,1.0,0.0,25401.0,716.1936,0.30862,849.5301,1046.9267,8.0,0.2256,7.0,0.1974,2.0,30.0,0.8459,15330,10713,302.0583,0.220604,14750.0,,,358.0,312.0,46.0,,,10.094,3427.0,4958.0,97.0,3490.0,5004.0,100.0,-63.0,-46.0,-3.0,0.0,0.0,0.0,0.0,0.0,0.0,5539.0,8078.0,163.0,5897.0,7648.0,159.0,-358.0,430.0,4.0,0.0,0.0,0.0,1.0,0.0,0.0,7423.0,10447.0,207.0,8387.0,10540.0,217.0,-964.0,-93.0,-10.0,0.0,0.0,1.0,2.0,0.0,0.0,9498.0,13910.0,252.0,10441.0,13361.0,264.0,-943.0,549.0,-12.0,0.0,2.0,2.0,3.0,0.0,0.0
ESPORTSTMNT04_2694185,complete,,EM,2023,Summer,0,2023-08-14 16:13:06,1,13.14,4,Blue,bot,Orion,oe:player:915901c2ffafe3ee9245c3ef30ec5b4,KRC Genk Esports,oe:team:01a959b2a20ca77057e580ec051aa3e,Kai'Sa,Rell,Jax,Maokai,Xayah,Alistar,,,,,,2128,1,8,1,3,17,7,3.0,1.0,0.0,0.0,0.0,0.0,0.0,1.0,0.4793,0.6767,,,,,,,,,,,,,,,,,,,,,0.0,0.0,,,,,,,,1.0,0.0,22144.0,624.3609,0.269048,278.0075,186.4568,22.0,0.6203,17.0,0.4793,10.0,54.0,1.5226,18544,13927,392.6786,0.286786,16250.0,,,393.0,362.0,31.0,,,11.0808,3231.0,3159.0,83.0,3767.0,3646.0,96.0,-536.0,-487.0,-13.0,0.0,0.0,1.0,0.0,1.0,0.0,5666.0,5874.0,144.0,5653.0,6106.0,147.0,13.0,-232.0,-3.0,0.0,0.0,1.0,0.0,2.0,0.0,7928.0,8511.0,206.0,7908.0,9126.0,214.0,20.0,-615.0,-8.0,0.0,0.0,1.0,0.0,2.0,0.0,10449.0,12390.0,271.0,9210.0,10414.0,242.0,1239.0,1976.0,29.0,0.0,2.0,1.0,0.0,2.0,1.0
ESPORTSTMNT04_2694185,complete,,EM,2023,Summer,0,2023-08-14 16:13:06,1,13.14,5,Blue,sup,Robertoos,oe:player:3ecce3085c6886d516d2b8659880394,KRC Genk Esports,oe:team:01a959b2a20ca77057e580ec051aa3e,Leona,Rell,Jax,Maokai,Xayah,Alistar,,,,,,2128,1,0,3,10,17,7,0.0,0.0,0.0,0.0,0.0,0.0,0.0,0.0,0.4793,0.6767,,,,,,,,,,,,,,,,,,,,,0.0,0.0,,,,,,,,0.0,0.0,4320.0,121.8045,0.0524877,446.109,487.6974,73.0,2.0583,12.0,0.3383,23.0,127.0,3.5808,8449,3832,108.0451,0.0789129,8125.0,,,39.0,39.0,0.0,,,1.0996,1968.0,2181.0,11.0,2589.0,2463.0,16.0,-621.0,-282.0,-5.0,0.0,0.0,0.0,1.0,0.0,0.0,3046.0,3305.0,22.0,3825.0,3714.0,28.0,-779.0,-409.0,-6.0,0.0,0.0,1.0,1.0,1.0,0.0,4361.0,4366.0,29.0,4838.0,5163.0,34.0,-477.0,-797.0,-5.0,0.0,1.0,1.0,1.0,2.0,0.0,5529.0,5819.0,32.0,5680.0,5835.0,36.0,-151.0,-16.0,-4.0,0.0,3.0,1.0,1.0,2.0,1.0
ESPORTSTMNT04_2694185,complete,,EM,2023,Summer,0,2023-08-14 16:13:06,1,13.14,6,Red,top,Banderas,oe:player:57abe5a8958c15444e9103873f8565a,WLGaming Esports,oe:team:b19ab22267512e77945cd498106dcf1,Fiora,LeBlanc,Renekton,Varus,Seraphine,Ziggs,,,,,,2128,0,1,4,1,7,17,0.0,0.0,0.0,0.0,0.0,0.0,0.0,0.0,0.1974,0.6767,,,,,,,,,,,,,,,,,,,,,0.0,0.0,,,,,,,,0.0,0.0,12121.0,341.7575,0.159868,939.8684,1002.3496,11.0,0.3102,5.0,0.141,1.0,29.0,0.8177,13927,9310,262.5,0.2502,13885.0,,,328.0,309.0,19.0,,,9.2481,3442.0,5027.0,93.0,3130.0,4775.0,78.0,312.0,252.0,15.0,0.0,0.0,0.0,0.0,0.0,0.0,5569.0,7487.0,143.0,5786.0,7856.0,133.0,-217.0,-369.0,10.0,0.0,0.0,1.0,1.0,0.0,0.0,7631.0,10019.0,192.0,8366.0,11604.0,196.0,-735.0,-1585.0,-4.0,0.0,0.0,2.0,2.0,0.0,0.0,9902.0,13196.0,249.0,11381.0,15295.0,243.0,-1479.0,-2099.0,6.0,0.0,0.0,2.0,5.0,0.0,0.0
ESPORTSTMNT04_2694185,complete,,EM,2023,Summer,0,2023-08-14 16:13:06,1,13.14,7,Red,jng,Bruness,oe:player:7471c21aed615dae3e49140eca8ce89,WLGaming Esports,oe:team:b19ab22267512e77945cd498106dcf1,Trundle,LeBlanc,Renekton,Varus,Seraphine,Ziggs,,,,,,2128,0,0,3,7,7,17,0.0,0.0,0.0,0.0,1.0,0.0,1.0,0.0,0.1974,0.6767,,,,,,,,,,,,,,,,,,,,,0.0,2.0,,,,,,,,0.0,0.0,9059.0,255.4229,0.119482,964.8778,1017.6598,11.0,0.3102,12.0,0.3383,11.0,52.0,1.4662,9683,5066,142.8383,0.136149,8625.0,,,158.0,21.0,137.0,,,4.4549,3292.0,3496.0,67.0,3328.0,3714.0,70.0,-36.0,-218.0,-3.0,0.0,1.0,0.0,0.0,0.0,0.0,4804.0,5659.0,101.0,4967.0,5466.0,96.0,-163.0,193.0,5.0,0.0,2.0,0.0,0.0,0.0,0.0,6304.0,7690.0,124.0,6489.0,7774.0,132.0,-185.0,-84.0,-8.0,0.0,3.0,0.0,0.0,0.0,0.0,7552.0,9745.0,140.0,7957.0,10589.0,157.0,-405.0,-844.0,-17.0,0.0,4.0,1.0,0.0,2.0,0.0
ESPORTSTMNT04_2694185,complete,,EM,2023,Summer,0,2023-08-14 16:13:06,1,13.14,8,Red,mid,ESCIK,oe:player:7e33124e33721ef8f70d2dd843b57da,WLGaming Esports,oe:team:b19ab22267512e77945cd498106dcf1,Azir,LeBlanc,Renekton,Varus,Seraphine,Ziggs,,,,,,2128,0,5,3,1,7,17,0.0,0.0,0.0,0.0,0.0,0.0,0.0,0.0,0.1974,0.6767,,,,,,,,,,,,,,,,,,,,,0.0,0.0,,,,,,,,0.0,1.0,27858.0,785.4699,0.367428,560.5827,462.7444,15.0,0.4229,6.0,0.1692,9.0,33.0,0.9305,14837,10220,288.1579,0.274655,14675.0,,,353.0,341.0,12.0,,,9.953,3490.0,5004.0,100.0,3427.0,4958.0,97.0,63.0,46.0,3.0,0.0,0.0,0.0,0.0,0.0,0.0,5897.0,7648.0,159.0,5539.0,8078.0,163.0,358.0,-430.0,-4.0,1.0,0.0,0.0,0.0,0.0,0.0,8387.0,10540.0,217.0,7423.0,10447.0,207.0,964.0,93.0,10.0,2.0,0.0,0.0,0.0,0.0,1.0,10441.0,13361.0,264.0,9498.0,13910.0,252.0,943.0,-549.0,12.0,3.0,0.0,0.0,0.0,2.0,2.0
ESPORTSTMNT04_2694185,complete,,EM,2023,Summer,0,2023-08-14 16:13:06,1,13.14,9,Red,bot,Woolite,oe:player:40fa7615556f33971d67c95a702fbcc,WLGaming Esports,oe:team:b19ab22267512e77945cd498106dcf1,Sivir,LeBlanc,Renekton,Varus,Seraphine,Ziggs,,,,,,2128,0,0,3,4,7,17,0.0,0.0,0.0,0.0,1.0,0.0,1.0,0.0,0.1974,0.6767,,,,,,,,,,,,,,,,,,,,,0.0,0.0,,,,,,,,0.0,1.0,22324.0,629.4361,0.294438,352.2744,199.1729,15.0,0.4229,11.0,0.3102,4.0,41.0,1.156,14477,9860,278.0075,0.26498,13500.0,,,393.0,365.0,28.0,,,11.0808,3767.0,3646.0,96.0,3231.0,3159.0,83.0,536.0,487.0,13.0,0.0,1.0,0.0,0.0,0.0,1.0,5653.0,6106.0,147.0,5666.0,5874.0,144.0,-13.0,232.0,3.0,0.0,2.0,0.0,0.0,0.0,1.0,7908.0,9126.0,214.0,7928.0,8511.0,206.0,-20.0,615.0,8.0,0.0,2.0,0.0,0.0,0.0,1.0,9210.0,10414.0,242.0,10449.0,12390.0,271.0,-1239.0,-1976.0,-29.0,0.0,2.0,1.0,0.0,2.0,1.0
ESPORTSTMNT04_2694185,complete,,EM,2023,Summer,0,2023-08-14 16:13:06,1,13.14,10,Red,sup,Bananitoo,oe:player:148e116847c069d852ad0696d4180fe,WLGaming Esports,oe:team:b19ab22267512e77945cd498106dcf1,Rakan,LeBlanc,Renekton,Varus,Seraphine,Ziggs,,,,,,2128,0,1,4,5,7,17,0.0,0.0,0.0,0.0,1.0,1.0,0.0,0.0,0.1974,0.6767,,,,,,,,,,,,,,,,,,,,,0.0,0.0,,,,,,,,0.0,0.0,4457.0,125.6673,0.0587847,436.8327,506.8421,72.0,2.0301,11.0,0.3102,11.0,117.0,3.2989,7371,2754,77.6504,0.0740171,6875.0,,,36.0,36.0,0.0,,,1.015,2589.0,2463.0,16.0,1968.0,2181.0,11.0,621.0,282.0,5.0,1.0,0.0,0.0,0.0,0.0,0.0,3825.0,3714.0,28.0,3046.0,3305.0,22.0,779.0,409.0,6.0,1.0,1.0,0.0,0.0,0.0,1.0,4838.0,5163.0,34.0,4361.0,4366.0,29.0,477.0,797.0,5.0,1.0,2.0,0.0,0.0,1.0,1.0,5680.0,5835.0,36.0,5529.0,5819.0,32.0,151.0,16.0,4.0,1.0,2.0,1.0,0.0,3.0,1.0
ESPORTSTMNT04_2694185,complete,,EM,2023,Summer,0,2023-08-14 16:13:06,1,13.14,100,Blue,team,,,KRC Genk Esports,oe:team:01a959b2a20ca77057e580ec051aa3e,,Rell,Jax,Maokai,Xayah,Alistar,Sejuani,Aatrox,Yone,Kai'Sa,Leona,2128,1,17,7,36,17,7,5.0,2.0,0.0,0.0,0.0,,,,0.4793,0.6767,1.0,4.0,1.0,4.0,1.0,0.0,1.0,0.0,0.0,3.0,0.0,,0.0,0.0,1.0,1.0,1.0,,,1.0,2.0,0.0,1.0,10.0,3.0,1.0,1.0,4.0,4.0,3.0,0.0,82305.0,2320.6297,,3229.3421,3295.2068,133.0,3.75,70.0,1.9737,50.0,335.0,9.4455,71647,48563,1369.2575,,64700.0,0.1168,0.66,,1053.0,260.0,,,37.0207,15084.0,18787.0,339.0,16580.0,19636.0,372.0,-1496.0,-849.0,-33.0,0.0,0.0,1.0,1.0,2.0,0.0,25004.0,30579.0,558.0,25748.0,30614.0,578.0,-744.0,-35.0,-20.0,1.0,0.0,2.0,2.0,5.0,1.0,34567.0,42702.0,770.0,35068.0,42538.0,781.0,-501.0,164.0,-11.0,2.0,1.0,3.0,3.0,7.0,2.0,44814.0,58003.0,955.0,42785.0,52551.0,931.0,2029.0,5452.0,24.0,5.0,9.0,4.0,4.0,8.0,5.0
ESPORTSTMNT04_2694185,complete,,EM,2023,Summer,0,2023-08-14 16:13:06,1,13.14,200,Red,team,,,WLGaming Esports,oe:team:b19ab22267512e77945cd498106dcf1,,LeBlanc,Renekton,Varus,Seraphine,Ziggs,Azir,Trundle,Fiora,Rakan,Sivir,2128,0,7,17,18,7,17,0.0,0.0,0.0,0.0,1.0,,,,0.1974,0.6767,0.0,1.0,4.0,1.0,4.0,0.0,0.0,0.0,0.0,0.0,1.0,,0.0,0.0,0.0,1.0,1.0,,,0.0,0.0,2.0,0.0,3.0,10.0,0.0,0.0,4.0,4.0,0.0,3.0,75819.0,2137.7538,,3254.4361,3188.7688,124.0,3.4962,45.0,1.2688,36.0,272.0,7.6692,60295,37211,1049.1823,,57560.0,-0.1168,-0.66,,1072.0,196.0,,,35.7519,16580.0,19636.0,372.0,15084.0,18787.0,339.0,1496.0,849.0,33.0,1.0,2.0,0.0,0.0,0.0,1.0,25748.0,30614.0,578.0,25004.0,30579.0,558.0,744.0,35.0,20.0,2.0,5.0,1.0,1.0,0.0,2.0,35068.0,42538.0,781.0,34567.0,42702.0,770.0,501.0,-164.0,11.0,3.0,7.0,2.0,2.0,1.0,3.0,42785.0,52551.0,931.0,44814.0,58003.0,955.0,-2029.0,-5452.0,-24.0,4.0,8.0,5.0,5.0,9.0,4.0
ESPORTSTMNT04_2693213,complete,,EM,2023,Summer,0,2023-08-14 16:50:10,1,13.14,1,Blue,top,Eyliph,oe:player:4b20700639bada36a5a58cc4a8e7135,Anorthosis Famagusta Esports,oe:team:5f1bc4a914b49c7b7ff4c2f1b8d8df9,Poppy,Jax,Braum,Rakan,Sejuani,Syndra,,,,,,1719,1,3,1,8,22,6,1.0,0.0,0.0,0.0,0.0,0.0,0.0,0.0,0.7679,0.9773,,,,,,,,,,,,,,,,,,,,,0.0,0.0,,,,,,,,0.0,0.0,12773.0,445.829,0.161316,774.4852,1413.5777,11.0,0.3839,3.0,0.1047,4.0,27.0,0.9424,10976,7194,251.0995,0.181103,9500.0,,,227.0,219.0,8.0,,,7.9232,3032.0,4441.0,79.0,3294.0,4645.0,85.0,-262.0,-204.0,-6.0,0.0,0.0,0.0,0.0,0.0,0.0,4498.0,6876.0,122.0,5531.0,7875.0,141.0,-1033.0,-999.0,-19.0,0.0,0.0,1.0,1.0,0.0,0.0,6511.0,9730.0,175.0,7292.0,10338.0,188.0,-781.0,-608.0,-13.0,0.0,1.0,1.0,1.0,0.0,1.0,8700.0,12976.0,205.0,8634.0,12254.0,216.0,66.0,722.0,-11.0,2.0,2.0,1.0,1.0,1.0,2.0
ESPORTSTMNT04_2693213,complete,,EM,2023,Summer,0,2023-08-14 16:50:10,1,13.14,2,Blue,jng,SPOOKY,oe:player:11389d6d8a29729807c3cf528a98050,Anorthosis Famagusta Esports,oe:team:5f1bc4a914b49c7b7ff4c2f1b8d8df9,Maokai,Jax,Braum,Rakan,Sejuani,Syndra,,,,,,1719,1,4,1,13,22,6,0.0,0.0,0.0,0.0,0.0,0.0,0.0,0.0,0.7679,0.9773,,,,,,,,,,,,,,,,,,,,,0.0,0.0,,,,,,,,0.0,0.0,19064.0,665.4101,0.240768,965.2705,861.1169,6.0,0.2094,6.0,0.2094,4.0,27.0,0.9424,11986,8204,286.3525,0.206531,10700.0,,,161.0,18.0,143.0,,,5.6195,3367.0,3408.0,65.0,3558.0,3716.0,72.0,-191.0,-308.0,-7.0,0.0,0.0,1.0,1.0,1.0,0.0,5499.0,5618.0,96.0,5471.0,6655.0,115.0,28.0,-1037.0,-19.0,1.0,2.0,1.0,1.0,2.0,0.0,7433.0,8193.0,129.0,7064.0,8960.0,152.0,369.0,-767.0,-23.0,1.0,4.0,1.0,1.0,2.0,0.0,10143.0,11252.0,149.0,8474.0,10492.0,169.0,1669.0,760.0,-20.0,3.0,7.0,1.0,2.0,2.0,1.0
ESPORTSTMNT04_2693213,complete,,EM,2023,Summer,0,2023-08-14 16:50:10,1,13.14,3,Blue,mid,HAWHAW,oe:player:ae06413dcf80aa496ab8448d8ea586f,Anorthosis Famagusta Esports,oe:team:5f1bc4a914b49c7b7ff4c2f1b8d8df9,Jayce,Jax,Braum,Rakan,Sejuani,Syndra,,,,,,1719,1,5,2,10,22,6,0.0,0.0,0.0,0.0,0.0,0.0,0.0,0.0,0.7679,0.9773,,,,,,,,,,,,,,,,,,,,,0.0,0.0,,,,,,,,0.0,0.0,19629.0,685.1309,0.247904,359.1623,245.829,13.0,0.4538,4.0,0.1396,4.0,51.0,1.7801,12908,9126,318.534,0.229742,11350.0,,,248.0,242.0,6.0,,,8.6562,3218.0,4511.0,84.0,3933.0,4930.0,94.0,-715.0,-419.0,-10.0,0.0,0.0,1.0,1.0,1.0,0.0,5311.0,7497.0,141.0,6199.0,7712.0,152.0,-888.0,-215.0,-11.0,1.0,0.0,1.0,1.0,1.0,0.0,7743.0,10647.0,198.0,8097.0,10708.0,209.0,-354.0,-61.0,-11.0,1.0,2.0,1.0,1.0,1.0,0.0,9928.0,13643.0,232.0,9642.0,12614.0,248.0,286.0,1029.0,-16.0,1.0,7.0,2.0,1.0,2.0,1.0
ESPORTSTMNT04_2693213,complete,,EM,2023,Summer,0,2023-08-14 16:50:10,1,13.14,4,Blue,bot,GOLDENTO4ST,oe:player:5c58c2e986e8aec0ee6f2465823349a,Anorthosis Famagusta Esports,oe:team:5f1bc4a914b49c7b7ff4c2f1b8d8df9,Xayah,Jax,Braum,Rakan,Sejuani,Syndra,,,,,,1719,1,9,1,7,22,6,3.0,0.0,0.0,0.0,1.0,1.0,0.0,0.0,0.7679,0.9773,,,,,,,,,,,,,,,,,,,,,1.0,0.0,,,,,,,,1.0,0.0,23008.0,803.0716,0.290578,494.4154,257.8709,9.0,0.3141,4.0,0.1396,0.0,18.0,0.6283,14950,11168,389.808,0.281151,12700.0,,,283.0,267.0,16.0,,,9.8778,3780.0,3680.0,86.0,2880.0,2837.0,69.0,900.0,843.0,17.0,1.0,0.0,0.0,0.0,0.0,1.0,6377.0,5848.0,135.0,4790.0,4966.0,110.0,1587.0,882.0,25.0,2.0,1.0,0.0,1.0,0.0,2.0,8785.0,8118.0,189.0,6565.0,7056.0,162.0,2220.0,1062.0,27.0,4.0,1.0,0.0,1.0,0.0,2.0,12021.0,11732.0,247.0,8202.0,8949.0,205.0,3819.0,2783.0,42.0,6.0,4.0,0.0,1.0,0.0,4.0
ESPORTSTMNT04_2693213,complete,,EM,2023,Summer,0,2023-08-14 16:50:10,1,13.14,5,Blue,sup,iLEVI,oe:player:b226880189cb11f7da7a0c86544b556,Anorthosis Famagusta Esports,oe:team:5f1bc4a914b49c7b7ff4c2f1b8d8df9,Alistar,Jax,Braum,Rakan,Sejuani,Syndra,,,,,,1719,1,1,1,19,22,6,0.0,0.0,0.0,0.0,1.0,0.0,1.0,0.0,0.7679,0.9773,,,,,,,,,,,,,,,,,,,,,0.0,0.0,,,,,,,,0.0,0.0,4706.0,164.2583,0.0594342,619.8953,698.6038,41.0,1.4311,10.0,0.349,10.0,87.0,3.0366,7813,4031,140.6981,0.101473,6800.0,,,35.0,35.0,0.0,,,1.2216,2247.0,2384.0,16.0,2098.0,2114.0,16.0,149.0,270.0,0.0,0.0,1.0,0.0,0.0,1.0,0.0,3548.0,3504.0,24.0,3099.0,2856.0,19.0,449.0,648.0,5.0,0.0,4.0,1.0,0.0,2.0,2.0,4725.0,5086.0,31.0,4311.0,4363.0,28.0,414.0,723.0,3.0,0.0,6.0,1.0,0.0,2.0,3.0,6172.0,7812.0,32.0,5218.0,5923.0,33.0,954.0,1889.0,-1.0,0.0,12.0,1.0,0.0,2.0,4.0
ESPORTSTMNT04_2693213,complete,,EM,2023,Summer,0,2023-08-14 16:50:10,1,13.14,6,Red,top,Boda,oe:player:a600b912c936aadcc1337cc2a3c928e,Nigma Galaxy,oe:team:c6aa23f2afcbe6fc281c7bb9b96c843,K'Sante,Ivern,Rumble,Rell,Renekton,Aatrox,,,,,,1719,0,1,4,2,6,22,0.0,0.0,0.0,0.0,0.0,0.0,0.0,0.0,0.2094,0.9773,,,,,,,,,,,,,,,,,,,,,0.0,0.0,,,,,,,,0.0,0.0,13505.0,471.3787,0.237484,998.185,1353.9965,11.0,0.3839,3.0,0.1047,5.0,26.0,0.9075,9323,5541,193.4031,0.205443,9125.0,,,222.0,222.0,0.0,,,7.7487,3294.0,4645.0,85.0,3032.0,4441.0,79.0,262.0,204.0,6.0,0.0,0.0,0.0,0.0,0.0,0.0,5531.0,7875.0,141.0,4498.0,6876.0,122.0,1033.0,999.0,19.0,1.0,0.0,0.0,0.0,0.0,1.0,7292.0,10338.0,188.0,6511.0,9730.0,175.0,781.0,608.0,13.0,1.0,0.0,1.0,0.0,1.0,1.0,8634.0,12254.0,216.0,8700.0,12976.0,205.0,-66.0,-722.0,11.0,1.0,1.0,2.0,2.0,2.0,1.0
ESPORTSTMNT04_2693213,complete,,EM,2023,Summer,0,2023-08-14 16:50:10,1,13.14,7,Red,jng,Pabu,oe:player:b0a4ae62486ca215c199e72698738b7,Nigma Galaxy,oe:team:c6aa23f2afcbe6fc281c7bb9b96c843,Viego,Ivern,Rumble,Rell,Renekton,Aatrox,,,,,,1719,0,3,2,2,6,22,0.0,0.0,0.0,0.0,0.0,0.0,0.0,0.0,0.2094,0.9773,,,,,,,,,,,,,,,,,,,,,0.0,0.0,,,,,,,,0.0,0.0,8226.0,287.1204,0.144653,798.3944,767.7836,7.0,0.2443,6.0,0.2094,6.0,29.0,1.0122,10405,6623,231.1693,0.245563,9608.0,,,186.0,21.0,165.0,,,6.4921,3558.0,3716.0,72.0,3367.0,3408.0,65.0,191.0,308.0,7.0,1.0,1.0,0.0,0.0,0.0,1.0,5471.0,6655.0,115.0,5499.0,5618.0,96.0,-28.0,1037.0,19.0,1.0,2.0,0.0,1.0,2.0,1.0,7064.0,8960.0,152.0,7433.0,8193.0,129.0,-369.0,767.0,23.0,1.0,2.0,0.0,1.0,4.0,1.0,8474.0,10492.0,169.0,10143.0,11252.0,149.0,-1669.0,-760.0,20.0,2.0,2.0,1.0,3.0,7.0,1.0
ESPORTSTMNT04_2693213,complete,,EM,2023,Summer,0,2023-08-14 16:50:10,1,13.14,8,Red,mid,Dehaste,oe:player:5f4898a107d2948045588584562be3f,Nigma Galaxy,oe:team:c6aa23f2afcbe6fc281c7bb9b96c843,Azir,Ivern,Rumble,Rell,Renekton,Aatrox,,,,,,1719,0,1,3,2,6,22,0.0,0.0,0.0,0.0,0.0,0.0,0.0,0.0,0.2094,0.9773,,,,,,,,,,,,,,,,,,,,,0.0,0.0,,,,,,,,0.0,0.0,16001.0,558.4991,0.281376,552.5654,374.171,9.0,0.3141,4.0,0.1396,0.0,20.0,0.6981,10756,6974,243.4206,0.258578,10250.0,,,273.0,256.0,17.0,,,9.5288,3933.0,4930.0,94.0,3218.0,4511.0,84.0,715.0,419.0,10.0,1.0,1.0,0.0,0.0,0.0,1.0,6199.0,7712.0,152.0,5311.0,7497.0,141.0,888.0,215.0,11.0,1.0,1.0,0.0,1.0,0.0,1.0,8097.0,10708.0,209.0,7743.0,10647.0,198.0,354.0,61.0,11.0,1.0,1.0,0.0,1.0,2.0,1.0,9642.0,12614.0,248.0,9928.0,13643.0,232.0,-286.0,-1029.0,16.0,1.0,2.0,1.0,1.0,7.0,2.0
ESPORTSTMNT04_2693213,complete,,EM,2023,Summer,0,2023-08-14 16:50:10,1,13.14,9,Red,bot,Rust,oe:player:f5e265d607cb720058fc166e00083fe,Nigma Galaxy,oe:team:c6aa23f2afcbe6fc281c7bb9b96c843,Kai'Sa,Ivern,Rumble,Rell,Renekton,Aatrox,,,,,,1719,0,1,6,1,6,22,0.0,0.0,0.0,0.0,0.0,0.0,0.0,1.0,0.2094,0.9773,,,,,,,,,,,,,,,,,,,,,0.0,1.0,,,,,,,,0.0,1.0,13877.0,484.363,0.244026,517.9756,282.4433,7.0,0.2443,2.0,0.0698,0.0,13.0,0.4538,9556,5774,201.5358,0.214083,9050.0,,,233.0,229.0,4.0,,,8.1326,2880.0,2837.0,69.0,3780.0,3680.0,86.0,-900.0,-843.0,-17.0,0.0,0.0,1.0,1.0,0.0,0.0,4790.0,4966.0,110.0,6377.0,5848.0,135.0,-1587.0,-882.0,-25.0,1.0,0.0,2.0,2.0,1.0,0.0,6565.0,7056.0,162.0,8785.0,8118.0,189.0,-2220.0,-1062.0,-27.0,1.0,0.0,2.0,4.0,1.0,0.0,8202.0,8949.0,205.0,12021.0,11732.0,247.0,-3819.0,-2783.0,-42.0,1.0,0.0,4.0,6.0,4.0,0.0
ESPORTSTMNT04_2693213,complete,,EM,2023,Summer,0,2023-08-14 16:50:10,1,13.14,10,Red,sup,Klownz,oe:player:1c6282fdf403e4e63f3b339d0bca034,Nigma Galaxy,oe:team:c6aa23f2afcbe6fc281c7bb9b96c843,Nautilus,Ivern,Rumble,Rell,Renekton,Aatrox,,,,,,1719,0,0,7,3,6,22,0.0,0.0,0.0,0.0,0.0,0.0,0.0,0.0,0.2094,0.9773,,,,,,,,,,,,,,,,,,,,,0.0,0.0,,,,,,,,0.0,0.0,5258.0,183.5253,0.0924614,583.4206,764.9913,28.0,0.9773,12.0,0.4188,9.0,73.0,2.548,5841,2059,71.8674,0.076333,5675.0,,,35.0,35.0,0.0,,,1.2216,2098.0,2114.0,16.0,2247.0,2384.0,16.0,-149.0,-270.0,0.0,0.0,1.0,0.0,0.0,1.0,0.0,3099.0,2856.0,19.0,3548.0,3504.0,24.0,-449.0,-648.0,-5.0,0.0,2.0,2.0,0.0,4.0,1.0,4311.0,4363.0,28.0,4725.0,5086.0,31.0,-414.0,-723.0,-3.0,0.0,2.0,3.0,0.0,6.0,1.0,5218.0,5923.0,33.0,6172.0,7812.0,32.0,-954.0,-1889.0,1.0,0.0,2.0,4.0,0.0,12.0,1.0
ESPORTSTMNT04_2693213,complete,,EM,2023,Summer,0,2023-08-14 16:50:10,1,13.14,100,Blue,team,,,Anorthosis Famagusta Esports,oe:team:5f1bc4a914b49c7b7ff4c2f1b8d8df9,,Jax,Braum,Rakan,Sejuani,Syndra,Maokai,Xayah,Alistar,Jayce,Poppy,1719,1,22,6,57,22,6,4.0,0.0,0.0,0.0,1.0,,,,0.7679,0.9773,0.0,3.0,1.0,3.0,1.0,0.0,2.0,0.0,1.0,0.0,0.0,,0.0,0.0,1.0,2.0,0.0,,,1.0,1.0,0.0,1.0,9.0,1.0,1.0,1.0,5.0,4.0,1.0,0.0,79180.0,2763.6998,,3213.2286,3476.9983,80.0,2.7923,27.0,0.9424,22.0,210.0,7.3298,58633,39721,1386.4223,,51050.0,0.154963,1.31,,781.0,173.0,,,33.2984,15644.0,18424.0,330.0,15763.0,18242.0,336.0,-119.0,182.0,-6.0,1.0,1.0,2.0,2.0,3.0,1.0,25233.0,29343.0,518.0,25090.0,30064.0,537.0,143.0,-721.0,-19.0,4.0,7.0,4.0,4.0,5.0,4.0,35197.0,41774.0,722.0,33329.0,41425.0,739.0,1868.0,349.0,-17.0,6.0,14.0,4.0,4.0,5.0,6.0,46964.0,57415.0,865.0,40170.0,50232.0,871.0,6794.0,7183.0,-6.0,12.0,32.0,5.0,5.0,7.0,12.0
ESPORTSTMNT04_2693213,complete,,EM,2023,Summer,0,2023-08-14 16:50:10,1,13.14,200,Red,team,,,Nigma Galaxy,oe:team:c6aa23f2afcbe6fc281c7bb9b96c843,,Ivern,Rumble,Rell,Renekton,Aatrox,Kai'Sa,Nautilus,K'Sante,Viego,Azir,1719,0,6,22,10,6,22,0.0,0.0,0.0,0.0,0.0,,,,0.2094,0.9773,1.0,1.0,3.0,1.0,3.0,1.0,0.0,0.0,0.0,0.0,0.0,,0.0,0.0,0.0,0.0,2.0,,,0.0,0.0,1.0,0.0,1.0,9.0,0.0,0.0,4.0,5.0,0.0,1.0,56867.0,1984.8866,,3450.541,3543.3857,62.0,2.164,27.0,0.9424,20.0,161.0,5.6195,45881,26969,941.3264,,43708.0,-0.154963,-1.31,,763.0,186.0,,,33.1239,15763.0,18242.0,336.0,15644.0,18424.0,330.0,119.0,-182.0,6.0,2.0,3.0,1.0,1.0,1.0,2.0,25090.0,30064.0,537.0,25233.0,29343.0,518.0,-143.0,721.0,19.0,4.0,5.0,4.0,4.0,7.0,4.0,33329.0,41425.0,739.0,35197.0,41774.0,722.0,-1868.0,-349.0,17.0,4.0,5.0,6.0,6.0,14.0,4.0,40170.0,50232.0,871.0,46964.0,57415.0,865.0,-6794.0,-7183.0,6.0,5.0,7.0,12.0,12.0,32.0,5.0
ESPORTSTMNT04_2692233,complete,,EM,2023,Summer,0,2023-08-14 16:58:20,1,13.14,1,Blue,top,Kektz,oe:player:f5ea6213c328518f2840a59bf48acec,Diamant Esports,oe:team:830f05a5024d0794bd8d5b598b2432b,Rumble,Ashe,Ezreal,Varus,Alistar,Renekton,,,,,,1760,1,6,1,7,17,4,1.0,0.0,0.0,0.0,1.0,0.0,1.0,0.0,0.5795,0.7159,,,,,,,,,,,,,,,,,,,,,0.0,0.0,,,,,,,,1.0,0.0,18801.0,640.9432,0.315432,590.25,784.4659,12.0,0.4091,3.0,0.1023,3.0,20.0,0.6818,13098,9232,314.7273,0.225072,12425.0,,,245.0,237.0,8.0,,,8.3523,4260.0,4916.0,86.0,2783.0,3974.0,67.0,1477.0,942.0,19.0,2.0,1.0,0.0,0.0,0.0,2.0,6120.0,7747.0,136.0,4406.0,6641.0,111.0,1714.0,1106.0,25.0,2.0,1.0,0.0,0.0,0.0,2.0,7777.0,10188.0,181.0,6091.0,9137.0,139.0,1686.0,1051.0,42.0,2.0,2.0,1.0,0.0,3.0,3.0,10512.0,14051.0,223.0,7312.0,10710.0,163.0,3200.0,3341.0,60.0,3.0,5.0,1.0,0.0,3.0,4.0
ESPORTSTMNT04_2692233,complete,,EM,2023,Summer,0,2023-08-14 16:58:20,1,13.14,2,Blue,jng,Mafro,oe:player:cd521f662fbbec89f03a900e7d9bb63,Diamant Esports,oe:team:830f05a5024d0794bd8d5b598b2432b,Maokai,Ashe,Ezreal,Varus,Alistar,Renekton,,,,,,1760,1,3,1,9,17,4,1.0,0.0,0.0,0.0,1.0,1.0,0.0,0.0,0.5795,0.7159,,,,,,,,,,,,,,,,,,,,,1.0,0.0,,,,,,,,0.0,0.0,10807.0,368.4205,0.181313,1048.4659,938.5568,9.0,0.3068,4.0,0.1364,6.0,26.0,0.8864,11491,7625,259.9432,0.185894,10050.0,,,172.0,16.0,156.0,,,5.8636,3700.0,3563.0,55.0,3030.0,3323.0,67.0,670.0,240.0,-12.0,1.0,2.0,0.0,0.0,0.0,1.0,5463.0,5797.0,94.0,4323.0,5353.0,95.0,1140.0,444.0,-1.0,1.0,2.0,0.0,0.0,0.0,1.0,7086.0,7871.0,119.0,6522.0,7885.0,126.0,564.0,-14.0,-7.0,1.0,3.0,1.0,2.0,1.0,1.0,9312.0,11312.0,148.0,7490.0,8998.0,136.0,1822.0,2314.0,12.0,1.0,5.0,1.0,2.0,1.0,2.0
ESPORTSTMNT04_2692233,complete,,EM,2023,Summer,0,2023-08-14 16:58:20,1,13.14,3,Blue,mid,Diva,oe:player:72de20c106a52f0aaf21bd650af81bd,Diamant Esports,oe:team:830f05a5024d0794bd8d5b598b2432b,Jayce,Ashe,Ezreal,Varus,Alistar,Renekton,,,,,,1760,1,7,2,4,17,4,2.0,0.0,0.0,0.0,1.0,0.0,1.0,0.0,0.5795,0.7159,,,,,,,,,,,,,,,,,,,,,0.0,0.0,,,,,,,,0.0,0.0,18558.0,632.6591,0.311355,429.0682,275.8295,7.0,0.2386,12.0,0.4091,4.0,39.0,1.3295,14875,11009,375.3068,0.268394,13800.0,,,277.0,256.0,21.0,,,9.4432,3399.0,4988.0,82.0,3226.0,4866.0,90.0,173.0,122.0,-8.0,0.0,2.0,0.0,0.0,0.0,0.0,5548.0,7965.0,143.0,5351.0,8166.0,151.0,197.0,-201.0,-8.0,0.0,2.0,0.0,0.0,0.0,0.0,8013.0,10661.0,187.0,8269.0,11453.0,216.0,-256.0,-792.0,-29.0,1.0,2.0,1.0,1.0,1.0,0.0,11995.0,14743.0,235.0,9867.0,13063.0,254.0,2128.0,1680.0,-19.0,5.0,2.0,1.0,1.0,1.0,1.0
ESPORTSTMNT04_2692233,complete,,EM,2023,Summer,0,2023-08-14 16:58:20,1,13.14,4,Blue,bot,Shy Carry,oe:player:af020342617bd4e5c5da5a4c31ff591,Diamant Esports,oe:team:830f05a5024d0794bd8d5b598b2432b,Sivir,Ashe,Ezreal,Varus,Alistar,Renekton,,,,,,1760,1,1,0,6,17,4,0.0,0.0,0.0,0.0,0.0,0.0,0.0,0.0,0.5795,0.7159,,,,,,,,,,,,,,,,,,,,,0.0,0.0,,,,,,,,0.0,0.0,9656.0,329.1818,0.162003,247.7727,122.1136,10.0,0.3409,6.0,0.2045,4.0,26.0,0.8864,13582,9716,331.2273,0.236872,12800.0,,,321.0,301.0,20.0,,,10.9432,3695.0,3685.0,92.0,3362.0,3445.0,89.0,333.0,240.0,3.0,0.0,0.0,0.0,0.0,0.0,0.0,5989.0,6200.0,152.0,5710.0,5720.0,142.0,279.0,480.0,10.0,0.0,0.0,0.0,0.0,0.0,0.0,7925.0,8509.0,208.0,7879.0,8776.0,209.0,46.0,-267.0,-1.0,0.0,0.0,0.0,0.0,0.0,0.0,11065.0,12683.0,274.0,10083.0,11067.0,264.0,982.0,1616.0,10.0,0.0,2.0,0.0,0.0,0.0,1.0
ESPORTSTMNT04_2692233,complete,,EM,2023,Summer,0,2023-08-14 16:58:20,1,13.14,5,Blue,sup,Wojtus,oe:player:a93e0326b85f0312cf1b451e175a7a0,Diamant Esports,oe:team:830f05a5024d0794bd8d5b598b2432b,Rakan,Ashe,Ezreal,Varus,Alistar,Renekton,,,,,,1760,1,0,0,8,17,4,0.0,0.0,0.0,0.0,0.0,0.0,0.0,0.0,0.5795,0.7159,,,,,,,,,,,,,,,,,,,,,0.0,0.0,,,,,,,,0.0,0.0,1782.0,60.75,0.0298973,242.0114,341.0795,38.0,1.2955,14.0,0.4773,9.0,98.0,3.3409,7302,3436,117.1364,0.0837681,6725.0,,,40.0,40.0,0.0,,,1.3636,2169.0,2515.0,14.0,2084.0,2315.0,14.0,85.0,200.0,0.0,0.0,0.0,0.0,0.0,0.0,0.0,3394.0,3705.0,26.0,3131.0,3329.0,21.0,263.0,376.0,5.0,0.0,0.0,0.0,0.0,0.0,0.0,4472.0,4921.0,35.0,4178.0,5104.0,26.0,294.0,-183.0,9.0,0.0,0.0,0.0,0.0,2.0,0.0,6036.0,6486.0,36.0,4996.0,5943.0,28.0,1040.0,543.0,8.0,0.0,2.0,0.0,0.0,2.0,1.0
ESPORTSTMNT04_2692233,complete,,EM,2023,Summer,0,2023-08-14 16:58:20,1,13.14,6,Red,top,Ryuto,oe:player:6d4cd67512d152a71a44885dab1ac15,BRUTE,oe:team:ddb6aa775eebeffd5cc41ba5c35c6a1,Akshan,Sejuani,Ivern,Kai'Sa,LeBlanc,Tristana,,,,,,1760,0,0,6,4,4,17,0.0,0.0,0.0,0.0,0.0,0.0,0.0,0.0,0.1364,0.7159,,,,,,,,,,,,,,,,,,,,,0.0,0.0,,,,,,,,0.0,1.0,8937.0,304.6705,0.216131,519.8864,331.875,10.0,0.3409,3.0,0.1023,0.0,24.0,0.8182,8569,4703,160.3295,0.171761,8350.0,,,184.0,176.0,8.0,,,6.2727,2783.0,3974.0,67.0,4260.0,4916.0,86.0,-1477.0,-942.0,-19.0,0.0,0.0,2.0,2.0,1.0,0.0,4406.0,6641.0,111.0,6120.0,7747.0,136.0,-1714.0,-1106.0,-25.0,0.0,0.0,2.0,2.0,1.0,0.0,6091.0,9137.0,139.0,7777.0,10188.0,181.0,-1686.0,-1051.0,-42.0,0.0,3.0,3.0,2.0,2.0,1.0,7312.0,10710.0,163.0,10512.0,14051.0,223.0,-3200.0,-3341.0,-60.0,0.0,3.0,4.0,3.0,5.0,1.0
ESPORTSTMNT04_2692233,complete,,EM,2023,Summer,0,2023-08-14 16:58:20,1,13.14,7,Red,jng,eaRyz,oe:player:a0cff4167fb5c141dd41760bcf18b6d,BRUTE,oe:team:ddb6aa775eebeffd5cc41ba5c35c6a1,Jarvan IV,Sejuani,Ivern,Kai'Sa,LeBlanc,Tristana,,,,,,1760,0,2,3,1,4,17,1.0,0.0,0.0,0.0,0.0,0.0,0.0,1.0,0.1364,0.7159,,,,,,,,,,,,,,,,,,,,,0.0,1.0,,,,,,,,0.0,0.0,4993.0,170.2159,0.12075,727.9091,891.9886,12.0,0.4091,8.0,0.2727,11.0,45.0,1.5341,8431,4565,155.625,0.166721,8375.0,,,154.0,27.0,127.0,,,5.25,3030.0,3323.0,67.0,3700.0,3563.0,55.0,-670.0,-240.0,12.0,0.0,0.0,1.0,1.0,2.0,0.0,4323.0,5353.0,95.0,5463.0,5797.0,94.0,-1140.0,-444.0,1.0,0.0,0.0,1.0,1.0,2.0,0.0,6522.0,7885.0,126.0,7086.0,7871.0,119.0,-564.0,14.0,7.0,2.0,1.0,1.0,1.0,3.0,1.0,7490.0,8998.0,136.0,9312.0,11312.0,148.0,-1822.0,-2314.0,-12.0,2.0,1.0,2.0,1.0,5.0,1.0
ESPORTSTMNT04_2692233,complete,,EM,2023,Summer,0,2023-08-14 16:58:20,1,13.14,8,Red,mid,Silk,oe:player:5d4533491a34d8306436b20deddc4d3,BRUTE,oe:team:ddb6aa775eebeffd5cc41ba5c35c6a1,Azir,Sejuani,Ivern,Kai'Sa,LeBlanc,Tristana,,,,,,1760,0,2,2,1,4,17,0.0,0.0,0.0,0.0,0.0,0.0,0.0,0.0,0.1364,0.7159,,,,,,,,,,,,,,,,,,,,,0.0,0.0,,,,,,,,0.0,0.0,15986.0,544.9773,0.386602,528.1023,366.5455,14.0,0.4773,12.0,0.4091,5.0,39.0,1.3295,12716,8850,301.7045,0.323217,12375.0,,,305.0,293.0,12.0,,,10.3977,3226.0,4866.0,90.0,3399.0,4988.0,82.0,-173.0,-122.0,8.0,0.0,0.0,0.0,0.0,2.0,0.0,5351.0,8166.0,151.0,5548.0,7965.0,143.0,-197.0,201.0,8.0,0.0,0.0,0.0,0.0,2.0,0.0,8269.0,11453.0,216.0,8013.0,10661.0,187.0,256.0,792.0,29.0,1.0,1.0,0.0,1.0,2.0,1.0,9867.0,13063.0,254.0,11995.0,14743.0,235.0,-2128.0,-1680.0,19.0,1.0,1.0,1.0,5.0,2.0,1.0
ESPORTSTMNT04_2692233,complete,,EM,2023,Summer,0,2023-08-14 16:58:20,1,13.14,9,Red,bot,raining,oe:player:ffa7f50db949da3f7ccec7e2c4ec4c6,BRUTE,oe:team:ddb6aa775eebeffd5cc41ba5c35c6a1,Xayah,Sejuani,Ivern,Kai'Sa,LeBlanc,Tristana,,,,,,1760,0,0,3,0,4,17,0.0,0.0,0.0,0.0,0.0,0.0,0.0,0.0,0.1364,0.7159,,,,,,,,,,,,,,,,,,,,,0.0,0.0,,,,,,,,0.0,0.0,8772.0,299.0455,0.21214,438.6136,210.4773,13.0,0.4432,5.0,0.1705,4.0,31.0,1.0568,11357,7491,255.375,0.273584,11200.0,,,295.0,279.0,16.0,,,10.0568,3362.0,3445.0,89.0,3695.0,3685.0,92.0,-333.0,-240.0,-3.0,0.0,0.0,0.0,0.0,0.0,0.0,5710.0,5720.0,142.0,5989.0,6200.0,152.0,-279.0,-480.0,-10.0,0.0,0.0,0.0,0.0,0.0,0.0,7879.0,8776.0,209.0,7925.0,8509.0,208.0,-46.0,267.0,1.0,0.0,0.0,0.0,0.0,0.0,0.0,10083.0,11067.0,264.0,11065.0,12683.0,274.0,-982.0,-1616.0,-10.0,0.0,0.0,1.0,0.0,2.0,0.0
ESPORTSTMNT04_2692233,complete,,EM,2023,Summer,0,2023-08-14 16:58:20,1,13.14,10,Red,sup,Peto,oe:player:3b32fe34a610a6a7e433b0741923b96,BRUTE,oe:team:ddb6aa775eebeffd5cc41ba5c35c6a1,Rell,Sejuani,Ivern,Kai'Sa,LeBlanc,Tristana,,,,,,1760,0,0,3,2,4,17,0.0,0.0,0.0,0.0,0.0,0.0,0.0,0.0,0.1364,0.7159,,,,,,,,,,,,,,,,,,,,,0.0,0.0,,,,,,,,0.0,0.0,2662.0,90.75,0.0643773,386.0795,389.5909,42.0,1.4318,7.0,0.2386,11.0,80.0,2.7273,5638,1772,60.4091,0.0647164,5310.0,,,29.0,29.0,0.0,,,0.9886,2084.0,2315.0,14.0,2169.0,2515.0,14.0,-85.0,-200.0,0.0,0.0,0.0,0.0,0.0,0.0,0.0,3131.0,3329.0,21.0,3394.0,3705.0,26.0,-263.0,-376.0,-5.0,0.0,0.0,0.0,0.0,0.0,0.0,4178.0,5104.0,26.0,4472.0,4921.0,35.0,-294.0,183.0,-9.0,0.0,2.0,0.0,0.0,0.0,0.0,4996.0,5943.0,28.0,6036.0,6486.0,36.0,-1040.0,-543.0,-8.0,0.0,2.0,1.0,0.0,2.0,0.0
ESPORTSTMNT04_2692233,complete,,EM,2023,Summer,0,2023-08-14 16:58:20,1,13.14,100,Blue,team,,,Diamant Esports,oe:team:830f05a5024d0794bd8d5b598b2432b,,Ashe,Ezreal,Varus,Alistar,Renekton,Maokai,Sivir,Rakan,Jayce,Rumble,1760,1,17,4,34,17,4,4.0,0.0,0.0,0.0,1.0,,,,0.5795,0.7159,0.0,3.0,1.0,3.0,1.0,1.0,0.0,0.0,0.0,2.0,0.0,,0.0,0.0,1.0,2.0,0.0,,,1.0,1.0,0.0,0.0,9.0,2.0,1.0,1.0,7.0,2.0,1.0,0.0,59604.0,2031.9545,,2557.5682,2462.0455,76.0,2.5909,39.0,1.3295,26.0,209.0,7.125,60348,41018,1398.3409,,55800.0,0.200966,3.07,,850.0,205.0,,,35.9659,17223.0,19667.0,329.0,14485.0,17923.0,327.0,2738.0,1744.0,2.0,3.0,5.0,0.0,0.0,0.0,3.0,26514.0,31414.0,551.0,22921.0,29209.0,520.0,3593.0,2205.0,31.0,3.0,5.0,0.0,0.0,0.0,3.0,35273.0,42150.0,730.0,32939.0,42355.0,716.0,2334.0,-205.0,14.0,4.0,7.0,3.0,3.0,7.0,4.0,48920.0,59275.0,916.0,39748.0,49781.0,845.0,9172.0,9494.0,71.0,9.0,16.0,3.0,3.0,7.0,9.0
ESPORTSTMNT04_2692233,complete,,EM,2023,Summer,0,2023-08-14 16:58:20,1,13.14,200,Red,team,,,BRUTE,oe:team:ddb6aa775eebeffd5cc41ba5c35c6a1,,Sejuani,Ivern,Kai'Sa,LeBlanc,Tristana,Rell,Xayah,Azir,Jarvan IV,Akshan,1760,0,4,17,8,4,17,1.0,0.0,0.0,0.0,0.0,,,,0.1364,0.7159,1.0,1.0,3.0,1.0,3.0,0.0,0.0,0.0,0.0,0.0,1.0,,0.0,0.0,0.0,0.0,2.0,,,0.0,0.0,1.0,1.0,2.0,9.0,0.0,0.0,2.0,7.0,0.0,1.0,41350.0,1409.6591,,2600.5909,2190.4773,91.0,3.1023,35.0,1.1932,31.0,219.0,7.4659,46711,27381,933.4432,,45610.0,-0.200966,-3.07,,804.0,163.0,,,32.9659,14485.0,17923.0,327.0,17223.0,19667.0,329.0,-2738.0,-1744.0,-2.0,0.0,0.0,3.0,3.0,5.0,0.0,22921.0,29209.0,520.0,26514.0,31414.0,551.0,-3593.0,-2205.0,-31.0,0.0,0.0,3.0,3.0,5.0,0.0,32939.0,42355.0,716.0,35273.0,42150.0,730.0,-2334.0,205.0,-14.0,3.0,7.0,4.0,4.0,7.0,3.0,39748.0,49781.0,845.0,48920.0,59275.0,916.0,-9172.0,-9494.0,-71.0,3.0,7.0,9.0,9.0,16.0,3.0
ESPORTSTMNT04_2694187,complete,,EM,2023,Summer,0,2023-08-14 17:02:51,1,13.14,1,Blue,top,Caucha,oe:player:190d3ffa9c4734a633e2103dbbdb815,White Dragons,oe:team:6468029fb605bd6fdf1cf866e890739,K'Sante,Sejuani,Rumble,Kai'Sa,Braum,Rakan,,,,,,1230,0,3,4,0,6,21,0.0,0.0,0.0,0.0,0.0,0.0,0.0,1.0,0.2927,1.3171,,,,,,,,,,,,,,,,,,,,,0.0,0.0,,,,,,,,0.0,1.0,8432.0,411.3171,0.249276,816.5854,1016.6829,9.0,0.439,0.0,0.0,3.0,17.0,0.8293,6971,4186,204.1951,0.255615,6775.0,,,132.0,132.0,0.0,,,6.439,2900.0,4794.0,54.0,4124.0,5194.0,91.0,-1224.0,-400.0,-37.0,1.0,0.0,1.0,1.0,0.0,1.0,5100.0,7326.0,95.0,7205.0,8354.0,149.0,-2105.0,-1028.0,-54.0,2.0,0.0,2.0,2.0,0.0,2.0,6610.0,9497.0,132.0,10766.0,12305.0,205.0,-4156.0,-2808.0,-73.0,2.0,0.0,3.0,4.0,1.0,2.0,,,,,,,,,,,,,,,
ESPORTSTMNT04_2694187,complete,,EM,2023,Summer,0,2023-08-14 17:02:51,1,13.14,2,Blue,jng,D4SH,oe:player:b665b9fa5f821ff73a873d0cecb0682,White Dragons,oe:team:6468029fb605bd6fdf1cf866e890739,Ivern,Sejuani,Rumble,Kai'Sa,Braum,Rakan,,,,,,1230,0,1,5,2,6,21,0.0,0.0,0.0,0.0,0.0,0.0,0.0,0.0,0.2927,1.3171,,,,,,,,,,,,,,,,,,,,,0.0,0.0,,,,,,,,0.0,0.0,4136.0,201.7561,0.122273,411.7073,277.9512,4.0,0.1951,5.0,0.2439,3.0,20.0,0.9756,5686,2901,141.5122,0.177151,5125.0,,,93.0,6.0,87.0,,,4.5366,2983.0,3178.0,54.0,2992.0,3017.0,56.0,-9.0,161.0,-2.0,0.0,1.0,2.0,0.0,2.0,0.0,4500.0,4927.0,76.0,5936.0,5434.0,77.0,-1436.0,-507.0,-1.0,1.0,2.0,4.0,0.0,6.0,1.0,5625.0,6713.0,93.0,8653.0,8242.0,101.0,-3028.0,-1529.0,-8.0,1.0,2.0,4.0,0.0,10.0,1.0,,,,,,,,,,,,,,,
ESPORTSTMNT04_2694187,complete,,EM,2023,Summer,0,2023-08-14 17:02:51,1,13.14,3,Blue,mid,NOMA,oe:player:a0768d89dec26206b95179ad9a1c08d,White Dragons,oe:team:6468029fb605bd6fdf1cf866e890739,Jayce,Sejuani,Rumble,Kai'Sa,Braum,Rakan,,,,,,1230,0,0,5,1,6,21,0.0,0.0,0.0,0.0,0.0,0.0,0.0,0.0,0.2927,1.3171,,,,,,,,,,,,,,,,,,,,,0.0,0.0,,,,,,,,0.0,1.0,10558.0,515.0244,0.312127,739.2683,586.0,9.0,0.439,5.0,0.2439,3.0,18.0,0.878,6084,3299,160.9268,0.201453,5675.0,,,158.0,158.0,0.0,,,7.7073,3118.0,4689.0,81.0,4621.0,4991.0,93.0,-1503.0,-302.0,-12.0,0.0,0.0,0.0,4.0,1.0,0.0,4588.0,7022.0,120.0,8595.0,8409.0,157.0,-4007.0,-1387.0,-37.0,0.0,1.0,2.0,7.0,1.0,0.0,6002.0,9114.0,157.0,12066.0,11789.0,231.0,-6064.0,-2675.0,-74.0,0.0,1.0,4.0,9.0,1.0,0.0,,,,,,,,,,,,,,,
ESPORTSTMNT04_2694187,complete,,EM,2023,Summer,0,2023-08-14 17:02:51,1,13.14,4,Blue,bot,Worst,oe:player:4f4e71938a105fe72bd18788fe53d40,White Dragons,oe:team:6468029fb605bd6fdf1cf866e890739,Seraphine,Sejuani,Rumble,Kai'Sa,Braum,Rakan,,,,,,1230,0,1,4,2,6,21,0.0,0.0,0.0,0.0,0.0,0.0,0.0,0.0,0.2927,1.3171,,,,,,,,,,,,,,,,,,,,,0.0,0.0,,,,,,,,0.0,0.0,6161.0,300.5366,0.182138,290.7805,158.2927,5.0,0.2439,0.0,0.0,0.0,6.0,0.2927,7131,4346,212.0,0.265384,6800.0,,,192.0,192.0,0.0,,,9.3659,3543.0,3351.0,85.0,3889.0,3439.0,85.0,-346.0,-88.0,0.0,1.0,1.0,2.0,1.0,4.0,1.0,5406.0,5764.0,133.0,7359.0,6181.0,144.0,-1953.0,-417.0,-11.0,1.0,2.0,3.0,2.0,6.0,1.0,6986.0,8048.0,187.0,10655.0,9485.0,216.0,-3669.0,-1437.0,-29.0,1.0,2.0,3.0,3.0,7.0,1.0,,,,,,,,,,,,,,,
ESPORTSTMNT04_2694187,complete,,EM,2023,Summer,0,2023-08-14 17:02:51,1,13.14,5,Blue,sup,Redfernal,oe:player:423785f49efb9ecddd149cfac4eafa2,White Dragons,oe:team:6468029fb605bd6fdf1cf866e890739,Nautilus,Sejuani,Rumble,Kai'Sa,Braum,Rakan,,,,,,1230,0,1,3,2,6,21,0.0,0.0,0.0,0.0,0.0,0.0,0.0,0.0,0.2927,1.3171,,,,,,,,,,,,,,,,,,,,,0.0,0.0,,,,,,,,0.0,0.0,4539.0,221.4146,0.134187,402.878,538.2439,25.0,1.2195,7.0,0.3415,5.0,49.0,2.3902,4429,1644,80.1951,0.100397,4275.0,,,32.0,32.0,0.0,,,1.561,2461.0,2379.0,18.0,2291.0,2291.0,15.0,170.0,88.0,3.0,1.0,0.0,1.0,0.0,4.0,1.0,3455.0,3628.0,26.0,4060.0,4011.0,24.0,-605.0,-383.0,2.0,1.0,2.0,1.0,1.0,7.0,1.0,4359.0,5303.0,32.0,5803.0,5688.0,30.0,-1444.0,-385.0,2.0,1.0,2.0,3.0,1.0,9.0,1.0,,,,,,,,,,,,,,,
ESPORTSTMNT04_2694187,complete,,EM,2023,Summer,0,2023-08-14 17:02:51,1,13.14,6,Red,top,StarScreen,oe:player:1bc0756ba9102abb5a7cd13d2b618aa,FUT Esports,oe:team:8df5e2c8825f60f136b2cbed5633a81,Renekton,Ashe,Neeko,Rell,Aphelios,Leona,,,,,,1230,1,6,2,2,21,6,0.0,0.0,0.0,0.0,1.0,1.0,0.0,0.0,1.0244,1.3171,,,,,,,,,,,,,,,,,,,,,0.0,0.0,,,,,,,,1.0,0.0,13824.0,674.3415,0.276674,990.6829,839.9512,6.0,0.2927,2.0,0.0976,1.0,13.0,0.6341,11670,8885,433.4146,0.240602,8750.0,,,207.0,203.0,4.0,,,10.0976,4124.0,5194.0,91.0,2900.0,4794.0,54.0,1224.0,400.0,37.0,1.0,0.0,1.0,1.0,0.0,1.0,7205.0,8354.0,149.0,5100.0,7326.0,95.0,2105.0,1028.0,54.0,2.0,0.0,2.0,2.0,0.0,2.0,10766.0,12305.0,205.0,6610.0,9497.0,132.0,4156.0,2808.0,73.0,4.0,1.0,2.0,2.0,0.0,3.0,,,,,,,,,,,,,,,
ESPORTSTMNT04_2694187,complete,,EM,2023,Summer,0,2023-08-14 17:02:51,1,13.14,7,Red,jng,Mojito,oe:player:d92b0904aa4f08f128aa8c6d2775056,FUT Esports,oe:team:8df5e2c8825f60f136b2cbed5633a81,Maokai,Ashe,Neeko,Rell,Aphelios,Leona,,,,,,1230,1,0,2,11,21,6,0.0,0.0,0.0,0.0,0.0,0.0,0.0,0.0,1.0244,1.3171,,,,,,,,,,,,,,,,,,,,,0.0,0.0,,,,,,,,0.0,0.0,6262.0,305.4634,0.125328,906.5854,477.8537,8.0,0.3902,5.0,0.2439,6.0,29.0,1.4146,8952,6167,300.8293,0.167002,9050.0,,,102.0,10.0,92.0,,,4.9756,2992.0,3017.0,56.0,2983.0,3178.0,54.0,9.0,-161.0,2.0,0.0,2.0,0.0,0.0,1.0,2.0,5936.0,5434.0,77.0,4500.0,4927.0,76.0,1436.0,507.0,1.0,0.0,6.0,1.0,1.0,2.0,4.0,8653.0,8242.0,101.0,5625.0,6713.0,93.0,3028.0,1529.0,8.0,0.0,10.0,1.0,1.0,2.0,4.0,,,,,,,,,,,,,,,
ESPORTSTMNT04_2694187,complete,,EM,2023,Summer,0,2023-08-14 17:02:51,1,13.14,8,Red,mid,Tempt,oe:player:2861898294dd867b05fd28dca284e57,FUT Esports,oe:team:8df5e2c8825f60f136b2cbed5633a81,Tristana,Ashe,Neeko,Rell,Aphelios,Leona,,,,,,1230,1,10,0,3,21,6,1.0,1.0,0.0,0.0,0.0,0.0,0.0,0.0,1.0244,1.3171,,,,,,,,,,,,,,,,,,,,,0.0,0.0,,,,,,,,1.0,0.0,15927.0,776.9268,0.318763,392.2927,374.0488,9.0,0.439,5.0,0.2439,5.0,26.0,1.2683,12865,10080,491.7073,0.272962,10025.0,,,241.0,218.0,23.0,,,11.7561,4621.0,4991.0,93.0,3118.0,4689.0,81.0,1503.0,302.0,12.0,4.0,1.0,0.0,0.0,0.0,0.0,8595.0,8409.0,157.0,4588.0,7022.0,120.0,4007.0,1387.0,37.0,7.0,1.0,0.0,0.0,1.0,2.0,12066.0,11789.0,231.0,6002.0,9114.0,157.0,6064.0,2675.0,74.0,9.0,1.0,0.0,0.0,1.0,4.0,,,,,,,,,,,,,,,
ESPORTSTMNT04_2694187,complete,,EM,2023,Summer,0,2023-08-14 17:02:51,1,13.14,9,Red,bot,Kaori,oe:player:c63c7e0755b31f1effbdf2e1f831e7d,FUT Esports,oe:team:8df5e2c8825f60f136b2cbed5633a81,Zeri,Ashe,Neeko,Rell,Aphelios,Leona,,,,,,1230,1,4,1,10,21,6,0.0,0.0,0.0,0.0,0.0,0.0,0.0,0.0,1.0244,1.3171,,,,,,,,,,,,,,,,,,,,,0.0,0.0,,,,,,,,0.0,0.0,9234.0,450.439,0.184809,216.3415,163.7073,8.0,0.3902,7.0,0.3415,3.0,20.0,0.9756,11393,8608,419.9024,0.233101,9375.0,,,220.0,208.0,12.0,,,10.7317,3889.0,3439.0,85.0,3543.0,3351.0,85.0,346.0,88.0,0.0,1.0,4.0,1.0,1.0,1.0,2.0,7359.0,6181.0,144.0,5406.0,5764.0,133.0,1953.0,417.0,11.0,2.0,6.0,1.0,1.0,2.0,3.0,10655.0,9485.0,216.0,6986.0,8048.0,187.0,3669.0,1437.0,29.0,3.0,7.0,1.0,1.0,2.0,3.0,,,,,,,,,,,,,,,
ESPORTSTMNT04_2694187,complete,,EM,2023,Summer,0,2023-08-14 17:02:51,1,13.14,10,Red,sup,Asper,oe:player:29e873916dcb14c9feb6b85d253cb87,FUT Esports,oe:team:8df5e2c8825f60f136b2cbed5633a81,Blitzcrank,Ashe,Neeko,Rell,Aphelios,Leona,,,,,,1230,1,1,1,10,21,6,0.0,0.0,0.0,0.0,0.0,0.0,0.0,0.0,1.0244,1.3171,,,,,,,,,,,,,,,,,,,,,0.0,0.0,,,,,,,,0.0,0.0,4718.0,230.1463,0.0944261,323.0244,204.2927,31.0,1.5122,7.0,0.3415,14.0,61.0,2.9756,5973,3188,155.5122,0.0863332,4450.0,,,30.0,30.0,0.0,,,1.4634,2291.0,2291.0,15.0,2461.0,2379.0,18.0,-170.0,-88.0,-3.0,0.0,4.0,1.0,1.0,0.0,1.0,4060.0,4011.0,24.0,3455.0,3628.0,26.0,605.0,383.0,-2.0,1.0,7.0,1.0,1.0,2.0,1.0,5803.0,5688.0,30.0,4359.0,5303.0,32.0,1444.0,385.0,-2.0,1.0,9.0,1.0,1.0,2.0,3.0,,,,,,,,,,,,,,,
ESPORTSTMNT04_2694187,complete,,EM,2023,Summer,0,2023-08-14 17:02:51,1,13.14,100,Blue,team,,,White Dragons,oe:team:6468029fb605bd6fdf1cf866e890739,,Sejuani,Rumble,Kai'Sa,Braum,Rakan,Ivern,Jayce,K'Sante,Seraphine,Nautilus,1230,0,6,21,7,6,21,0.0,0.0,0.0,0.0,0.0,,,,0.2927,1.3171,0.0,0.0,2.0,0.0,2.0,0.0,0.0,0.0,0.0,0.0,0.0,,0.0,0.0,0.0,0.0,2.0,,,0.0,0.0,0.0,0.0,0.0,11.0,0.0,0.0,4.0,13.0,0.0,2.0,33826.0,1650.0488,,2661.2195,2577.1707,52.0,2.5366,17.0,0.8293,14.0,110.0,5.3659,30301,16377,798.878,,28650.0,-0.369844,-6.26,,520.0,87.0,,,29.6098,15005.0,18391.0,292.0,17917.0,18932.0,340.0,-2912.0,-541.0,-48.0,3.0,2.0,6.0,6.0,11.0,3.0,23049.0,28667.0,450.0,33155.0,32389.0,551.0,-10106.0,-3722.0,-101.0,5.0,7.0,12.0,12.0,20.0,5.0,29582.0,38675.0,601.0,47943.0,47509.0,783.0,-18361.0,-8834.0,-182.0,5.0,7.0,17.0,17.0,28.0,5.0,,,,,,,,,,,,,,,
ESPORTSTMNT04_2694187,complete,,EM,2023,Summer,0,2023-08-14 17:02:51,1,13.14,200,Red,team,,,FUT Esports,oe:team:8df5e2c8825f60f136b2cbed5633a81,,Ashe,Neeko,Rell,Aphelios,Leona,Tristana,Maokai,Renekton,Zeri,Blitzcrank,1230,1,21,6,36,21,6,1.0,1.0,0.0,0.0,1.0,,,,1.0244,1.3171,1.0,2.0,0.0,2.0,0.0,0.0,0.0,0.0,0.0,1.0,1.0,,0.0,0.0,1.0,2.0,0.0,,,0.0,0.0,0.0,1.0,11.0,0.0,1.0,1.0,13.0,4.0,2.0,0.0,49965.0,2437.3171,,2828.9268,2059.8537,62.0,3.0244,26.0,1.2683,29.0,149.0,7.2683,50853,36929,1801.4146,,41650.0,0.369844,6.26,,669.0,131.0,,,39.0244,17917.0,18932.0,340.0,15005.0,18391.0,292.0,2912.0,541.0,48.0,6.0,11.0,3.0,3.0,2.0,6.0,33155.0,32389.0,551.0,23049.0,28667.0,450.0,10106.0,3722.0,101.0,12.0,20.0,5.0,5.0,7.0,12.0,47943.0,47509.0,783.0,29582.0,38675.0,601.0,18361.0,8834.0,182.0,17.0,28.0,5.0,5.0,7.0,17.0,,,,,,,,,,,,,,,
ESPORTSTMNT04_2692236,complete,,EM,2023,Summer,0,2023-08-14 17:30:13,1,13.14,1,Blue,top,Kackos,oe:player:4841aa27ab85be0b9f45fed1d5e7b09,NORD Esports,oe:team:6ef01b22224b92f917d70dd9f33568b,Ornn,Poppy,LeBlanc,Tristana,Vi,Trundle,,,,,,2087,1,3,1,8,18,15,0.0,0.0,0.0,0.0,0.0,0.0,0.0,0.0,0.5175,0.9487,,,,,,,,,,,,,,,,,,,,,0.0,0.0,,,,,,,,1.0,0.0,16763.0,481.9262,0.186388,791.3848,1133.2439,11.0,0.3162,4.0,0.115,3.0,24.0,0.69,12510,7977,229.334,0.196376,10425.0,,,263.0,263.0,0.0,,,7.5611,3354.0,5174.0,93.0,3334.0,5028.0,91.0,20.0,146.0,2.0,0.0,0.0,0.0,0.0,0.0,0.0,5154.0,8171.0,151.0,5527.0,8223.0,157.0,-373.0,-52.0,-6.0,0.0,0.0,0.0,0.0,0.0,1.0,6984.0,11408.0,195.0,7576.0,10958.0,201.0,-592.0,450.0,-6.0,1.0,0.0,0.0,0.0,0.0,2.0,8625.0,13172.0,221.0,9513.0,13753.0,217.0,-888.0,-581.0,4.0,2.0,0.0,0.0,1.0,4.0,2.0
ESPORTSTMNT04_2692236,complete,,EM,2023,Summer,0,2023-08-14 17:30:13,1,13.14,2,Blue,jng,Indecision,oe:player:40ec21bf3a960cc7bfe0c38885bf906,NORD Esports,oe:team:6ef01b22224b92f917d70dd9f33568b,Maokai,Poppy,LeBlanc,Tristana,Vi,Trundle,,,,,,2087,1,0,4,10,18,15,0.0,0.0,0.0,0.0,1.0,0.0,1.0,0.0,0.5175,0.9487,,,,,,,,,,,,,,,,,,,,,1.0,1.0,,,,,,,,0.0,0.0,14277.0,410.4552,0.158746,827.4365,998.8692,9.0,0.2587,14.0,0.4025,7.0,56.0,1.61,10379,5846,168.069,0.143915,8575.0,,,166.0,33.0,133.0,,,4.7724,3072.0,3170.0,60.0,3191.0,3511.0,62.0,-119.0,-341.0,-2.0,0.0,1.0,0.0,0.0,0.0,1.0,4537.0,5159.0,87.0,5102.0,5634.0,93.0,-565.0,-475.0,-6.0,0.0,2.0,0.0,1.0,0.0,1.0,5756.0,7229.0,105.0,7072.0,7955.0,132.0,-1316.0,-726.0,-27.0,0.0,3.0,0.0,1.0,0.0,1.0,7050.0,8972.0,127.0,9193.0,10948.0,153.0,-2143.0,-1976.0,-26.0,0.0,5.0,2.0,3.0,1.0,1.0
ESPORTSTMNT04_2692236,complete,,EM,2023,Summer,0,2023-08-14 17:30:13,1,13.14,3,Blue,mid,OMON,oe:player:e42fd90dea956c3986b69209b56ce16,NORD Esports,oe:team:6ef01b22224b92f917d70dd9f33568b,Jayce,Poppy,LeBlanc,Tristana,Vi,Trundle,,,,,,2087,1,8,4,7,18,15,2.0,1.0,0.0,0.0,1.0,1.0,0.0,0.0,0.5175,0.9487,,,,,,,,,,,,,,,,,,,,,0.0,0.0,,,,,,,,0.0,0.0,30151.0,866.8232,0.33525,516.3105,364.5999,8.0,0.23,10.0,0.2875,6.0,34.0,0.9775,16083,11550,332.0556,0.284337,14450.0,,,289.0,273.0,16.0,,,8.3086,3726.0,4708.0,89.0,3279.0,4812.0,89.0,447.0,-104.0,0.0,1.0,0.0,0.0,0.0,0.0,0.0,5883.0,7336.0,144.0,5673.0,7918.0,150.0,210.0,-582.0,-6.0,2.0,0.0,1.0,0.0,1.0,0.0,7501.0,9462.0,188.0,8445.0,10639.0,199.0,-944.0,-1177.0,-11.0,2.0,1.0,1.0,0.0,1.0,1.0,9029.0,11189.0,217.0,10983.0,13206.0,222.0,-1954.0,-2017.0,-5.0,3.0,2.0,3.0,2.0,3.0,1.0
ESPORTSTMNT04_2692236,complete,,EM,2023,Summer,0,2023-08-14 17:30:13,1,13.14,4,Blue,bot,Hid0,oe:player:97e228a45bb28f8d270f77deabd1282,NORD Esports,oe:team:6ef01b22224b92f917d70dd9f33568b,Kai'Sa,Poppy,LeBlanc,Tristana,Vi,Trundle,,,,,,2087,1,7,1,5,18,15,0.0,0.0,0.0,0.0,0.0,0.0,0.0,0.0,0.5175,0.9487,,,,,,,,,,,,,,,,,,,,,0.0,0.0,,,,,,,,0.0,0.0,23534.0,676.5884,0.261675,317.9971,227.9253,25.0,0.7187,9.0,0.2587,4.0,50.0,1.4375,16171,11638,334.5855,0.286503,14250.0,,,340.0,325.0,15.0,,,9.7748,3516.0,3315.0,84.0,3568.0,3098.0,85.0,-52.0,217.0,-1.0,1.0,0.0,0.0,1.0,0.0,1.0,5587.0,5903.0,137.0,5680.0,5473.0,139.0,-93.0,430.0,-2.0,1.0,0.0,0.0,1.0,0.0,1.0,7850.0,8694.0,195.0,8218.0,8057.0,196.0,-368.0,637.0,-1.0,2.0,0.0,0.0,1.0,0.0,1.0,9326.0,10579.0,230.0,11073.0,11333.0,243.0,-1747.0,-754.0,-13.0,2.0,2.0,1.0,3.0,2.0,2.0
ESPORTSTMNT04_2692236,complete,,EM,2023,Summer,0,2023-08-14 17:30:13,1,13.14,5,Blue,sup,Seneca,oe:player:e3decbc40c573363c151a8300127922,NORD Esports,oe:team:6ef01b22224b92f917d70dd9f33568b,Alistar,Poppy,LeBlanc,Tristana,Vi,Trundle,,,,,,2087,1,0,5,15,18,15,0.0,0.0,0.0,0.0,0.0,0.0,0.0,0.0,0.5175,0.9487,,,,,,,,,,,,,,,,,,,,,0.0,0.0,,,,,,,,0.0,0.0,5211.0,149.8131,0.0579412,545.7211,717.8725,56.0,1.61,11.0,0.3162,17.0,114.0,3.2774,8143,3610,103.7853,0.0888692,6425.0,,,33.0,33.0,0.0,,,0.9487,2251.0,2323.0,15.0,2163.0,2279.0,12.0,88.0,44.0,3.0,0.0,1.0,1.0,0.0,1.0,0.0,3198.0,3847.0,19.0,3176.0,3542.0,21.0,22.0,305.0,-2.0,0.0,2.0,1.0,0.0,1.0,0.0,4350.0,5559.0,25.0,4348.0,4383.0,29.0,2.0,1176.0,-4.0,0.0,3.0,1.0,0.0,1.0,0.0,5234.0,5965.0,27.0,5850.0,7020.0,31.0,-616.0,-1055.0,-4.0,0.0,5.0,3.0,0.0,6.0,1.0
ESPORTSTMNT04_2692236,complete,,EM,2023,Summer,0,2023-08-14 17:30:13,1,13.14,6,Red,top,Robba,oe:player:0a08034cdc4feac55c0bdfbc0f300db,KRC Genk Esports,oe:team:01a959b2a20ca77057e580ec051aa3e,Renekton,Rell,Rakan,Sejuani,Malphite,Jax,,,,,,2087,0,1,4,4,15,18,0.0,0.0,0.0,0.0,0.0,0.0,0.0,0.0,0.4312,0.9487,,,,,,,,,,,,,,,,,,,,,0.0,0.0,,,,,,,,0.0,1.0,8219.0,236.2913,0.111456,1061.9166,839.9138,16.0,0.46,11.0,0.3162,4.0,49.0,1.4087,12271,7738,222.4629,0.192526,11350.0,,,276.0,263.0,13.0,,,7.9348,3334.0,5028.0,91.0,3354.0,5174.0,93.0,-20.0,-146.0,-2.0,0.0,0.0,0.0,0.0,0.0,0.0,5527.0,8223.0,157.0,5154.0,8171.0,151.0,373.0,52.0,6.0,0.0,0.0,1.0,0.0,0.0,0.0,7576.0,10958.0,201.0,6984.0,11408.0,195.0,592.0,-450.0,6.0,0.0,0.0,2.0,1.0,0.0,0.0,9513.0,13753.0,217.0,8625.0,13172.0,221.0,888.0,581.0,-4.0,1.0,4.0,2.0,2.0,0.0,0.0
ESPORTSTMNT04_2692236,complete,,EM,2023,Summer,0,2023-08-14 17:30:13,1,13.14,7,Red,jng,Guertas,oe:player:66dfc0444c571e87d4442178fee3ab4,KRC Genk Esports,oe:team:01a959b2a20ca77057e580ec051aa3e,Viego,Rell,Rakan,Sejuani,Malphite,Jax,,,,,,2087,0,4,4,5,15,18,0.0,0.0,0.0,0.0,0.0,0.0,0.0,1.0,0.4312,0.9487,,,,,,,,,,,,,,,,,,,,,1.0,1.0,,,,,,,,0.0,0.0,9194.0,264.322,0.124678,1024.3124,961.265,13.0,0.3737,14.0,0.4025,14.0,56.0,1.61,12700,8167,234.7964,0.2032,12308.0,,,216.0,37.0,179.0,,,6.2099,3191.0,3511.0,62.0,3072.0,3170.0,60.0,119.0,341.0,2.0,0.0,0.0,1.0,0.0,1.0,0.0,5102.0,5634.0,93.0,4537.0,5159.0,87.0,565.0,475.0,6.0,1.0,0.0,1.0,0.0,2.0,0.0,7072.0,7955.0,132.0,5756.0,7229.0,105.0,1316.0,726.0,27.0,1.0,0.0,1.0,0.0,3.0,0.0,9193.0,10948.0,153.0,7050.0,8972.0,127.0,2143.0,1976.0,26.0,3.0,1.0,1.0,0.0,5.0,2.0
ESPORTSTMNT04_2692236,complete,,EM,2023,Summer,0,2023-08-14 17:30:13,1,13.14,8,Red,mid,Mikkel,oe:player:b2c05a26758d82a8643a27eec405dcb,KRC Genk Esports,oe:team:01a959b2a20ca77057e580ec051aa3e,Ahri,Rell,Rakan,Sejuani,Malphite,Jax,,,,,,2087,0,4,3,5,15,18,1.0,0.0,0.0,0.0,0.0,0.0,0.0,0.0,0.4312,0.9487,,,,,,,,,,,,,,,,,,,,,0.0,0.0,,,,,,,,0.0,0.0,26528.0,762.6641,0.359741,572.3143,377.5371,8.0,0.23,5.0,0.1437,4.0,32.0,0.92,14258,9725,279.5879,0.241964,13750.0,,,264.0,258.0,6.0,,,7.5898,3279.0,4812.0,89.0,3726.0,4708.0,89.0,-447.0,104.0,0.0,0.0,0.0,0.0,1.0,0.0,0.0,5673.0,7918.0,150.0,5883.0,7336.0,144.0,-210.0,582.0,6.0,0.0,1.0,0.0,2.0,0.0,1.0,8445.0,10639.0,199.0,7501.0,9462.0,188.0,944.0,1177.0,11.0,0.0,1.0,1.0,2.0,1.0,1.0,10983.0,13206.0,222.0,9029.0,11189.0,217.0,1954.0,2017.0,5.0,2.0,3.0,1.0,3.0,2.0,3.0
ESPORTSTMNT04_2692236,complete,,EM,2023,Summer,0,2023-08-14 17:30:13,1,13.14,9,Red,bot,Orion,oe:player:915901c2ffafe3ee9245c3ef30ec5b4,KRC Genk Esports,oe:team:01a959b2a20ca77057e580ec051aa3e,Varus,Rell,Rakan,Sejuani,Malphite,Jax,,,,,,2087,0,5,4,5,15,18,0.0,0.0,0.0,0.0,0.0,0.0,0.0,0.0,0.4312,0.9487,,,,,,,,,,,,,,,,,,,,,0.0,0.0,,,,,,,,0.0,0.0,24693.0,709.909,0.334857,376.1284,447.3407,14.0,0.4025,7.0,0.2012,4.0,30.0,0.8625,15543,11010,316.5309,0.273936,14800.0,,,326.0,308.0,18.0,,,9.3723,3568.0,3098.0,85.0,3516.0,3315.0,84.0,52.0,-217.0,1.0,1.0,0.0,1.0,1.0,0.0,0.0,5680.0,5473.0,139.0,5587.0,5903.0,137.0,93.0,-430.0,2.0,1.0,0.0,1.0,1.0,0.0,0.0,8218.0,8057.0,196.0,7850.0,8694.0,195.0,368.0,-637.0,1.0,1.0,0.0,1.0,2.0,0.0,0.0,11073.0,11333.0,243.0,9326.0,10579.0,230.0,1747.0,754.0,13.0,3.0,2.0,2.0,2.0,2.0,1.0
ESPORTSTMNT04_2692236,complete,,EM,2023,Summer,0,2023-08-14 17:30:13,1,13.14,10,Red,sup,Robertoos,oe:player:3ecce3085c6886d516d2b8659880394,KRC Genk Esports,oe:team:01a959b2a20ca77057e580ec051aa3e,Braum,Rell,Rakan,Sejuani,Malphite,Jax,,,,,,2087,0,1,3,10,15,18,0.0,0.0,0.0,0.0,0.0,0.0,0.0,0.0,0.4312,0.9487,,,,,,,,,,,,,,,,,,,,,0.0,0.0,,,,,,,,0.0,0.0,5108.0,146.8519,0.0692685,513.0331,593.0426,58.0,1.6675,11.0,0.3162,18.0,109.0,3.1337,8085,3552,102.1179,0.0883747,7350.0,,,37.0,37.0,0.0,,,1.0637,2163.0,2279.0,12.0,2251.0,2323.0,15.0,-88.0,-44.0,-3.0,0.0,1.0,0.0,0.0,1.0,1.0,3176.0,3542.0,21.0,3198.0,3847.0,19.0,-22.0,-305.0,2.0,0.0,1.0,0.0,0.0,2.0,1.0,4348.0,4383.0,29.0,4350.0,5559.0,25.0,-2.0,-1176.0,4.0,0.0,1.0,0.0,0.0,3.0,1.0,5850.0,7020.0,31.0,5234.0,5965.0,27.0,616.0,1055.0,4.0,0.0,6.0,1.0,0.0,5.0,3.0
ESPORTSTMNT04_2692236,complete,,EM,2023,Summer,0,2023-08-14 17:30:13,1,13.14,100,Blue,team,,,NORD Esports,oe:team:6ef01b22224b92f917d70dd9f33568b,,Poppy,LeBlanc,Tristana,Vi,Trundle,Kai'Sa,Maokai,Jayce,Alistar,Ornn,2087,1,18,15,45,18,15,2.0,1.0,0.0,0.0,1.0,,,,0.5175,0.9487,1.0,4.0,1.0,4.0,1.0,0.0,0.0,2.0,0.0,1.0,1.0,,0.0,0.0,0.0,0.0,2.0,,,0.0,1.0,1.0,0.0,6.0,6.0,0.0,0.0,2.0,4.0,1.0,0.0,89936.0,2585.6061,,2998.85,3442.5108,109.0,3.1337,48.0,1.38,37.0,278.0,7.9923,63286,40621,1167.8294,,54125.0,-0.0955816,-1.21,,927.0,164.0,,,31.3656,15919.0,18690.0,341.0,15535.0,18728.0,339.0,384.0,-38.0,2.0,2.0,2.0,1.0,1.0,1.0,2.0,24359.0,30416.0,538.0,25158.0,30790.0,560.0,-799.0,-374.0,-22.0,3.0,4.0,2.0,2.0,2.0,3.0,32441.0,42352.0,708.0,35659.0,41992.0,757.0,-3218.0,360.0,-49.0,5.0,7.0,2.0,2.0,2.0,5.0,39264.0,49877.0,822.0,46612.0,56260.0,866.0,-7348.0,-6383.0,-44.0,7.0,14.0,9.0,9.0,16.0,7.0
ESPORTSTMNT04_2692236,complete,,EM,2023,Summer,0,2023-08-14 17:30:13,1,13.14,200,Red,team,,,KRC Genk Esports,oe:team:01a959b2a20ca77057e580ec051aa3e,,Rell,Rakan,Sejuani,Malphite,Jax,Renekton,Varus,Ahri,Viego,Braum,2087,0,15,18,29,15,18,1.0,0.0,0.0,0.0,0.0,,,,0.4312,0.9487,0.0,1.0,4.0,1.0,4.0,0.0,0.0,1.0,0.0,0.0,0.0,,0.0,0.0,1.0,2.0,0.0,,,1.0,1.0,1.0,1.0,6.0,6.0,1.0,1.0,4.0,2.0,0.0,1.0,73742.0,2120.0383,,3547.7048,3219.0992,109.0,3.1337,48.0,1.38,44.0,276.0,7.9348,62857,40192,1155.4959,,59558.0,0.0955816,1.21,,903.0,216.0,,,32.1706,15535.0,18728.0,339.0,15919.0,18690.0,341.0,-384.0,38.0,-2.0,1.0,1.0,2.0,2.0,2.0,1.0,25158.0,30790.0,560.0,24359.0,30416.0,538.0,799.0,374.0,22.0,2.0,2.0,3.0,3.0,4.0,2.0,35659.0,41992.0,757.0,32441.0,42352.0,708.0,3218.0,-360.0,49.0,2.0,2.0,5.0,5.0,7.0,2.0,46612.0,56260.0,866.0,39264.0,49877.0,822.0,7348.0,6383.0,44.0,9.0,16.0,7.0,7.0,14.0,9.0
ESPORTSTMNT04_2694191,complete,,EM,2023,Summer,0,2023-08-14 17:42:28,1,13.14,1,Blue,top,Empyros,oe:player:9db3f170213f562a9613fe4f99d7dfa,DSYRE,oe:team:3e3ca0895ded506fd637e723d6ae2a1,Renekton,LeBlanc,Rumble,Jayce,Yasuo,Yone,,,,,,1770,1,5,3,7,22,18,0.0,0.0,0.0,0.0,0.0,0.0,0.0,0.0,0.7458,1.3559,,,,,,,,,,,,,,,,,,,,,0.0,0.0,,,,,,,,0.0,0.0,23192.0,786.1695,0.255343,1403.5254,1236.2712,11.0,0.3729,5.0,0.1695,4.0,31.0,1.0508,13448,9562,324.1356,0.232846,12400.0,,,268.0,248.0,20.0,,,9.0847,4056.0,4908.0,90.0,3250.0,4793.0,68.0,806.0,115.0,22.0,1.0,0.0,1.0,1.0,0.0,1.0,5695.0,7616.0,142.0,5193.0,7876.0,121.0,502.0,-260.0,21.0,1.0,0.0,1.0,1.0,0.0,1.0,7986.0,10777.0,206.0,6728.0,9805.0,157.0,1258.0,972.0,49.0,1.0,0.0,1.0,1.0,0.0,1.0,10570.0,13960.0,235.0,8690.0,11744.0,177.0,1880.0,2216.0,58.0,3.0,1.0,2.0,2.0,3.0,1.0
ESPORTSTMNT04_2694191,complete,,EM,2023,Summer,0,2023-08-14 17:42:28,1,13.14,2,Blue,jng,Rhilech,oe:player:cbe20c64274a87a21e5bdac1ccc3e77,DSYRE,oe:team:3e3ca0895ded506fd637e723d6ae2a1,Sejuani,LeBlanc,Rumble,Jayce,Yasuo,Yone,,,,,,1770,1,3,3,13,22,18,0.0,0.0,0.0,0.0,1.0,0.0,1.0,0.0,0.7458,1.3559,,,,,,,,,,,,,,,,,,,,,2.0,0.0,,,,,,,,0.0,0.0,8932.0,302.7797,0.0983408,1124.339,1591.8305,10.0,0.339,8.0,0.2712,10.0,43.0,1.4576,11481,7595,257.4576,0.184945,10250.0,,,183.0,20.0,163.0,,,6.2034,3604.0,3388.0,61.0,3908.0,3798.0,76.0,-304.0,-410.0,-15.0,1.0,2.0,1.0,2.0,0.0,0.0,5301.0,5616.0,100.0,5423.0,5462.0,104.0,-122.0,154.0,-4.0,1.0,3.0,1.0,2.0,2.0,1.0,7171.0,7546.0,131.0,7241.0,7991.0,147.0,-70.0,-445.0,-16.0,1.0,3.0,1.0,2.0,2.0,1.0,9327.0,10694.0,166.0,8314.0,9894.0,162.0,1013.0,800.0,4.0,2.0,5.0,1.0,2.0,4.0,3.0
ESPORTSTMNT04_2694191,complete,,EM,2023,Summer,0,2023-08-14 17:42:28,1,13.14,3,Blue,mid,XoNix,oe:player:be877a261fb0c3a320db45091bdefec,DSYRE,oe:team:3e3ca0895ded506fd637e723d6ae2a1,Syndra,LeBlanc,Rumble,Jayce,Yasuo,Yone,,,,,,1770,1,5,4,8,22,18,0.0,0.0,0.0,0.0,0.0,0.0,0.0,0.0,0.7458,1.3559,,,,,,,,,,,,,,,,,,,,,0.0,0.0,,,,,,,,0.0,0.0,24818.0,841.2881,0.273245,421.7288,202.9492,11.0,0.3729,1.0,0.0339,3.0,25.0,0.8475,13351,9465,320.8475,0.230484,11475.0,,,235.0,227.0,8.0,,,7.9661,3290.0,4664.0,84.0,3072.0,4771.0,76.0,218.0,-107.0,8.0,0.0,0.0,1.0,0.0,1.0,1.0,5158.0,6800.0,129.0,5481.0,7870.0,131.0,-323.0,-1070.0,-2.0,0.0,1.0,3.0,2.0,1.0,1.0,7243.0,9380.0,175.0,7557.0,10489.0,180.0,-314.0,-1109.0,-5.0,0.0,1.0,3.0,2.0,1.0,1.0,9363.0,12080.0,203.0,9184.0,12274.0,202.0,179.0,-194.0,1.0,0.0,2.0,4.0,3.0,4.0,3.0
ESPORTSTMNT04_2694191,complete,,EM,2023,Summer,0,2023-08-14 17:42:28,1,13.14,4,Blue,bot,Aetinoth,oe:player:d47955c8bc06bf316f24ee15d45407b,DSYRE,oe:team:3e3ca0895ded506fd637e723d6ae2a1,Kai'Sa,LeBlanc,Rumble,Jayce,Yasuo,Yone,,,,,,1770,1,9,3,4,22,18,1.0,1.0,0.0,0.0,1.0,1.0,0.0,0.0,0.7458,1.3559,,,,,,,,,,,,,,,,,,,,,0.0,0.0,,,,,,,,1.0,0.0,29699.0,1006.7458,0.326984,465.0847,292.339,12.0,0.4068,6.0,0.2034,1.0,30.0,1.0169,14828,10942,370.9153,0.266452,13775.0,,,246.0,230.0,16.0,,,8.339,3628.0,3798.0,84.0,3950.0,3394.0,75.0,-322.0,404.0,9.0,1.0,0.0,0.0,2.0,0.0,1.0,5846.0,6494.0,135.0,5777.0,6195.0,135.0,69.0,299.0,0.0,2.0,0.0,0.0,2.0,0.0,1.0,8396.0,9073.0,203.0,8195.0,8484.0,193.0,201.0,589.0,10.0,2.0,0.0,0.0,2.0,0.0,1.0,11588.0,12081.0,226.0,10830.0,10838.0,219.0,758.0,1243.0,7.0,5.0,1.0,2.0,5.0,1.0,2.0
ESPORTSTMNT04_2694191,complete,,EM,2023,Summer,0,2023-08-14 17:42:28,1,13.14,5,Blue,sup,Nash,oe:player:6b9f3420febdbc475dd3c1e4e0bcb5e,DSYRE,oe:team:3e3ca0895ded506fd637e723d6ae2a1,Rell,LeBlanc,Rumble,Jayce,Yasuo,Yone,,,,,,1770,1,0,5,12,22,18,0.0,0.0,0.0,0.0,1.0,0.0,1.0,0.0,0.7458,1.3559,,,,,,,,,,,,,,,,,,,,,0.0,0.0,,,,,,,,0.0,0.0,4186.0,141.8983,0.0460876,410.6102,442.4407,38.0,1.2881,5.0,0.1695,12.0,78.0,2.6441,7388,3502,118.7119,0.0852718,7175.0,,,33.0,33.0,0.0,,,1.1186,2136.0,1935.0,14.0,2388.0,1927.0,13.0,-252.0,8.0,1.0,0.0,1.0,2.0,0.0,3.0,0.0,3283.0,3226.0,24.0,3557.0,2894.0,21.0,-274.0,332.0,3.0,0.0,2.0,2.0,0.0,5.0,0.0,4372.0,5047.0,30.0,4763.0,4643.0,37.0,-391.0,404.0,-7.0,0.0,2.0,2.0,0.0,5.0,0.0,5864.0,7025.0,31.0,5980.0,6930.0,43.0,-116.0,95.0,-12.0,0.0,6.0,3.0,0.0,10.0,1.0
ESPORTSTMNT04_2694191,complete,,EM,2023,Summer,0,2023-08-14 17:42:28,1,13.14,6,Red,top,Lunddorf,oe:player:6cb2f925e1216835980ce1a01bb62f6,Partizan Esports,oe:team:e42ade212c09777da0f54bffe481f6d,Ornn,Maokai,Tristana,Braum,Jax,Gwen,,,,,,1770,0,3,3,7,18,22,0.0,0.0,0.0,0.0,0.0,0.0,0.0,0.0,0.6102,1.3559,,,,,,,,,,,,,,,,,,,,,0.0,0.0,,,,,,,,0.0,0.0,16166.0,548.0,0.184207,1064.2373,1227.4237,10.0,0.339,3.0,0.1017,3.0,19.0,0.6441,10085,6199,210.1356,0.192671,9275.0,,,190.0,190.0,0.0,,,6.4407,3250.0,4793.0,68.0,4056.0,4908.0,90.0,-806.0,-115.0,-22.0,1.0,0.0,1.0,1.0,0.0,1.0,5193.0,7876.0,121.0,5695.0,7616.0,142.0,-502.0,260.0,-21.0,1.0,0.0,1.0,1.0,0.0,1.0,6728.0,9805.0,157.0,7986.0,10777.0,206.0,-1258.0,-972.0,-49.0,1.0,0.0,1.0,1.0,0.0,1.0,8690.0,11744.0,177.0,10570.0,13960.0,235.0,-1880.0,-2216.0,-58.0,2.0,3.0,1.0,3.0,1.0,2.0
ESPORTSTMNT04_2694191,complete,,EM,2023,Summer,0,2023-08-14 17:42:28,1,13.14,7,Red,jng,Sn1lle,oe:player:947d42fad1e2f3afeb911e5ae3888ce,Partizan Esports,oe:team:e42ade212c09777da0f54bffe481f6d,Lillia,Maokai,Tristana,Braum,Jax,Gwen,,,,,,1770,0,4,5,8,18,22,1.0,0.0,0.0,0.0,0.0,0.0,0.0,0.0,0.6102,1.3559,,,,,,,,,,,,,,,,,,,,,0.0,2.0,,,,,,,,0.0,0.0,23043.0,781.1186,0.262568,1145.4576,1003.4576,6.0,0.2034,7.0,0.2373,5.0,32.0,1.0847,10171,6285,213.0508,0.195344,9775.0,,,177.0,22.0,155.0,,,6.0,3908.0,3798.0,76.0,3604.0,3388.0,61.0,304.0,410.0,15.0,2.0,0.0,0.0,1.0,2.0,1.0,5423.0,5462.0,104.0,5301.0,5616.0,100.0,122.0,-154.0,4.0,2.0,2.0,1.0,1.0,3.0,1.0,7241.0,7991.0,147.0,7171.0,7546.0,131.0,70.0,445.0,16.0,2.0,2.0,1.0,1.0,3.0,1.0,8314.0,9894.0,162.0,9327.0,10694.0,166.0,-1013.0,-800.0,-4.0,2.0,4.0,3.0,2.0,5.0,1.0
ESPORTSTMNT04_2694191,complete,,EM,2023,Summer,0,2023-08-14 17:42:28,1,13.14,8,Red,mid,Rylle,oe:player:aa11f28607376fa521dd2625569a656,Partizan Esports,oe:team:e42ade212c09777da0f54bffe481f6d,Pantheon,Maokai,Tristana,Braum,Jax,Gwen,,,,,,1770,0,4,5,6,18,22,0.0,0.0,0.0,0.0,0.0,0.0,0.0,0.0,0.6102,1.3559,,,,,,,,,,,,,,,,,,,,,0.0,0.0,,,,,,,,0.0,0.0,14673.0,497.3898,0.167195,653.5254,618.2373,5.0,0.1695,3.0,0.1017,3.0,18.0,0.6102,10936,7050,238.9831,0.219122,9575.0,,,217.0,217.0,0.0,,,7.3559,3072.0,4771.0,76.0,3290.0,4664.0,84.0,-218.0,107.0,-8.0,0.0,1.0,1.0,0.0,0.0,1.0,5481.0,7870.0,131.0,5158.0,6800.0,129.0,323.0,1070.0,2.0,2.0,1.0,1.0,0.0,1.0,3.0,7557.0,10489.0,180.0,7243.0,9380.0,175.0,314.0,1109.0,5.0,2.0,1.0,1.0,0.0,1.0,3.0,9184.0,12274.0,202.0,9363.0,12080.0,203.0,-179.0,194.0,-1.0,3.0,4.0,3.0,0.0,2.0,4.0
ESPORTSTMNT04_2694191,complete,,EM,2023,Summer,0,2023-08-14 17:42:28,1,13.14,9,Red,bot,Yakkey,oe:player:a272c3f80649036f8e168cb2f3df17c,Partizan Esports,oe:team:e42ade212c09777da0f54bffe481f6d,Xayah,Maokai,Tristana,Braum,Jax,Gwen,,,,,,1770,0,7,5,5,18,22,1.0,0.0,0.0,0.0,0.0,0.0,0.0,1.0,0.6102,1.3559,,,,,,,,,,,,,,,,,,,,,0.0,0.0,,,,,,,,0.0,1.0,26586.0,901.2203,0.30294,442.339,210.339,15.0,0.5085,5.0,0.1695,6.0,31.0,1.0508,13442,9556,323.9322,0.297016,13000.0,,,263.0,255.0,8.0,,,8.9153,3950.0,3394.0,75.0,3628.0,3798.0,84.0,322.0,-404.0,-9.0,2.0,0.0,1.0,1.0,0.0,0.0,5777.0,6195.0,135.0,5846.0,6494.0,135.0,-69.0,-299.0,0.0,2.0,0.0,1.0,2.0,0.0,0.0,8195.0,8484.0,193.0,8396.0,9073.0,203.0,-201.0,-589.0,-10.0,2.0,0.0,1.0,2.0,0.0,0.0,10830.0,10838.0,219.0,11588.0,12081.0,226.0,-758.0,-1243.0,-7.0,5.0,1.0,2.0,5.0,1.0,2.0
ESPORTSTMNT04_2694191,complete,,EM,2023,Summer,0,2023-08-14 17:42:28,1,13.14,10,Red,sup,Cl0x,oe:player:85b3b3e91202ccada9f1f5a24dc1bfb,Partizan Esports,oe:team:e42ade212c09777da0f54bffe481f6d,Rakan,Maokai,Tristana,Braum,Jax,Gwen,,,,,,1770,0,0,4,16,18,22,0.0,0.0,0.0,0.0,0.0,0.0,0.0,0.0,0.6102,1.3559,,,,,,,,,,,,,,,,,,,,,0.0,0.0,,,,,,,,0.0,0.0,7292.0,247.1864,0.0830902,580.7797,667.4237,30.0,1.0169,17.0,0.5763,11.0,90.0,3.0508,6970,3084,104.5424,0.0958473,6625.0,,,44.0,44.0,0.0,,,1.4915,2388.0,1927.0,13.0,2136.0,1935.0,14.0,252.0,-8.0,-1.0,0.0,3.0,0.0,0.0,1.0,2.0,3557.0,2894.0,21.0,3283.0,3226.0,24.0,274.0,-332.0,-3.0,0.0,5.0,0.0,0.0,2.0,2.0,4763.0,4643.0,37.0,4372.0,5047.0,30.0,391.0,-404.0,7.0,0.0,5.0,0.0,0.0,2.0,2.0,5980.0,6930.0,43.0,5864.0,7025.0,31.0,116.0,-95.0,12.0,0.0,10.0,1.0,0.0,6.0,3.0
ESPORTSTMNT04_2694191,complete,,EM,2023,Summer,0,2023-08-14 17:42:28,1,13.14,100,Blue,team,,,DSYRE,oe:team:3e3ca0895ded506fd637e723d6ae2a1,,LeBlanc,Rumble,Jayce,Yasuo,Yone,Rell,Sejuani,Kai'Sa,Syndra,Renekton,1770,1,22,18,44,22,18,1.0,1.0,0.0,0.0,1.0,,,,0.7458,1.3559,0.0,3.0,1.0,3.0,1.0,0.0,1.0,0.0,2.0,0.0,0.0,,0.0,0.0,1.0,2.0,0.0,,,1.0,2.0,0.0,0.0,8.0,2.0,1.0,1.0,4.0,3.0,1.0,0.0,90827.0,3078.8814,,3825.2881,3765.8305,82.0,2.7797,25.0,0.8475,30.0,207.0,7.0169,60496,41064,1392.0,,55075.0,0.132107,0.95,,758.0,207.0,,,32.7119,16714.0,18693.0,333.0,16568.0,18683.0,308.0,146.0,10.0,25.0,3.0,3.0,5.0,5.0,4.0,3.0,25283.0,29752.0,530.0,25431.0,30297.0,512.0,-148.0,-545.0,18.0,4.0,6.0,7.0,7.0,8.0,4.0,35168.0,41823.0,745.0,34484.0,41412.0,714.0,684.0,411.0,31.0,4.0,6.0,7.0,7.0,8.0,4.0,46712.0,55840.0,861.0,42998.0,51680.0,803.0,3714.0,4160.0,58.0,10.0,15.0,12.0,12.0,22.0,10.0
ESPORTSTMNT04_2694191,complete,,EM,2023,Summer,0,2023-08-14 17:42:28,1,13.14,200,Red,team,,,Partizan Esports,oe:team:e42ade212c09777da0f54bffe481f6d,,Maokai,Tristana,Braum,Jax,Gwen,Xayah,Rakan,Lillia,Pantheon,Ornn,1770,0,18,22,42,18,22,2.0,0.0,0.0,0.0,0.0,,,,0.6102,1.3559,1.0,1.0,3.0,1.0,3.0,0.0,0.0,0.0,0.0,1.0,0.0,,0.0,0.0,0.0,0.0,2.0,,,0.0,0.0,2.0,1.0,2.0,8.0,0.0,0.0,3.0,4.0,0.0,1.0,87760.0,2974.9153,,3886.339,3726.8814,66.0,2.2373,35.0,1.1864,28.0,190.0,6.4407,51604,32172,1090.5763,,48250.0,-0.132107,-0.95,,728.0,163.0,,,30.2034,16568.0,18683.0,308.0,16714.0,18693.0,333.0,-146.0,-10.0,-25.0,5.0,4.0,3.0,3.0,3.0,5.0,25431.0,30297.0,512.0,25283.0,29752.0,530.0,148.0,545.0,-18.0,7.0,8.0,4.0,4.0,6.0,7.0,34484.0,41412.0,714.0,35168.0,41823.0,745.0,-684.0,-411.0,-31.0,7.0,8.0,4.0,4.0,6.0,7.0,42998.0,51680.0,803.0,46712.0,55840.0,861.0,-3714.0,-4160.0,-58.0,12.0,22.0,10.0,10.0,15.0,12.0
ESPORTSTMNT04_2692237,complete,,EM,2023,Summer,0,2023-08-14 17:49:48,1,13.14,1,Blue,top,Ragner,oe:player:c0f78343a2ad4ba1463245d53a3b440,Team GO,oe:team:8d538207b9de9d20e1a525aae593515,Renekton,Aatrox,Rell,Maokai,Sylas,Ornn,,,,,,2248,1,3,2,6,25,9,1.0,0.0,0.0,0.0,0.0,0.0,0.0,0.0,0.6673,0.9075,,,,,,,,,,,,,,,,,,,,,0.0,0.0,,,,,,,,1.0,0.0,12254.0,327.0641,0.111212,1155.774,962.6423,19.0,0.5071,8.0,0.2135,6.0,59.0,1.5747,15619,10757,287.1085,0.204688,14550.0,,,334.0,305.0,29.0,,,8.9146,3808.0,4971.0,93.0,3272.0,4929.0,87.0,536.0,42.0,6.0,1.0,0.0,0.0,0.0,0.0,1.0,5609.0,7420.0,142.0,4855.0,7431.0,128.0,754.0,-11.0,14.0,1.0,0.0,0.0,0.0,0.0,1.0,7193.0,9475.0,179.0,7645.0,10685.0,183.0,-452.0,-1210.0,-4.0,1.0,1.0,0.0,1.0,0.0,1.0,9950.0,12864.0,223.0,9467.0,13150.0,226.0,483.0,-286.0,-3.0,3.0,2.0,1.0,1.0,1.0,1.0
ESPORTSTMNT04_2692237,complete,,EM,2023,Summer,0,2023-08-14 17:49:48,1,13.14,2,Blue,jng,Lyncas,oe:player:ca9701f085966dfca32e31b1b1e9d55,Team GO,oe:team:8d538207b9de9d20e1a525aae593515,Poppy,Aatrox,Rell,Maokai,Sylas,Ornn,,,,,,2248,1,3,3,15,25,9,0.0,0.0,0.0,0.0,0.0,0.0,0.0,1.0,0.6673,0.9075,,,,,,,,,,,,,,,,,,,,,1.0,0.0,,,,,,,,0.0,0.0,15521.0,414.2616,0.140862,813.9235,1753.3986,14.0,0.3737,13.0,0.347,13.0,62.0,1.6548,13131,8269,220.7028,0.157348,11575.0,,,165.0,34.0,131.0,,,4.4039,3786.0,3409.0,56.0,3701.0,3735.0,75.0,85.0,-326.0,-19.0,2.0,3.0,2.0,1.0,0.0,1.0,5321.0,5428.0,91.0,5363.0,5516.0,102.0,-42.0,-88.0,-11.0,2.0,3.0,2.0,1.0,0.0,1.0,7007.0,7900.0,118.0,6944.0,7792.0,133.0,63.0,108.0,-15.0,2.0,5.0,2.0,1.0,1.0,2.0,9274.0,11284.0,135.0,8143.0,9142.0,152.0,1131.0,2142.0,-17.0,3.0,10.0,2.0,1.0,2.0,4.0
ESPORTSTMNT04_2692237,complete,,EM,2023,Summer,0,2023-08-14 17:49:48,1,13.14,3,Blue,mid,Toucouille,oe:player:525ac233cf71bc36a611e27a324144f,Team GO,oe:team:8d538207b9de9d20e1a525aae593515,Azir,Aatrox,Rell,Maokai,Sylas,Ornn,,,,,,2248,1,5,2,9,25,9,1.0,0.0,0.0,0.0,0.0,0.0,0.0,0.0,0.6673,0.9075,,,,,,,,,,,,,,,,,,,,,1.0,0.0,,,,,,,,0.0,0.0,37333.0,996.4324,0.338818,430.5427,335.7384,18.0,0.4804,3.0,0.0801,5.0,34.0,0.9075,17487,12625,336.9662,0.240232,15925.0,,,345.0,322.0,23.0,,,9.2082,4174.0,5023.0,84.0,3062.0,4214.0,71.0,1112.0,809.0,13.0,2.0,2.0,0.0,0.0,1.0,3.0,6577.0,8224.0,148.0,4971.0,7154.0,132.0,1606.0,1070.0,16.0,2.0,2.0,0.0,0.0,1.0,3.0,8457.0,10515.0,186.0,6779.0,9256.0,177.0,1678.0,1259.0,9.0,2.0,3.0,1.0,0.0,1.0,3.0,11062.0,13719.0,225.0,8463.0,11555.0,219.0,2599.0,2164.0,6.0,3.0,6.0,1.0,0.0,2.0,5.0
ESPORTSTMNT04_2692237,complete,,EM,2023,Summer,0,2023-08-14 17:49:48,1,13.14,4,Blue,bot,Jezu,oe:player:4817d93e8f26002377aec42233b3fc2,Team GO,oe:team:8d538207b9de9d20e1a525aae593515,Kai'Sa,Aatrox,Rell,Maokai,Sylas,Ornn,,,,,,2248,1,13,2,5,25,9,2.0,1.0,0.0,0.0,0.0,0.0,0.0,0.0,0.6673,0.9075,,,,,,,,,,,,,,,,,,,,,1.0,0.0,,,,,,,,2.0,0.0,40183.0,1072.5,0.364683,407.6157,276.6192,15.0,0.4004,8.0,0.2135,5.0,34.0,0.9075,20576,15714,419.4128,0.299008,17750.0,,,365.0,321.0,44.0,,,9.742,3680.0,3246.0,83.0,3703.0,3304.0,82.0,-23.0,-58.0,1.0,1.0,0.0,1.0,1.0,1.0,1.0,5527.0,5734.0,139.0,6183.0,6107.0,141.0,-656.0,-373.0,-2.0,1.0,0.0,1.0,1.0,1.0,1.0,8236.0,8438.0,197.0,8495.0,8586.0,196.0,-259.0,-148.0,1.0,3.0,0.0,1.0,1.0,1.0,2.0,12147.0,12938.0,246.0,10059.0,9753.0,228.0,2088.0,3185.0,18.0,7.0,4.0,1.0,1.0,1.0,4.0
ESPORTSTMNT04_2692237,complete,,EM,2023,Summer,0,2023-08-14 17:49:48,1,13.14,5,Blue,sup,kamilius,oe:player:7aa0aebd379414d25f1fcdc396407f1,Team GO,oe:team:8d538207b9de9d20e1a525aae593515,Rakan,Aatrox,Rell,Maokai,Sylas,Ornn,,,,,,2248,1,1,0,17,25,9,0.0,0.0,0.0,0.0,0.0,0.0,0.0,0.0,0.6673,0.9075,,,,,,,,,,,,,,,,,,,,,0.0,0.0,,,,,,,,0.0,0.0,4895.0,130.6495,0.0444249,577.073,809.1459,63.0,1.6815,26.0,0.694,16.0,139.0,3.71,10050,5188,138.4698,0.098724,9150.0,,,48.0,48.0,0.0,,,1.2811,2621.0,2303.0,17.0,2485.0,2624.0,16.0,136.0,-321.0,1.0,1.0,2.0,0.0,1.0,1.0,1.0,3668.0,3238.0,25.0,3550.0,3608.0,23.0,118.0,-370.0,2.0,1.0,2.0,0.0,1.0,1.0,1.0,4849.0,4525.0,30.0,4635.0,4459.0,30.0,214.0,66.0,0.0,1.0,4.0,0.0,1.0,1.0,1.0,6493.0,6978.0,34.0,6178.0,6665.0,35.0,315.0,313.0,-1.0,1.0,11.0,0.0,2.0,1.0,3.0
ESPORTSTMNT04_2692237,complete,,EM,2023,Summer,0,2023-08-14 17:49:48,1,13.14,6,Red,top,Juzu,oe:player:a61da83af5e3738845fa6dd56e1d41a,Anubis Gaming,oe:team:f2094ae60f9b1f3b6a17ad88ad75fc1,Gnar,Kalista,Jayce,Ivern,Alistar,Leona,,,,,,2248,0,3,2,2,9,25,0.0,0.0,0.0,0.0,0.0,0.0,0.0,0.0,0.2402,0.9075,,,,,,,,,,,,,,,,,,,,,0.0,0.0,,,,,,,,0.0,1.0,22914.0,611.5836,0.255178,616.7082,655.7562,9.0,0.2402,10.0,0.2669,4.0,43.0,1.1477,15313,10451,278.9413,0.264981,15033.0,,,323.0,296.0,27.0,,,8.621,3272.0,4929.0,87.0,3808.0,4971.0,93.0,-536.0,-42.0,-6.0,0.0,0.0,1.0,1.0,0.0,0.0,4855.0,7431.0,128.0,5609.0,7420.0,142.0,-754.0,11.0,-14.0,0.0,0.0,1.0,1.0,0.0,0.0,7645.0,10685.0,183.0,7193.0,9475.0,179.0,452.0,1210.0,4.0,1.0,0.0,1.0,1.0,1.0,0.0,9467.0,13150.0,226.0,9950.0,12864.0,223.0,-483.0,286.0,3.0,1.0,1.0,1.0,3.0,2.0,1.0
ESPORTSTMNT04_2692237,complete,,EM,2023,Summer,0,2023-08-14 17:49:48,1,13.14,7,Red,jng,Elramir,oe:player:de442faff7b7cdc0fba7d6d5caff5e1,Anubis Gaming,oe:team:f2094ae60f9b1f3b6a17ad88ad75fc1,Sejuani,Kalista,Jayce,Ivern,Alistar,Leona,,,,,,2248,0,1,5,6,9,25,0.0,0.0,0.0,0.0,0.0,0.0,0.0,0.0,0.2402,0.9075,,,,,,,,,,,,,,,,,,,,,0.0,1.0,,,,,,,,0.0,0.0,11373.0,303.5498,0.126654,1239.7687,2358.6566,12.0,0.3203,13.0,0.347,12.0,48.0,1.2811,11221,6359,169.7242,0.161235,11000.0,,,203.0,32.0,171.0,,,5.4181,3701.0,3735.0,75.0,3786.0,3409.0,56.0,-85.0,326.0,19.0,1.0,0.0,1.0,2.0,3.0,2.0,5363.0,5516.0,102.0,5321.0,5428.0,91.0,42.0,88.0,11.0,1.0,0.0,1.0,2.0,3.0,2.0,6944.0,7792.0,133.0,7007.0,7900.0,118.0,-63.0,-108.0,15.0,1.0,1.0,2.0,2.0,5.0,2.0,8143.0,9142.0,152.0,9274.0,11284.0,135.0,-1131.0,-2142.0,17.0,1.0,2.0,4.0,3.0,10.0,2.0
ESPORTSTMNT04_2692237,complete,,EM,2023,Summer,0,2023-08-14 17:49:48,1,13.14,8,Red,mid,Cipher,oe:player:c8ef68c0fce4f4bfe0219809473d365,Anubis Gaming,oe:team:f2094ae60f9b1f3b6a17ad88ad75fc1,Taliyah,Kalista,Jayce,Ivern,Alistar,Leona,,,,,,2248,0,0,7,5,9,25,0.0,0.0,0.0,0.0,0.0,0.0,0.0,0.0,0.2402,0.9075,,,,,,,,,,,,,,,,,,,,,0.0,1.0,,,,,,,,0.0,0.0,23872.0,637.153,0.265847,705.1601,333.1762,15.0,0.4004,7.0,0.1868,3.0,49.0,1.3078,12156,7294,194.6797,0.18494,12275.0,,,296.0,288.0,8.0,,,7.9004,3062.0,4214.0,71.0,4174.0,5023.0,84.0,-1112.0,-809.0,-13.0,0.0,1.0,3.0,2.0,2.0,0.0,4971.0,7154.0,132.0,6577.0,8224.0,148.0,-1606.0,-1070.0,-16.0,0.0,1.0,3.0,2.0,2.0,0.0,6779.0,9256.0,177.0,8457.0,10515.0,186.0,-1678.0,-1259.0,-9.0,0.0,1.0,3.0,2.0,3.0,1.0,8463.0,11555.0,219.0,11062.0,13719.0,225.0,-2599.0,-2164.0,-6.0,0.0,2.0,5.0,3.0,6.0,1.0
ESPORTSTMNT04_2692237,complete,,EM,2023,Summer,0,2023-08-14 17:49:48,1,13.14,9,Red,bot,san1,oe:player:f581f857e43aea4c5b241874f8a4394,Anubis Gaming,oe:team:f2094ae60f9b1f3b6a17ad88ad75fc1,Tristana,Kalista,Jayce,Ivern,Alistar,Leona,,,,,,2248,0,2,6,4,9,25,0.0,0.0,0.0,0.0,1.0,1.0,0.0,0.0,0.2402,0.9075,,,,,,,,,,,,,,,,,,,,,0.0,1.0,,,,,,,,0.0,2.0,25263.0,674.2794,0.281338,647.4822,352.2598,16.0,0.427,15.0,0.4004,4.0,44.0,1.1744,16317,11455,305.7384,0.290436,15650.0,,,387.0,356.0,31.0,,,10.3292,3703.0,3304.0,82.0,3680.0,3246.0,83.0,23.0,58.0,-1.0,1.0,1.0,1.0,1.0,0.0,1.0,6183.0,6107.0,141.0,5527.0,5734.0,139.0,656.0,373.0,2.0,1.0,1.0,1.0,1.0,0.0,1.0,8495.0,8586.0,196.0,8236.0,8438.0,197.0,259.0,148.0,-1.0,1.0,1.0,2.0,3.0,0.0,1.0,10059.0,9753.0,228.0,12147.0,12938.0,246.0,-2088.0,-3185.0,-18.0,1.0,1.0,4.0,7.0,4.0,1.0
ESPORTSTMNT04_2692237,complete,,EM,2023,Summer,0,2023-08-14 17:49:48,1,13.14,10,Red,sup,Mishal,oe:player:72afadf3f4701a666860c0c442b08f5,Anubis Gaming,oe:team:f2094ae60f9b1f3b6a17ad88ad75fc1,Nautilus,Kalista,Jayce,Ivern,Alistar,Leona,,,,,,2248,0,3,5,2,9,25,0.0,0.0,0.0,0.0,1.0,0.0,1.0,0.0,0.2402,0.9075,,,,,,,,,,,,,,,,,,,,,0.0,0.0,,,,,,,,0.0,0.0,6374.0,170.1246,0.0709831,465.4804,616.8683,64.0,1.7082,14.0,0.3737,17.0,130.0,3.4698,8743,3881,103.5854,0.0984088,7775.0,,,42.0,42.0,0.0,,,1.121,2485.0,2624.0,16.0,2621.0,2303.0,17.0,-136.0,321.0,-1.0,1.0,1.0,1.0,1.0,2.0,0.0,3550.0,3608.0,23.0,3668.0,3238.0,25.0,-118.0,370.0,-2.0,1.0,1.0,1.0,1.0,2.0,0.0,4635.0,4459.0,30.0,4849.0,4525.0,30.0,-214.0,-66.0,0.0,1.0,1.0,1.0,1.0,4.0,0.0,6178.0,6665.0,35.0,6493.0,6978.0,34.0,-315.0,-313.0,1.0,2.0,1.0,3.0,1.0,11.0,0.0
ESPORTSTMNT04_2692237,complete,,EM,2023,Summer,0,2023-08-14 17:49:48,1,13.14,100,Blue,team,,,Team GO,oe:team:8d538207b9de9d20e1a525aae593515,,Aatrox,Rell,Maokai,Sylas,Ornn,Kai'Sa,Poppy,Azir,Renekton,Rakan,2248,1,25,9,52,25,9,4.0,1.0,0.0,0.0,0.0,,,,0.6673,0.9075,0.0,3.0,3.0,3.0,3.0,3.0,0.0,0.0,0.0,0.0,0.0,,0.0,0.0,0.0,1.0,1.0,,,1.0,3.0,0.0,0.0,11.0,4.0,1.0,1.0,4.0,4.0,3.0,0.0,110186.0,2940.9075,,3384.9288,4137.5445,129.0,3.4431,58.0,1.548,45.0,328.0,8.7544,76863,52555,1402.7135,,68950.0,0.11045,1.82,,1030.0,227.0,,,33.5498,18069.0,18952.0,333.0,16223.0,18806.0,331.0,1846.0,146.0,2.0,7.0,7.0,3.0,3.0,3.0,7.0,26702.0,30044.0,545.0,24922.0,29816.0,526.0,1780.0,228.0,19.0,7.0,7.0,3.0,3.0,3.0,7.0,35742.0,40853.0,710.0,34498.0,40778.0,719.0,1244.0,75.0,-9.0,9.0,13.0,4.0,4.0,4.0,9.0,48926.0,57783.0,863.0,42310.0,50265.0,860.0,6616.0,7518.0,3.0,17.0,33.0,5.0,5.0,7.0,17.0
ESPORTSTMNT04_2692237,complete,,EM,2023,Summer,0,2023-08-14 17:49:48,1,13.14,200,Red,team,,,Anubis Gaming,oe:team:f2094ae60f9b1f3b6a17ad88ad75fc1,,Kalista,Jayce,Ivern,Alistar,Leona,Tristana,Sejuani,Nautilus,Taliyah,Gnar,2248,0,9,25,19,9,25,0.0,0.0,0.0,0.0,1.0,,,,0.2402,0.9075,1.0,3.0,3.0,3.0,3.0,1.0,0.0,0.0,1.0,1.0,0.0,,0.0,0.0,1.0,1.0,1.0,,,0.0,0.0,3.0,1.0,4.0,11.0,0.0,0.0,4.0,4.0,0.0,3.0,89796.0,2396.6904,,3674.5996,4316.7171,116.0,3.0961,59.0,1.5747,40.0,314.0,8.3808,63750,39442,1052.7224,,61733.0,-0.11045,-1.82,,1014.0,237.0,,,33.3897,16223.0,18806.0,331.0,18069.0,18952.0,333.0,-1846.0,-146.0,-2.0,3.0,3.0,7.0,7.0,7.0,3.0,24922.0,29816.0,526.0,26702.0,30044.0,545.0,-1780.0,-228.0,-19.0,3.0,3.0,7.0,7.0,7.0,3.0,34498.0,40778.0,719.0,35742.0,40853.0,710.0,-1244.0,-75.0,9.0,4.0,4.0,9.0,9.0,13.0,4.0,42310.0,50265.0,860.0,48926.0,57783.0,863.0,-6616.0,-7518.0,-3.0,5.0,7.0,17.0,17.0,33.0,5.0
ESPORTSTMNT04_2694192,complete,,EM,2023,Summer,0,2023-08-14 17:50:31,1,13.14,1,Blue,top,Robocop,oe:player:bf0fcdb863d11c4f6e7802f434de734,Entropiq,oe:team:06554c70cfe8a6be14b004b3c18abe6,Ornn,Rumble,Maokai,Poppy,Draven,Kalista,,,,,,1310,1,1,1,9,15,4,0.0,0.0,0.0,0.0,1.0,1.0,0.0,0.0,0.687,0.8702,,,,,,,,,,,,,,,,,,,,,0.0,0.0,,,,,,,,0.0,0.0,11608.0,531.6641,0.243814,703.9695,1048.4427,11.0,0.5038,2.0,0.0916,3.0,25.0,1.145,9192,6244,285.9847,0.203673,7425.0,,,206.0,202.0,4.0,,,9.4351,3793.0,4842.0,89.0,3844.0,4889.0,93.0,-51.0,-47.0,-4.0,1.0,1.0,1.0,1.0,0.0,1.0,5708.0,8018.0,144.0,5764.0,7638.0,147.0,-56.0,380.0,-3.0,1.0,2.0,1.0,1.0,0.0,2.0,7635.0,10765.0,194.0,7397.0,9941.0,190.0,238.0,824.0,4.0,1.0,4.0,1.0,1.0,0.0,3.0,,,,,,,,,,,,,,,
ESPORTSTMNT04_2694192,complete,,EM,2023,Summer,0,2023-08-14 17:50:31,1,13.14,2,Blue,jng,Zicssi,oe:player:060e16e1c91434827c294bac52e8b47,Entropiq,oe:team:06554c70cfe8a6be14b004b3c18abe6,Rell,Rumble,Maokai,Poppy,Draven,Kalista,,,,,,1310,1,2,1,8,15,4,0.0,0.0,0.0,0.0,1.0,0.0,1.0,0.0,0.687,0.8702,,,,,,,,,,,,,,,,,,,,,1.0,0.0,,,,,,,,0.0,0.0,4929.0,225.7557,0.103529,712.5802,1228.4885,4.0,0.1832,7.0,0.3206,2.0,32.0,1.4656,8339,5391,246.916,0.175849,6600.0,,,141.0,10.0,131.0,,,6.458,3929.0,3860.0,72.0,3253.0,3241.0,56.0,676.0,619.0,16.0,2.0,1.0,1.0,0.0,3.0,2.0,5627.0,6193.0,110.0,4656.0,5207.0,81.0,971.0,986.0,29.0,2.0,2.0,1.0,0.0,3.0,2.0,7324.0,8452.0,136.0,6132.0,7681.0,116.0,1192.0,771.0,20.0,2.0,5.0,1.0,0.0,3.0,2.0,,,,,,,,,,,,,,,
ESPORTSTMNT04_2694192,complete,,EM,2023,Summer,0,2023-08-14 17:50:31,1,13.14,3,Blue,mid,Jackies,oe:player:204746c853a12888ad72d8035cdf8c7,Entropiq,oe:team:06554c70cfe8a6be14b004b3c18abe6,Tristana,Rumble,Maokai,Poppy,Draven,Kalista,,,,,,1310,1,8,1,3,15,4,2.0,1.0,0.0,0.0,0.0,0.0,0.0,0.0,0.687,0.8702,,,,,,,,,,,,,,,,,,,,,0.0,0.0,,,,,,,,1.0,0.0,17082.0,782.3817,0.35879,412.4427,244.3511,9.0,0.4122,3.0,0.1374,1.0,18.0,0.8244,12456,9508,435.4809,0.310141,10125.0,,,217.0,217.0,0.0,,,9.9389,3333.0,4592.0,88.0,4025.0,4487.0,77.0,-692.0,105.0,11.0,0.0,1.0,1.0,3.0,0.0,0.0,6356.0,7701.0,148.0,5894.0,6737.0,132.0,462.0,964.0,16.0,2.0,1.0,1.0,3.0,0.0,1.0,10341.0,10662.0,200.0,7586.0,8913.0,178.0,2755.0,1749.0,22.0,5.0,2.0,1.0,3.0,0.0,3.0,,,,,,,,,,,,,,,
ESPORTSTMNT04_2694192,complete,,EM,2023,Summer,0,2023-08-14 17:50:31,1,13.14,4,Blue,bot,Khantos,oe:player:58cff57941b3605087bb9208b3d76d0,Entropiq,oe:team:06554c70cfe8a6be14b004b3c18abe6,Kai'Sa,Rumble,Maokai,Poppy,Draven,Kalista,,,,,,1310,1,4,1,2,15,4,1.0,0.0,0.0,0.0,0.0,0.0,0.0,0.0,0.687,0.8702,,,,,,,,,,,,,,,,,,,,,0.0,0.0,,,,,,,,0.0,0.0,10311.0,472.2595,0.216572,232.4427,133.6031,10.0,0.458,1.0,0.0458,3.0,18.0,0.8244,9750,6802,311.542,0.221874,8410.0,,,203.0,203.0,0.0,,,9.2977,3333.0,3365.0,85.0,3185.0,3309.0,76.0,148.0,56.0,9.0,0.0,1.0,1.0,0.0,3.0,0.0,5223.0,5744.0,136.0,5532.0,6352.0,133.0,-309.0,-608.0,3.0,0.0,1.0,1.0,0.0,3.0,0.0,7758.0,8671.0,189.0,7288.0,8387.0,181.0,470.0,284.0,8.0,1.0,2.0,1.0,0.0,3.0,0.0,,,,,,,,,,,,,,,
ESPORTSTMNT04_2694192,complete,,EM,2023,Summer,0,2023-08-14 17:50:31,1,13.14,5,Blue,sup,denyk,oe:player:9adc23fff49c05d7b22cfd79ca1841d,Entropiq,oe:team:06554c70cfe8a6be14b004b3c18abe6,Rakan,Rumble,Maokai,Poppy,Draven,Kalista,,,,,,1310,1,0,0,8,15,4,0.0,0.0,0.0,0.0,0.0,0.0,0.0,0.0,0.687,0.8702,,,,,,,,,,,,,,,,,,,,,0.0,0.0,,,,,,,,0.0,0.0,3680.0,168.5496,0.0772947,293.1298,359.3588,29.0,1.3282,10.0,0.458,7.0,68.0,3.1145,5660,2712,124.2137,0.0884627,4225.0,,,40.0,40.0,0.0,,,1.8321,2117.0,2355.0,16.0,2172.0,2137.0,15.0,-55.0,218.0,1.0,0.0,1.0,0.0,0.0,3.0,0.0,3336.0,3949.0,31.0,3264.0,3003.0,23.0,72.0,946.0,8.0,0.0,2.0,0.0,0.0,3.0,0.0,4645.0,5352.0,37.0,4290.0,4519.0,30.0,355.0,833.0,7.0,0.0,5.0,0.0,0.0,3.0,1.0,,,,,,,,,,,,,,,
ESPORTSTMNT04_2694192,complete,,EM,2023,Summer,0,2023-08-14 17:50:31,1,13.14,6,Red,top,Zhergoth,oe:player:368db8366e1e5de655938dd9f8296dc,Team 7AM,oe:team:fc3d0bdc84e08efc1b6623448e64c15,Renekton,LeBlanc,Ivern,Aatrox,Yone,Yasuo,,,,,,1310,0,1,5,0,4,15,0.0,0.0,0.0,0.0,0.0,0.0,0.0,0.0,0.1832,0.8702,,,,,,,,,,,,,,,,,,,,,0.0,0.0,,,,,,,,0.0,0.0,8535.0,390.916,0.260587,1101.8473,783.9389,9.0,0.4122,3.0,0.1374,2.0,24.0,1.0992,7968,5020,229.9237,0.234909,7460.0,,,198.0,194.0,4.0,,,9.0687,3844.0,4889.0,93.0,3793.0,4842.0,89.0,51.0,47.0,4.0,1.0,0.0,1.0,1.0,1.0,1.0,5764.0,7638.0,147.0,5708.0,8018.0,144.0,56.0,-380.0,3.0,1.0,0.0,2.0,1.0,2.0,1.0,7397.0,9941.0,190.0,7635.0,10765.0,194.0,-238.0,-824.0,-4.0,1.0,0.0,3.0,1.0,4.0,1.0,,,,,,,,,,,,,,,
ESPORTSTMNT04_2694192,complete,,EM,2023,Summer,0,2023-08-14 17:50:31,1,13.14,7,Red,jng,Julbu,oe:player:fd78e127e45463dcfc2ea3836af0335,Team 7AM,oe:team:fc3d0bdc84e08efc1b6623448e64c15,Sejuani,LeBlanc,Ivern,Aatrox,Yone,Yasuo,,,,,,1310,0,0,3,3,4,15,0.0,0.0,0.0,0.0,0.0,0.0,0.0,1.0,0.1832,0.8702,,,,,,,,,,,,,,,,,,,,,0.0,1.0,,,,,,,,0.0,0.0,4542.0,208.0305,0.138674,824.1985,901.0992,7.0,0.3206,4.0,0.1832,7.0,27.0,1.2366,6641,3693,169.145,0.172812,6425.0,,,120.0,18.0,102.0,,,5.4962,3253.0,3241.0,56.0,3929.0,3860.0,72.0,-676.0,-619.0,-16.0,0.0,3.0,2.0,2.0,1.0,1.0,4656.0,5207.0,81.0,5627.0,6193.0,110.0,-971.0,-986.0,-29.0,0.0,3.0,2.0,2.0,2.0,1.0,6132.0,7681.0,116.0,7324.0,8452.0,136.0,-1192.0,-771.0,-20.0,0.0,3.0,2.0,2.0,5.0,1.0,,,,,,,,,,,,,,,
ESPORTSTMNT04_2694192,complete,,EM,2023,Summer,0,2023-08-14 17:50:31,1,13.14,8,Red,mid,Erolle,oe:player:33f41da3cc793a226c6d42474e3cd95,Team 7AM,oe:team:fc3d0bdc84e08efc1b6623448e64c15,Azir,LeBlanc,Ivern,Aatrox,Yone,Yasuo,,,,,,1310,0,3,4,0,4,15,1.0,0.0,0.0,0.0,0.0,0.0,0.0,0.0,0.1832,0.8702,,,,,,,,,,,,,,,,,,,,,0.0,0.0,,,,,,,,0.0,1.0,7923.0,362.8855,0.241902,448.626,301.2824,6.0,0.2748,1.0,0.0458,2.0,9.0,0.4122,8455,5507,252.229,0.257698,8300.0,,,189.0,189.0,0.0,,,8.6565,4025.0,4487.0,77.0,3333.0,4592.0,88.0,692.0,-105.0,-11.0,3.0,0.0,0.0,0.0,1.0,1.0,5894.0,6737.0,132.0,6356.0,7701.0,148.0,-462.0,-964.0,-16.0,3.0,0.0,1.0,2.0,1.0,1.0,7586.0,8913.0,178.0,10341.0,10662.0,200.0,-2755.0,-1749.0,-22.0,3.0,0.0,3.0,5.0,2.0,1.0,,,,,,,,,,,,,,,
ESPORTSTMNT04_2694192,complete,,EM,2023,Summer,0,2023-08-14 17:50:31,1,13.14,9,Red,bot,FlickeR,oe:player:f35ed031a08d7393374d2f921d754c9,Team 7AM,oe:team:fc3d0bdc84e08efc1b6623448e64c15,Xayah,LeBlanc,Ivern,Aatrox,Yone,Yasuo,,,,,,1310,0,0,1,3,4,15,0.0,0.0,0.0,0.0,0.0,0.0,0.0,0.0,0.1832,0.8702,,,,,,,,,,,,,,,,,,,,,0.0,0.0,,,,,,,,0.0,0.0,9584.0,438.9618,0.292614,323.9542,171.8931,7.0,0.3206,5.0,0.229,0.0,18.0,0.8244,8254,5306,243.0229,0.248292,8250.0,,,192.0,191.0,1.0,,,8.7939,3185.0,3309.0,76.0,3333.0,3365.0,85.0,-148.0,-56.0,-9.0,0.0,3.0,0.0,0.0,1.0,1.0,5532.0,6352.0,133.0,5223.0,5744.0,136.0,309.0,608.0,-3.0,0.0,3.0,0.0,0.0,1.0,1.0,7288.0,8387.0,181.0,7758.0,8671.0,189.0,-470.0,-284.0,-8.0,0.0,3.0,0.0,1.0,2.0,1.0,,,,,,,,,,,,,,,
ESPORTSTMNT04_2694192,complete,,EM,2023,Summer,0,2023-08-14 17:50:31,1,13.14,10,Red,sup,KINGPIN,oe:player:4fca9f76fb87127e7bb220b11debdde,Team 7AM,oe:team:fc3d0bdc84e08efc1b6623448e64c15,Braum,LeBlanc,Ivern,Aatrox,Yone,Yasuo,,,,,,1310,0,0,2,3,4,15,0.0,0.0,0.0,0.0,0.0,0.0,0.0,0.0,0.1832,0.8702,,,,,,,,,,,,,,,,,,,,,0.0,0.0,,,,,,,,0.0,0.0,2169.0,99.3435,0.0662229,341.8168,402.4122,23.0,1.0534,4.0,0.1832,7.0,45.0,2.0611,4792,1844,84.458,0.0862892,3925.0,,,31.0,31.0,0.0,,,1.4198,2172.0,2137.0,15.0,2117.0,2355.0,16.0,55.0,-218.0,-1.0,0.0,3.0,0.0,0.0,1.0,0.0,3264.0,3003.0,23.0,3336.0,3949.0,31.0,-72.0,-946.0,-8.0,0.0,3.0,0.0,0.0,2.0,0.0,4290.0,4519.0,30.0,4645.0,5352.0,37.0,-355.0,-833.0,-7.0,0.0,3.0,1.0,0.0,5.0,0.0,,,,,,,,,,,,,,,
ESPORTSTMNT04_2694192,complete,,EM,2023,Summer,0,2023-08-14 17:50:31,1,13.14,100,Blue,team,,,Entropiq,oe:team:06554c70cfe8a6be14b004b3c18abe6,,Rumble,Maokai,Poppy,Draven,Kalista,Rell,Kai'Sa,Ornn,Tristana,Rakan,1310,1,15,4,30,15,4,3.0,1.0,0.0,0.0,1.0,,,,0.687,0.8702,1.0,2.0,1.0,2.0,1.0,0.0,0.0,0.0,1.0,1.0,0.0,,0.0,0.0,0.0,1.0,1.0,,,1.0,1.0,0.0,0.0,7.0,3.0,0.0,1.0,3.0,5.0,1.0,0.0,47610.0,2180.6107,,2354.5649,3014.2443,63.0,2.8855,23.0,1.0534,16.0,161.0,7.374,45397,30657,1404.1374,,36785.0,0.0681706,1.25,,672.0,135.0,,,36.9618,16505.0,19014.0,350.0,16479.0,18063.0,317.0,26.0,951.0,33.0,3.0,5.0,4.0,4.0,9.0,3.0,26250.0,31605.0,569.0,25110.0,28937.0,516.0,1140.0,2668.0,53.0,5.0,8.0,4.0,4.0,9.0,5.0,37703.0,43902.0,756.0,32693.0,39441.0,695.0,5010.0,4461.0,61.0,9.0,18.0,4.0,4.0,9.0,9.0,,,,,,,,,,,,,,,
ESPORTSTMNT04_2694192,complete,,EM,2023,Summer,0,2023-08-14 17:50:31,1,13.14,200,Red,team,,,Team 7AM,oe:team:fc3d0bdc84e08efc1b6623448e64c15,,LeBlanc,Ivern,Aatrox,Yone,Yasuo,Renekton,Sejuani,Azir,Xayah,Braum,1310,0,4,15,9,4,15,1.0,0.0,0.0,0.0,0.0,,,,0.1832,0.8702,0.0,1.0,2.0,1.0,2.0,0.0,1.0,0.0,0.0,0.0,0.0,,0.0,0.0,1.0,1.0,1.0,,,0.0,0.0,1.0,1.0,3.0,7.0,1.0,0.0,5.0,3.0,0.0,1.0,32753.0,1500.1374,,3040.4427,2560.626,52.0,2.3817,17.0,0.7786,18.0,123.0,5.6336,36110,21370,978.7786,,34360.0,-0.0681706,-1.25,,623.0,107.0,,,33.4351,16479.0,18063.0,317.0,16505.0,19014.0,350.0,-26.0,-951.0,-33.0,4.0,9.0,3.0,3.0,5.0,4.0,25110.0,28937.0,516.0,26250.0,31605.0,569.0,-1140.0,-2668.0,-53.0,4.0,9.0,5.0,5.0,8.0,4.0,32693.0,39441.0,695.0,37703.0,43902.0,756.0,-5010.0,-4461.0,-61.0,4.0,9.0,9.0,9.0,18.0,4.0,,,,,,,,,,,,,,,
ESPORTSTMNT04_2694194,complete,,EM,2023,Summer,0,2023-08-14 18:24:12,1,13.14,1,Blue,top,Banderas,oe:player:57abe5a8958c15444e9103873f8565a,WLGaming Esports,oe:team:b19ab22267512e77945cd498106dcf1,K'Sante,Varus,Rakan,Kindred,Braum,Graves,,,,,,1688,1,3,3,13,24,8,0.0,0.0,0.0,0.0,0.0,0.0,0.0,0.0,0.8531,1.1374,,,,,,,,,,,,,,,,,,,,,0.0,0.0,,,,,,,,0.0,0.0,15410.0,547.7488,0.199075,862.6777,1016.3744,10.0,0.3555,4.0,0.1422,5.0,30.0,1.0664,10408,6689,237.7607,0.17714,9375.0,,,184.0,182.0,2.0,,,6.5403,3191.0,4451.0,74.0,3233.0,4859.0,89.0,-42.0,-408.0,-15.0,0.0,3.0,0.0,0.0,1.0,0.0,4896.0,7192.0,116.0,5191.0,7308.0,118.0,-295.0,-116.0,-2.0,0.0,5.0,2.0,0.0,4.0,2.0,7236.0,9942.0,152.0,6997.0,9556.0,140.0,239.0,386.0,12.0,1.0,8.0,3.0,1.0,6.0,4.0,9363.0,13056.0,175.0,8164.0,10868.0,159.0,1199.0,2188.0,16.0,2.0,12.0,3.0,1.0,6.0,6.0
ESPORTSTMNT04_2694194,complete,,EM,2023,Summer,0,2023-08-14 18:24:12,1,13.14,2,Blue,jng,Bruness,oe:player:7471c21aed615dae3e49140eca8ce89,WLGaming Esports,oe:team:b19ab22267512e77945cd498106dcf1,Trundle,Varus,Rakan,Kindred,Braum,Graves,,,,,,1688,1,3,2,14,24,8,0.0,0.0,0.0,0.0,1.0,0.0,1.0,0.0,0.8531,1.1374,,,,,,,,,,,,,,,,,,,,,0.0,0.0,,,,,,,,0.0,0.0,6311.0,224.3246,0.081529,1120.8412,919.4076,10.0,0.3555,8.0,0.2844,10.0,42.0,1.4929,10761,7042,250.3081,0.186488,10000.0,,,138.0,20.0,118.0,,,4.9052,3255.0,3098.0,56.0,3256.0,3074.0,60.0,-1.0,24.0,-4.0,0.0,3.0,0.0,1.0,0.0,2.0,4836.0,5403.0,74.0,5748.0,6329.0,108.0,-912.0,-926.0,-34.0,1.0,5.0,1.0,3.0,1.0,2.0,7434.0,8086.0,111.0,8362.0,8847.0,148.0,-928.0,-761.0,-37.0,2.0,6.0,2.0,4.0,2.0,3.0,9648.0,10692.0,120.0,9829.0,10822.0,178.0,-181.0,-130.0,-58.0,3.0,11.0,2.0,4.0,2.0,4.0
ESPORTSTMNT04_2694194,complete,,EM,2023,Summer,0,2023-08-14 18:24:12,1,13.14,3,Blue,mid,ESCIK,oe:player:7e33124e33721ef8f70d2dd843b57da,WLGaming Esports,oe:team:b19ab22267512e77945cd498106dcf1,Ahri,Varus,Rakan,Kindred,Braum,Graves,,,,,,1688,1,7,1,12,24,8,1.0,0.0,0.0,0.0,1.0,1.0,0.0,0.0,0.8531,1.1374,,,,,,,,,,,,,,,,,,,,,0.0,0.0,,,,,,,,0.0,0.0,27614.0,981.5403,0.356733,607.2867,322.0024,14.0,0.4976,5.0,0.1777,4.0,37.0,1.3152,13103,9384,333.5545,0.248511,11300.0,,,224.0,222.0,2.0,,,7.9621,4039.0,4280.0,69.0,3185.0,4619.0,87.0,854.0,-339.0,-18.0,3.0,1.0,0.0,0.0,1.0,1.0,6599.0,7300.0,121.0,5117.0,7224.0,137.0,1482.0,76.0,-16.0,5.0,1.0,0.0,1.0,1.0,3.0,8687.0,9825.0,161.0,7700.0,10484.0,174.0,987.0,-659.0,-13.0,5.0,3.0,1.0,2.0,3.0,4.0,11548.0,13362.0,204.0,9126.0,11912.0,200.0,2422.0,1450.0,4.0,6.0,8.0,1.0,2.0,3.0,5.0
ESPORTSTMNT04_2694194,complete,,EM,2023,Summer,0,2023-08-14 18:24:12,1,13.14,4,Blue,bot,Woolite,oe:player:40fa7615556f33971d67c95a702fbcc,WLGaming Esports,oe:team:b19ab22267512e77945cd498106dcf1,Kai'Sa,Varus,Rakan,Kindred,Braum,Graves,,,,,,1688,1,7,0,9,24,8,2.0,0.0,0.0,0.0,0.0,0.0,0.0,0.0,0.8531,1.1374,,,,,,,,,,,,,,,,,,,,,1.0,0.0,,,,,,,,1.0,0.0,21748.0,773.0332,0.280953,354.6327,253.2227,13.0,0.4621,11.0,0.391,4.0,39.0,1.3863,13888,10169,361.4573,0.2693,11900.0,,,279.0,261.0,18.0,,,9.9171,3198.0,3435.0,83.0,3089.0,3199.0,80.0,109.0,236.0,3.0,0.0,2.0,0.0,0.0,0.0,0.0,5030.0,5777.0,135.0,5044.0,5538.0,137.0,-14.0,239.0,-2.0,0.0,2.0,0.0,0.0,1.0,0.0,8180.0,9264.0,204.0,7418.0,8082.0,192.0,762.0,1182.0,12.0,1.0,5.0,0.0,1.0,1.0,0.0,11810.0,12290.0,244.0,9240.0,9883.0,234.0,2570.0,2407.0,10.0,5.0,7.0,0.0,1.0,1.0,2.0
ESPORTSTMNT04_2694194,complete,,EM,2023,Summer,0,2023-08-14 18:24:12,1,13.14,5,Blue,sup,Bananitoo,oe:player:148e116847c069d852ad0696d4180fe,WLGaming Esports,oe:team:b19ab22267512e77945cd498106dcf1,Alistar,Varus,Rakan,Kindred,Braum,Graves,,,,,,1688,1,4,2,13,24,8,0.0,0.0,0.0,0.0,0.0,0.0,0.0,0.0,0.8531,1.1374,,,,,,,,,,,,,,,,,,,,,0.0,0.0,,,,,,,,0.0,0.0,6325.0,224.8223,0.0817099,450.8886,661.0664,23.0,0.8175,8.0,0.2844,6.0,62.0,2.2038,8196,4477,159.1351,0.11856,7150.0,,,30.0,30.0,0.0,,,1.0664,2236.0,2322.0,11.0,2001.0,2012.0,12.0,235.0,310.0,-1.0,1.0,0.0,1.0,0.0,1.0,1.0,3617.0,4260.0,16.0,3225.0,3750.0,25.0,392.0,510.0,-9.0,2.0,2.0,1.0,0.0,1.0,1.0,5427.0,6176.0,24.0,4410.0,5108.0,27.0,1017.0,1068.0,-3.0,3.0,4.0,2.0,0.0,3.0,1.0,6954.0,8351.0,25.0,5402.0,5837.0,30.0,1552.0,2514.0,-5.0,3.0,9.0,2.0,0.0,3.0,2.0
ESPORTSTMNT04_2694194,complete,,EM,2023,Summer,0,2023-08-14 18:24:12,1,13.14,6,Red,top,CPM,oe:player:cbdaba5605992f8e1635ad782152d65,GTZ Esports,oe:team:3659b5cb3434354530c31ce71461fc1,Ornn,Rell,Maokai,Sejuani,Lee Sin,Nautilus,,,,,,1688,0,1,7,6,8,24,0.0,0.0,0.0,0.0,0.0,0.0,0.0,0.0,0.2844,1.1374,,,,,,,,,,,,,,,,,,,,,0.0,0.0,,,,,,,,0.0,0.0,11461.0,407.3815,0.185501,1059.064,1172.8081,8.0,0.2844,2.0,0.0711,0.0,15.0,0.5332,8855,5136,182.5592,0.189039,8600.0,,,169.0,169.0,0.0,,,6.0071,3233.0,4859.0,89.0,3191.0,4451.0,74.0,42.0,408.0,15.0,0.0,1.0,0.0,0.0,3.0,0.0,5191.0,7308.0,118.0,4896.0,7192.0,116.0,295.0,116.0,2.0,0.0,4.0,2.0,0.0,5.0,2.0,6997.0,9556.0,140.0,7236.0,9942.0,152.0,-239.0,-386.0,-12.0,1.0,6.0,4.0,1.0,8.0,3.0,8164.0,10868.0,159.0,9363.0,13056.0,175.0,-1199.0,-2188.0,-16.0,1.0,6.0,6.0,2.0,12.0,3.0
ESPORTSTMNT04_2694194,complete,,EM,2023,Summer,0,2023-08-14 18:24:12,1,13.14,7,Red,jng,Time,oe:player:550fa477eff3885416f22c0b3f2fc88,GTZ Esports,oe:team:3659b5cb3434354530c31ce71461fc1,Viego,Rell,Maokai,Sejuani,Lee Sin,Nautilus,,,,,,1688,0,4,4,2,8,24,0.0,0.0,0.0,0.0,0.0,0.0,0.0,1.0,0.2844,1.1374,,,,,,,,,,,,,,,,,,,,,0.0,0.0,,,,,,,,0.0,0.0,7955.0,282.7607,0.128755,1001.09,943.2227,7.0,0.2488,6.0,0.2133,7.0,34.0,1.2085,10581,6862,243.91,0.252568,9233.0,,,194.0,29.0,165.0,,,6.8957,3256.0,3074.0,60.0,3255.0,3098.0,56.0,1.0,-24.0,4.0,1.0,0.0,2.0,0.0,3.0,0.0,5748.0,6329.0,108.0,4836.0,5403.0,74.0,912.0,926.0,34.0,3.0,1.0,2.0,1.0,5.0,1.0,8362.0,8847.0,148.0,7434.0,8086.0,111.0,928.0,761.0,37.0,4.0,2.0,3.0,2.0,6.0,2.0,9829.0,10822.0,178.0,9648.0,10692.0,120.0,181.0,130.0,58.0,4.0,2.0,4.0,3.0,11.0,2.0
ESPORTSTMNT04_2694194,complete,,EM,2023,Summer,0,2023-08-14 18:24:12,1,13.14,8,Red,mid,Heroic,oe:player:c71b4244f70372f8be07a3e83c58490,GTZ Esports,oe:team:3659b5cb3434354530c31ce71461fc1,Azir,Rell,Maokai,Sejuani,Lee Sin,Nautilus,,,,,,1688,0,2,7,3,8,24,0.0,0.0,0.0,0.0,0.0,0.0,0.0,0.0,0.2844,1.1374,,,,,,,,,,,,,,,,,,,,,0.0,0.0,,,,,,,,0.0,0.0,22950.0,815.7583,0.371455,643.7559,369.5972,12.0,0.4265,2.0,0.0711,3.0,28.0,0.9953,9942,6223,221.1967,0.229048,9675.0,,,217.0,213.0,4.0,,,7.7133,3185.0,4619.0,87.0,4039.0,4280.0,69.0,-854.0,339.0,18.0,0.0,1.0,1.0,3.0,1.0,0.0,5117.0,7224.0,137.0,6599.0,7300.0,121.0,-1482.0,-76.0,16.0,1.0,1.0,3.0,5.0,1.0,0.0,7700.0,10484.0,174.0,8687.0,9825.0,161.0,-987.0,659.0,13.0,2.0,3.0,4.0,5.0,3.0,1.0,9126.0,11912.0,200.0,11548.0,13362.0,204.0,-2422.0,-1450.0,-4.0,2.0,3.0,5.0,6.0,8.0,1.0
ESPORTSTMNT04_2694194,complete,,EM,2023,Summer,0,2023-08-14 18:24:12,1,13.14,9,Red,bot,Avra,oe:player:1a38c55db5f8af06ebac94d8530ff71,GTZ Esports,oe:team:3659b5cb3434354530c31ce71461fc1,Xayah,Rell,Maokai,Sejuani,Lee Sin,Nautilus,,,,,,1688,0,1,3,1,8,24,0.0,0.0,0.0,0.0,0.0,0.0,0.0,0.0,0.2844,1.1374,,,,,,,,,,,,,,,,,,,,,0.0,1.0,,,,,,,,0.0,1.0,15248.0,541.9905,0.246795,472.3934,193.0095,13.0,0.4621,6.0,0.2133,5.0,28.0,0.9953,10521,6802,241.7773,0.25036,10135.0,,,264.0,258.0,6.0,,,9.3839,3089.0,3199.0,80.0,3198.0,3435.0,83.0,-109.0,-236.0,-3.0,0.0,0.0,0.0,0.0,2.0,0.0,5044.0,5538.0,137.0,5030.0,5777.0,135.0,14.0,-239.0,2.0,0.0,1.0,0.0,0.0,2.0,0.0,7418.0,8082.0,192.0,8180.0,9264.0,204.0,-762.0,-1182.0,-12.0,1.0,1.0,0.0,1.0,5.0,0.0,9240.0,9883.0,234.0,11810.0,12290.0,244.0,-2570.0,-2407.0,-10.0,1.0,1.0,2.0,5.0,7.0,0.0
ESPORTSTMNT04_2694194,complete,,EM,2023,Summer,0,2023-08-14 18:24:12,1,13.14,10,Red,sup,Nightmares,oe:player:fb20df3c2584739649c47e15bdd1e1e,GTZ Esports,oe:team:3659b5cb3434354530c31ce71461fc1,Leona,Rell,Maokai,Sejuani,Lee Sin,Nautilus,,,,,,1688,0,0,3,3,8,24,0.0,0.0,0.0,0.0,0.0,0.0,0.0,0.0,0.2844,1.1374,,,,,,,,,,,,,,,,,,,,,0.0,0.0,,,,,,,,0.0,0.0,4170.0,148.2227,0.0674932,395.8649,456.8957,41.0,1.4573,9.0,0.3199,8.0,77.0,2.737,5865,2146,76.2796,0.0789844,5450.0,,,32.0,32.0,0.0,,,1.1374,2001.0,2012.0,12.0,2236.0,2322.0,11.0,-235.0,-310.0,1.0,0.0,1.0,1.0,1.0,0.0,1.0,3225.0,3750.0,25.0,3617.0,4260.0,16.0,-392.0,-510.0,9.0,0.0,1.0,1.0,2.0,2.0,1.0,4410.0,5108.0,27.0,5427.0,6176.0,24.0,-1017.0,-1068.0,3.0,0.0,3.0,1.0,3.0,4.0,2.0,5402.0,5837.0,30.0,6954.0,8351.0,25.0,-1552.0,-2514.0,5.0,0.0,3.0,2.0,3.0,9.0,2.0
ESPORTSTMNT04_2694194,complete,,EM,2023,Summer,0,2023-08-14 18:24:12,1,13.14,100,Blue,team,,,WLGaming Esports,oe:team:b19ab22267512e77945cd498106dcf1,,Varus,Rakan,Kindred,Braum,Graves,Kai'Sa,Ahri,K'Sante,Trundle,Alistar,1688,1,24,8,61,24,8,3.0,0.0,0.0,0.0,1.0,,,,0.8531,1.1374,1.0,3.0,1.0,3.0,1.0,1.0,0.0,1.0,0.0,1.0,0.0,,0.0,0.0,1.0,2.0,0.0,,,1.0,1.0,0.0,0.0,9.0,3.0,1.0,1.0,3.0,3.0,1.0,0.0,77408.0,2751.4692,,3396.327,3172.0735,70.0,2.4882,36.0,1.2796,29.0,210.0,7.4645,56356,37760,1342.1801,,49725.0,0.142903,2.07,,715.0,140.0,,,30.391,15919.0,17586.0,293.0,14764.0,17763.0,328.0,1155.0,-177.0,-35.0,4.0,9.0,1.0,1.0,3.0,4.0,24978.0,29932.0,462.0,24325.0,30149.0,525.0,653.0,-217.0,-63.0,8.0,15.0,4.0,4.0,8.0,8.0,36964.0,43293.0,652.0,34887.0,42077.0,681.0,2077.0,1216.0,-29.0,12.0,26.0,8.0,8.0,15.0,12.0,49323.0,57751.0,768.0,41761.0,49322.0,801.0,7562.0,8429.0,-33.0,19.0,47.0,8.0,8.0,15.0,19.0
ESPORTSTMNT04_2694194,complete,,EM,2023,Summer,0,2023-08-14 18:24:12,1,13.14,200,Red,team,,,GTZ Esports,oe:team:3659b5cb3434354530c31ce71461fc1,,Rell,Maokai,Sejuani,Lee Sin,Nautilus,Azir,Xayah,Ornn,Viego,Leona,1688,0,8,24,15,8,24,0.0,0.0,0.0,0.0,0.0,,,,0.2844,1.1374,0.0,1.0,3.0,1.0,3.0,0.0,0.0,0.0,0.0,1.0,0.0,,0.0,0.0,0.0,0.0,2.0,,,0.0,0.0,1.0,1.0,3.0,9.0,0.0,0.0,3.0,3.0,0.0,1.0,61784.0,2196.1137,,3572.1682,3135.5332,81.0,2.8791,25.0,0.8886,23.0,182.0,6.4692,45764,27168,965.6872,,43093.0,-0.142903,-2.07,,701.0,175.0,,,31.1374,14764.0,17763.0,328.0,15919.0,17586.0,293.0,-1155.0,177.0,35.0,1.0,3.0,4.0,4.0,9.0,1.0,24325.0,30149.0,525.0,24978.0,29932.0,462.0,-653.0,217.0,63.0,4.0,8.0,8.0,8.0,15.0,4.0,34887.0,42077.0,681.0,36964.0,43293.0,652.0,-2077.0,-1216.0,29.0,8.0,15.0,12.0,12.0,26.0,8.0,41761.0,49322.0,801.0,49323.0,57751.0,768.0,-7562.0,-8429.0,33.0,8.0,15.0,19.0,19.0,47.0,8.0
ESPORTSTMNT04_2693217,complete,,EM,2023,Summer,0,2023-08-14 18:38:36,1,13.14,1,Blue,top,Zhergoth,oe:player:368db8366e1e5de655938dd9f8296dc,Team 7AM,oe:team:fc3d0bdc84e08efc1b6623448e64c15,Jax,Tristana,Ivern,Renekton,Alistar,Poppy,,,,,,1368,0,2,2,2,8,26,0.0,0.0,0.0,0.0,0.0,0.0,0.0,0.0,0.3509,1.4912,,,,,,,,,,,,,,,,,,,,,0.0,0.0,,,,,,,,0.0,0.0,11011.0,482.9386,0.263876,982.0614,682.7193,8.0,0.3509,0.0,0.0,1.0,13.0,0.5702,8469,5403,236.9737,0.248212,8360.0,,,194.0,182.0,12.0,,,8.5088,3756.0,4454.0,81.0,2763.0,3940.0,63.0,993.0,514.0,18.0,2.0,1.0,0.0,0.0,0.0,2.0,5834.0,6665.0,121.0,4156.0,6251.0,93.0,1678.0,414.0,28.0,2.0,1.0,1.0,0.0,3.0,2.0,7716.0,9639.0,178.0,6639.0,9456.0,141.0,1077.0,183.0,37.0,2.0,1.0,1.0,1.0,5.0,2.0,,,,,,,,,,,,,,,
ESPORTSTMNT04_2693217,complete,,EM,2023,Summer,0,2023-08-14 18:38:36,1,13.14,2,Blue,jng,Julbu,oe:player:fd78e127e45463dcfc2ea3836af0335,Team 7AM,oe:team:fc3d0bdc84e08efc1b6623448e64c15,Sejuani,Tristana,Ivern,Renekton,Alistar,Poppy,,,,,,1368,0,1,7,4,8,26,0.0,0.0,0.0,0.0,0.0,0.0,0.0,0.0,0.3509,1.4912,,,,,,,,,,,,,,,,,,,,,0.0,1.0,,,,,,,,0.0,0.0,8849.0,388.114,0.212064,1194.2544,1158.5088,5.0,0.2193,8.0,0.3509,5.0,30.0,1.3158,6792,3726,163.4211,0.171167,6575.0,,,107.0,13.0,94.0,,,4.693,3585.0,3331.0,53.0,3780.0,2734.0,49.0,-195.0,597.0,4.0,1.0,3.0,1.0,3.0,1.0,2.0,5148.0,5046.0,78.0,5764.0,4689.0,77.0,-616.0,357.0,1.0,1.0,4.0,2.0,4.0,4.0,2.0,6335.0,6845.0,104.0,7919.0,7983.0,105.0,-1584.0,-1138.0,-1.0,1.0,4.0,5.0,5.0,9.0,2.0,,,,,,,,,,,,,,,
ESPORTSTMNT04_2693217,complete,,EM,2023,Summer,0,2023-08-14 18:38:36,1,13.14,3,Blue,mid,Erolle,oe:player:33f41da3cc793a226c6d42474e3cd95,Team 7AM,oe:team:fc3d0bdc84e08efc1b6623448e64c15,Yone,Tristana,Ivern,Renekton,Alistar,Poppy,,,,,,1368,0,0,5,2,8,26,0.0,0.0,0.0,0.0,0.0,0.0,0.0,0.0,0.3509,1.4912,,,,,,,,,,,,,,,,,,,,,0.0,0.0,,,,,,,,0.0,1.0,9623.0,422.0614,0.230613,778.0263,614.4298,7.0,0.307,0.0,0.0,1.0,8.0,0.3509,7030,3964,173.8596,0.182101,6625.0,,,165.0,156.0,9.0,,,7.2368,3001.0,4599.0,67.0,3537.0,4991.0,95.0,-536.0,-392.0,-28.0,0.0,1.0,1.0,0.0,2.0,0.0,4681.0,7081.0,109.0,6215.0,7870.0,152.0,-1534.0,-789.0,-43.0,0.0,1.0,2.0,2.0,4.0,0.0,6466.0,9805.0,159.0,9584.0,11131.0,207.0,-3118.0,-1326.0,-48.0,0.0,1.0,3.0,4.0,8.0,0.0,,,,,,,,,,,,,,,
ESPORTSTMNT04_2693217,complete,,EM,2023,Summer,0,2023-08-14 18:38:36,1,13.14,4,Blue,bot,FlickeR,oe:player:f35ed031a08d7393374d2f921d754c9,Team 7AM,oe:team:fc3d0bdc84e08efc1b6623448e64c15,Kalista,Tristana,Ivern,Renekton,Alistar,Poppy,,,,,,1368,0,4,5,0,8,26,0.0,0.0,0.0,0.0,0.0,0.0,0.0,1.0,0.3509,1.4912,,,,,,,,,,,,,,,,,,,,,0.0,0.0,,,,,,,,0.0,0.0,9504.0,416.8421,0.227761,612.193,243.1579,6.0,0.2632,5.0,0.2193,0.0,17.0,0.7456,9827,6761,296.5351,0.310602,8350.0,,,179.0,179.0,0.0,,,7.8509,3899.0,3226.0,81.0,3968.0,3051.0,76.0,-69.0,175.0,5.0,2.0,0.0,1.0,2.0,1.0,0.0,6473.0,5315.0,125.0,6980.0,5939.0,136.0,-507.0,-624.0,-11.0,3.0,0.0,2.0,4.0,3.0,0.0,8053.0,6914.0,165.0,10703.0,9292.0,191.0,-2650.0,-2378.0,-26.0,3.0,0.0,4.0,8.0,5.0,0.0,,,,,,,,,,,,,,,
ESPORTSTMNT04_2693217,complete,,EM,2023,Summer,0,2023-08-14 18:38:36,1,13.14,5,Blue,sup,KINGPIN,oe:player:4fca9f76fb87127e7bb220b11debdde,Team 7AM,oe:team:fc3d0bdc84e08efc1b6623448e64c15,Rell,Tristana,Ivern,Renekton,Alistar,Poppy,,,,,,1368,0,1,7,3,8,26,0.0,0.0,0.0,0.0,0.0,0.0,0.0,0.0,0.3509,1.4912,,,,,,,,,,,,,,,,,,,,,0.0,0.0,,,,,,,,0.0,0.0,2741.0,120.2193,0.0656873,587.5,565.2632,28.0,1.2281,4.0,0.1754,9.0,54.0,2.3684,4980,1914,83.9474,0.087919,4525.0,,,26.0,26.0,0.0,,,1.1404,2236.0,2169.0,14.0,2639.0,2821.0,14.0,-403.0,-652.0,0.0,0.0,2.0,2.0,0.0,5.0,1.0,3340.0,2796.0,18.0,4035.0,4050.0,22.0,-695.0,-1254.0,-4.0,0.0,3.0,3.0,0.0,8.0,2.0,4271.0,3926.0,26.0,5461.0,5903.0,26.0,-1190.0,-1977.0,0.0,0.0,3.0,5.0,0.0,15.0,2.0,,,,,,,,,,,,,,,
ESPORTSTMNT04_2693217,complete,,EM,2023,Summer,0,2023-08-14 18:38:36,1,13.14,6,Red,top,StarScreen,oe:player:1bc0756ba9102abb5a7cd13d2b618aa,FUT Esports,oe:team:8df5e2c8825f60f136b2cbed5633a81,Malphite,Draven,Aatrox,Xayah,Rumble,Samira,,,,,,1368,1,1,3,11,26,8,0.0,0.0,0.0,0.0,0.0,0.0,0.0,0.0,1.1404,1.4912,,,,,,,,,,,,,,,,,,,,,0.0,0.0,,,,,,,,0.0,0.0,11512.0,504.9123,0.148394,602.4561,998.6842,9.0,0.3947,2.0,0.0877,1.0,17.0,0.7456,7738,4672,204.9123,0.13749,6725.0,,,143.0,143.0,0.0,,,6.2719,2763.0,3940.0,63.0,3756.0,4454.0,81.0,-993.0,-514.0,-18.0,0.0,0.0,2.0,2.0,1.0,0.0,4156.0,6251.0,93.0,5834.0,6665.0,121.0,-1678.0,-414.0,-28.0,0.0,3.0,2.0,2.0,1.0,1.0,6639.0,9456.0,141.0,7716.0,9639.0,178.0,-1077.0,-183.0,-37.0,1.0,5.0,2.0,2.0,1.0,1.0,,,,,,,,,,,,,,,
ESPORTSTMNT04_2693217,complete,,EM,2023,Summer,0,2023-08-14 18:38:36,1,13.14,7,Red,jng,Mojito,oe:player:d92b0904aa4f08f128aa8c6d2775056,FUT Esports,oe:team:8df5e2c8825f60f136b2cbed5633a81,Maokai,Draven,Aatrox,Xayah,Rumble,Samira,,,,,,1368,1,6,2,14,26,8,1.0,0.0,0.0,0.0,1.0,1.0,0.0,0.0,1.1404,1.4912,,,,,,,,,,,,,,,,,,,,,1.0,0.0,,,,,,,,0.0,0.0,11760.0,515.7895,0.151591,1092.807,1014.6491,8.0,0.3509,4.0,0.1754,8.0,26.0,1.1404,9668,6602,289.5614,0.19429,8300.0,,,112.0,6.0,106.0,,,4.9123,3780.0,2734.0,49.0,3585.0,3331.0,53.0,195.0,-597.0,-4.0,3.0,1.0,2.0,1.0,3.0,1.0,5764.0,4689.0,77.0,5148.0,5046.0,78.0,616.0,-357.0,-1.0,4.0,4.0,2.0,1.0,4.0,2.0,7919.0,7983.0,105.0,6335.0,6845.0,104.0,1584.0,1138.0,1.0,5.0,9.0,2.0,1.0,4.0,5.0,,,,,,,,,,,,,,,
ESPORTSTMNT04_2693217,complete,,EM,2023,Summer,0,2023-08-14 18:38:36,1,13.14,8,Red,mid,Tempt,oe:player:2861898294dd867b05fd28dca284e57,FUT Esports,oe:team:8df5e2c8825f60f136b2cbed5633a81,Jayce,Draven,Aatrox,Xayah,Rumble,Samira,,,,,,1368,1,9,0,11,26,8,1.0,1.0,0.0,0.0,0.0,0.0,0.0,0.0,1.1404,1.4912,,,,,,,,,,,,,,,,,,,,,0.0,0.0,,,,,,,,1.0,0.0,27592.0,1210.1754,0.355672,360.307,289.8684,11.0,0.4825,2.0,0.0877,4.0,21.0,0.9211,12282,9216,404.2105,0.271222,10050.0,,,236.0,231.0,5.0,,,10.3509,3537.0,4991.0,95.0,3001.0,4599.0,67.0,536.0,392.0,28.0,0.0,2.0,0.0,0.0,1.0,1.0,6215.0,7870.0,152.0,4681.0,7081.0,109.0,1534.0,789.0,43.0,2.0,4.0,0.0,0.0,1.0,2.0,9584.0,11131.0,207.0,6466.0,9805.0,159.0,3118.0,1326.0,48.0,4.0,8.0,0.0,0.0,1.0,3.0,,,,,,,,,,,,,,,
ESPORTSTMNT04_2693217,complete,,EM,2023,Summer,0,2023-08-14 18:38:36,1,13.14,9,Red,bot,Kaori,oe:player:c63c7e0755b31f1effbdf2e1f831e7d,FUT Esports,oe:team:8df5e2c8825f60f136b2cbed5633a81,Kai'Sa,Draven,Aatrox,Xayah,Rumble,Samira,,,,,,1368,1,10,1,10,26,8,2.0,0.0,0.0,0.0,1.0,0.0,1.0,0.0,1.1404,1.4912,,,,,,,,,,,,,,,,,,,,,0.0,0.0,,,,,,,,0.0,0.0,21502.0,943.0702,0.27717,402.1491,267.5439,13.0,0.5702,5.0,0.2193,1.0,24.0,1.0526,12982,9916,434.9123,0.291823,11225.0,,,214.0,204.0,10.0,,,9.386,3968.0,3051.0,76.0,3899.0,3226.0,81.0,69.0,-175.0,-5.0,2.0,1.0,0.0,2.0,0.0,1.0,6980.0,5939.0,136.0,6473.0,5315.0,125.0,507.0,624.0,11.0,4.0,3.0,0.0,3.0,0.0,2.0,10703.0,9292.0,191.0,8053.0,6914.0,165.0,2650.0,2378.0,26.0,8.0,5.0,0.0,3.0,0.0,4.0,,,,,,,,,,,,,,,
ESPORTSTMNT04_2693217,complete,,EM,2023,Summer,0,2023-08-14 18:38:36,1,13.14,10,Red,sup,Asper,oe:player:29e873916dcb14c9feb6b85d253cb87,FUT Esports,oe:team:8df5e2c8825f60f136b2cbed5633a81,Rakan,Draven,Aatrox,Xayah,Rumble,Samira,,,,,,1368,1,0,2,23,26,8,0.0,0.0,0.0,0.0,1.0,0.0,1.0,0.0,1.1404,1.4912,,,,,,,,,,,,,,,,,,,,,0.0,0.0,,,,,,,,0.0,0.0,5211.0,228.5526,0.067172,430.2632,464.4298,36.0,1.5789,4.0,0.1754,12.0,69.0,3.0263,6640,3574,156.7544,0.105175,5850.0,,,26.0,26.0,0.0,,,1.1404,2639.0,2821.0,14.0,2236.0,2169.0,14.0,403.0,652.0,0.0,0.0,5.0,1.0,0.0,2.0,2.0,4035.0,4050.0,22.0,3340.0,2796.0,18.0,695.0,1254.0,4.0,0.0,8.0,2.0,0.0,3.0,3.0,5461.0,5903.0,26.0,4271.0,3926.0,26.0,1190.0,1977.0,0.0,0.0,15.0,2.0,0.0,3.0,5.0,,,,,,,,,,,,,,,
ESPORTSTMNT04_2693217,complete,,EM,2023,Summer,0,2023-08-14 18:38:36,1,13.14,100,Blue,team,,,Team 7AM,oe:team:fc3d0bdc84e08efc1b6623448e64c15,,Tristana,Ivern,Renekton,Alistar,Poppy,Rell,Sejuani,Yone,Kalista,Jax,1368,0,8,26,11,8,26,0.0,0.0,0.0,0.0,0.0,,,,0.3509,1.4912,0.0,0.0,3.0,0.0,3.0,0.0,0.0,0.0,0.0,0.0,0.0,,0.0,0.0,1.0,1.0,1.0,,,0.0,0.0,1.0,1.0,1.0,8.0,0.0,0.0,5.0,4.0,0.0,1.0,41728.0,1830.1754,,4154.0351,3264.0789,54.0,2.3684,17.0,0.7456,16.0,122.0,5.3509,37098,21766,954.6491,,34435.0,-0.201475,-2.23,,556.0,115.0,,,29.4298,16477.0,17779.0,296.0,16687.0,17537.0,297.0,-210.0,242.0,-1.0,5.0,7.0,5.0,5.0,9.0,5.0,25476.0,26903.0,451.0,27150.0,28799.0,480.0,-1674.0,-1896.0,-29.0,6.0,9.0,10.0,10.0,22.0,6.0,32841.0,37129.0,632.0,40306.0,43765.0,670.0,-7465.0,-6636.0,-38.0,6.0,9.0,18.0,18.0,42.0,6.0,,,,,,,,,,,,,,,
ESPORTSTMNT04_2693217,complete,,EM,2023,Summer,0,2023-08-14 18:38:36,1,13.14,200,Red,team,,,FUT Esports,oe:team:8df5e2c8825f60f136b2cbed5633a81,,Draven,Aatrox,Xayah,Rumble,Samira,Jayce,Kai'Sa,Maokai,Rakan,Malphite,1368,1,26,8,69,26,8,4.0,1.0,0.0,0.0,1.0,,,,1.1404,1.4912,1.0,3.0,0.0,3.0,0.0,1.0,1.0,0.0,1.0,0.0,0.0,,0.0,0.0,0.0,1.0,1.0,,,1.0,1.0,0.0,0.0,8.0,1.0,1.0,1.0,4.0,5.0,1.0,0.0,77577.0,3402.5,,2887.9825,3035.1754,77.0,3.3772,17.0,0.7456,26.0,157.0,6.886,49310,33978,1490.2632,,42150.0,0.201475,2.23,,610.0,121.0,,,32.0614,16687.0,17537.0,297.0,16477.0,17779.0,296.0,210.0,-242.0,1.0,5.0,9.0,5.0,5.0,7.0,5.0,27150.0,28799.0,480.0,25476.0,26903.0,451.0,1674.0,1896.0,29.0,10.0,22.0,6.0,6.0,9.0,10.0,40306.0,43765.0,670.0,32841.0,37129.0,632.0,7465.0,6636.0,38.0,18.0,42.0,6.0,6.0,9.0,18.0,,,,,,,,,,,,,,,
ESPORTSTMNT04_2692239,complete,,EM,2023,Summer,0,2023-08-14 18:47:10,1,13.14,1,Blue,top,Eyliph,oe:player:4b20700639bada36a5a58cc4a8e7135,Anorthosis Famagusta Esports,oe:team:5f1bc4a914b49c7b7ff4c2f1b8d8df9,Rumble,Sejuani,Rakan,Jax,Nautilus,Alistar,,,,,,1708,1,4,4,13,31,13,0.0,0.0,0.0,0.0,0.0,0.0,0.0,0.0,1.089,1.5457,,,,,,,,,,,,,,,,,,,,,0.0,0.0,,,,,,,,0.0,0.0,16013.0,562.5176,0.18462,672.8571,700.9251,14.0,0.4918,2.0,0.0703,5.0,28.0,0.9836,11922,8162,286.7213,0.181568,11825.0,,,211.0,191.0,20.0,,,7.4122,3255.0,4682.0,67.0,3723.0,4694.0,81.0,-468.0,-12.0,-14.0,1.0,2.0,1.0,2.0,0.0,2.0,4882.0,6367.0,95.0,6045.0,7678.0,134.0,-1163.0,-1311.0,-39.0,2.0,3.0,3.0,3.0,1.0,2.0,6648.0,9130.0,145.0,8305.0,10742.0,190.0,-1657.0,-1612.0,-45.0,2.0,3.0,4.0,3.0,2.0,2.0,10362.0,13389.0,185.0,9777.0,12467.0,214.0,585.0,922.0,-29.0,4.0,8.0,4.0,3.0,4.0,4.0
ESPORTSTMNT04_2692239,complete,,EM,2023,Summer,0,2023-08-14 18:47:10,1,13.14,2,Blue,jng,SPOOKY,oe:player:11389d6d8a29729807c3cf528a98050,Anorthosis Famagusta Esports,oe:team:5f1bc4a914b49c7b7ff4c2f1b8d8df9,Viego,Sejuani,Rakan,Jax,Nautilus,Alistar,,,,,,1708,1,5,2,17,31,13,1.0,0.0,0.0,0.0,1.0,1.0,0.0,0.0,1.089,1.5457,,,,,,,,,,,,,,,,,,,,,1.0,0.0,,,,,,,,0.0,0.0,14489.0,508.9813,0.167049,931.1241,758.466,12.0,0.4215,4.0,0.1405,13.0,27.0,0.9485,13661,9901,347.8103,0.220252,11150.0,,,172.0,24.0,148.0,,,6.0422,4348.0,3565.0,59.0,3561.0,2765.0,52.0,787.0,800.0,7.0,2.0,2.0,1.0,1.0,1.0,3.0,6473.0,5818.0,93.0,5595.0,5148.0,89.0,878.0,670.0,4.0,2.0,3.0,1.0,2.0,2.0,3.0,8151.0,7860.0,125.0,7717.0,7446.0,119.0,434.0,414.0,6.0,2.0,3.0,1.0,4.0,2.0,3.0,11485.0,11710.0,145.0,9534.0,8770.0,130.0,1951.0,2940.0,15.0,3.0,14.0,2.0,5.0,4.0,6.0
ESPORTSTMNT04_2692239,complete,,EM,2023,Summer,0,2023-08-14 18:47:10,1,13.14,3,Blue,mid,HAWHAW,oe:player:ae06413dcf80aa496ab8448d8ea586f,Anorthosis Famagusta Esports,oe:team:5f1bc4a914b49c7b7ff4c2f1b8d8df9,Malphite,Sejuani,Rakan,Jax,Nautilus,Alistar,,,,,,1708,1,3,4,17,31,13,0.0,0.0,0.0,0.0,0.0,0.0,0.0,0.0,1.089,1.5457,,,,,,,,,,,,,,,,,,,,,0.0,0.0,,,,,,,,1.0,0.0,15415.0,541.5105,0.177725,618.5831,1266.8852,13.0,0.4567,5.0,0.1756,7.0,37.0,1.2998,10994,7234,254.1218,0.160924,10875.0,,,186.0,182.0,4.0,,,6.534,4136.0,4602.0,79.0,3376.0,4206.0,72.0,760.0,396.0,7.0,2.0,3.0,1.0,1.0,0.0,2.0,5738.0,7000.0,117.0,5327.0,6775.0,118.0,411.0,225.0,-1.0,2.0,4.0,2.0,1.0,3.0,3.0,7271.0,9129.0,156.0,6776.0,8925.0,160.0,495.0,204.0,-4.0,2.0,4.0,3.0,1.0,3.0,3.0,9713.0,12181.0,171.0,8207.0,10304.0,181.0,1506.0,1877.0,-10.0,3.0,12.0,4.0,1.0,6.0,5.0
ESPORTSTMNT04_2692239,complete,,EM,2023,Summer,0,2023-08-14 18:47:10,1,13.14,4,Blue,bot,GOLDENTO4ST,oe:player:5c58c2e986e8aec0ee6f2465823349a,Anorthosis Famagusta Esports,oe:team:5f1bc4a914b49c7b7ff4c2f1b8d8df9,Sivir,Sejuani,Rakan,Jax,Nautilus,Alistar,,,,,,1708,1,9,1,14,31,13,2.0,0.0,0.0,0.0,0.0,0.0,0.0,0.0,1.089,1.5457,,,,,,,,,,,,,,,,,,,,,0.0,0.0,,,,,,,,0.0,0.0,30090.0,1057.0258,0.346919,536.4871,256.7916,13.0,0.4567,5.0,0.1756,4.0,44.0,1.5457,15493,11733,412.1663,0.261005,13550.0,,,286.0,258.0,28.0,,,10.0468,3893.0,2940.0,70.0,3472.0,3163.0,87.0,421.0,-223.0,-17.0,3.0,1.0,1.0,0.0,0.0,2.0,6516.0,5800.0,125.0,5957.0,5424.0,128.0,559.0,376.0,-3.0,3.0,3.0,1.0,2.0,1.0,4.0,8287.0,8147.0,175.0,8014.0,7547.0,182.0,273.0,600.0,-7.0,3.0,3.0,1.0,2.0,3.0,4.0,12954.0,13022.0,237.0,9707.0,8859.0,205.0,3247.0,4163.0,32.0,7.0,11.0,1.0,3.0,4.0,7.0
ESPORTSTMNT04_2692239,complete,,EM,2023,Summer,0,2023-08-14 18:47:10,1,13.14,5,Blue,sup,iLEVI,oe:player:b226880189cb11f7da7a0c86544b556,Anorthosis Famagusta Esports,oe:team:5f1bc4a914b49c7b7ff4c2f1b8d8df9,Pyke,Sejuani,Rakan,Jax,Nautilus,Alistar,,,,,,1708,1,10,2,13,31,13,2.0,1.0,0.0,0.0,0.0,0.0,0.0,0.0,1.089,1.5457,,,,,,,,,,,,,,,,,,,,,0.0,0.0,,,,,,,,0.0,0.0,10728.0,376.8618,0.123687,511.9321,334.6721,65.0,2.2834,20.0,0.7026,13.0,132.0,4.637,11683,7923,278.3255,0.176251,10800.0,,,43.0,43.0,0.0,,,1.5105,3313.0,3054.0,15.0,2205.0,2613.0,14.0,1108.0,441.0,1.0,2.0,5.0,0.0,0.0,0.0,1.0,4924.0,4270.0,22.0,3624.0,4349.0,22.0,1300.0,-79.0,0.0,4.0,5.0,1.0,0.0,4.0,1.0,6195.0,5058.0,31.0,4729.0,6211.0,25.0,1466.0,-1153.0,6.0,4.0,5.0,1.0,0.0,6.0,1.0,10301.0,9025.0,37.0,6269.0,7826.0,28.0,4032.0,1199.0,9.0,9.0,9.0,2.0,1.0,8.0,4.0
ESPORTSTMNT04_2692239,complete,,EM,2023,Summer,0,2023-08-14 18:47:10,1,13.14,6,Red,top,Empyros,oe:player:9db3f170213f562a9613fe4f99d7dfa,DSYRE,oe:team:3e3ca0895ded506fd637e723d6ae2a1,Sett,Ivern,LeBlanc,Rell,Xayah,Tristana,,,,,,1708,0,3,5,4,13,31,0.0,0.0,0.0,0.0,0.0,0.0,0.0,0.0,0.4567,1.5457,,,,,,,,,,,,,,,,,,,,,0.0,0.0,,,,,,,,0.0,0.0,13677.0,480.4567,0.19317,855.0,1068.4778,12.0,0.4215,9.0,0.3162,4.0,26.0,0.9133,10725,6965,244.6721,0.236848,11260.0,,,238.0,222.0,16.0,,,8.3607,3723.0,4694.0,81.0,3255.0,4682.0,67.0,468.0,12.0,14.0,2.0,0.0,2.0,1.0,2.0,1.0,6045.0,7678.0,134.0,4882.0,6367.0,95.0,1163.0,1311.0,39.0,3.0,1.0,2.0,2.0,3.0,3.0,8305.0,10742.0,190.0,6648.0,9130.0,145.0,1657.0,1612.0,45.0,3.0,2.0,2.0,2.0,3.0,4.0,9777.0,12467.0,214.0,10362.0,13389.0,185.0,-585.0,-922.0,29.0,3.0,4.0,4.0,4.0,8.0,4.0
ESPORTSTMNT04_2692239,complete,,EM,2023,Summer,0,2023-08-14 18:47:10,1,13.14,7,Red,jng,Rhilech,oe:player:cbe20c64274a87a21e5bdac1ccc3e77,DSYRE,oe:team:3e3ca0895ded506fd637e723d6ae2a1,Maokai,Ivern,LeBlanc,Rell,Xayah,Tristana,,,,,,1708,0,5,7,4,13,31,1.0,0.0,0.0,0.0,0.0,0.0,0.0,1.0,0.4567,1.5457,,,,,,,,,,,,,,,,,,,,,0.0,1.0,,,,,,,,0.0,0.0,19053.0,669.3091,0.269099,1177.9391,959.6136,5.0,0.1756,9.0,0.3162,6.0,27.0,0.9485,10469,6709,235.6792,0.228143,10350.0,,,137.0,25.0,112.0,,,4.8126,3561.0,2765.0,52.0,4348.0,3565.0,59.0,-787.0,-800.0,-7.0,1.0,1.0,3.0,2.0,2.0,1.0,5595.0,5148.0,89.0,6473.0,5818.0,93.0,-878.0,-670.0,-4.0,2.0,2.0,3.0,2.0,3.0,1.0,7717.0,7446.0,119.0,8151.0,7860.0,125.0,-434.0,-414.0,-6.0,4.0,2.0,3.0,2.0,3.0,1.0,9534.0,8770.0,130.0,11485.0,11710.0,145.0,-1951.0,-2940.0,-15.0,5.0,4.0,6.0,3.0,14.0,2.0
ESPORTSTMNT04_2692239,complete,,EM,2023,Summer,0,2023-08-14 18:47:10,1,13.14,8,Red,mid,XoNix,oe:player:be877a261fb0c3a320db45091bdefec,DSYRE,oe:team:3e3ca0895ded506fd637e723d6ae2a1,Jayce,Ivern,LeBlanc,Rell,Xayah,Tristana,,,,,,1708,0,1,6,6,13,31,0.0,0.0,0.0,0.0,0.0,0.0,0.0,0.0,0.4567,1.5457,,,,,,,,,,,,,,,,,,,,,0.0,0.0,,,,,,,,0.0,1.0,16151.0,567.3653,0.228112,550.6089,462.5059,10.0,0.3513,4.0,0.1405,1.0,18.0,0.6323,9082,5322,186.9555,0.180978,8925.0,,,199.0,195.0,4.0,,,6.9906,3376.0,4206.0,72.0,4136.0,4602.0,79.0,-760.0,-396.0,-7.0,1.0,0.0,2.0,2.0,3.0,1.0,5327.0,6775.0,118.0,5738.0,7000.0,117.0,-411.0,-225.0,1.0,1.0,3.0,3.0,2.0,4.0,2.0,6776.0,8925.0,160.0,7271.0,9129.0,156.0,-495.0,-204.0,4.0,1.0,3.0,3.0,2.0,4.0,3.0,8207.0,10304.0,181.0,9713.0,12181.0,171.0,-1506.0,-1877.0,10.0,1.0,6.0,5.0,3.0,12.0,4.0
ESPORTSTMNT04_2692239,complete,,EM,2023,Summer,0,2023-08-14 18:47:10,1,13.14,9,Red,bot,Aetinoth,oe:player:d47955c8bc06bf316f24ee15d45407b,DSYRE,oe:team:3e3ca0895ded506fd637e723d6ae2a1,Kai'Sa,Ivern,LeBlanc,Rell,Xayah,Tristana,,,,,,1708,0,3,8,4,13,31,0.0,0.0,0.0,0.0,0.0,0.0,0.0,0.0,0.4567,1.5457,,,,,,,,,,,,,,,,,,,,,0.0,0.0,,,,,,,,0.0,0.0,18326.0,643.7705,0.258831,560.9719,364.7775,13.0,0.4567,7.0,0.2459,3.0,26.0,0.9133,11055,7295,256.2646,0.24807,11175.0,,,236.0,232.0,4.0,,,8.2904,3472.0,3163.0,87.0,3893.0,2940.0,70.0,-421.0,223.0,17.0,0.0,0.0,2.0,3.0,1.0,1.0,5957.0,5424.0,128.0,6516.0,5800.0,125.0,-559.0,-376.0,3.0,2.0,1.0,4.0,3.0,3.0,1.0,8014.0,7547.0,182.0,8287.0,8147.0,175.0,-273.0,-600.0,7.0,2.0,3.0,4.0,3.0,3.0,1.0,9707.0,8859.0,205.0,12954.0,13022.0,237.0,-3247.0,-4163.0,-32.0,3.0,4.0,7.0,7.0,11.0,1.0
ESPORTSTMNT04_2692239,complete,,EM,2023,Summer,0,2023-08-14 18:47:10,1,13.14,10,Red,sup,Nash,oe:player:6b9f3420febdbc475dd3c1e4e0bcb5e,DSYRE,oe:team:3e3ca0895ded506fd637e723d6ae2a1,Braum,Ivern,LeBlanc,Rell,Xayah,Tristana,,,,,,1708,0,1,5,8,13,31,0.0,0.0,0.0,0.0,0.0,0.0,0.0,0.0,0.4567,1.5457,,,,,,,,,,,,,,,,,,,,,0.0,0.0,,,,,,,,0.0,0.0,3596.0,126.3232,0.0507888,742.6932,876.4637,32.0,1.1241,8.0,0.281,7.0,54.0,1.897,6876,3116,109.4614,0.105962,6875.0,,,30.0,30.0,0.0,,,1.0539,2205.0,2613.0,14.0,3313.0,3054.0,15.0,-1108.0,-441.0,-1.0,0.0,0.0,1.0,2.0,5.0,0.0,3624.0,4349.0,22.0,4924.0,4270.0,22.0,-1300.0,79.0,0.0,0.0,4.0,1.0,4.0,5.0,1.0,4729.0,6211.0,25.0,6195.0,5058.0,31.0,-1466.0,1153.0,-6.0,0.0,6.0,1.0,4.0,5.0,1.0,6269.0,7826.0,28.0,10301.0,9025.0,37.0,-4032.0,-1199.0,-9.0,1.0,8.0,4.0,9.0,9.0,2.0
ESPORTSTMNT04_2692239,complete,,EM,2023,Summer,0,2023-08-14 18:47:10,1,13.14,100,Blue,team,,,Anorthosis Famagusta Esports,oe:team:5f1bc4a914b49c7b7ff4c2f1b8d8df9,,Sejuani,Rakan,Jax,Nautilus,Alistar,Rumble,Viego,Malphite,Sivir,Pyke,1708,1,31,13,74,31,13,5.0,1.0,0.0,0.0,1.0,,,,1.089,1.5457,0.0,1.0,2.0,1.0,2.0,1.0,0.0,0.0,0.0,0.0,0.0,,0.0,0.0,1.0,2.0,0.0,,,1.0,1.0,0.0,1.0,9.0,2.0,1.0,1.0,6.0,5.0,1.0,0.0,86735.0,3046.897,,3270.9836,3317.74,117.0,4.1101,36.0,1.2646,42.0,268.0,9.4145,63753,44953,1579.1452,,58200.0,0.180081,2.14,,698.0,200.0,,,31.5457,18945.0,18843.0,290.0,16337.0,17441.0,306.0,2608.0,1402.0,-16.0,10.0,13.0,4.0,4.0,1.0,10.0,28533.0,29255.0,452.0,26548.0,29374.0,491.0,1985.0,-119.0,-39.0,13.0,18.0,8.0,8.0,11.0,13.0,36552.0,39324.0,632.0,35541.0,40871.0,676.0,1011.0,-1547.0,-44.0,13.0,18.0,10.0,10.0,16.0,13.0,54815.0,59327.0,775.0,43494.0,48226.0,758.0,11321.0,11101.0,17.0,26.0,54.0,13.0,13.0,26.0,26.0
ESPORTSTMNT04_2692239,complete,,EM,2023,Summer,0,2023-08-14 18:47:10,1,13.14,200,Red,team,,,DSYRE,oe:team:3e3ca0895ded506fd637e723d6ae2a1,,Ivern,LeBlanc,Rell,Xayah,Tristana,Maokai,Jayce,Kai'Sa,Sett,Braum,1708,0,13,31,26,13,31,1.0,0.0,0.0,0.0,0.0,,,,0.4567,1.5457,1.0,2.0,1.0,2.0,1.0,0.0,0.0,0.0,0.0,1.0,1.0,,0.0,0.0,0.0,0.0,2.0,,,0.0,0.0,1.0,0.0,2.0,9.0,0.0,0.0,5.0,6.0,0.0,1.0,70803.0,2487.2248,,3887.2131,3731.8384,72.0,2.5293,37.0,1.2998,21.0,151.0,5.3044,48207,29407,1033.0328,,48585.0,-0.180081,-2.14,,704.0,136.0,,,29.5082,16337.0,17441.0,306.0,18945.0,18843.0,290.0,-2608.0,-1402.0,16.0,4.0,1.0,10.0,10.0,13.0,4.0,26548.0,29374.0,491.0,28533.0,29255.0,452.0,-1985.0,119.0,39.0,8.0,11.0,13.0,13.0,18.0,8.0,35541.0,40871.0,676.0,36552.0,39324.0,632.0,-1011.0,1547.0,44.0,10.0,16.0,13.0,13.0,18.0,10.0,43494.0,48226.0,758.0,54815.0,59327.0,775.0,-11321.0,-11101.0,-17.0,13.0,26.0,26.0,26.0,54.0,13.0
ESPORTSTMNT04_2693218,complete,,EM,2023,Summer,0,2023-08-14 18:55:59,1,13.14,1,Blue,top,Kektz,oe:player:f5ea6213c328518f2840a59bf48acec,Diamant Esports,oe:team:830f05a5024d0794bd8d5b598b2432b,Ornn,Kalista,Kai'Sa,Jayce,Renekton,Rumble,,,,,,2277,0,0,4,4,8,19,0.0,0.0,0.0,0.0,0.0,0.0,0.0,0.0,0.2108,0.7115,,,,,,,,,,,,,,,,,,,,,0.0,0.0,,,,,,,,0.0,0.0,11575.0,305.0066,0.178878,1095.6522,1179.9473,13.0,0.3426,6.0,0.1581,3.0,29.0,0.7642,11021,6100,160.7378,0.156,10675.0,,,241.0,240.0,1.0,,,6.3505,3286.0,5178.0,89.0,3422.0,5241.0,92.0,-136.0,-63.0,-3.0,0.0,0.0,0.0,0.0,1.0,0.0,4677.0,7194.0,120.0,5647.0,7832.0,140.0,-970.0,-638.0,-20.0,0.0,1.0,0.0,0.0,1.0,0.0,6224.0,9234.0,157.0,7021.0,9501.0,168.0,-797.0,-267.0,-11.0,0.0,1.0,0.0,0.0,2.0,0.0,7859.0,11558.0,201.0,8924.0,12063.0,214.0,-1065.0,-505.0,-13.0,0.0,1.0,0.0,0.0,2.0,0.0
ESPORTSTMNT04_2693218,complete,,EM,2023,Summer,0,2023-08-14 18:55:59,1,13.14,2,Blue,jng,Mafro,oe:player:cd521f662fbbec89f03a900e7d9bb63,Diamant Esports,oe:team:830f05a5024d0794bd8d5b598b2432b,Graves,Kalista,Kai'Sa,Jayce,Renekton,Rumble,,,,,,2277,0,3,4,3,8,19,0.0,0.0,0.0,0.0,0.0,0.0,0.0,1.0,0.2108,0.7115,,,,,,,,,,,,,,,,,,,,,0.0,2.0,,,,,,,,0.0,0.0,10963.0,288.8801,0.16942,612.5692,423.5046,8.0,0.2108,12.0,0.3162,4.0,43.0,1.1331,12522,7601,200.2899,0.194384,12150.0,,,226.0,47.0,179.0,,,5.9552,3182.0,3370.0,53.0,3371.0,3007.0,56.0,-189.0,363.0,-3.0,0.0,0.0,2.0,1.0,2.0,0.0,4932.0,5514.0,86.0,5050.0,5372.0,96.0,-118.0,142.0,-10.0,1.0,0.0,2.0,1.0,2.0,0.0,6636.0,8139.0,129.0,6539.0,7637.0,122.0,97.0,502.0,7.0,1.0,0.0,2.0,1.0,3.0,0.0,7985.0,9768.0,153.0,7576.0,8862.0,136.0,409.0,906.0,17.0,1.0,0.0,2.0,1.0,3.0,0.0
ESPORTSTMNT04_2693218,complete,,EM,2023,Summer,0,2023-08-14 18:55:59,1,13.14,3,Blue,mid,Diva,oe:player:72de20c106a52f0aaf21bd650af81bd,Diamant Esports,oe:team:830f05a5024d0794bd8d5b598b2432b,Syndra,Kalista,Kai'Sa,Jayce,Renekton,Rumble,,,,,,2277,0,2,4,4,8,19,1.0,0.0,0.0,0.0,0.0,0.0,0.0,0.0,0.2108,0.7115,,,,,,,,,,,,,,,,,,,,,0.0,0.0,,,,,,,,0.0,2.0,27655.0,728.722,0.427375,493.7549,290.5929,19.0,0.5007,9.0,0.2372,4.0,51.0,1.3439,15026,10105,266.2714,0.258418,13750.0,,,337.0,316.0,21.0,,,8.8801,3484.0,4577.0,95.0,3654.0,4679.0,88.0,-170.0,-102.0,7.0,0.0,0.0,0.0,1.0,0.0,0.0,5540.0,7649.0,152.0,5768.0,7737.0,148.0,-228.0,-88.0,4.0,0.0,0.0,0.0,1.0,0.0,0.0,7895.0,10639.0,212.0,8558.0,11001.0,211.0,-663.0,-362.0,1.0,0.0,1.0,1.0,1.0,0.0,0.0,9631.0,12882.0,256.0,10581.0,13908.0,270.0,-950.0,-1026.0,-14.0,0.0,1.0,1.0,1.0,0.0,0.0
ESPORTSTMNT04_2693218,complete,,EM,2023,Summer,0,2023-08-14 18:55:59,1,13.14,4,Blue,bot,Shy Carry,oe:player:af020342617bd4e5c5da5a4c31ff591,Diamant Esports,oe:team:830f05a5024d0794bd8d5b598b2432b,Xayah,Kalista,Kai'Sa,Jayce,Renekton,Rumble,,,,,,2277,0,2,2,2,8,19,0.0,0.0,0.0,0.0,0.0,0.0,0.0,0.0,0.2108,0.7115,,,,,,,,,,,,,,,,,,,,,0.0,0.0,,,,,,,,0.0,1.0,11944.0,314.7299,0.18458,295.1252,178.1291,14.0,0.3689,17.0,0.448,4.0,48.0,1.2648,17273,12352,325.4809,0.315879,15800.0,,,415.0,387.0,28.0,,,10.9354,3151.0,3163.0,73.0,4252.0,3745.0,94.0,-1101.0,-582.0,-21.0,0.0,0.0,1.0,1.0,1.0,0.0,5203.0,5047.0,124.0,5866.0,5677.0,139.0,-663.0,-630.0,-15.0,0.0,1.0,1.0,1.0,1.0,1.0,7860.0,8325.0,189.0,8906.0,8763.0,197.0,-1046.0,-438.0,-8.0,0.0,1.0,1.0,2.0,1.0,1.0,9994.0,11162.0,255.0,11042.0,11066.0,257.0,-1048.0,96.0,-2.0,0.0,1.0,1.0,2.0,1.0,1.0
ESPORTSTMNT04_2693218,complete,,EM,2023,Summer,0,2023-08-14 18:55:59,1,13.14,5,Blue,sup,Wojtus,oe:player:a93e0326b85f0312cf1b451e175a7a0,Diamant Esports,oe:team:830f05a5024d0794bd8d5b598b2432b,Leona,Kalista,Kai'Sa,Jayce,Renekton,Rumble,,,,,,2277,0,1,5,3,8,19,0.0,0.0,0.0,0.0,0.0,0.0,0.0,0.0,0.2108,0.7115,,,,,,,,,,,,,,,,,,,,,0.0,0.0,,,,,,,,0.0,0.0,2572.0,67.7734,0.0397472,588.5375,847.5362,58.0,1.5283,10.0,0.2635,14.0,114.0,3.004,7866,2945,77.6021,0.075319,7525.0,,,37.0,37.0,0.0,,,0.975,2075.0,2484.0,13.0,2330.0,2690.0,15.0,-255.0,-206.0,-2.0,0.0,0.0,0.0,0.0,2.0,0.0,3185.0,4252.0,26.0,3443.0,3587.0,25.0,-258.0,665.0,1.0,0.0,0.0,0.0,0.0,2.0,0.0,4455.0,5126.0,30.0,4470.0,4296.0,26.0,-15.0,830.0,4.0,1.0,0.0,0.0,0.0,3.0,1.0,5484.0,6251.0,34.0,5307.0,5409.0,28.0,177.0,842.0,6.0,1.0,0.0,0.0,0.0,3.0,1.0
ESPORTSTMNT04_2693218,complete,,EM,2023,Summer,0,2023-08-14 18:55:59,1,13.14,6,Red,top,Ragner,oe:player:c0f78343a2ad4ba1463245d53a3b440,Team GO,oe:team:8d538207b9de9d20e1a525aae593515,Gwen,Maokai,Sejuani,Rell,Rakan,Malphite,,,,,,2277,1,7,0,7,19,8,1.0,0.0,0.0,0.0,1.0,0.0,1.0,0.0,0.5007,0.7115,,,,,,,,,,,,,,,,,,,,,0.0,0.0,,,,,,,,0.0,0.0,39056.0,1029.1436,0.403696,840.6588,743.3202,11.0,0.2899,12.0,0.3162,5.0,39.0,1.0277,18224,13303,350.5402,0.256709,16225.0,,,335.0,307.0,28.0,,,8.8274,3422.0,5241.0,92.0,3286.0,5178.0,89.0,136.0,63.0,3.0,0.0,1.0,0.0,0.0,0.0,0.0,5647.0,7832.0,140.0,4677.0,7194.0,120.0,970.0,638.0,20.0,0.0,1.0,0.0,0.0,1.0,0.0,7021.0,9501.0,168.0,6224.0,9234.0,157.0,797.0,267.0,11.0,0.0,2.0,0.0,0.0,1.0,0.0,8924.0,12063.0,214.0,7859.0,11558.0,201.0,1065.0,505.0,13.0,0.0,2.0,0.0,0.0,1.0,0.0
ESPORTSTMNT04_2693218,complete,,EM,2023,Summer,0,2023-08-14 18:55:59,1,13.14,7,Red,jng,Lyncas,oe:player:ca9701f085966dfca32e31b1b1e9d55,Team GO,oe:team:8d538207b9de9d20e1a525aae593515,Ivern,Maokai,Sejuani,Rell,Rakan,Malphite,,,,,,2277,1,1,1,15,19,8,0.0,0.0,0.0,0.0,1.0,0.0,1.0,0.0,0.5007,0.7115,,,,,,,,,,,,,,,,,,,,,2.0,0.0,,,,,,,,0.0,0.0,6285.0,165.6126,0.0649639,333.0698,277.0224,12.0,0.3162,7.0,0.1845,12.0,43.0,1.1331,11790,6869,181.0013,0.132555,11200.0,,,168.0,12.0,156.0,,,4.4269,3371.0,3007.0,56.0,3182.0,3370.0,53.0,189.0,-363.0,3.0,1.0,2.0,0.0,0.0,0.0,2.0,5050.0,5372.0,96.0,4932.0,5514.0,86.0,118.0,-142.0,10.0,1.0,2.0,0.0,1.0,0.0,2.0,6539.0,7637.0,122.0,6636.0,8139.0,129.0,-97.0,-502.0,-7.0,1.0,3.0,0.0,1.0,0.0,2.0,7576.0,8862.0,136.0,7985.0,9768.0,153.0,-409.0,-906.0,-17.0,1.0,3.0,0.0,1.0,0.0,2.0
ESPORTSTMNT04_2693218,complete,,EM,2023,Summer,0,2023-08-14 18:55:59,1,13.14,8,Red,mid,Toucouille,oe:player:525ac233cf71bc36a611e27a324144f,Team GO,oe:team:8d538207b9de9d20e1a525aae593515,Tristana,Maokai,Sejuani,Rell,Rakan,Malphite,,,,,,2277,1,3,1,8,19,8,1.0,0.0,0.0,0.0,1.0,1.0,0.0,0.0,0.5007,0.7115,,,,,,,,,,,,,,,,,,,,,0.0,0.0,,,,,,,,2.0,0.0,23899.0,629.7497,0.247028,273.0698,391.8577,18.0,0.4743,7.0,0.1845,5.0,45.0,1.1858,17191,12270,323.3202,0.236775,16225.0,,,380.0,343.0,37.0,,,10.0132,3654.0,4679.0,88.0,3484.0,4577.0,95.0,170.0,102.0,-7.0,1.0,0.0,0.0,0.0,0.0,0.0,5768.0,7737.0,148.0,5540.0,7649.0,152.0,228.0,88.0,-4.0,1.0,0.0,0.0,0.0,0.0,0.0,8558.0,11001.0,211.0,7895.0,10639.0,212.0,663.0,362.0,-1.0,1.0,0.0,0.0,0.0,1.0,1.0,10581.0,13908.0,270.0,9631.0,12882.0,256.0,950.0,1026.0,14.0,1.0,0.0,0.0,0.0,1.0,1.0
ESPORTSTMNT04_2693218,complete,,EM,2023,Summer,0,2023-08-14 18:55:59,1,13.14,9,Red,bot,Jezu,oe:player:4817d93e8f26002377aec42233b3fc2,Team GO,oe:team:8d538207b9de9d20e1a525aae593515,Draven,Maokai,Sejuani,Rell,Rakan,Malphite,,,,,,2277,1,7,3,5,19,8,0.0,0.0,0.0,0.0,0.0,0.0,0.0,0.0,0.5007,0.7115,,,,,,,,,,,,,,,,,,,,,0.0,0.0,,,,,,,,1.0,0.0,21418.0,564.3742,0.221384,498.3663,411.0672,14.0,0.3689,7.0,0.1845,3.0,30.0,0.7905,19610,14689,387.0619,0.283454,17593.0,,,345.0,316.0,29.0,,,9.0909,4252.0,3745.0,94.0,3151.0,3163.0,73.0,1101.0,582.0,21.0,1.0,1.0,0.0,0.0,0.0,1.0,5866.0,5677.0,139.0,5203.0,5047.0,124.0,663.0,630.0,15.0,1.0,1.0,1.0,0.0,1.0,1.0,8906.0,8763.0,197.0,7860.0,8325.0,189.0,1046.0,438.0,8.0,2.0,1.0,1.0,0.0,1.0,1.0,11042.0,11066.0,257.0,9994.0,11162.0,255.0,1048.0,-96.0,2.0,2.0,1.0,1.0,0.0,1.0,1.0
ESPORTSTMNT04_2693218,complete,,EM,2023,Summer,0,2023-08-14 18:55:59,1,13.14,10,Red,sup,kamilius,oe:player:7aa0aebd379414d25f1fcdc396407f1,Team GO,oe:team:8d538207b9de9d20e1a525aae593515,Nautilus,Maokai,Sejuani,Rell,Rakan,Malphite,,,,,,2277,1,1,3,14,19,8,0.0,0.0,0.0,0.0,0.0,0.0,0.0,0.0,0.5007,0.7115,,,,,,,,,,,,,,,,,,,,,0.0,0.0,,,,,,,,0.0,0.0,6088.0,160.4216,0.0629277,403.1621,606.3768,67.0,1.7655,14.0,0.3689,16.0,140.0,3.6891,9611,4690,123.5837,0.0905072,8350.0,,,36.0,36.0,0.0,,,0.9486,2330.0,2690.0,15.0,2075.0,2484.0,13.0,255.0,206.0,2.0,0.0,2.0,0.0,0.0,0.0,0.0,3443.0,3587.0,25.0,3185.0,4252.0,26.0,258.0,-665.0,-1.0,0.0,2.0,0.0,0.0,0.0,0.0,4470.0,4296.0,26.0,4455.0,5126.0,30.0,15.0,-830.0,-4.0,0.0,3.0,1.0,1.0,0.0,0.0,5307.0,5409.0,28.0,5484.0,6251.0,34.0,-177.0,-842.0,-6.0,0.0,3.0,1.0,1.0,0.0,0.0
ESPORTSTMNT04_2693218,complete,,EM,2023,Summer,0,2023-08-14 18:55:59,1,13.14,100,Blue,team,,,Diamant Esports,oe:team:830f05a5024d0794bd8d5b598b2432b,,Kalista,Kai'Sa,Jayce,Renekton,Rumble,Xayah,Graves,Syndra,Leona,Ornn,2277,0,8,19,16,8,19,1.0,0.0,0.0,0.0,0.0,,,,0.2108,0.7115,0.0,3.0,3.0,3.0,3.0,0.0,0.0,1.0,0.0,0.0,2.0,,0.0,0.0,1.0,1.0,1.0,,,0.0,0.0,2.0,0.0,4.0,11.0,0.0,0.0,5.0,6.0,0.0,3.0,64709.0,1705.112,,3085.639,2919.7101,112.0,2.9513,54.0,1.4229,29.0,285.0,7.5099,63708,39105,1030.4348,,59900.0,-0.149707,-2.73,,1027.0,229.0,,,33.0962,15178.0,18772.0,323.0,17029.0,19362.0,345.0,-1851.0,-590.0,-22.0,0.0,0.0,3.0,3.0,6.0,0.0,23537.0,29656.0,508.0,25774.0,30205.0,548.0,-2237.0,-549.0,-40.0,1.0,2.0,3.0,3.0,6.0,1.0,33070.0,41463.0,717.0,35494.0,41198.0,724.0,-2424.0,265.0,-7.0,2.0,3.0,4.0,4.0,9.0,2.0,40953.0,51621.0,899.0,43430.0,51308.0,905.0,-2477.0,313.0,-6.0,2.0,3.0,4.0,4.0,9.0,2.0
ESPORTSTMNT04_2693218,complete,,EM,2023,Summer,0,2023-08-14 18:55:59,1,13.14,200,Red,team,,,Team GO,oe:team:8d538207b9de9d20e1a525aae593515,,Maokai,Sejuani,Rell,Rakan,Malphite,Tristana,Ivern,Draven,Nautilus,Gwen,2277,1,19,8,49,19,8,2.0,0.0,0.0,0.0,1.0,,,,0.5007,0.7115,1.0,3.0,3.0,3.0,3.0,0.0,1.0,0.0,0.0,0.0,2.0,,0.0,0.0,0.0,1.0,1.0,,,1.0,2.0,0.0,1.0,11.0,4.0,1.0,1.0,6.0,5.0,3.0,0.0,96746.0,2549.3017,,2348.3267,2429.6443,122.0,3.2148,47.0,1.2385,41.0,297.0,7.8261,76426,51823,1365.5599,,69593.0,0.149707,2.73,,1014.0,250.0,,,33.307,17029.0,19362.0,345.0,15178.0,18772.0,323.0,1851.0,590.0,22.0,3.0,6.0,0.0,0.0,0.0,3.0,25774.0,30205.0,548.0,23537.0,29656.0,508.0,2237.0,549.0,40.0,3.0,6.0,1.0,1.0,2.0,3.0,35494.0,41198.0,724.0,33070.0,41463.0,717.0,2424.0,-265.0,7.0,4.0,9.0,2.0,2.0,3.0,4.0,43430.0,51308.0,905.0,40953.0,51621.0,899.0,2477.0,-313.0,6.0,4.0,9.0,2.0,2.0,3.0,4.0
ESPORTSTMNT04_2692243,complete,,EM,2023,Summer,0,2023-08-14 19:17:05,1,13.14,1,Blue,top,CPM,oe:player:cbdaba5605992f8e1635ad782152d65,GTZ Esports,oe:team:3659b5cb3434354530c31ce71461fc1,Sion,Aatrox,Poppy,Sejuani,LeBlanc,Ahri,,,,,,1937,1,2,2,11,25,13,0.0,0.0,0.0,0.0,0.0,0.0,0.0,0.0,0.7744,1.1771,,,,,,,,,,,,,,,,,,,,,0.0,0.0,,,,,,,,0.0,0.0,16511.0,511.4404,0.161469,963.4073,1577.5632,7.0,0.2168,8.0,0.2478,1.0,30.0,0.9293,12824,8597,266.2984,0.191287,10825.0,,,247.0,239.0,8.0,,,7.651,3167.0,5052.0,75.0,3846.0,4733.0,87.0,-679.0,319.0,-12.0,0.0,0.0,0.0,1.0,0.0,0.0,5013.0,7615.0,128.0,6388.0,8124.0,154.0,-1375.0,-509.0,-26.0,0.0,1.0,0.0,2.0,0.0,1.0,6629.0,9910.0,162.0,7965.0,9953.0,179.0,-1336.0,-43.0,-17.0,0.0,3.0,1.0,3.0,1.0,3.0,8284.0,11546.0,178.0,9667.0,12021.0,213.0,-1383.0,-475.0,-35.0,2.0,5.0,2.0,3.0,2.0,5.0
ESPORTSTMNT04_2692243,complete,,EM,2023,Summer,0,2023-08-14 19:17:05,1,13.14,2,Blue,jng,Time,oe:player:550fa477eff3885416f22c0b3f2fc88,GTZ Esports,oe:team:3659b5cb3434354530c31ce71461fc1,Kha'Zix,Aatrox,Poppy,Sejuani,LeBlanc,Ahri,,,,,,1937,1,7,2,11,25,13,0.0,0.0,0.0,0.0,0.0,0.0,0.0,1.0,0.7744,1.1771,,,,,,,,,,,,,,,,,,,,,1.0,0.0,,,,,,,,1.0,0.0,27937.0,865.3691,0.273209,954.1146,571.5953,8.0,0.2478,11.0,0.3407,6.0,44.0,1.3629,13743,9516,294.7651,0.211735,12100.0,,,187.0,20.0,167.0,,,5.7925,3404.0,3451.0,70.0,2632.0,2911.0,47.0,772.0,540.0,23.0,0.0,1.0,1.0,0.0,1.0,2.0,5471.0,5344.0,96.0,3864.0,4321.0,64.0,1607.0,1023.0,32.0,2.0,1.0,1.0,0.0,2.0,3.0,7076.0,7820.0,134.0,5668.0,6880.0,90.0,1408.0,940.0,44.0,2.0,2.0,1.0,0.0,4.0,3.0,9499.0,10311.0,149.0,6999.0,8815.0,105.0,2500.0,1496.0,44.0,4.0,6.0,1.0,0.0,6.0,4.0
ESPORTSTMNT04_2692243,complete,,EM,2023,Summer,0,2023-08-14 19:17:05,1,13.14,3,Blue,mid,Heroic,oe:player:c71b4244f70372f8be07a3e83c58490,GTZ Esports,oe:team:3659b5cb3434354530c31ce71461fc1,Syndra,Aatrox,Poppy,Sejuani,LeBlanc,Ahri,,,,,,1937,1,11,5,4,25,13,1.0,0.0,0.0,0.0,0.0,0.0,0.0,0.0,0.7744,1.1771,,,,,,,,,,,,,,,,,,,,,0.0,0.0,,,,,,,,0.0,0.0,31003.0,960.3407,0.303193,571.4404,286.0919,11.0,0.3407,3.0,0.0929,0.0,33.0,1.0222,15918,11691,362.1373,0.26013,13700.0,,,273.0,265.0,8.0,,,8.4564,4365.0,4584.0,96.0,3680.0,4564.0,75.0,685.0,20.0,21.0,3.0,0.0,1.0,1.0,1.0,2.0,6199.0,6938.0,141.0,5674.0,7515.0,124.0,525.0,-577.0,17.0,3.0,1.0,2.0,2.0,2.0,2.0,8441.0,10079.0,188.0,8385.0,10758.0,175.0,56.0,-679.0,13.0,5.0,1.0,2.0,3.0,5.0,2.0,11427.0,12442.0,225.0,10229.0,12692.0,216.0,1198.0,-250.0,9.0,6.0,3.0,3.0,4.0,5.0,3.0
ESPORTSTMNT04_2692243,complete,,EM,2023,Summer,0,2023-08-14 19:17:05,1,13.14,4,Blue,bot,Avra,oe:player:1a38c55db5f8af06ebac94d8530ff71,GTZ Esports,oe:team:3659b5cb3434354530c31ce71461fc1,Varus,Aatrox,Poppy,Sejuani,LeBlanc,Ahri,,,,,,1937,1,3,2,9,25,13,0.0,0.0,0.0,0.0,0.0,0.0,0.0,0.0,0.7744,1.1771,,,,,,,,,,,,,,,,,,,,,0.0,0.0,,,,,,,,0.0,0.0,18914.0,585.8751,0.184969,235.1988,112.9375,18.0,0.5576,9.0,0.2788,7.0,51.0,1.5798,14749,10522,325.9267,0.234119,12775.0,,,301.0,291.0,10.0,,,9.3237,3404.0,3556.0,87.0,3617.0,3527.0,88.0,-213.0,29.0,-1.0,0.0,0.0,0.0,0.0,1.0,0.0,6223.0,6188.0,139.0,5783.0,6087.0,142.0,440.0,101.0,-3.0,0.0,1.0,1.0,0.0,2.0,0.0,7684.0,8072.0,174.0,8305.0,8801.0,193.0,-621.0,-729.0,-19.0,0.0,1.0,2.0,2.0,2.0,0.0,9911.0,10246.0,213.0,10430.0,10704.0,229.0,-519.0,-458.0,-16.0,1.0,3.0,2.0,3.0,2.0,0.0
ESPORTSTMNT04_2692243,complete,,EM,2023,Summer,0,2023-08-14 19:17:05,1,13.14,5,Blue,sup,Nightmares,oe:player:fb20df3c2584739649c47e15bdd1e1e,GTZ Esports,oe:team:3659b5cb3434354530c31ce71461fc1,Rakan,Aatrox,Poppy,Sejuani,LeBlanc,Ahri,,,,,,1937,1,2,2,18,25,13,0.0,0.0,0.0,0.0,0.0,0.0,0.0,0.0,0.7744,1.1771,,,,,,,,,,,,,,,,,,,,,0.0,0.0,,,,,,,,0.0,0.0,7890.0,244.3986,0.07716,417.0573,447.1347,71.0,2.1993,9.0,0.2788,15.0,123.0,3.81,8844,4617,143.015,0.102729,8025.0,,,28.0,28.0,0.0,,,0.8673,2767.0,2487.0,15.0,2181.0,2443.0,16.0,586.0,44.0,-1.0,1.0,3.0,0.0,0.0,1.0,0.0,3892.0,3629.0,20.0,3164.0,3624.0,23.0,728.0,5.0,-3.0,1.0,5.0,0.0,0.0,2.0,0.0,4694.0,3885.0,21.0,4417.0,4655.0,31.0,277.0,-770.0,-10.0,1.0,5.0,2.0,0.0,4.0,0.0,6022.0,5988.0,24.0,5497.0,6075.0,37.0,525.0,-87.0,-13.0,1.0,9.0,2.0,0.0,5.0,2.0
ESPORTSTMNT04_2692243,complete,,EM,2023,Summer,0,2023-08-14 19:17:05,1,13.14,6,Red,top,Robba,oe:player:0a08034cdc4feac55c0bdfbc0f300db,KRC Genk Esports,oe:team:01a959b2a20ca77057e580ec051aa3e,Renekton,Ornn,Kindred,Maokai,Viego,Lee Sin,,,,,,1937,0,3,8,2,13,25,0.0,0.0,0.0,0.0,1.0,1.0,0.0,0.0,0.4027,1.1771,,,,,,,,,,,,,,,,,,,,,0.0,0.0,,,,,,,,0.0,0.0,15292.0,473.6809,0.244141,1366.7424,841.332,14.0,0.4337,3.0,0.0929,7.0,28.0,0.8673,11573,7346,227.5478,0.218352,11275.0,,,246.0,236.0,10.0,,,7.62,3846.0,4733.0,87.0,3167.0,5052.0,75.0,679.0,-319.0,12.0,1.0,0.0,0.0,0.0,0.0,0.0,6388.0,8124.0,154.0,5013.0,7615.0,128.0,1375.0,509.0,26.0,2.0,0.0,1.0,0.0,1.0,0.0,7965.0,9953.0,179.0,6629.0,9910.0,162.0,1336.0,43.0,17.0,3.0,1.0,3.0,0.0,3.0,1.0,9667.0,12021.0,213.0,8284.0,11546.0,178.0,1383.0,475.0,35.0,3.0,2.0,5.0,2.0,5.0,2.0
ESPORTSTMNT04_2692243,complete,,EM,2023,Summer,0,2023-08-14 19:17:05,1,13.14,7,Red,jng,Guertas,oe:player:66dfc0444c571e87d4442178fee3ab4,KRC Genk Esports,oe:team:01a959b2a20ca77057e580ec051aa3e,Trundle,Ornn,Kindred,Maokai,Viego,Lee Sin,,,,,,1937,0,0,7,6,13,25,0.0,0.0,0.0,0.0,1.0,0.0,1.0,0.0,0.4027,1.1771,,,,,,,,,,,,,,,,,,,,,0.0,1.0,,,,,,,,0.0,1.0,5807.0,179.8761,0.0927103,1068.2292,660.0,6.0,0.1859,10.0,0.3098,6.0,37.0,1.1461,8643,4416,136.7888,0.13126,7250.0,,,134.0,20.0,114.0,,,4.1507,2632.0,2911.0,47.0,3404.0,3451.0,70.0,-772.0,-540.0,-23.0,0.0,1.0,2.0,0.0,1.0,1.0,3864.0,4321.0,64.0,5471.0,5344.0,96.0,-1607.0,-1023.0,-32.0,0.0,2.0,3.0,2.0,1.0,1.0,5668.0,6880.0,90.0,7076.0,7820.0,134.0,-1408.0,-940.0,-44.0,0.0,4.0,3.0,2.0,2.0,1.0,6999.0,8815.0,105.0,9499.0,10311.0,149.0,-2500.0,-1496.0,-44.0,0.0,6.0,4.0,4.0,6.0,1.0
ESPORTSTMNT04_2692243,complete,,EM,2023,Summer,0,2023-08-14 19:17:05,1,13.14,8,Red,mid,Mikkel,oe:player:b2c05a26758d82a8643a27eec405dcb,KRC Genk Esports,oe:team:01a959b2a20ca77057e580ec051aa3e,Xerath,Ornn,Kindred,Maokai,Viego,Lee Sin,,,,,,1937,0,5,5,6,13,25,0.0,0.0,0.0,0.0,1.0,0.0,1.0,0.0,0.4027,1.1771,,,,,,,,,,,,,,,,,,,,,0.0,0.0,,,,,,,,0.0,0.0,25625.0,793.7532,0.40911,470.8931,200.7847,3.0,0.0929,2.0,0.062,1.0,10.0,0.3098,13863,9636,298.4822,0.28642,13860.0,,,295.0,287.0,8.0,,,9.1378,3680.0,4564.0,75.0,4365.0,4584.0,96.0,-685.0,-20.0,-21.0,1.0,1.0,2.0,3.0,0.0,1.0,5674.0,7515.0,124.0,6199.0,6938.0,141.0,-525.0,577.0,-17.0,2.0,2.0,2.0,3.0,1.0,2.0,8385.0,10758.0,175.0,8441.0,10079.0,188.0,-56.0,679.0,-13.0,3.0,5.0,2.0,5.0,1.0,2.0,10229.0,12692.0,216.0,11427.0,12442.0,225.0,-1198.0,250.0,-9.0,4.0,5.0,3.0,6.0,3.0,3.0
ESPORTSTMNT04_2692243,complete,,EM,2023,Summer,0,2023-08-14 19:17:05,1,13.14,9,Red,bot,Orion,oe:player:915901c2ffafe3ee9245c3ef30ec5b4,KRC Genk Esports,oe:team:01a959b2a20ca77057e580ec051aa3e,Kai'Sa,Ornn,Kindred,Maokai,Viego,Lee Sin,,,,,,1937,0,5,1,3,13,25,0.0,0.0,0.0,0.0,1.0,0.0,1.0,0.0,0.4027,1.1771,,,,,,,,,,,,,,,,,,,,,0.0,0.0,,,,,,,,0.0,0.0,14481.0,448.5596,0.231193,367.8059,204.5018,16.0,0.4956,8.0,0.2478,8.0,36.0,1.1151,14051,9824,304.3056,0.292008,13950.0,,,279.0,258.0,21.0,,,8.6422,3617.0,3527.0,88.0,3404.0,3556.0,87.0,213.0,-29.0,1.0,0.0,1.0,0.0,0.0,0.0,0.0,5783.0,6087.0,142.0,6223.0,6188.0,139.0,-440.0,-101.0,3.0,0.0,2.0,0.0,0.0,1.0,1.0,8305.0,8801.0,193.0,7684.0,8072.0,174.0,621.0,729.0,19.0,2.0,2.0,0.0,0.0,1.0,2.0,10430.0,10704.0,229.0,9911.0,10246.0,213.0,519.0,458.0,16.0,3.0,2.0,0.0,1.0,3.0,2.0
ESPORTSTMNT04_2692243,complete,,EM,2023,Summer,0,2023-08-14 19:17:05,1,13.14,10,Red,sup,Robertoos,oe:player:3ecce3085c6886d516d2b8659880394,KRC Genk Esports,oe:team:01a959b2a20ca77057e580ec051aa3e,Leona,Ornn,Kindred,Maokai,Viego,Lee Sin,,,,,,1937,0,0,4,5,13,25,0.0,0.0,0.0,0.0,1.0,0.0,1.0,0.0,0.4027,1.1771,,,,,,,,,,,,,,,,,,,,,0.0,0.0,,,,,,,,0.0,0.0,1431.0,44.3263,0.0228463,542.3542,465.906,57.0,1.7656,15.0,0.4646,18.0,110.0,3.4073,6648,2421,74.9923,0.07196,6625.0,,,42.0,42.0,0.0,,,1.301,2181.0,2443.0,16.0,2767.0,2487.0,15.0,-586.0,-44.0,1.0,0.0,1.0,0.0,1.0,3.0,0.0,3164.0,3624.0,23.0,3892.0,3629.0,20.0,-728.0,-5.0,3.0,0.0,2.0,0.0,1.0,5.0,0.0,4417.0,4655.0,31.0,4694.0,3885.0,21.0,-277.0,770.0,10.0,0.0,4.0,0.0,1.0,5.0,2.0,5497.0,6075.0,37.0,6022.0,5988.0,24.0,-525.0,87.0,13.0,0.0,5.0,2.0,1.0,9.0,2.0
ESPORTSTMNT04_2692243,complete,,EM,2023,Summer,0,2023-08-14 19:17:05,1,13.14,100,Blue,team,,,GTZ Esports,oe:team:3659b5cb3434354530c31ce71461fc1,,Aatrox,Poppy,Sejuani,LeBlanc,Ahri,Varus,Sion,Syndra,Rakan,Kha'Zix,1937,1,25,13,53,25,13,1.0,0.0,0.0,0.0,0.0,,,,0.7744,1.1771,1.0,5.0,0.0,4.0,0.0,2.0,0.0,0.0,0.0,1.0,1.0,,1.0,0.0,1.0,1.0,1.0,,,1.0,1.0,0.0,1.0,9.0,3.0,0.0,0.0,7.0,3.0,1.0,0.0,102255.0,3167.4239,,3141.2184,2995.3227,115.0,3.5622,40.0,1.239,29.0,281.0,8.7042,66078,44943,1392.1425,,57425.0,0.0808987,1.42,,843.0,193.0,,,32.0909,17107.0,19130.0,343.0,15956.0,18178.0,313.0,1151.0,952.0,30.0,4.0,4.0,2.0,2.0,4.0,4.0,26798.0,29714.0,524.0,24873.0,29671.0,507.0,1925.0,43.0,17.0,6.0,9.0,4.0,4.0,8.0,6.0,34524.0,39766.0,679.0,34740.0,41047.0,668.0,-216.0,-1281.0,11.0,8.0,12.0,8.0,8.0,16.0,8.0,45143.0,50533.0,789.0,42822.0,50307.0,800.0,2321.0,226.0,-11.0,14.0,26.0,10.0,10.0,20.0,14.0
ESPORTSTMNT04_2692243,complete,,EM,2023,Summer,0,2023-08-14 19:17:05,1,13.14,200,Red,team,,,KRC Genk Esports,oe:team:01a959b2a20ca77057e580ec051aa3e,,Ornn,Kindred,Maokai,Viego,Lee Sin,Kai'Sa,Renekton,Trundle,Xerath,Leona,1937,0,13,25,22,13,25,0.0,0.0,0.0,0.0,1.0,,,,0.4027,1.1771,0.0,0.0,5.0,0.0,4.0,0.0,0.0,0.0,0.0,0.0,0.0,,0.0,1.0,0.0,1.0,1.0,,,0.0,0.0,1.0,0.0,3.0,9.0,1.0,1.0,3.0,7.0,0.0,1.0,62636.0,1940.1962,,3816.0248,2372.5245,96.0,2.9737,38.0,1.1771,40.0,221.0,6.8456,54778,33643,1042.1167,,52960.0,-0.0808987,-1.42,,843.0,153.0,,,30.8518,15956.0,18178.0,313.0,17107.0,19130.0,343.0,-1151.0,-952.0,-30.0,2.0,4.0,4.0,4.0,4.0,2.0,24873.0,29671.0,507.0,26798.0,29714.0,524.0,-1925.0,-43.0,-17.0,4.0,8.0,6.0,6.0,9.0,4.0,34740.0,41047.0,668.0,34524.0,39766.0,679.0,216.0,1281.0,-11.0,8.0,16.0,8.0,8.0,12.0,8.0,42822.0,50307.0,800.0,45143.0,50533.0,789.0,-2321.0,-226.0,11.0,10.0,20.0,14.0,14.0,26.0,10.0
ESPORTSTMNT04_2692245,complete,,EM,2023,Summer,0,2023-08-14 19:31:29,1,13.14,1,Blue,top,Caucha,oe:player:190d3ffa9c4734a633e2103dbbdb815,White Dragons,oe:team:6468029fb605bd6fdf1cf866e890739,Gnar,Aatrox,Rakan,Poppy,Nautilus,Rumble,,,,,,1483,0,0,2,0,1,17,0.0,0.0,0.0,0.0,0.0,0.0,0.0,0.0,0.0405,0.7283,,,,,,,,,,,,,,,,,,,,,0.0,0.0,,,,,,,,0.0,0.0,7776.0,314.6055,0.282548,465.9204,317.5995,8.0,0.3237,7.0,0.2832,3.0,22.0,0.8901,8602,5301,214.4707,0.24634,8408.0,,,224.0,216.0,8.0,,,9.0627,3369.0,5288.0,96.0,3431.0,5012.0,97.0,-62.0,276.0,-1.0,0.0,0.0,0.0,0.0,0.0,0.0,5185.0,8274.0,155.0,5094.0,7896.0,144.0,91.0,378.0,11.0,0.0,0.0,0.0,0.0,0.0,0.0,6990.0,11004.0,202.0,7246.0,10756.0,185.0,-256.0,248.0,17.0,0.0,0.0,1.0,0.0,3.0,0.0,8602.0,12964.0,224.0,9618.0,13541.0,204.0,-1016.0,-577.0,20.0,0.0,0.0,2.0,0.0,8.0,0.0
ESPORTSTMNT04_2692245,complete,,EM,2023,Summer,0,2023-08-14 19:31:29,1,13.14,2,Blue,jng,D4SH,oe:player:b665b9fa5f821ff73a873d0cecb0682,White Dragons,oe:team:6468029fb605bd6fdf1cf866e890739,Lillia,Aatrox,Rakan,Poppy,Nautilus,Rumble,,,,,,1483,0,1,4,0,1,17,0.0,0.0,0.0,0.0,0.0,0.0,0.0,0.0,0.0405,0.7283,,,,,,,,,,,,,,,,,,,,,0.0,0.0,,,,,,,,0.0,1.0,6267.0,253.5536,0.227717,953.2434,601.497,6.0,0.2428,5.0,0.2023,3.0,23.0,0.9305,8056,4755,192.3803,0.220967,7925.0,,,160.0,32.0,128.0,,,6.4734,3111.0,3543.0,70.0,3281.0,3505.0,66.0,-170.0,38.0,4.0,0.0,0.0,0.0,0.0,1.0,0.0,4901.0,5421.0,100.0,4965.0,5668.0,105.0,-64.0,-247.0,-5.0,1.0,0.0,0.0,0.0,1.0,0.0,6428.0,7575.0,128.0,6884.0,7833.0,134.0,-456.0,-258.0,-6.0,1.0,0.0,2.0,1.0,4.0,0.0,8056.0,9804.0,160.0,9480.0,11107.0,150.0,-1424.0,-1303.0,10.0,1.0,0.0,4.0,3.0,8.0,0.0
ESPORTSTMNT04_2692245,complete,,EM,2023,Summer,0,2023-08-14 19:31:29,1,13.14,3,Blue,mid,NOMA,oe:player:a0768d89dec26206b95179ad9a1c08d,White Dragons,oe:team:6468029fb605bd6fdf1cf866e890739,Renekton,Aatrox,Rakan,Poppy,Nautilus,Rumble,,,,,,1483,0,0,4,0,1,17,0.0,0.0,0.0,0.0,0.0,0.0,0.0,0.0,0.0405,0.7283,,,,,,,,,,,,,,,,,,,,,0.0,0.0,,,,,,,,0.0,2.0,6472.0,261.8476,0.235166,984.5988,745.6912,11.0,0.445,6.0,0.2428,4.0,29.0,1.1733,8464,5163,208.8874,0.239927,8075.0,,,209.0,209.0,0.0,,,8.4558,3019.0,4568.0,79.0,3370.0,5067.0,90.0,-351.0,-499.0,-11.0,0.0,0.0,0.0,0.0,0.0,0.0,5075.0,7464.0,135.0,5535.0,7766.0,147.0,-460.0,-302.0,-12.0,0.0,0.0,0.0,0.0,0.0,0.0,6359.0,9041.0,165.0,8748.0,11800.0,197.0,-2389.0,-2759.0,-32.0,0.0,0.0,2.0,2.0,4.0,0.0,8464.0,11243.0,209.0,13660.0,15982.0,254.0,-5196.0,-4739.0,-45.0,0.0,0.0,4.0,7.0,4.0,0.0
ESPORTSTMNT04_2692245,complete,,EM,2023,Summer,0,2023-08-14 19:31:29,1,13.14,4,Blue,bot,Worst,oe:player:4f4e71938a105fe72bd18788fe53d40,White Dragons,oe:team:6468029fb605bd6fdf1cf866e890739,Tristana,Aatrox,Rakan,Poppy,Nautilus,Rumble,,,,,,1483,0,0,3,0,1,17,0.0,0.0,0.0,0.0,0.0,0.0,0.0,0.0,0.0405,0.7283,,,,,,,,,,,,,,,,,,,,,0.0,0.0,,,,,,,,0.0,0.0,3932.0,159.0829,0.142873,436.4262,210.8699,10.0,0.4046,1.0,0.0405,5.0,17.0,0.6878,7810,4509,182.4275,0.209536,7775.0,,,204.0,196.0,8.0,,,8.2535,3179.0,3406.0,83.0,3775.0,3485.0,90.0,-596.0,-79.0,-7.0,0.0,0.0,0.0,1.0,0.0,0.0,4595.0,5700.0,125.0,6000.0,6303.0,150.0,-1405.0,-603.0,-25.0,0.0,0.0,1.0,2.0,0.0,1.0,6346.0,7583.0,174.0,9793.0,9473.0,208.0,-3447.0,-1890.0,-34.0,0.0,0.0,2.0,6.0,0.0,1.0,7810.0,9278.0,204.0,13211.0,12790.0,255.0,-5401.0,-3512.0,-51.0,0.0,0.0,3.0,7.0,5.0,1.0
ESPORTSTMNT04_2692245,complete,,EM,2023,Summer,0,2023-08-14 19:31:29,1,13.14,5,Blue,sup,Redfernal,oe:player:423785f49efb9ecddd149cfac4eafa2,White Dragons,oe:team:6468029fb605bd6fdf1cf866e890739,Alistar,Aatrox,Rakan,Poppy,Nautilus,Rumble,,,,,,1483,0,0,4,1,1,17,0.0,0.0,0.0,0.0,0.0,0.0,0.0,1.0,0.0405,0.7283,,,,,,,,,,,,,,,,,,,,,0.0,1.0,,,,,,,,0.0,0.0,3074.0,124.3695,0.111697,446.0148,651.0991,34.0,1.3756,6.0,0.2428,6.0,58.0,2.3466,5092,1791,72.4612,0.0832309,4600.0,,,30.0,30.0,0.0,,,1.2138,1933.0,2366.0,12.0,2243.0,2638.0,15.0,-310.0,-272.0,-3.0,0.0,0.0,1.0,0.0,1.0,0.0,3130.0,3185.0,20.0,3263.0,3708.0,24.0,-133.0,-523.0,-4.0,0.0,1.0,1.0,0.0,1.0,0.0,4036.0,4497.0,26.0,4605.0,5408.0,29.0,-569.0,-911.0,-3.0,0.0,1.0,2.0,0.0,6.0,0.0,5092.0,5389.0,30.0,6395.0,8331.0,39.0,-1303.0,-2942.0,-9.0,0.0,1.0,4.0,0.0,10.0,0.0
ESPORTSTMNT04_2692245,complete,,EM,2023,Summer,0,2023-08-14 19:31:29,1,13.14,6,Red,top,Robocop,oe:player:bf0fcdb863d11c4f6e7802f434de734,Entropiq,oe:team:06554c70cfe8a6be14b004b3c18abe6,Ornn,Neeko,Maokai,Rell,LeBlanc,Braum,,,,,,1483,1,0,0,8,17,1,0.0,0.0,0.0,0.0,0.0,0.0,0.0,0.0,0.6878,0.7283,,,,,,,,,,,,,,,,,,,,,0.0,0.0,,,,,,,,0.0,0.0,5583.0,225.88,0.0926977,502.7377,743.9919,14.0,0.5664,2.0,0.0809,5.0,28.0,1.1328,9618,6317,255.5765,0.176162,9475.0,,,204.0,204.0,0.0,,,8.2535,3431.0,5012.0,97.0,3369.0,5288.0,96.0,62.0,-276.0,1.0,0.0,0.0,0.0,0.0,0.0,0.0,5094.0,7896.0,144.0,5185.0,8274.0,155.0,-91.0,-378.0,-11.0,0.0,0.0,0.0,0.0,0.0,0.0,7246.0,10756.0,185.0,6990.0,11004.0,202.0,256.0,-248.0,-17.0,0.0,3.0,0.0,0.0,0.0,1.0,9618.0,13541.0,204.0,8602.0,12964.0,224.0,1016.0,577.0,-20.0,0.0,8.0,0.0,0.0,0.0,2.0
ESPORTSTMNT04_2692245,complete,,EM,2023,Summer,0,2023-08-14 19:31:29,1,13.14,7,Red,jng,Zicssi,oe:player:060e16e1c91434827c294bac52e8b47,Entropiq,oe:team:06554c70cfe8a6be14b004b3c18abe6,Sejuani,Neeko,Maokai,Rell,LeBlanc,Braum,,,,,,1483,1,3,0,8,17,1,0.0,0.0,0.0,0.0,1.0,0.0,1.0,0.0,0.6878,0.7283,,,,,,,,,,,,,,,,,,,,,0.0,0.0,,,,,,,,1.0,0.0,7725.0,312.5421,0.128263,822.441,1007.0937,13.0,0.526,11.0,0.445,7.0,43.0,1.7397,9480,6179,249.9933,0.172314,7525.0,,,150.0,15.0,135.0,,,6.0688,3281.0,3505.0,66.0,3111.0,3543.0,70.0,170.0,-38.0,-4.0,0.0,1.0,0.0,0.0,0.0,0.0,4965.0,5668.0,105.0,4901.0,5421.0,100.0,64.0,247.0,5.0,0.0,1.0,0.0,1.0,0.0,0.0,6884.0,7833.0,134.0,6428.0,7575.0,128.0,456.0,258.0,6.0,1.0,4.0,0.0,1.0,0.0,2.0,9480.0,11107.0,150.0,8056.0,9804.0,160.0,1424.0,1303.0,-10.0,3.0,8.0,0.0,1.0,0.0,4.0
ESPORTSTMNT04_2692245,complete,,EM,2023,Summer,0,2023-08-14 19:31:29,1,13.14,8,Red,mid,Jackies,oe:player:204746c853a12888ad72d8035cdf8c7,Entropiq,oe:team:06554c70cfe8a6be14b004b3c18abe6,Yone,Neeko,Maokai,Rell,LeBlanc,Braum,,,,,,1483,1,7,0,4,17,1,2.0,0.0,0.0,0.0,0.0,0.0,0.0,0.0,0.6878,0.7283,,,,,,,,,,,,,,,,,,,,,0.0,0.0,,,,,,,,2.0,0.0,21543.0,871.5981,0.357691,529.4403,618.6109,11.0,0.445,1.0,0.0405,3.0,24.0,0.971,13660,10359,419.1099,0.28888,11825.0,,,254.0,250.0,4.0,,,10.2765,3370.0,5067.0,90.0,3019.0,4568.0,79.0,351.0,499.0,11.0,0.0,0.0,0.0,0.0,0.0,0.0,5535.0,7766.0,147.0,5075.0,7464.0,135.0,460.0,302.0,12.0,0.0,0.0,0.0,0.0,0.0,0.0,8748.0,11800.0,197.0,6359.0,9041.0,165.0,2389.0,2759.0,32.0,2.0,4.0,0.0,0.0,0.0,2.0,13660.0,15982.0,254.0,8464.0,11243.0,209.0,5196.0,4739.0,45.0,7.0,4.0,0.0,0.0,0.0,4.0
ESPORTSTMNT04_2692245,complete,,EM,2023,Summer,0,2023-08-14 19:31:29,1,13.14,9,Red,bot,Khantos,oe:player:58cff57941b3605087bb9208b3d76d0,Entropiq,oe:team:06554c70cfe8a6be14b004b3c18abe6,Kai'Sa,Neeko,Maokai,Rell,LeBlanc,Braum,,,,,,1483,1,7,1,5,17,1,1.0,1.0,0.0,0.0,1.0,1.0,0.0,0.0,0.6878,0.7283,,,,,,,,,,,,,,,,,,,,,0.0,0.0,,,,,,,,0.0,0.0,21203.0,857.8422,0.352046,255.0101,206.1767,9.0,0.3641,5.0,0.2023,4.0,27.0,1.0924,13211,9910,400.944,0.276359,11400.0,,,255.0,243.0,12.0,,,10.3169,3775.0,3485.0,90.0,3179.0,3406.0,83.0,596.0,79.0,7.0,1.0,0.0,0.0,0.0,0.0,0.0,6000.0,6303.0,150.0,4595.0,5700.0,125.0,1405.0,603.0,25.0,2.0,0.0,1.0,0.0,0.0,1.0,9793.0,9473.0,208.0,6346.0,7583.0,174.0,3447.0,1890.0,34.0,6.0,0.0,1.0,0.0,0.0,2.0,13211.0,12790.0,255.0,7810.0,9278.0,204.0,5401.0,3512.0,51.0,7.0,5.0,1.0,0.0,0.0,3.0
ESPORTSTMNT04_2692245,complete,,EM,2023,Summer,0,2023-08-14 19:31:29,1,13.14,10,Red,sup,denyk,oe:player:9adc23fff49c05d7b22cfd79ca1841d,Entropiq,oe:team:06554c70cfe8a6be14b004b3c18abe6,Gragas,Neeko,Maokai,Rell,LeBlanc,Braum,,,,,,1483,1,0,0,10,17,1,0.0,0.0,0.0,0.0,1.0,0.0,1.0,0.0,0.6878,0.7283,,,,,,,,,,,,,,,,,,,,,1.0,0.0,,,,,,,,0.0,0.0,4174.0,168.8739,0.0693033,246.6352,248.4558,40.0,1.6183,10.0,0.4046,12.0,78.0,3.1558,6395,3094,125.1787,0.0862837,5500.0,,,39.0,35.0,4.0,,,1.5779,2243.0,2638.0,15.0,1933.0,2366.0,12.0,310.0,272.0,3.0,0.0,1.0,0.0,0.0,0.0,1.0,3263.0,3708.0,24.0,3130.0,3185.0,20.0,133.0,523.0,4.0,0.0,1.0,0.0,0.0,1.0,1.0,4605.0,5408.0,29.0,4036.0,4497.0,26.0,569.0,911.0,3.0,0.0,6.0,0.0,0.0,1.0,2.0,6395.0,8331.0,39.0,5092.0,5389.0,30.0,1303.0,2942.0,9.0,0.0,10.0,0.0,0.0,1.0,4.0
ESPORTSTMNT04_2692245,complete,,EM,2023,Summer,0,2023-08-14 19:31:29,1,13.14,100,Blue,team,,,White Dragons,oe:team:6468029fb605bd6fdf1cf866e890739,,Aatrox,Rakan,Poppy,Nautilus,Rumble,Tristana,Lillia,Renekton,Gnar,Alistar,1483,0,1,17,1,1,17,0.0,0.0,0.0,0.0,0.0,,,,0.0405,0.7283,0.0,0.0,3.0,0.0,3.0,0.0,0.0,0.0,0.0,0.0,0.0,,0.0,0.0,0.0,1.0,1.0,,,0.0,0.0,1.0,0.0,2.0,11.0,0.0,0.0,2.0,4.0,0.0,3.0,27521.0,1113.4592,,3286.2036,2526.7566,69.0,2.7916,25.0,1.0115,21.0,149.0,6.0283,38024,21519,870.6271,,36783.0,-0.216755,-3.13,,683.0,144.0,,,33.4592,14611.0,19171.0,340.0,16100.0,19707.0,358.0,-1489.0,-536.0,-18.0,0.0,0.0,1.0,1.0,2.0,0.0,22886.0,30044.0,535.0,24857.0,31341.0,570.0,-1971.0,-1297.0,-35.0,1.0,1.0,2.0,2.0,2.0,1.0,30159.0,39700.0,695.0,37276.0,45270.0,753.0,-7117.0,-5570.0,-58.0,1.0,1.0,9.0,9.0,17.0,1.0,38024.0,48678.0,827.0,52364.0,61751.0,902.0,-14340.0,-13073.0,-75.0,1.0,1.0,17.0,17.0,35.0,1.0
ESPORTSTMNT04_2692245,complete,,EM,2023,Summer,0,2023-08-14 19:31:29,1,13.14,200,Red,team,,,Entropiq,oe:team:06554c70cfe8a6be14b004b3c18abe6,,Neeko,Maokai,Rell,LeBlanc,Braum,Kai'Sa,Sejuani,Yone,Ornn,Gragas,1483,1,17,1,35,17,1,3.0,1.0,0.0,0.0,1.0,,,,0.6878,0.7283,1.0,3.0,0.0,3.0,0.0,1.0,1.0,0.0,1.0,0.0,0.0,,0.0,0.0,1.0,1.0,1.0,,,1.0,1.0,0.0,1.0,11.0,2.0,1.0,1.0,4.0,2.0,3.0,0.0,60228.0,2436.7363,,2356.2643,2824.3291,87.0,3.5199,29.0,1.1733,31.0,200.0,8.0917,52364,35859,1450.8024,,45725.0,0.216755,3.13,,747.0,155.0,,,36.4936,16100.0,19707.0,358.0,14611.0,19171.0,340.0,1489.0,536.0,18.0,1.0,2.0,0.0,0.0,0.0,1.0,24857.0,31341.0,570.0,22886.0,30044.0,535.0,1971.0,1297.0,35.0,2.0,2.0,1.0,1.0,1.0,2.0,37276.0,45270.0,753.0,30159.0,39700.0,695.0,7117.0,5570.0,58.0,9.0,17.0,1.0,1.0,1.0,9.0,52364.0,61751.0,902.0,38024.0,48678.0,827.0,14340.0,13073.0,75.0,17.0,35.0,1.0,1.0,1.0,17.0
ESPORTSTMNT04_2694197,complete,,EM,2023,Summer,0,2023-08-14 19:36:01,1,13.14,1,Blue,top,Boda,oe:player:a600b912c936aadcc1337cc2a3c928e,Nigma Galaxy,oe:team:c6aa23f2afcbe6fc281c7bb9b96c843,Aatrox,Tristana,Jayce,Maokai,Sejuani,Jax,,,,,,1461,1,12,2,3,21,7,3.0,2.0,0.0,0.0,0.0,0.0,0.0,1.0,0.8624,1.1499,,,,,,,,,,,,,,,,,,,,,0.0,0.0,,,,,,,,0.0,0.0,24165.0,992.4025,0.353212,851.7043,770.9651,9.0,0.3696,5.0,0.2053,5.0,26.0,1.0678,13639,10383,426.4066,0.274741,12725.0,,,205.0,200.0,5.0,,,8.4189,3798.0,5380.0,86.0,3115.0,4701.0,70.0,683.0,679.0,16.0,1.0,0.0,1.0,0.0,1.0,1.0,6677.0,8866.0,138.0,4889.0,7621.0,110.0,1788.0,1245.0,28.0,4.0,0.0,2.0,1.0,1.0,2.0,11030.0,12341.0,186.0,6361.0,9838.0,144.0,4669.0,2503.0,42.0,9.0,1.0,2.0,1.0,1.0,4.0,13639.0,15425.0,205.0,8529.0,12033.0,182.0,5110.0,3392.0,23.0,12.0,3.0,2.0,2.0,1.0,5.0
ESPORTSTMNT04_2694197,complete,,EM,2023,Summer,0,2023-08-14 19:36:01,1,13.14,2,Blue,jng,Pabu,oe:player:b0a4ae62486ca215c199e72698738b7,Nigma Galaxy,oe:team:c6aa23f2afcbe6fc281c7bb9b96c843,Lee Sin,Tristana,Jayce,Maokai,Sejuani,Jax,,,,,,1461,1,1,0,11,21,7,0.0,0.0,0.0,0.0,0.0,0.0,0.0,0.0,0.8624,1.1499,,,,,,,,,,,,,,,,,,,,,1.0,0.0,,,,,,,,0.0,0.0,6740.0,276.7967,0.0985164,1070.1848,1287.6797,13.0,0.5339,4.0,0.1643,5.0,30.0,1.232,10458,7202,295.77,0.190569,8325.0,,,200.0,20.0,180.0,,,8.2136,3378.0,3860.0,76.0,3573.0,3849.0,69.0,-195.0,11.0,7.0,0.0,0.0,0.0,1.0,0.0,0.0,5490.0,6631.0,115.0,5142.0,5510.0,89.0,348.0,1121.0,26.0,0.0,1.0,0.0,2.0,1.0,1.0,8002.0,10369.0,169.0,6355.0,6845.0,103.0,1647.0,3524.0,66.0,0.0,5.0,0.0,2.0,3.0,2.0,10458.0,14038.0,200.0,7546.0,8556.0,119.0,2912.0,5482.0,81.0,1.0,11.0,0.0,2.0,4.0,3.0
ESPORTSTMNT04_2694197,complete,,EM,2023,Summer,0,2023-08-14 19:36:01,1,13.14,3,Blue,mid,Dehaste,oe:player:5f4898a107d2948045588584562be3f,Nigma Galaxy,oe:team:c6aa23f2afcbe6fc281c7bb9b96c843,LeBlanc,Tristana,Jayce,Maokai,Sejuani,Jax,,,,,,1461,1,4,1,8,21,7,1.0,0.0,0.0,0.0,0.0,0.0,0.0,0.0,0.8624,1.1499,,,,,,,,,,,,,,,,,,,,,0.0,0.0,,,,,,,,1.0,0.0,19289.0,792.1561,0.281941,536.2218,303.2854,7.0,0.2875,2.0,0.0821,4.0,19.0,0.7803,12400,9144,375.5236,0.241956,10750.0,,,235.0,234.0,1.0,,,9.6509,3643.0,4996.0,99.0,3115.0,4886.0,83.0,528.0,110.0,16.0,0.0,0.0,0.0,0.0,0.0,0.0,6519.0,8109.0,156.0,5020.0,7851.0,125.0,1499.0,258.0,31.0,1.0,0.0,1.0,1.0,0.0,1.0,9174.0,10924.0,199.0,7212.0,10896.0,179.0,1962.0,28.0,20.0,1.0,4.0,1.0,2.0,0.0,2.0,12400.0,14651.0,235.0,8666.0,12371.0,202.0,3734.0,2280.0,33.0,4.0,8.0,1.0,2.0,1.0,4.0
ESPORTSTMNT04_2694197,complete,,EM,2023,Summer,0,2023-08-14 19:36:01,1,13.14,4,Blue,bot,Rust,oe:player:f5e265d607cb720058fc166e00083fe,Nigma Galaxy,oe:team:c6aa23f2afcbe6fc281c7bb9b96c843,Varus,Tristana,Jayce,Maokai,Sejuani,Jax,,,,,,1461,1,2,2,10,21,7,0.0,0.0,0.0,0.0,0.0,0.0,0.0,0.0,0.8624,1.1499,,,,,,,,,,,,,,,,,,,,,0.0,0.0,,,,,,,,1.0,0.0,13854.0,568.9528,0.202499,383.6961,209.6099,8.0,0.3285,3.0,0.1232,1.0,22.0,0.9035,10520,7264,298.3162,0.19221,8875.0,,,211.0,207.0,4.0,,,8.6653,3428.0,3309.0,86.0,3306.0,3505.0,90.0,122.0,-196.0,-4.0,0.0,0.0,0.0,0.0,0.0,0.0,5771.0,5769.0,139.0,5290.0,6280.0,154.0,481.0,-511.0,-15.0,0.0,3.0,1.0,0.0,1.0,1.0,7974.0,7719.0,175.0,7417.0,8949.0,209.0,557.0,-1230.0,-34.0,1.0,5.0,2.0,1.0,2.0,2.0,10520.0,11122.0,211.0,9219.0,10828.0,254.0,1301.0,294.0,-43.0,2.0,10.0,2.0,1.0,3.0,4.0
ESPORTSTMNT04_2694197,complete,,EM,2023,Summer,0,2023-08-14 19:36:01,1,13.14,5,Blue,sup,Klownz,oe:player:1c6282fdf403e4e63f3b339d0bca034,Nigma Galaxy,oe:team:c6aa23f2afcbe6fc281c7bb9b96c843,Rell,Tristana,Jayce,Maokai,Sejuani,Jax,,,,,,1461,1,2,2,13,21,7,0.0,0.0,0.0,0.0,0.0,0.0,0.0,0.0,0.8624,1.1499,,,,,,,,,,,,,,,,,,,,,0.0,0.0,,,,,,,,0.0,0.0,4367.0,179.3429,0.063831,462.2587,646.4476,30.0,1.232,8.0,0.3285,10.0,70.0,2.8747,7055,3799,156.0164,0.100523,6350.0,,,32.0,32.0,0.0,,,1.3142,2095.0,2678.0,15.0,2070.0,2341.0,13.0,25.0,337.0,2.0,0.0,0.0,0.0,0.0,0.0,0.0,3694.0,4596.0,25.0,3137.0,3596.0,22.0,557.0,1000.0,3.0,1.0,2.0,0.0,0.0,1.0,1.0,5340.0,6372.0,28.0,4179.0,4728.0,26.0,1161.0,1644.0,2.0,2.0,7.0,1.0,0.0,3.0,3.0,7055.0,8573.0,32.0,5166.0,5725.0,30.0,1889.0,2848.0,2.0,2.0,13.0,2.0,0.0,4.0,5.0
ESPORTSTMNT04_2694197,complete,,EM,2023,Summer,0,2023-08-14 19:36:01,1,13.14,6,Red,top,Lunddorf,oe:player:6cb2f925e1216835980ce1a01bb62f6,Partizan Esports,oe:team:e42ade212c09777da0f54bffe481f6d,K'Sante,Azir,Kai'Sa,Rumble,Kindred,Poppy,,,,,,1461,0,2,5,1,7,21,0.0,0.0,0.0,0.0,1.0,0.0,1.0,0.0,0.2875,1.1499,,,,,,,,,,,,,,,,,,,,,0.0,0.0,,,,,,,,0.0,0.0,8634.0,354.5791,0.223401,815.5647,875.1951,9.0,0.3696,0.0,0.0,3.0,13.0,0.5339,8529,5273,216.5503,0.230807,7675.0,,,182.0,182.0,0.0,,,7.4743,3115.0,4701.0,70.0,3798.0,5380.0,86.0,-683.0,-679.0,-16.0,0.0,1.0,1.0,1.0,0.0,1.0,4889.0,7621.0,110.0,6677.0,8866.0,138.0,-1788.0,-1245.0,-28.0,1.0,1.0,2.0,4.0,0.0,2.0,6361.0,9838.0,144.0,11030.0,12341.0,186.0,-4669.0,-2503.0,-42.0,1.0,1.0,4.0,9.0,1.0,2.0,8529.0,12033.0,182.0,13639.0,15425.0,205.0,-5110.0,-3392.0,-23.0,2.0,1.0,5.0,12.0,3.0,2.0
ESPORTSTMNT04_2694197,complete,,EM,2023,Summer,0,2023-08-14 19:36:01,1,13.14,7,Red,jng,Sn1lle,oe:player:947d42fad1e2f3afeb911e5ae3888ce,Partizan Esports,oe:team:e42ade212c09777da0f54bffe481f6d,Viego,Azir,Kai'Sa,Rumble,Kindred,Poppy,,,,,,1461,0,2,3,4,7,21,0.0,0.0,0.0,0.0,1.0,1.0,0.0,0.0,0.2875,1.1499,,,,,,,,,,,,,,,,,,,,,0.0,1.0,,,,,,,,0.0,0.0,9087.0,373.1828,0.235122,985.5852,701.807,5.0,0.2053,4.0,0.1643,8.0,20.0,0.8214,7546,4290,176.1807,0.187779,7100.0,,,119.0,15.0,104.0,,,4.8871,3573.0,3849.0,69.0,3378.0,3860.0,76.0,195.0,-11.0,-7.0,1.0,0.0,0.0,0.0,0.0,0.0,5142.0,5510.0,89.0,5490.0,6631.0,115.0,-348.0,-1121.0,-26.0,2.0,1.0,1.0,0.0,1.0,0.0,6355.0,6845.0,103.0,8002.0,10369.0,169.0,-1647.0,-3524.0,-66.0,2.0,3.0,2.0,0.0,5.0,0.0,7546.0,8556.0,119.0,10458.0,14038.0,200.0,-2912.0,-5482.0,-81.0,2.0,4.0,3.0,1.0,11.0,0.0
ESPORTSTMNT04_2694197,complete,,EM,2023,Summer,0,2023-08-14 19:36:01,1,13.14,8,Red,mid,Rylle,oe:player:aa11f28607376fa521dd2625569a656,Partizan Esports,oe:team:e42ade212c09777da0f54bffe481f6d,Ahri,Azir,Kai'Sa,Rumble,Kindred,Poppy,,,,,,1461,0,2,4,1,7,21,0.0,0.0,0.0,0.0,0.0,0.0,0.0,0.0,0.2875,1.1499,,,,,,,,,,,,,,,,,,,,,0.0,0.0,,,,,,,,0.0,1.0,9729.0,399.5483,0.251734,656.2628,358.193,11.0,0.4517,7.0,0.2875,2.0,27.0,1.1088,8666,5410,222.1766,0.236803,8350.0,,,202.0,202.0,0.0,,,8.2957,3115.0,4886.0,83.0,3643.0,4996.0,99.0,-528.0,-110.0,-16.0,0.0,0.0,0.0,0.0,0.0,0.0,5020.0,7851.0,125.0,6519.0,8109.0,156.0,-1499.0,-258.0,-31.0,1.0,0.0,1.0,1.0,0.0,1.0,7212.0,10896.0,179.0,9174.0,10924.0,199.0,-1962.0,-28.0,-20.0,2.0,0.0,2.0,1.0,4.0,1.0,8666.0,12371.0,202.0,12400.0,14651.0,235.0,-3734.0,-2280.0,-33.0,2.0,1.0,4.0,4.0,8.0,1.0
ESPORTSTMNT04_2694197,complete,,EM,2023,Summer,0,2023-08-14 19:36:01,1,13.14,9,Red,bot,Yakkey,oe:player:a272c3f80649036f8e168cb2f3df17c,Partizan Esports,oe:team:e42ade212c09777da0f54bffe481f6d,Xayah,Azir,Kai'Sa,Rumble,Kindred,Poppy,,,,,,1461,0,1,4,3,7,21,0.0,0.0,0.0,0.0,0.0,0.0,0.0,0.0,0.2875,1.1499,,,,,,,,,,,,,,,,,,,,,0.0,0.0,,,,,,,,0.0,1.0,9079.0,372.8542,0.234915,609.8563,288.6242,9.0,0.3696,5.0,0.2053,2.0,20.0,0.8214,9219,5963,244.8871,0.261009,8900.0,,,254.0,234.0,20.0,,,10.4312,3306.0,3505.0,90.0,3428.0,3309.0,86.0,-122.0,196.0,4.0,0.0,0.0,0.0,0.0,0.0,0.0,5290.0,6280.0,154.0,5771.0,5769.0,139.0,-481.0,511.0,15.0,0.0,1.0,1.0,0.0,3.0,1.0,7417.0,8949.0,209.0,7974.0,7719.0,175.0,-557.0,1230.0,34.0,1.0,2.0,2.0,1.0,5.0,2.0,9219.0,10828.0,254.0,10520.0,11122.0,211.0,-1301.0,-294.0,43.0,1.0,3.0,4.0,2.0,10.0,2.0
ESPORTSTMNT04_2694197,complete,,EM,2023,Summer,0,2023-08-14 19:36:01,1,13.14,10,Red,sup,Cl0x,oe:player:85b3b3e91202ccada9f1f5a24dc1bfb,Partizan Esports,oe:team:e42ade212c09777da0f54bffe481f6d,Rakan,Azir,Kai'Sa,Rumble,Kindred,Poppy,,,,,,1461,0,0,5,4,7,21,0.0,0.0,0.0,0.0,0.0,0.0,0.0,0.0,0.2875,1.1499,,,,,,,,,,,,,,,,,,,,,0.0,0.0,,,,,,,,0.0,0.0,2119.0,87.0226,0.0548282,481.9713,497.2485,32.0,1.3142,5.0,0.2053,8.0,62.0,2.5462,5166,1910,78.4394,0.0836022,5100.0,,,30.0,30.0,0.0,,,1.232,2070.0,2341.0,13.0,2095.0,2678.0,15.0,-25.0,-337.0,-2.0,0.0,0.0,0.0,0.0,0.0,0.0,3137.0,3596.0,22.0,3694.0,4596.0,25.0,-557.0,-1000.0,-3.0,0.0,1.0,1.0,1.0,2.0,0.0,4179.0,4728.0,26.0,5340.0,6372.0,28.0,-1161.0,-1644.0,-2.0,0.0,3.0,3.0,2.0,7.0,1.0,5166.0,5725.0,30.0,7055.0,8573.0,32.0,-1889.0,-2848.0,-2.0,0.0,4.0,5.0,2.0,13.0,2.0
ESPORTSTMNT04_2694197,complete,,EM,2023,Summer,0,2023-08-14 19:36:01,1,13.14,100,Blue,team,,,Nigma Galaxy,oe:team:c6aa23f2afcbe6fc281c7bb9b96c843,,Tristana,Jayce,Maokai,Sejuani,Jax,Rell,Varus,LeBlanc,Lee Sin,Aatrox,1461,1,21,7,45,21,7,4.0,2.0,0.0,0.0,0.0,,,,0.8624,1.1499,0.0,1.0,1.0,1.0,1.0,0.0,0.0,0.0,0.0,0.0,1.0,,0.0,0.0,1.0,2.0,0.0,,,1.0,1.0,0.0,1.0,10.0,2.0,1.0,1.0,8.0,2.0,2.0,0.0,68415.0,2809.6509,,3304.0657,3217.9877,67.0,2.7515,22.0,0.9035,25.0,167.0,6.8583,54072,37792,1552.0329,,47025.0,0.235294,3.33,,693.0,190.0,,,36.2628,16342.0,20223.0,362.0,15179.0,19282.0,325.0,1163.0,941.0,37.0,1.0,0.0,1.0,1.0,1.0,1.0,28151.0,33971.0,573.0,23478.0,30858.0,500.0,4673.0,3113.0,73.0,6.0,6.0,4.0,4.0,4.0,6.0,41520.0,47725.0,757.0,31524.0,41256.0,661.0,9996.0,6469.0,96.0,13.0,22.0,6.0,6.0,9.0,13.0,54072.0,63809.0,883.0,39126.0,49513.0,787.0,14946.0,14296.0,96.0,21.0,45.0,7.0,7.0,13.0,21.0
ESPORTSTMNT04_2694197,complete,,EM,2023,Summer,0,2023-08-14 19:36:01,1,13.14,200,Red,team,,,Partizan Esports,oe:team:e42ade212c09777da0f54bffe481f6d,,Azir,Kai'Sa,Rumble,Kindred,Poppy,Xayah,Rakan,Ahri,Viego,K'Sante,1461,0,7,21,13,7,21,0.0,0.0,0.0,0.0,1.0,,,,0.2875,1.1499,1.0,1.0,1.0,1.0,1.0,0.0,0.0,1.0,0.0,0.0,0.0,,0.0,0.0,0.0,0.0,2.0,,,0.0,0.0,1.0,0.0,2.0,10.0,0.0,0.0,2.0,8.0,0.0,2.0,38648.0,1587.1869,,3549.2402,2721.0678,66.0,2.7105,21.0,0.8624,23.0,142.0,5.8316,39126,22846,938.2341,,37125.0,-0.235294,-3.33,,663.0,124.0,,,32.3203,15179.0,19282.0,325.0,16342.0,20223.0,362.0,-1163.0,-941.0,-37.0,1.0,1.0,1.0,1.0,0.0,1.0,23478.0,30858.0,500.0,28151.0,33971.0,573.0,-4673.0,-3113.0,-73.0,4.0,4.0,6.0,6.0,6.0,4.0,31524.0,41256.0,661.0,41520.0,47725.0,757.0,-9996.0,-6469.0,-96.0,6.0,9.0,13.0,13.0,22.0,6.0,39126.0,49513.0,787.0,54072.0,63809.0,883.0,-14946.0,-14296.0,-96.0,7.0,13.0,21.0,21.0,45.0,7.0
ESPORTSTMNT04_2692246,complete,,EM,2023,Summer,0,2023-08-14 20:04:31,1,13.14,1,Blue,top,Ryuto,oe:player:6d4cd67512d152a71a44885dab1ac15,BRUTE,oe:team:ddb6aa775eebeffd5cc41ba5c35c6a1,Ornn,Ivern,Sejuani,Varus,Braum,Zeri,,,,,,1722,0,0,4,2,8,23,0.0,0.0,0.0,0.0,0.0,0.0,0.0,0.0,0.2787,1.0801,,,,,,,,,,,,,,,,,,,,,0.0,0.0,,,,,,,,0.0,1.0,8611.0,300.0348,0.123919,898.5017,961.2892,13.0,0.453,2.0,0.0697,5.0,30.0,1.0453,7334,3546,123.554,0.135441,7225.0,,,164.0,164.0,0.0,,,5.7143,2790.0,4585.0,69.0,3514.0,5028.0,90.0,-724.0,-443.0,-21.0,0.0,0.0,0.0,0.0,0.0,0.0,4427.0,7457.0,117.0,5832.0,7967.0,141.0,-1405.0,-510.0,-24.0,0.0,0.0,1.0,0.0,1.0,0.0,5798.0,9585.0,150.0,8128.0,10093.0,173.0,-2330.0,-508.0,-23.0,0.0,1.0,1.0,2.0,2.0,0.0,6882.0,10956.0,164.0,10881.0,12558.0,190.0,-3999.0,-1602.0,-26.0,0.0,2.0,2.0,5.0,5.0,0.0
ESPORTSTMNT04_2692246,complete,,EM,2023,Summer,0,2023-08-14 20:04:31,1,13.14,2,Blue,jng,eaRyz,oe:player:a0cff4167fb5c141dd41760bcf18b6d,BRUTE,oe:team:ddb6aa775eebeffd5cc41ba5c35c6a1,Jarvan IV,Ivern,Sejuani,Varus,Braum,Zeri,,,,,,1722,0,2,9,4,8,23,0.0,0.0,0.0,0.0,0.0,0.0,0.0,0.0,0.2787,1.0801,,,,,,,,,,,,,,,,,,,,,0.0,0.0,,,,,,,,0.0,0.0,9005.0,313.7631,0.129589,1297.8049,1425.3659,8.0,0.2787,9.0,0.3136,6.0,36.0,1.2544,8272,4484,156.2369,0.171273,7550.0,,,129.0,15.0,114.0,,,4.4948,3169.0,3004.0,54.0,3457.0,3483.0,69.0,-288.0,-479.0,-15.0,1.0,0.0,1.0,0.0,2.0,0.0,4563.0,5197.0,78.0,5583.0,5891.0,105.0,-1020.0,-694.0,-27.0,1.0,1.0,3.0,0.0,5.0,0.0,5880.0,7080.0,102.0,7484.0,8284.0,140.0,-1604.0,-1204.0,-38.0,1.0,2.0,5.0,0.0,6.0,1.0,7430.0,8747.0,120.0,9029.0,10791.0,152.0,-1599.0,-2044.0,-32.0,2.0,3.0,7.0,0.0,9.0,2.0
ESPORTSTMNT04_2692246,complete,,EM,2023,Summer,0,2023-08-14 20:04:31,1,13.14,3,Blue,mid,Silk,oe:player:5d4533491a34d8306436b20deddc4d3,BRUTE,oe:team:ddb6aa775eebeffd5cc41ba5c35c6a1,Lucian,Ivern,Sejuani,Varus,Braum,Zeri,,,,,,1722,0,3,2,3,8,23,0.0,0.0,0.0,0.0,0.0,0.0,0.0,0.0,0.2787,1.0801,,,,,,,,,,,,,,,,,,,,,0.0,0.0,,,,,,,,0.0,1.0,22981.0,800.7317,0.330714,662.8571,330.2439,13.0,0.453,7.0,0.2439,5.0,32.0,1.115,11814,8026,279.6516,0.30658,11975.0,,,278.0,274.0,4.0,,,9.6864,3336.0,4699.0,86.0,3621.0,4571.0,81.0,-285.0,128.0,5.0,0.0,1.0,0.0,1.0,0.0,1.0,5792.0,7751.0,137.0,5548.0,6662.0,117.0,244.0,1089.0,20.0,2.0,1.0,0.0,2.0,0.0,3.0,7978.0,10809.0,193.0,7292.0,8449.0,144.0,686.0,2360.0,49.0,3.0,1.0,1.0,2.0,2.0,4.0,10598.0,13743.0,252.0,9820.0,11562.0,182.0,778.0,2181.0,70.0,3.0,3.0,1.0,3.0,5.0,5.0
ESPORTSTMNT04_2692246,complete,,EM,2023,Summer,0,2023-08-14 20:04:31,1,13.14,4,Blue,bot,raining,oe:player:ffa7f50db949da3f7ccec7e2c4ec4c6,BRUTE,oe:team:ddb6aa775eebeffd5cc41ba5c35c6a1,Kai'Sa,Ivern,Sejuani,Varus,Braum,Zeri,,,,,,1722,0,2,3,2,8,23,0.0,0.0,0.0,0.0,0.0,0.0,0.0,0.0,0.2787,1.0801,,,,,,,,,,,,,,,,,,,,,0.0,1.0,,,,,,,,0.0,0.0,22333.0,778.1533,0.321389,514.8084,350.7666,15.0,0.5226,9.0,0.3136,3.0,37.0,1.2892,11412,7624,265.6446,0.291223,11025.0,,,256.0,252.0,4.0,,,8.9199,3484.0,4066.0,98.0,3577.0,3588.0,93.0,-93.0,478.0,5.0,0.0,0.0,0.0,0.0,1.0,0.0,5363.0,6382.0,148.0,7420.0,6368.0,156.0,-2057.0,14.0,-8.0,0.0,0.0,0.0,3.0,1.0,0.0,7295.0,8480.0,191.0,9923.0,9463.0,226.0,-2628.0,-983.0,-35.0,0.0,2.0,0.0,4.0,1.0,0.0,8845.0,9922.0,216.0,13071.0,13259.0,281.0,-4226.0,-3337.0,-65.0,1.0,2.0,2.0,6.0,4.0,0.0
ESPORTSTMNT04_2692246,complete,,EM,2023,Summer,0,2023-08-14 20:04:31,1,13.14,5,Blue,sup,Peto,oe:player:3b32fe34a610a6a7e433b0741923b96,BRUTE,oe:team:ddb6aa775eebeffd5cc41ba5c35c6a1,Rakan,Ivern,Sejuani,Varus,Braum,Zeri,,,,,,1722,0,1,5,5,8,23,0.0,0.0,0.0,0.0,0.0,0.0,0.0,1.0,0.2787,1.0801,,,,,,,,,,,,,,,,,,,,,0.0,0.0,,,,,,,,0.0,0.0,6559.0,228.5366,0.094389,690.4181,682.1603,39.0,1.3589,14.0,0.4878,10.0,83.0,2.892,6288,2500,87.108,0.0954832,5850.0,,,36.0,36.0,0.0,,,1.2544,2054.0,1965.0,13.0,2557.0,2211.0,17.0,-503.0,-246.0,-4.0,0.0,1.0,1.0,1.0,0.0,0.0,3338.0,3790.0,25.0,4023.0,4200.0,31.0,-685.0,-410.0,-6.0,0.0,2.0,2.0,1.0,3.0,0.0,4646.0,5463.0,30.0,5318.0,5574.0,38.0,-672.0,-111.0,-8.0,1.0,3.0,2.0,1.0,6.0,0.0,5680.0,6259.0,36.0,6812.0,7758.0,43.0,-1132.0,-1499.0,-7.0,1.0,4.0,3.0,1.0,11.0,0.0
ESPORTSTMNT04_2692246,complete,,EM,2023,Summer,0,2023-08-14 20:04:31,1,13.14,6,Red,top,Juzu,oe:player:a61da83af5e3738845fa6dd56e1d41a,Anubis Gaming,oe:team:f2094ae60f9b1f3b6a17ad88ad75fc1,Rumble,Maokai,Tristana,Rell,Gragas,Nautilus,,,,,,1722,1,7,0,10,23,8,2.0,0.0,0.0,0.0,0.0,0.0,0.0,0.0,0.8014,1.0801,,,,,,,,,,,,,,,,,,,,,0.0,0.0,,,,,,,,1.0,0.0,27751.0,966.9338,0.295198,480.4878,426.3066,10.0,0.3484,4.0,0.1394,5.0,31.0,1.0801,13550,9762,340.1394,0.2259,11875.0,,,208.0,204.0,4.0,,,7.2474,3514.0,5028.0,90.0,2790.0,4585.0,69.0,724.0,443.0,21.0,0.0,0.0,0.0,0.0,0.0,0.0,5832.0,7967.0,141.0,4427.0,7457.0,117.0,1405.0,510.0,24.0,0.0,1.0,0.0,0.0,0.0,1.0,8128.0,10093.0,173.0,5798.0,9585.0,150.0,2330.0,508.0,23.0,2.0,2.0,0.0,0.0,1.0,1.0,10881.0,12558.0,190.0,6882.0,10956.0,164.0,3999.0,1602.0,26.0,5.0,5.0,0.0,0.0,2.0,2.0
ESPORTSTMNT04_2692246,complete,,EM,2023,Summer,0,2023-08-14 20:04:31,1,13.14,7,Red,jng,Elramir,oe:player:de442faff7b7cdc0fba7d6d5caff5e1,Anubis Gaming,oe:team:f2094ae60f9b1f3b6a17ad88ad75fc1,Amumu,Maokai,Tristana,Rell,Gragas,Nautilus,,,,,,1722,1,1,2,15,23,8,0.0,0.0,0.0,0.0,1.0,0.0,1.0,0.0,0.8014,1.0801,,,,,,,,,,,,,,,,,,,,,0.0,0.0,,,,,,,,0.0,0.0,11546.0,402.2997,0.122819,1147.7003,1480.0,11.0,0.3833,3.0,0.1045,11.0,40.0,1.3937,11054,7266,253.1707,0.168138,9525.0,,,169.0,12.0,157.0,,,5.8885,3457.0,3483.0,69.0,3169.0,3004.0,54.0,288.0,479.0,15.0,0.0,2.0,0.0,1.0,0.0,1.0,5583.0,5891.0,105.0,4563.0,5197.0,78.0,1020.0,694.0,27.0,0.0,5.0,0.0,1.0,1.0,3.0,7484.0,8284.0,140.0,5880.0,7080.0,102.0,1604.0,1204.0,38.0,0.0,6.0,1.0,1.0,2.0,5.0,9029.0,10791.0,152.0,7430.0,8747.0,120.0,1599.0,2044.0,32.0,0.0,9.0,2.0,2.0,3.0,7.0
ESPORTSTMNT04_2692246,complete,,EM,2023,Summer,0,2023-08-14 20:04:31,1,13.14,8,Red,mid,Cipher,oe:player:c8ef68c0fce4f4bfe0219809473d365,Anubis Gaming,oe:team:f2094ae60f9b1f3b6a17ad88ad75fc1,Jayce,Maokai,Tristana,Rell,Gragas,Nautilus,,,,,,1722,1,7,5,9,23,8,1.0,0.0,0.0,0.0,0.0,0.0,0.0,0.0,0.8014,1.0801,,,,,,,,,,,,,,,,,,,,,0.0,0.0,,,,,,,,1.0,0.0,30423.0,1060.0348,0.323621,709.5122,558.7805,13.0,0.453,6.0,0.2091,3.0,20.0,0.6969,13124,9336,325.2962,0.216042,11075.0,,,198.0,186.0,12.0,,,6.899,3621.0,4571.0,81.0,3336.0,4699.0,86.0,285.0,-128.0,-5.0,1.0,0.0,1.0,0.0,1.0,0.0,5548.0,6662.0,117.0,5792.0,7751.0,137.0,-244.0,-1089.0,-20.0,2.0,0.0,3.0,2.0,1.0,0.0,7292.0,8449.0,144.0,7978.0,10809.0,193.0,-686.0,-2360.0,-49.0,2.0,2.0,4.0,3.0,1.0,1.0,9820.0,11562.0,182.0,10598.0,13743.0,252.0,-778.0,-2181.0,-70.0,3.0,5.0,5.0,3.0,3.0,1.0
ESPORTSTMNT04_2692246,complete,,EM,2023,Summer,0,2023-08-14 20:04:31,1,13.14,9,Red,bot,san1,oe:player:f581f857e43aea4c5b241874f8a4394,Anubis Gaming,oe:team:f2094ae60f9b1f3b6a17ad88ad75fc1,Xayah,Maokai,Tristana,Rell,Gragas,Nautilus,,,,,,1722,1,7,1,9,23,8,0.0,0.0,0.0,0.0,1.0,0.0,1.0,0.0,0.8014,1.0801,,,,,,,,,,,,,,,,,,,,,1.0,0.0,,,,,,,,0.0,0.0,21101.0,735.2265,0.22446,652.4739,362.892,17.0,0.5923,11.0,0.3833,8.0,55.0,1.9164,16308,12520,436.2369,0.289726,15200.0,,,329.0,289.0,40.0,,,11.4634,3577.0,3588.0,93.0,3484.0,4066.0,98.0,93.0,-478.0,-5.0,0.0,1.0,0.0,0.0,0.0,0.0,7420.0,6368.0,156.0,5363.0,6382.0,148.0,2057.0,-14.0,8.0,3.0,1.0,0.0,0.0,0.0,0.0,9923.0,9463.0,226.0,7295.0,8480.0,191.0,2628.0,983.0,35.0,4.0,1.0,0.0,0.0,2.0,0.0,13071.0,13259.0,281.0,8845.0,9922.0,216.0,4226.0,3337.0,65.0,6.0,4.0,0.0,1.0,2.0,2.0
ESPORTSTMNT04_2692246,complete,,EM,2023,Summer,0,2023-08-14 20:04:31,1,13.14,10,Red,sup,Mishal,oe:player:72afadf3f4701a666860c0c442b08f5,Anubis Gaming,oe:team:f2094ae60f9b1f3b6a17ad88ad75fc1,Leona,Maokai,Tristana,Rell,Gragas,Nautilus,,,,,,1722,1,1,0,18,23,8,0.0,0.0,0.0,0.0,1.0,1.0,0.0,0.0,0.8014,1.0801,,,,,,,,,,,,,,,,,,,,,0.0,0.0,,,,,,,,0.0,0.0,3187.0,111.0453,0.0339014,427.9094,578.8502,46.0,1.6028,24.0,0.8362,13.0,122.0,4.2509,8118,4330,150.8711,0.100193,7125.0,,,48.0,48.0,0.0,,,1.6725,2557.0,2211.0,17.0,2054.0,1965.0,13.0,503.0,246.0,4.0,1.0,0.0,0.0,0.0,1.0,1.0,4023.0,4200.0,31.0,3338.0,3790.0,25.0,685.0,410.0,6.0,1.0,3.0,0.0,0.0,2.0,2.0,5318.0,5574.0,38.0,4646.0,5463.0,30.0,672.0,111.0,8.0,1.0,6.0,0.0,1.0,3.0,2.0,6812.0,7758.0,43.0,5680.0,6259.0,36.0,1132.0,1499.0,7.0,1.0,11.0,0.0,1.0,4.0,3.0
ESPORTSTMNT04_2692246,complete,,EM,2023,Summer,0,2023-08-14 20:04:31,1,13.14,100,Blue,team,,,BRUTE,oe:team:ddb6aa775eebeffd5cc41ba5c35c6a1,,Ivern,Sejuani,Varus,Braum,Zeri,Kai'Sa,Lucian,Ornn,Jarvan IV,Rakan,1722,0,8,23,16,8,23,0.0,0.0,0.0,0.0,0.0,,,,0.2787,1.0801,0.0,0.0,4.0,0.0,4.0,0.0,0.0,0.0,0.0,0.0,0.0,,0.0,0.0,0.0,0.0,2.0,,,0.0,0.0,1.0,0.0,1.0,10.0,0.0,0.0,1.0,7.0,0.0,2.0,69489.0,2421.2195,,4064.3902,3749.8258,88.0,3.0662,41.0,1.4286,29.0,218.0,7.5958,45120,26178,912.1254,,43625.0,-0.227076,-4.1,,741.0,122.0,,,30.0697,14833.0,18319.0,320.0,16726.0,18881.0,350.0,-1893.0,-562.0,-30.0,1.0,2.0,2.0,2.0,3.0,1.0,23483.0,30577.0,505.0,28406.0,31088.0,550.0,-4923.0,-511.0,-45.0,3.0,4.0,6.0,6.0,10.0,3.0,31597.0,41417.0,666.0,38145.0,41863.0,721.0,-6548.0,-446.0,-55.0,5.0,9.0,9.0,9.0,17.0,5.0,39435.0,49627.0,788.0,49613.0,55928.0,848.0,-10178.0,-6301.0,-60.0,7.0,14.0,15.0,15.0,34.0,7.0
ESPORTSTMNT04_2692246,complete,,EM,2023,Summer,0,2023-08-14 20:04:31,1,13.14,200,Red,team,,,Anubis Gaming,oe:team:f2094ae60f9b1f3b6a17ad88ad75fc1,,Maokai,Tristana,Rell,Gragas,Nautilus,Jayce,Rumble,Amumu,Xayah,Leona,1722,1,23,8,61,23,8,3.0,0.0,0.0,0.0,1.0,,,,0.8014,1.0801,1.0,4.0,0.0,4.0,0.0,0.0,1.0,1.0,2.0,0.0,0.0,,0.0,0.0,1.0,2.0,0.0,,,1.0,1.0,0.0,1.0,10.0,1.0,1.0,1.0,7.0,1.0,2.0,0.0,94008.0,3275.5401,,3418.0836,3406.8293,97.0,3.3798,48.0,1.6725,40.0,268.0,9.338,62154,43212,1505.6446,,54800.0,0.227076,4.1,,739.0,213.0,,,33.1707,16726.0,18881.0,350.0,14833.0,18319.0,320.0,1893.0,562.0,30.0,2.0,3.0,1.0,1.0,2.0,2.0,28406.0,31088.0,550.0,23483.0,30577.0,505.0,4923.0,511.0,45.0,6.0,10.0,3.0,3.0,4.0,6.0,38145.0,41863.0,721.0,31597.0,41417.0,666.0,6548.0,446.0,55.0,9.0,17.0,5.0,5.0,9.0,9.0,49613.0,55928.0,848.0,39435.0,49627.0,788.0,10178.0,6301.0,60.0,15.0,34.0,7.0,7.0,14.0,15.0
ESPORTSTMNT04_2693223,complete,,EM,2023,Summer,0,2023-08-14 20:09:43,1,13.14,1,Blue,top,Banderas,oe:player:57abe5a8958c15444e9103873f8565a,WLGaming Esports,oe:team:b19ab22267512e77945cd498106dcf1,K'Sante,Rakan,LeBlanc,Poppy,Malphite,Cho'Gath,,,,,,2254,0,5,5,4,16,32,1.0,1.0,0.0,0.0,0.0,0.0,0.0,0.0,0.4259,1.2777,,,,,,,,,,,,,,,,,,,,,0.0,1.0,,,,,,,,0.0,0.0,17987.0,478.8021,0.199833,800.3372,1665.2263,10.0,0.2662,7.0,0.1863,5.0,31.0,0.8252,16280,11406,303.6202,0.247203,15210.0,,,318.0,318.0,0.0,,,8.465,3419.0,4898.0,96.0,3093.0,4478.0,76.0,326.0,420.0,20.0,0.0,0.0,0.0,0.0,0.0,0.0,5354.0,7609.0,146.0,5076.0,7307.0,124.0,278.0,302.0,22.0,0.0,0.0,1.0,1.0,0.0,0.0,7458.0,10977.0,213.0,7217.0,10959.0,189.0,241.0,18.0,24.0,0.0,0.0,1.0,1.0,0.0,0.0,8893.0,12828.0,235.0,9968.0,14738.0,236.0,-1075.0,-1910.0,-1.0,0.0,3.0,3.0,2.0,2.0,1.0
ESPORTSTMNT04_2693223,complete,,EM,2023,Summer,0,2023-08-14 20:09:43,1,13.14,2,Blue,jng,Bruness,oe:player:7471c21aed615dae3e49140eca8ce89,WLGaming Esports,oe:team:b19ab22267512e77945cd498106dcf1,Viego,Rakan,LeBlanc,Poppy,Malphite,Cho'Gath,,,,,,2254,0,5,6,11,16,32,0.0,0.0,0.0,0.0,0.0,0.0,0.0,0.0,0.4259,1.2777,,,,,,,,,,,,,,,,,,,,,1.0,1.0,,,,,,,,0.0,1.0,11094.0,295.315,0.123253,1042.3602,1300.0887,11.0,0.2928,10.0,0.2662,13.0,48.0,1.2777,14394,9520,253.4161,0.206328,12683.0,,,207.0,18.0,189.0,,,5.5102,3393.0,3536.0,67.0,3482.0,3440.0,64.0,-89.0,96.0,3.0,0.0,1.0,1.0,1.0,2.0,1.0,5281.0,5427.0,98.0,4693.0,4910.0,80.0,588.0,517.0,18.0,1.0,1.0,2.0,1.0,3.0,2.0,7367.0,7850.0,135.0,6309.0,7530.0,110.0,1058.0,320.0,25.0,2.0,2.0,2.0,1.0,3.0,3.0,9809.0,10374.0,167.0,8094.0,10210.0,121.0,1715.0,164.0,46.0,4.0,4.0,3.0,1.0,8.0,5.0
ESPORTSTMNT04_2693223,complete,,EM,2023,Summer,0,2023-08-14 20:09:43,1,13.14,3,Blue,mid,ESCIK,oe:player:7e33124e33721ef8f70d2dd843b57da,WLGaming Esports,oe:team:b19ab22267512e77945cd498106dcf1,Azir,Rakan,LeBlanc,Poppy,Malphite,Cho'Gath,,,,,,2254,0,4,7,8,16,32,1.0,0.0,0.0,0.0,0.0,0.0,0.0,1.0,0.4259,1.2777,,,,,,,,,,,,,,,,,,,,,0.0,0.0,,,,,,,,0.0,1.0,33609.0,894.6495,0.373392,496.7169,394.898,13.0,0.3461,9.0,0.2396,6.0,35.0,0.9317,15239,10365,275.9095,0.224642,15225.0,,,311.0,303.0,8.0,,,8.2786,3595.0,4942.0,90.0,3854.0,4862.0,92.0,-259.0,80.0,-2.0,1.0,0.0,1.0,1.0,1.0,0.0,5717.0,7622.0,147.0,6073.0,8197.0,154.0,-356.0,-575.0,-7.0,1.0,0.0,1.0,1.0,2.0,0.0,7321.0,9975.0,184.0,8167.0,10949.0,200.0,-846.0,-974.0,-16.0,1.0,2.0,2.0,2.0,4.0,0.0,9078.0,12080.0,215.0,10982.0,14598.0,240.0,-1904.0,-2518.0,-25.0,2.0,5.0,4.0,4.0,6.0,0.0
ESPORTSTMNT04_2693223,complete,,EM,2023,Summer,0,2023-08-14 20:09:43,1,13.14,4,Blue,bot,Woolite,oe:player:40fa7615556f33971d67c95a702fbcc,WLGaming Esports,oe:team:b19ab22267512e77945cd498106dcf1,Sivir,Rakan,LeBlanc,Poppy,Malphite,Cho'Gath,,,,,,2254,0,2,6,10,16,32,0.0,0.0,0.0,0.0,0.0,0.0,0.0,0.0,0.4259,1.2777,,,,,,,,,,,,,,,,,,,,,0.0,0.0,,,,,,,,0.0,0.0,22618.0,602.0763,0.251283,558.1012,212.9281,14.0,0.3727,7.0,0.1863,4.0,30.0,0.7986,16353,11479,305.5634,0.248785,15450.0,,,382.0,371.0,11.0,,,10.1686,3270.0,3396.0,80.0,3750.0,3474.0,89.0,-480.0,-78.0,-9.0,0.0,0.0,0.0,1.0,0.0,0.0,5516.0,5752.0,135.0,5933.0,6178.0,147.0,-417.0,-426.0,-12.0,0.0,1.0,0.0,1.0,0.0,0.0,7977.0,8420.0,195.0,8471.0,8753.0,200.0,-494.0,-333.0,-5.0,1.0,2.0,1.0,3.0,1.0,1.0,10029.0,10513.0,236.0,12851.0,13901.0,267.0,-2822.0,-3388.0,-31.0,2.0,5.0,2.0,7.0,5.0,1.0
ESPORTSTMNT04_2693223,complete,,EM,2023,Summer,0,2023-08-14 20:09:43,1,13.14,5,Blue,sup,Bananitoo,oe:player:148e116847c069d852ad0696d4180fe,WLGaming Esports,oe:team:b19ab22267512e77945cd498106dcf1,Rell,Rakan,LeBlanc,Poppy,Malphite,Cho'Gath,,,,,,2254,0,0,8,12,16,32,0.0,0.0,0.0,0.0,0.0,0.0,0.0,0.0,0.4259,1.2777,,,,,,,,,,,,,,,,,,,,,0.0,0.0,,,,,,,,0.0,0.0,4702.0,125.1642,0.0522386,560.6832,729.8758,52.0,1.3842,10.0,0.2662,15.0,98.0,2.6087,8244,3370,89.7072,0.0730419,6725.0,,,30.0,30.0,0.0,,,0.7986,2112.0,1856.0,13.0,2744.0,2463.0,13.0,-632.0,-607.0,0.0,0.0,1.0,2.0,1.0,3.0,0.0,3206.0,3319.0,19.0,4222.0,3693.0,24.0,-1016.0,-374.0,-5.0,0.0,2.0,2.0,2.0,3.0,0.0,4517.0,5154.0,26.0,5230.0,5255.0,30.0,-713.0,-101.0,-4.0,0.0,4.0,3.0,2.0,5.0,0.0,5564.0,6751.0,28.0,7152.0,8606.0,31.0,-1588.0,-1855.0,-3.0,0.0,8.0,5.0,3.0,12.0,1.0
ESPORTSTMNT04_2693223,complete,,EM,2023,Summer,0,2023-08-14 20:09:43,1,13.14,6,Red,top,Kackos,oe:player:4841aa27ab85be0b9f45fed1d5e7b09,NORD Esports,oe:team:6ef01b22224b92f917d70dd9f33568b,Jax,Kai'Sa,Maokai,Sejuani,Trundle,Vi,,,,,,2254,1,6,2,5,32,16,0.0,0.0,0.0,0.0,0.0,0.0,0.0,0.0,0.8518,1.2777,,,,,,,,,,,,,,,,,,,,,1.0,0.0,,,,,,,,0.0,0.0,21174.0,563.638,0.214082,763.9485,868.4561,14.0,0.3727,4.0,0.1065,0.0,30.0,0.7986,17757,12883,342.937,0.235891,15950.0,,,340.0,300.0,40.0,,,9.0506,3093.0,4478.0,76.0,3419.0,4898.0,96.0,-326.0,-420.0,-20.0,0.0,0.0,0.0,0.0,0.0,0.0,5076.0,7307.0,124.0,5354.0,7609.0,146.0,-278.0,-302.0,-22.0,1.0,0.0,0.0,0.0,0.0,1.0,7217.0,10959.0,189.0,7458.0,10977.0,213.0,-241.0,-18.0,-24.0,1.0,0.0,0.0,0.0,0.0,1.0,9968.0,14738.0,236.0,8893.0,12828.0,235.0,1075.0,1910.0,1.0,2.0,2.0,1.0,0.0,3.0,3.0
ESPORTSTMNT04_2693223,complete,,EM,2023,Summer,0,2023-08-14 20:09:43,1,13.14,7,Red,jng,Indecision,oe:player:40ec21bf3a960cc7bfe0c38885bf906,NORD Esports,oe:team:6ef01b22224b92f917d70dd9f33568b,Nocturne,Kai'Sa,Maokai,Sejuani,Trundle,Vi,,,,,,2254,1,2,7,13,32,16,0.0,0.0,0.0,0.0,0.0,0.0,0.0,0.0,0.8518,1.2777,,,,,,,,,,,,,,,,,,,,,1.0,1.0,,,,,,,,1.0,0.0,11295.0,300.6655,0.114199,975.9982,619.4055,9.0,0.2396,12.0,0.3194,7.0,50.0,1.331,12449,7575,201.6415,0.138702,10425.0,,,172.0,24.0,148.0,,,4.5785,3482.0,3440.0,64.0,3393.0,3536.0,67.0,89.0,-96.0,-3.0,1.0,2.0,1.0,0.0,1.0,1.0,4693.0,4910.0,80.0,5281.0,5427.0,98.0,-588.0,-517.0,-18.0,1.0,3.0,2.0,1.0,1.0,2.0,6309.0,7530.0,110.0,7367.0,7850.0,135.0,-1058.0,-320.0,-25.0,1.0,3.0,3.0,2.0,2.0,2.0,8094.0,10210.0,121.0,9809.0,10374.0,167.0,-1715.0,-164.0,-46.0,1.0,8.0,5.0,4.0,4.0,3.0
ESPORTSTMNT04_2693223,complete,,EM,2023,Summer,0,2023-08-14 20:09:43,1,13.14,8,Red,mid,OMON,oe:player:e42fd90dea956c3986b69209b56ce16,NORD Esports,oe:team:6ef01b22224b92f917d70dd9f33568b,Syndra,Kai'Sa,Maokai,Sejuani,Trundle,Vi,,,,,,2254,1,10,2,8,32,16,2.0,1.0,0.0,0.0,1.0,0.0,1.0,0.0,0.8518,1.2777,,,,,,,,,,,,,,,,,,,,,0.0,0.0,,,,,,,,1.0,0.0,27286.0,726.3354,0.275878,390.0799,222.4845,18.0,0.4791,5.0,0.1331,7.0,31.0,0.8252,17948,13074,348.0213,0.239388,17225.0,,,330.0,325.0,5.0,,,8.7844,3854.0,4862.0,92.0,3595.0,4942.0,90.0,259.0,-80.0,2.0,1.0,1.0,0.0,1.0,0.0,1.0,6073.0,8197.0,154.0,5717.0,7622.0,147.0,356.0,575.0,7.0,1.0,2.0,0.0,1.0,0.0,1.0,8167.0,10949.0,200.0,7321.0,9975.0,184.0,846.0,974.0,16.0,2.0,4.0,0.0,1.0,2.0,2.0,10982.0,14598.0,240.0,9078.0,12080.0,215.0,1904.0,2518.0,25.0,4.0,6.0,0.0,2.0,5.0,4.0
ESPORTSTMNT04_2693223,complete,,EM,2023,Summer,0,2023-08-14 20:09:43,1,13.14,9,Red,bot,Hid0,oe:player:97e228a45bb28f8d270f77deabd1282,NORD Esports,oe:team:6ef01b22224b92f917d70dd9f33568b,Xayah,Kai'Sa,Maokai,Sejuani,Trundle,Vi,,,,,,2254,1,11,2,10,32,16,2.0,1.0,0.0,0.0,0.0,0.0,0.0,0.0,0.8518,1.2777,,,,,,,,,,,,,,,,,,,,,0.0,0.0,,,,,,,,0.0,0.0,31978.0,851.2334,0.323317,555.8119,353.9574,13.0,0.3461,17.0,0.4525,3.0,63.0,1.677,20196,15322,407.8616,0.280549,18625.0,,,387.0,327.0,60.0,,,10.3017,3750.0,3474.0,89.0,3270.0,3396.0,80.0,480.0,78.0,9.0,1.0,0.0,0.0,0.0,0.0,0.0,5933.0,6178.0,147.0,5516.0,5752.0,135.0,417.0,426.0,12.0,1.0,0.0,0.0,0.0,1.0,0.0,8471.0,8753.0,200.0,7977.0,8420.0,195.0,494.0,333.0,5.0,3.0,1.0,1.0,1.0,2.0,1.0,12851.0,13901.0,267.0,10029.0,10513.0,236.0,2822.0,3388.0,31.0,7.0,5.0,1.0,2.0,5.0,2.0
ESPORTSTMNT04_2693223,complete,,EM,2023,Summer,0,2023-08-14 20:09:43,1,13.14,10,Red,sup,Seneca,oe:player:e3decbc40c573363c151a8300127922,NORD Esports,oe:team:6ef01b22224b92f917d70dd9f33568b,Nautilus,Kai'Sa,Maokai,Sejuani,Trundle,Vi,,,,,,2254,1,3,3,23,32,16,0.0,0.0,0.0,0.0,1.0,1.0,0.0,0.0,0.8518,1.2777,,,,,,,,,,,,,,,,,,,,,0.0,0.0,,,,,,,,0.0,0.0,7173.0,190.9406,0.0725234,663.5138,1096.3177,49.0,1.3043,9.0,0.2396,12.0,103.0,2.7418,10634,5760,153.3274,0.10547,10150.0,,,32.0,32.0,0.0,,,0.8518,2744.0,2463.0,13.0,2112.0,1856.0,13.0,632.0,607.0,0.0,1.0,3.0,0.0,0.0,1.0,2.0,4222.0,3693.0,24.0,3206.0,3319.0,19.0,1016.0,374.0,5.0,2.0,3.0,0.0,0.0,2.0,2.0,5230.0,5255.0,30.0,4517.0,5154.0,26.0,713.0,101.0,4.0,2.0,5.0,0.0,0.0,4.0,3.0,7152.0,8606.0,31.0,5564.0,6751.0,28.0,1588.0,1855.0,3.0,3.0,12.0,1.0,0.0,8.0,5.0
ESPORTSTMNT04_2693223,complete,,EM,2023,Summer,0,2023-08-14 20:09:43,1,13.14,100,Blue,team,,,WLGaming Esports,oe:team:b19ab22267512e77945cd498106dcf1,,Rakan,LeBlanc,Poppy,Malphite,Cho'Gath,Rell,Azir,Sivir,Viego,K'Sante,2254,0,16,32,45,16,32,2.0,1.0,0.0,0.0,0.0,,,,0.4259,1.2777,0.0,2.0,3.0,2.0,3.0,1.0,0.0,1.0,0.0,0.0,0.0,,0.0,0.0,1.0,1.0,1.0,,,0.0,1.0,2.0,1.0,3.0,11.0,1.0,0.0,6.0,2.0,0.0,2.0,90010.0,2396.0071,,3458.1988,4303.0169,100.0,2.6619,43.0,1.1446,43.0,242.0,6.4419,70510,46141,1228.2431,,65293.0,-0.102885,-1.76,,1040.0,208.0,,,33.2209,15789.0,18628.0,346.0,16923.0,18717.0,334.0,-1134.0,-89.0,12.0,1.0,2.0,4.0,4.0,6.0,1.0,25074.0,29729.0,545.0,25997.0,30285.0,529.0,-923.0,-556.0,16.0,2.0,4.0,6.0,6.0,8.0,2.0,34640.0,42376.0,753.0,35394.0,43446.0,729.0,-754.0,-1070.0,24.0,4.0,10.0,9.0,9.0,13.0,4.0,43373.0,52546.0,881.0,49047.0,62053.0,895.0,-5674.0,-9507.0,-14.0,8.0,25.0,17.0,17.0,33.0,8.0
ESPORTSTMNT04_2693223,complete,,EM,2023,Summer,0,2023-08-14 20:09:43,1,13.14,200,Red,team,,,NORD Esports,oe:team:6ef01b22224b92f917d70dd9f33568b,,Kai'Sa,Maokai,Sejuani,Trundle,Vi,Xayah,Nautilus,Syndra,Nocturne,Jax,2254,1,32,16,59,32,16,4.0,2.0,0.0,0.0,1.0,,,,0.8518,1.2777,1.0,3.0,2.0,3.0,2.0,2.0,0.0,0.0,1.0,0.0,0.0,,0.0,0.0,0.0,1.0,1.0,,,1.0,2.0,1.0,0.0,11.0,3.0,0.0,1.0,2.0,6.0,2.0,0.0,98906.0,2632.8128,,3349.3523,3160.6211,103.0,2.7418,47.0,1.2511,29.0,277.0,7.3736,78984,54615,1453.8154,,72375.0,0.102885,1.76,,1008.0,253.0,,,33.567,16923.0,18717.0,334.0,15789.0,18628.0,346.0,1134.0,89.0,-12.0,4.0,6.0,1.0,1.0,2.0,4.0,25997.0,30285.0,529.0,25074.0,29729.0,545.0,923.0,556.0,-16.0,6.0,8.0,2.0,2.0,4.0,6.0,35394.0,43446.0,729.0,34640.0,42376.0,753.0,754.0,1070.0,-24.0,9.0,13.0,4.0,4.0,10.0,9.0,49047.0,62053.0,895.0,43373.0,52546.0,881.0,5674.0,9507.0,14.0,17.0,33.0,8.0,8.0,25.0,17.0
ESPORTSTMNT04_2692257,complete,,EM,2023,Summer,0,2023-08-15 15:01:38,1,13.14,1,Blue,top,Ragner,oe:player:c0f78343a2ad4ba1463245d53a3b440,Team GO,oe:team:8d538207b9de9d20e1a525aae593515,K'Sante,Xayah,Sejuani,Kai'Sa,Alistar,Braum,,,,,,2080,1,2,2,9,17,9,0.0,0.0,0.0,0.0,0.0,0.0,0.0,0.0,0.4904,0.75,,,,,,,,,,,,,,,,,,,,,0.0,0.0,,,,,,,,0.0,0.0,13417.0,387.0288,0.161744,767.2212,1386.3462,18.0,0.5192,4.0,0.1154,9.0,36.0,1.0385,14836,10317,297.6058,0.224712,14275.0,,,290.0,286.0,4.0,,,8.3654,3441.0,4975.0,86.0,3685.0,4389.0,76.0,-244.0,586.0,10.0,0.0,2.0,1.0,1.0,0.0,1.0,5659.0,8149.0,137.0,5630.0,6733.0,116.0,29.0,1416.0,21.0,1.0,2.0,1.0,1.0,0.0,2.0,8237.0,10798.0,187.0,7594.0,9303.0,158.0,643.0,1495.0,29.0,1.0,3.0,2.0,2.0,0.0,2.0,10843.0,14392.0,229.0,9323.0,11485.0,202.0,1520.0,2907.0,27.0,2.0,5.0,2.0,2.0,0.0,2.0
ESPORTSTMNT04_2692257,complete,,EM,2023,Summer,0,2023-08-15 15:01:38,1,13.14,2,Blue,jng,Lyncas,oe:player:ca9701f085966dfca32e31b1b1e9d55,Team GO,oe:team:8d538207b9de9d20e1a525aae593515,Trundle,Xayah,Sejuani,Kai'Sa,Alistar,Braum,,,,,,2080,1,2,2,6,17,9,0.0,0.0,0.0,0.0,0.0,0.0,0.0,0.0,0.4904,0.75,,,,,,,,,,,,,,,,,,,,,2.0,0.0,,,,,,,,2.0,0.0,5662.0,163.3269,0.0682563,1074.8654,1156.2981,13.0,0.375,15.0,0.4327,11.0,58.0,1.6731,12179,7660,220.9615,0.166842,11825.0,,,163.0,16.0,147.0,,,4.7019,3028.0,3239.0,50.0,3174.0,3176.0,56.0,-146.0,63.0,-6.0,1.0,0.0,1.0,0.0,2.0,1.0,4600.0,5538.0,82.0,5180.0,6239.0,105.0,-580.0,-701.0,-23.0,1.0,1.0,1.0,0.0,2.0,1.0,7232.0,7744.0,107.0,6720.0,8834.0,138.0,512.0,-1090.0,-31.0,2.0,1.0,1.0,0.0,3.0,1.0,8727.0,10208.0,129.0,8020.0,10432.0,167.0,707.0,-224.0,-38.0,2.0,2.0,1.0,0.0,3.0,2.0
ESPORTSTMNT04_2692257,complete,,EM,2023,Summer,0,2023-08-15 15:01:38,1,13.14,3,Blue,mid,Toucouille,oe:player:525ac233cf71bc36a611e27a324144f,Team GO,oe:team:8d538207b9de9d20e1a525aae593515,LeBlanc,Xayah,Sejuani,Kai'Sa,Alistar,Braum,,,,,,2080,1,6,2,7,17,9,0.0,0.0,0.0,0.0,1.0,1.0,0.0,0.0,0.4904,0.75,,,,,,,,,,,,,,,,,,,,,0.0,0.0,,,,,,,,0.0,0.0,27359.0,789.2019,0.329817,642.7788,324.2885,11.0,0.3173,4.0,0.1154,6.0,26.0,0.75,16108,11589,334.2981,0.252417,14050.0,,,325.0,319.0,6.0,,,9.375,3967.0,4861.0,88.0,3870.0,5309.0,80.0,97.0,-448.0,8.0,2.0,1.0,1.0,2.0,1.0,1.0,5854.0,8013.0,149.0,6032.0,8414.0,141.0,-178.0,-401.0,8.0,2.0,1.0,1.0,2.0,1.0,1.0,7665.0,10550.0,195.0,8908.0,11842.0,195.0,-1243.0,-1292.0,0.0,2.0,1.0,2.0,4.0,2.0,2.0,10511.0,13937.0,242.0,10483.0,13931.0,236.0,28.0,6.0,6.0,4.0,2.0,2.0,4.0,2.0,2.0
ESPORTSTMNT04_2692257,complete,,EM,2023,Summer,0,2023-08-15 15:01:38,1,13.14,4,Blue,bot,Jezu,oe:player:4817d93e8f26002377aec42233b3fc2,Team GO,oe:team:8d538207b9de9d20e1a525aae593515,Ezreal,Xayah,Sejuani,Kai'Sa,Alistar,Braum,,,,,,2080,1,7,0,5,17,9,2.0,1.0,0.0,0.0,0.0,0.0,0.0,0.0,0.4904,0.75,,,,,,,,,,,,,,,,,,,,,0.0,0.0,,,,,,,,0.0,0.0,33569.0,968.3365,0.40468,451.5865,341.3365,14.0,0.4038,5.0,0.1442,2.0,40.0,1.1538,17578,13059,376.7019,0.284434,15083.0,,,383.0,355.0,28.0,,,11.0481,3372.0,3384.0,92.0,3345.0,3585.0,94.0,27.0,-201.0,-2.0,0.0,0.0,0.0,0.0,0.0,0.0,5331.0,5860.0,156.0,5213.0,5980.0,152.0,118.0,-120.0,4.0,0.0,0.0,0.0,0.0,0.0,0.0,7497.0,8923.0,216.0,7306.0,8508.0,208.0,191.0,415.0,8.0,0.0,1.0,0.0,0.0,0.0,0.0,9872.0,12499.0,268.0,8919.0,10583.0,252.0,953.0,1916.0,16.0,0.0,3.0,0.0,0.0,0.0,1.0
ESPORTSTMNT04_2692257,complete,,EM,2023,Summer,0,2023-08-15 15:01:38,1,13.14,5,Blue,sup,kamilius,oe:player:7aa0aebd379414d25f1fcdc396407f1,Team GO,oe:team:8d538207b9de9d20e1a525aae593515,Rell,Xayah,Sejuani,Kai'Sa,Alistar,Braum,,,,,,2080,1,0,3,6,17,9,0.0,0.0,0.0,0.0,0.0,0.0,0.0,0.0,0.4904,0.75,,,,,,,,,,,,,,,,,,,,,0.0,0.0,,,,,,,,0.0,0.0,2945.0,84.9519,0.0355025,313.2981,484.0096,51.0,1.4712,9.0,0.2596,10.0,108.0,3.1154,7806,3287,94.8173,0.0715963,6450.0,,,28.0,28.0,0.0,,,0.8077,2138.0,2414.0,14.0,2164.0,2709.0,16.0,-26.0,-295.0,-2.0,0.0,0.0,0.0,0.0,0.0,0.0,3133.0,3735.0,21.0,3125.0,3866.0,23.0,8.0,-131.0,-2.0,0.0,0.0,0.0,0.0,0.0,0.0,4125.0,4431.0,25.0,4354.0,5279.0,30.0,-229.0,-848.0,-5.0,0.0,1.0,1.0,0.0,1.0,0.0,5344.0,6543.0,25.0,5109.0,6329.0,32.0,235.0,214.0,-7.0,0.0,4.0,1.0,0.0,1.0,1.0
ESPORTSTMNT04_2692257,complete,,EM,2023,Summer,0,2023-08-15 15:01:38,1,13.14,6,Red,top,Kektz,oe:player:f5ea6213c328518f2840a59bf48acec,Diamant Esports,oe:team:830f05a5024d0794bd8d5b598b2432b,Kennen,Kalista,Ivern,Maokai,Draven,Zeri,,,,,,2080,0,4,4,1,9,17,0.0,0.0,0.0,0.0,0.0,0.0,0.0,0.0,0.2596,0.75,,,,,,,,,,,,,,,,,,,,,0.0,0.0,,,,,,,,0.0,0.0,22655.0,653.5096,0.30222,604.0096,386.0192,11.0,0.3173,5.0,0.1442,0.0,26.0,0.75,13829,9310,268.5577,0.265082,12989.0,,,284.0,276.0,8.0,,,8.1923,3685.0,4389.0,76.0,3441.0,4975.0,86.0,244.0,-586.0,-10.0,1.0,0.0,1.0,0.0,2.0,1.0,5630.0,6733.0,116.0,5659.0,8149.0,137.0,-29.0,-1416.0,-21.0,1.0,0.0,2.0,1.0,2.0,1.0,7594.0,9303.0,158.0,8237.0,10798.0,187.0,-643.0,-1495.0,-29.0,2.0,0.0,2.0,1.0,3.0,2.0,9323.0,11485.0,202.0,10843.0,14392.0,229.0,-1520.0,-2907.0,-27.0,2.0,0.0,2.0,2.0,5.0,2.0
ESPORTSTMNT04_2692257,complete,,EM,2023,Summer,0,2023-08-15 15:01:38,1,13.14,7,Red,jng,Mafro,oe:player:cd521f662fbbec89f03a900e7d9bb63,Diamant Esports,oe:team:830f05a5024d0794bd8d5b598b2432b,Poppy,Kalista,Ivern,Maokai,Draven,Zeri,,,,,,2080,0,0,4,6,9,17,0.0,0.0,0.0,0.0,0.0,0.0,0.0,0.0,0.2596,0.75,,,,,,,,,,,,,,,,,,,,,0.0,2.0,,,,,,,,0.0,2.0,5986.0,172.6731,0.0798538,806.8846,1454.9712,6.0,0.1731,14.0,0.4038,6.0,45.0,1.2981,10158,5639,162.6635,0.16056,9500.0,,,195.0,20.0,175.0,,,5.625,3174.0,3176.0,56.0,3028.0,3239.0,50.0,146.0,-63.0,6.0,0.0,2.0,1.0,1.0,0.0,1.0,5180.0,6239.0,105.0,4600.0,5538.0,82.0,580.0,701.0,23.0,0.0,2.0,1.0,1.0,1.0,1.0,6720.0,8834.0,138.0,7232.0,7744.0,107.0,-512.0,1090.0,31.0,0.0,3.0,1.0,2.0,1.0,1.0,8020.0,10432.0,167.0,8727.0,10208.0,129.0,-707.0,224.0,38.0,0.0,3.0,2.0,2.0,2.0,1.0
ESPORTSTMNT04_2692257,complete,,EM,2023,Summer,0,2023-08-15 15:01:38,1,13.14,8,Red,mid,Diva,oe:player:72de20c106a52f0aaf21bd650af81bd,Diamant Esports,oe:team:830f05a5024d0794bd8d5b598b2432b,Tristana,Kalista,Ivern,Maokai,Draven,Zeri,,,,,,2080,0,5,4,4,9,17,0.0,0.0,0.0,0.0,0.0,0.0,0.0,1.0,0.2596,0.75,,,,,,,,,,,,,,,,,,,,,0.0,0.0,,,,,,,,0.0,0.0,30490.0,879.5192,0.406739,741.4038,614.1058,5.0,0.1442,8.0,0.2308,2.0,24.0,0.6923,14173,9654,278.4808,0.274876,12850.0,,,310.0,288.0,22.0,,,8.9423,3870.0,5309.0,80.0,3967.0,4861.0,88.0,-97.0,448.0,-8.0,2.0,1.0,1.0,2.0,1.0,1.0,6032.0,8414.0,141.0,5854.0,8013.0,149.0,178.0,401.0,-8.0,2.0,1.0,1.0,2.0,1.0,1.0,8908.0,11842.0,195.0,7665.0,10550.0,195.0,1243.0,1292.0,0.0,4.0,2.0,2.0,2.0,1.0,2.0,10483.0,13931.0,236.0,10511.0,13937.0,242.0,-28.0,-6.0,-6.0,4.0,2.0,2.0,4.0,2.0,2.0
ESPORTSTMNT04_2692257,complete,,EM,2023,Summer,0,2023-08-15 15:01:38,1,13.14,9,Red,bot,Shy Carry,oe:player:af020342617bd4e5c5da5a4c31ff591,Diamant Esports,oe:team:830f05a5024d0794bd8d5b598b2432b,Ashe,Kalista,Ivern,Maokai,Draven,Zeri,,,,,,2080,0,0,2,3,9,17,0.0,0.0,0.0,0.0,0.0,0.0,0.0,0.0,0.2596,0.75,,,,,,,,,,,,,,,,,,,,,0.0,0.0,,,,,,,,0.0,0.0,12841.0,370.4135,0.1713,345.9231,192.9231,10.0,0.2885,5.0,0.1442,4.0,36.0,1.0385,12792,8273,238.6442,0.235556,12683.0,,,340.0,330.0,10.0,,,9.8077,3345.0,3585.0,94.0,3372.0,3384.0,92.0,-27.0,201.0,2.0,0.0,0.0,0.0,0.0,0.0,0.0,5213.0,5980.0,152.0,5331.0,5860.0,156.0,-118.0,120.0,-4.0,0.0,0.0,0.0,0.0,0.0,0.0,7306.0,8508.0,208.0,7497.0,8923.0,216.0,-191.0,-415.0,-8.0,0.0,0.0,0.0,0.0,1.0,0.0,8919.0,10583.0,252.0,9872.0,12499.0,268.0,-953.0,-1916.0,-16.0,0.0,0.0,1.0,0.0,3.0,0.0
ESPORTSTMNT04_2692257,complete,,EM,2023,Summer,0,2023-08-15 15:01:38,1,13.14,10,Red,sup,Wojtus,oe:player:a93e0326b85f0312cf1b451e175a7a0,Diamant Esports,oe:team:830f05a5024d0794bd8d5b598b2432b,Nautilus,Kalista,Ivern,Maokai,Draven,Zeri,,,,,,2080,0,0,3,4,9,17,0.0,0.0,0.0,0.0,0.0,0.0,0.0,0.0,0.2596,0.75,,,,,,,,,,,,,,,,,,,,,0.0,0.0,,,,,,,,0.0,0.0,2990.0,86.25,0.0398869,507.0,833.0481,46.0,1.3269,11.0,0.3173,10.0,106.0,3.0577,6764,2245,64.7596,0.0639257,6450.0,,,35.0,35.0,0.0,,,1.0096,2164.0,2709.0,16.0,2138.0,2414.0,14.0,26.0,295.0,2.0,0.0,0.0,0.0,0.0,0.0,0.0,3125.0,3866.0,23.0,3133.0,3735.0,21.0,-8.0,131.0,2.0,0.0,0.0,0.0,0.0,0.0,0.0,4354.0,5279.0,30.0,4125.0,4431.0,25.0,229.0,848.0,5.0,0.0,1.0,0.0,0.0,1.0,1.0,5109.0,6329.0,32.0,5344.0,6543.0,25.0,-235.0,-214.0,7.0,0.0,1.0,1.0,0.0,4.0,1.0
ESPORTSTMNT04_2692257,complete,,EM,2023,Summer,0,2023-08-15 15:01:38,1,13.14,100,Blue,team,,,Team GO,oe:team:8d538207b9de9d20e1a525aae593515,,Xayah,Sejuani,Kai'Sa,Alistar,Braum,Rell,LeBlanc,Trundle,K'Sante,Ezreal,2080,1,17,9,33,17,9,2.0,1.0,0.0,0.0,1.0,,,,0.4904,0.75,1.0,2.0,3.0,2.0,3.0,0.0,1.0,0.0,1.0,0.0,0.0,,0.0,0.0,0.0,1.0,1.0,,,1.0,2.0,0.0,1.0,11.0,3.0,0.0,1.0,3.0,5.0,3.0,0.0,82952.0,2392.8462,,3249.75,3692.2788,107.0,3.0865,37.0,1.0673,38.0,268.0,7.7308,68507,45913,1324.4135,,61683.0,0.124162,0.87,,1004.0,185.0,,,34.2981,15946.0,18873.0,330.0,16238.0,19168.0,322.0,-292.0,-295.0,8.0,3.0,3.0,3.0,3.0,3.0,3.0,24577.0,31295.0,545.0,25180.0,31232.0,537.0,-603.0,63.0,8.0,4.0,4.0,3.0,3.0,3.0,4.0,34756.0,42446.0,730.0,34882.0,43766.0,729.0,-126.0,-1320.0,1.0,5.0,7.0,6.0,6.0,6.0,5.0,45297.0,57579.0,893.0,41854.0,52760.0,889.0,3443.0,4819.0,4.0,8.0,16.0,6.0,6.0,6.0,8.0
ESPORTSTMNT04_2692257,complete,,EM,2023,Summer,0,2023-08-15 15:01:38,1,13.14,200,Red,team,,,Diamant Esports,oe:team:830f05a5024d0794bd8d5b598b2432b,,Kalista,Ivern,Maokai,Draven,Zeri,Ashe,Poppy,Tristana,Nautilus,Kennen,2080,0,9,17,18,9,17,0.0,0.0,0.0,0.0,0.0,,,,0.2596,0.75,0.0,3.0,2.0,3.0,2.0,0.0,2.0,0.0,0.0,1.0,0.0,,0.0,0.0,1.0,1.0,1.0,,,0.0,0.0,2.0,0.0,3.0,11.0,1.0,0.0,5.0,3.0,0.0,3.0,74962.0,2162.3654,,3005.2212,3481.0673,78.0,2.25,43.0,1.2404,22.0,237.0,6.8365,57716,35122,1013.1346,,54472.0,-0.124162,-0.87,,949.0,215.0,,,33.5769,16238.0,19168.0,322.0,15946.0,18873.0,330.0,292.0,295.0,-8.0,3.0,3.0,3.0,3.0,3.0,3.0,25180.0,31232.0,537.0,24577.0,31295.0,545.0,603.0,-63.0,-8.0,3.0,3.0,4.0,4.0,4.0,3.0,34882.0,43766.0,729.0,34756.0,42446.0,730.0,126.0,1320.0,-1.0,6.0,6.0,5.0,5.0,7.0,6.0,41854.0,52760.0,889.0,45297.0,57579.0,893.0,-3443.0,-4819.0,-4.0,6.0,6.0,8.0,8.0,16.0,6.0
ESPORTSTMNT04_2694216,complete,,EM,2023,Summer,0,2023-08-15 15:02:07,1,13.14,1,Blue,top,StarScreen,oe:player:1bc0756ba9102abb5a7cd13d2b618aa,FUT Esports,oe:team:8df5e2c8825f60f136b2cbed5633a81,Renekton,Draven,Sejuani,Ivern,Kalista,Samira,,,,,,1445,1,3,1,3,23,6,0.0,0.0,0.0,0.0,0.0,0.0,0.0,0.0,0.955,1.2042,,,,,,,,,,,,,,,,,,,,,0.0,0.0,,,,,,,,0.0,0.0,17086.0,709.4533,0.258417,1121.3564,926.8235,8.0,0.3322,3.0,0.1246,2.0,22.0,0.9135,11610,8387,348.2491,0.234308,11275.0,,,219.0,200.0,19.0,,,9.0934,4220.0,5321.0,78.0,2698.0,3703.0,62.0,1522.0,1618.0,16.0,2.0,0.0,0.0,0.0,0.0,2.0,7420.0,8079.0,130.0,4806.0,6566.0,105.0,2614.0,1513.0,25.0,2.0,1.0,1.0,1.0,0.0,3.0,9748.0,11215.0,186.0,7425.0,9222.0,153.0,2323.0,1993.0,33.0,2.0,2.0,1.0,2.0,0.0,3.0,11610.0,13904.0,219.0,9298.0,10990.0,174.0,2312.0,2914.0,45.0,3.0,3.0,1.0,3.0,1.0,5.0
ESPORTSTMNT04_2694216,complete,,EM,2023,Summer,0,2023-08-15 15:02:07,1,13.14,2,Blue,jng,Mojito,oe:player:d92b0904aa4f08f128aa8c6d2775056,FUT Esports,oe:team:8df5e2c8825f60f136b2cbed5633a81,Maokai,Draven,Sejuani,Ivern,Kalista,Samira,,,,,,1445,1,1,0,9,23,6,0.0,0.0,0.0,0.0,0.0,0.0,0.0,0.0,0.955,1.2042,,,,,,,,,,,,,,,,,,,,,1.0,0.0,,,,,,,,0.0,0.0,5310.0,220.4844,0.080311,783.2388,740.1384,6.0,0.2491,2.0,0.083,4.0,24.0,0.9965,8255,5032,208.9412,0.140575,7250.0,,,128.0,12.0,116.0,,,5.3149,3219.0,3292.0,62.0,2807.0,2870.0,52.0,412.0,422.0,10.0,0.0,2.0,0.0,0.0,1.0,1.0,4927.0,5519.0,92.0,4160.0,4557.0,72.0,767.0,962.0,20.0,0.0,3.0,0.0,0.0,3.0,2.0,6517.0,7163.0,113.0,5411.0,6368.0,95.0,1106.0,795.0,18.0,1.0,4.0,0.0,0.0,3.0,3.0,8255.0,10051.0,128.0,6130.0,7674.0,107.0,2125.0,2377.0,21.0,1.0,9.0,0.0,0.0,3.0,5.0
ESPORTSTMNT04_2694216,complete,,EM,2023,Summer,0,2023-08-15 15:02:07,1,13.14,3,Blue,mid,Tempt,oe:player:2861898294dd867b05fd28dca284e57,FUT Esports,oe:team:8df5e2c8825f60f136b2cbed5633a81,Akali,Draven,Sejuani,Ivern,Kalista,Samira,,,,,,1445,1,9,2,2,23,6,1.0,1.0,0.0,0.0,0.0,0.0,0.0,0.0,0.955,1.2042,,,,,,,,,,,,,,,,,,,,,0.0,0.0,,,,,,,,1.0,0.0,19175.0,796.1938,0.290012,694.173,313.1211,6.0,0.2491,2.0,0.083,3.0,18.0,0.7474,10854,7631,316.8581,0.213187,10675.0,,,200.0,199.0,1.0,,,8.3045,3682.0,4873.0,94.0,2968.0,4623.0,72.0,714.0,250.0,22.0,1.0,0.0,0.0,0.0,0.0,0.0,5783.0,7392.0,139.0,4681.0,7265.0,124.0,1102.0,127.0,15.0,2.0,0.0,1.0,0.0,1.0,0.0,8116.0,10647.0,184.0,6612.0,10331.0,172.0,1504.0,316.0,12.0,4.0,1.0,1.0,0.0,2.0,2.0,10854.0,13497.0,200.0,7746.0,11852.0,198.0,3108.0,1645.0,2.0,9.0,2.0,2.0,0.0,3.0,3.0
ESPORTSTMNT04_2694216,complete,,EM,2023,Summer,0,2023-08-15 15:02:07,1,13.14,4,Blue,bot,Kaori,oe:player:c63c7e0755b31f1effbdf2e1f831e7d,FUT Esports,oe:team:8df5e2c8825f60f136b2cbed5633a81,Xayah,Draven,Sejuani,Ivern,Kalista,Samira,,,,,,1445,1,8,2,4,23,6,1.0,0.0,0.0,0.0,1.0,1.0,0.0,0.0,0.955,1.2042,,,,,,,,,,,,,,,,,,,,,0.0,0.0,,,,,,,,0.0,0.0,20272.0,841.7439,0.306603,414.0623,207.9862,12.0,0.4983,4.0,0.1661,5.0,23.0,0.955,13327,10104,419.5433,0.282279,11525.0,,,249.0,213.0,36.0,,,10.3391,4302.0,3442.0,91.0,3279.0,2801.0,76.0,1023.0,641.0,15.0,2.0,1.0,1.0,1.0,0.0,0.0,7603.0,5637.0,140.0,5192.0,5068.0,120.0,2411.0,569.0,20.0,3.0,2.0,1.0,2.0,0.0,0.0,10455.0,9159.0,197.0,6728.0,7007.0,165.0,3727.0,2152.0,32.0,6.0,2.0,2.0,2.0,0.0,1.0,13327.0,12516.0,249.0,8784.0,9101.0,208.0,4543.0,3415.0,41.0,8.0,4.0,2.0,3.0,1.0,2.0
ESPORTSTMNT04_2694216,complete,,EM,2023,Summer,0,2023-08-15 15:02:07,1,13.14,5,Blue,sup,Asper,oe:player:29e873916dcb14c9feb6b85d253cb87,FUT Esports,oe:team:8df5e2c8825f60f136b2cbed5633a81,Renata Glasc,Draven,Sejuani,Ivern,Kalista,Samira,,,,,,1445,1,2,1,11,23,6,0.0,0.0,0.0,0.0,1.0,0.0,1.0,0.0,0.955,1.2042,,,,,,,,,,,,,,,,,,,,,0.0,0.0,,,,,,,,0.0,0.0,4275.0,177.5087,0.0646571,385.9931,265.7855,46.0,1.91,12.0,0.4983,10.0,84.0,3.4879,7864,4641,192.7059,0.129651,7750.0,,,38.0,38.0,0.0,,,1.5779,2785.0,3004.0,17.0,2003.0,2138.0,13.0,782.0,866.0,4.0,1.0,3.0,0.0,0.0,1.0,3.0,4563.0,4559.0,26.0,2913.0,3736.0,17.0,1650.0,823.0,9.0,2.0,4.0,0.0,0.0,1.0,4.0,6333.0,5668.0,33.0,3783.0,4456.0,23.0,2550.0,1212.0,10.0,2.0,6.0,0.0,0.0,1.0,6.0,7864.0,8246.0,38.0,4658.0,6688.0,25.0,3206.0,1558.0,13.0,2.0,11.0,1.0,0.0,3.0,8.0
ESPORTSTMNT04_2694216,complete,,EM,2023,Summer,0,2023-08-15 15:02:07,1,13.14,6,Red,top,Zhergoth,oe:player:368db8366e1e5de655938dd9f8296dc,Team 7AM,oe:team:fc3d0bdc84e08efc1b6623448e64c15,Aatrox,Kai'Sa,Jayce,Tristana,Yone,Rakan,,,,,,1445,0,3,5,1,6,23,0.0,0.0,0.0,0.0,0.0,0.0,0.0,0.0,0.2491,1.2042,,,,,,,,,,,,,,,,,,,,,0.0,0.0,,,,,,,,0.0,0.0,15965.0,662.9066,0.333821,1048.0692,660.8304,8.0,0.3322,0.0,0.0,3.0,16.0,0.6644,9298,6075,252.2491,0.296336,8275.0,,,174.0,169.0,5.0,,,7.2249,2698.0,3703.0,62.0,4220.0,5321.0,78.0,-1522.0,-1618.0,-16.0,0.0,0.0,2.0,2.0,0.0,0.0,4806.0,6566.0,105.0,7420.0,8079.0,130.0,-2614.0,-1513.0,-25.0,1.0,0.0,3.0,2.0,1.0,1.0,7425.0,9222.0,153.0,9748.0,11215.0,186.0,-2323.0,-1993.0,-33.0,2.0,0.0,3.0,2.0,2.0,1.0,9298.0,10990.0,174.0,11610.0,13904.0,219.0,-2312.0,-2914.0,-45.0,3.0,1.0,5.0,3.0,3.0,1.0
ESPORTSTMNT04_2694216,complete,,EM,2023,Summer,0,2023-08-15 15:02:07,1,13.14,7,Red,jng,Julbu,oe:player:fd78e127e45463dcfc2ea3836af0335,Team 7AM,oe:team:fc3d0bdc84e08efc1b6623448e64c15,Rell,Kai'Sa,Jayce,Tristana,Yone,Rakan,,,,,,1445,0,0,5,3,6,23,0.0,0.0,0.0,0.0,0.0,0.0,0.0,0.0,0.2491,1.2042,,,,,,,,,,,,,,,,,,,,,0.0,1.0,,,,,,,,0.0,0.0,4524.0,187.8478,0.0945949,761.0657,1061.9792,6.0,0.2491,2.0,0.083,6.0,20.0,0.8304,6130,2907,120.7059,0.141792,6050.0,,,107.0,10.0,97.0,,,4.4429,2807.0,2870.0,52.0,3219.0,3292.0,62.0,-412.0,-422.0,-10.0,0.0,1.0,1.0,0.0,2.0,0.0,4160.0,4557.0,72.0,4927.0,5519.0,92.0,-767.0,-962.0,-20.0,0.0,3.0,2.0,0.0,3.0,0.0,5411.0,6368.0,95.0,6517.0,7163.0,113.0,-1106.0,-795.0,-18.0,0.0,3.0,3.0,1.0,4.0,0.0,6130.0,7674.0,107.0,8255.0,10051.0,128.0,-2125.0,-2377.0,-21.0,0.0,3.0,5.0,1.0,9.0,0.0
ESPORTSTMNT04_2694216,complete,,EM,2023,Summer,0,2023-08-15 15:02:07,1,13.14,8,Red,mid,Erolle,oe:player:33f41da3cc793a226c6d42474e3cd95,Team 7AM,oe:team:fc3d0bdc84e08efc1b6623448e64c15,Azir,Kai'Sa,Jayce,Tristana,Yone,Rakan,,,,,,1445,0,0,3,3,6,23,0.0,0.0,0.0,0.0,0.0,0.0,0.0,0.0,0.2491,1.2042,,,,,,,,,,,,,,,,,,,,,0.0,0.0,,,,,,,,0.0,1.0,13044.0,541.6194,0.272744,460.3183,243.5709,9.0,0.3737,4.0,0.1661,2.0,34.0,1.4118,7746,4523,187.8062,0.220625,7285.0,,,198.0,194.0,4.0,,,8.2215,2968.0,4623.0,72.0,3682.0,4873.0,94.0,-714.0,-250.0,-22.0,0.0,0.0,0.0,1.0,0.0,0.0,4681.0,7265.0,124.0,5783.0,7392.0,139.0,-1102.0,-127.0,-15.0,0.0,1.0,0.0,2.0,0.0,1.0,6612.0,10331.0,172.0,8116.0,10647.0,184.0,-1504.0,-316.0,-12.0,0.0,2.0,2.0,4.0,1.0,1.0,7746.0,11852.0,198.0,10854.0,13497.0,200.0,-3108.0,-1645.0,-2.0,0.0,3.0,3.0,9.0,2.0,2.0
ESPORTSTMNT04_2694216,complete,,EM,2023,Summer,0,2023-08-15 15:02:07,1,13.14,9,Red,bot,FlickeR,oe:player:f35ed031a08d7393374d2f921d754c9,Team 7AM,oe:team:fc3d0bdc84e08efc1b6623448e64c15,Aphelios,Kai'Sa,Jayce,Tristana,Yone,Rakan,,,,,,1445,0,3,2,1,6,23,0.0,0.0,0.0,0.0,0.0,0.0,0.0,0.0,0.2491,1.2042,,,,,,,,,,,,,,,,,,,,,0.0,0.0,,,,,,,,0.0,0.0,11676.0,484.8166,0.24414,320.6782,247.8478,6.0,0.2491,9.0,0.3737,0.0,19.0,0.7889,8784,5561,230.9066,0.271262,8600.0,,,208.0,207.0,1.0,,,8.6367,3279.0,2801.0,76.0,4302.0,3442.0,91.0,-1023.0,-641.0,-15.0,1.0,0.0,0.0,2.0,1.0,1.0,5192.0,5068.0,120.0,7603.0,5637.0,140.0,-2411.0,-569.0,-20.0,2.0,0.0,0.0,3.0,2.0,1.0,6728.0,7007.0,165.0,10455.0,9159.0,197.0,-3727.0,-2152.0,-32.0,2.0,0.0,1.0,6.0,2.0,2.0,8784.0,9101.0,208.0,13327.0,12516.0,249.0,-4543.0,-3415.0,-41.0,3.0,1.0,2.0,8.0,4.0,2.0
ESPORTSTMNT04_2694216,complete,,EM,2023,Summer,0,2023-08-15 15:02:07,1,13.14,10,Red,sup,KINGPIN,oe:player:4fca9f76fb87127e7bb220b11debdde,Team 7AM,oe:team:fc3d0bdc84e08efc1b6623448e64c15,Thresh,Kai'Sa,Jayce,Tristana,Yone,Rakan,,,,,,1445,0,0,8,3,6,23,0.0,0.0,0.0,0.0,0.0,0.0,0.0,1.0,0.2491,1.2042,,,,,,,,,,,,,,,,,,,,,0.0,0.0,,,,,,,,0.0,0.0,2616.0,108.6228,0.0546994,551.0865,392.1799,25.0,1.0381,2.0,0.083,9.0,42.0,1.7439,4658,1435,59.5848,0.0699839,4325.0,,,25.0,25.0,0.0,,,1.0381,2003.0,2138.0,13.0,2785.0,3004.0,17.0,-782.0,-866.0,-4.0,0.0,1.0,3.0,1.0,3.0,0.0,2913.0,3736.0,17.0,4563.0,4559.0,26.0,-1650.0,-823.0,-9.0,0.0,1.0,4.0,2.0,4.0,0.0,3783.0,4456.0,23.0,6333.0,5668.0,33.0,-2550.0,-1212.0,-10.0,0.0,1.0,6.0,2.0,6.0,0.0,4658.0,6688.0,25.0,7864.0,8246.0,38.0,-3206.0,-1558.0,-13.0,0.0,3.0,8.0,2.0,11.0,1.0
ESPORTSTMNT04_2694216,complete,,EM,2023,Summer,0,2023-08-15 15:02:07,1,13.14,100,Blue,team,,,FUT Esports,oe:team:8df5e2c8825f60f136b2cbed5633a81,,Draven,Sejuani,Ivern,Kalista,Samira,Maokai,Renekton,Xayah,Akali,Renata Glasc,1445,1,23,6,29,23,6,2.0,1.0,0.0,0.0,1.0,,,,0.955,1.2042,1.0,3.0,0.0,3.0,0.0,0.0,0.0,1.0,1.0,0.0,1.0,,0.0,0.0,1.0,2.0,0.0,,,1.0,1.0,0.0,1.0,9.0,0.0,1.0,1.0,10.0,1.0,1.0,0.0,66118.0,2745.3841,,3398.8235,2453.8547,78.0,3.2388,23.0,0.955,24.0,171.0,7.1003,51910,35793,1486.2145,,48475.0,0.335863,6.21,,662.0,172.0,,,34.6298,18208.0,19932.0,342.0,13755.0,16135.0,275.0,4453.0,3797.0,67.0,6.0,6.0,1.0,1.0,2.0,6.0,30296.0,31186.0,527.0,21752.0,27192.0,438.0,8544.0,3994.0,89.0,9.0,10.0,3.0,3.0,5.0,9.0,41169.0,43852.0,713.0,29959.0,37384.0,608.0,11210.0,6468.0,105.0,15.0,15.0,4.0,4.0,6.0,15.0,51910.0,58214.0,834.0,36616.0,46305.0,712.0,15294.0,11909.0,122.0,23.0,29.0,6.0,6.0,11.0,23.0
ESPORTSTMNT04_2694216,complete,,EM,2023,Summer,0,2023-08-15 15:02:07,1,13.14,200,Red,team,,,Team 7AM,oe:team:fc3d0bdc84e08efc1b6623448e64c15,,Kai'Sa,Jayce,Tristana,Yone,Rakan,Rell,Azir,Aatrox,Aphelios,Thresh,1445,0,6,23,11,6,23,0.0,0.0,0.0,0.0,0.0,,,,0.2491,1.2042,0.0,0.0,3.0,0.0,3.0,0.0,0.0,0.0,0.0,0.0,0.0,,0.0,0.0,0.0,0.0,2.0,,,0.0,0.0,1.0,0.0,0.0,9.0,0.0,0.0,1.0,10.0,0.0,1.0,47825.0,1985.8131,,3141.218,2606.4083,54.0,2.2422,17.0,0.7059,20.0,131.0,5.4394,36616,20499,851.1696,,34535.0,-0.335863,-6.21,,605.0,107.0,,,29.564,13755.0,16135.0,275.0,18208.0,19932.0,342.0,-4453.0,-3797.0,-67.0,1.0,2.0,6.0,6.0,6.0,1.0,21752.0,27192.0,438.0,30296.0,31186.0,527.0,-8544.0,-3994.0,-89.0,3.0,5.0,9.0,9.0,10.0,3.0,29959.0,37384.0,608.0,41169.0,43852.0,713.0,-11210.0,-6468.0,-105.0,4.0,6.0,15.0,15.0,15.0,4.0,36616.0,46305.0,712.0,51910.0,58214.0,834.0,-15294.0,-11909.0,-122.0,6.0,11.0,23.0,23.0,29.0,6.0
ESPORTSTMNT04_2693243,complete,,EM,2023,Summer,0,2023-08-15 15:02:13,1,13.14,1,Blue,top,Kackos,oe:player:4841aa27ab85be0b9f45fed1d5e7b09,NORD Esports,oe:team:6ef01b22224b92f917d70dd9f33568b,Jax,Maokai,Ivern,Varus,Lee Sin,Kindred,,,,,,1698,0,1,2,1,4,16,0.0,0.0,0.0,0.0,0.0,0.0,0.0,0.0,0.1413,0.7067,,,,,,,,,,,,,,,,,,,,,0.0,0.0,,,,,,,,0.0,0.0,4981.0,176.0071,0.127232,570.4594,457.3852,10.0,0.3534,3.0,0.106,0.0,21.0,0.742,10711,6971,246.3251,0.262338,10350.0,,,242.0,238.0,4.0,,,8.5512,3126.0,4428.0,82.0,2962.0,4836.0,72.0,164.0,-408.0,10.0,0.0,0.0,0.0,0.0,0.0,0.0,5275.0,6903.0,124.0,4718.0,7440.0,117.0,557.0,-537.0,7.0,1.0,0.0,0.0,0.0,0.0,0.0,7754.0,9593.0,169.0,6875.0,10905.0,169.0,879.0,-1312.0,0.0,1.0,1.0,1.0,0.0,2.0,0.0,9423.0,11948.0,211.0,9055.0,14262.0,216.0,368.0,-2314.0,-5.0,1.0,1.0,1.0,0.0,3.0,0.0
ESPORTSTMNT04_2693243,complete,,EM,2023,Summer,0,2023-08-15 15:02:13,1,13.14,2,Blue,jng,Indecision,oe:player:40ec21bf3a960cc7bfe0c38885bf906,NORD Esports,oe:team:6ef01b22224b92f917d70dd9f33568b,Poppy,Maokai,Ivern,Varus,Lee Sin,Kindred,,,,,,1698,0,1,4,2,4,16,0.0,0.0,0.0,0.0,0.0,0.0,0.0,0.0,0.1413,0.7067,,,,,,,,,,,,,,,,,,,,,0.0,2.0,,,,,,,,0.0,0.0,4836.0,170.8834,0.123528,706.9258,1028.9046,5.0,0.1767,9.0,0.318,5.0,31.0,1.0954,7871,4131,145.9717,0.155468,7600.0,,,137.0,18.0,119.0,,,4.841,2686.0,2620.0,49.0,3786.0,3392.0,60.0,-1100.0,-772.0,-11.0,0.0,0.0,1.0,1.0,1.0,0.0,4293.0,4945.0,84.0,5807.0,5344.0,87.0,-1514.0,-399.0,-3.0,0.0,1.0,1.0,1.0,1.0,0.0,6129.0,6767.0,111.0,7715.0,8001.0,121.0,-1586.0,-1234.0,-10.0,1.0,1.0,2.0,1.0,3.0,0.0,7107.0,8203.0,126.0,9616.0,10798.0,147.0,-2509.0,-2595.0,-21.0,1.0,1.0,3.0,1.0,5.0,0.0
ESPORTSTMNT04_2693243,complete,,EM,2023,Summer,0,2023-08-15 15:02:13,1,13.14,3,Blue,mid,OMON,oe:player:e42fd90dea956c3986b69209b56ce16,NORD Esports,oe:team:6ef01b22224b92f917d70dd9f33568b,LeBlanc,Maokai,Ivern,Varus,Lee Sin,Kindred,,,,,,1698,0,2,3,0,4,16,0.0,0.0,0.0,0.0,0.0,0.0,0.0,1.0,0.1413,0.7067,,,,,,,,,,,,,,,,,,,,,0.0,0.0,,,,,,,,0.0,1.0,20625.0,728.7986,0.526833,716.9258,365.583,7.0,0.2473,7.0,0.2473,5.0,18.0,0.636,10805,7065,249.6466,0.265875,9575.0,,,253.0,252.0,1.0,,,8.9399,3501.0,4388.0,81.0,4388.0,4885.0,85.0,-887.0,-497.0,-4.0,1.0,0.0,2.0,3.0,1.0,0.0,5375.0,7014.0,131.0,6839.0,7197.0,134.0,-1464.0,-183.0,-3.0,1.0,0.0,3.0,3.0,1.0,1.0,7507.0,10028.0,188.0,9615.0,9680.0,171.0,-2108.0,348.0,17.0,1.0,0.0,3.0,6.0,1.0,2.0,9081.0,12011.0,231.0,12161.0,12075.0,201.0,-3080.0,-64.0,30.0,1.0,0.0,3.0,8.0,2.0,2.0
ESPORTSTMNT04_2693243,complete,,EM,2023,Summer,0,2023-08-15 15:02:13,1,13.14,4,Blue,bot,Hid0,oe:player:97e228a45bb28f8d270f77deabd1282,NORD Esports,oe:team:6ef01b22224b92f917d70dd9f33568b,Kai'Sa,Maokai,Ivern,Varus,Lee Sin,Kindred,,,,,,1698,0,0,4,2,4,16,0.0,0.0,0.0,0.0,0.0,0.0,0.0,0.0,0.1413,0.7067,,,,,,,,,,,,,,,,,,,,,0.0,0.0,,,,,,,,0.0,1.0,7182.0,253.7809,0.183453,394.9117,234.6996,8.0,0.2827,12.0,0.424,0.0,22.0,0.7774,10262,6522,230.4594,0.245442,9900.0,,,262.0,258.0,4.0,,,9.258,3395.0,3133.0,83.0,3236.0,2778.0,83.0,159.0,355.0,0.0,0.0,1.0,1.0,0.0,0.0,1.0,5562.0,5735.0,145.0,6477.0,6143.0,159.0,-915.0,-408.0,-14.0,0.0,1.0,1.0,1.0,0.0,1.0,7625.0,8382.0,201.0,8805.0,9155.0,225.0,-1180.0,-773.0,-24.0,0.0,1.0,2.0,1.0,2.0,1.0,8999.0,9742.0,231.0,11506.0,11973.0,274.0,-2507.0,-2231.0,-43.0,0.0,1.0,3.0,2.0,3.0,1.0
ESPORTSTMNT04_2693243,complete,,EM,2023,Summer,0,2023-08-15 15:02:13,1,13.14,5,Blue,sup,Seneca,oe:player:e3decbc40c573363c151a8300127922,NORD Esports,oe:team:6ef01b22224b92f917d70dd9f33568b,Braum,Maokai,Ivern,Varus,Lee Sin,Kindred,,,,,,1698,0,0,3,2,4,16,0.0,0.0,0.0,0.0,0.0,0.0,0.0,0.0,0.1413,0.7067,,,,,,,,,,,,,,,,,,,,,0.0,0.0,,,,,,,,0.0,0.0,1525.0,53.8869,0.0389537,440.4947,461.1661,31.0,1.0954,8.0,0.2827,11.0,67.0,2.3675,5623,1883,66.5371,0.0708757,5225.0,,,32.0,32.0,0.0,,,1.1307,2159.0,2293.0,14.0,2833.0,2932.0,2.0,-674.0,-639.0,12.0,0.0,0.0,1.0,1.0,3.0,0.0,3040.0,3258.0,21.0,3978.0,4173.0,3.0,-938.0,-915.0,18.0,0.0,0.0,1.0,1.0,3.0,0.0,4303.0,4928.0,30.0,5402.0,5815.0,7.0,-1099.0,-887.0,23.0,0.0,1.0,1.0,1.0,6.0,0.0,5080.0,5967.0,32.0,6925.0,7733.0,7.0,-1845.0,-1766.0,25.0,0.0,1.0,2.0,1.0,9.0,0.0
ESPORTSTMNT04_2693243,complete,,EM,2023,Summer,0,2023-08-15 15:02:13,1,13.14,6,Red,top,CPM,oe:player:cbdaba5605992f8e1635ad782152d65,GTZ Esports,oe:team:3659b5cb3434354530c31ce71461fc1,Ornn,Rakan,Rell,Sejuani,Aatrox,Nocturne,,,,,,1698,1,0,0,6,16,4,0.0,0.0,0.0,0.0,0.0,0.0,0.0,0.0,0.5654,0.7067,,,,,,,,,,,,,,,,,,,,,0.0,0.0,,,,,,,,0.0,0.0,8370.0,295.7597,0.139619,517.5265,766.0071,5.0,0.1767,3.0,0.106,1.0,15.0,0.53,10660,6920,244.523,0.174204,9125.0,,,233.0,233.0,0.0,,,8.2332,2962.0,4836.0,72.0,3126.0,4428.0,82.0,-164.0,408.0,-10.0,0.0,0.0,0.0,0.0,0.0,0.0,4718.0,7440.0,117.0,5275.0,6903.0,124.0,-557.0,537.0,-7.0,0.0,0.0,0.0,1.0,0.0,0.0,6875.0,10905.0,169.0,7754.0,9593.0,169.0,-879.0,1312.0,0.0,0.0,2.0,0.0,1.0,1.0,1.0,9055.0,14262.0,216.0,9423.0,11948.0,211.0,-368.0,2314.0,5.0,0.0,3.0,0.0,1.0,1.0,1.0
ESPORTSTMNT04_2693243,complete,,EM,2023,Summer,0,2023-08-15 15:02:13,1,13.14,7,Red,jng,Time,oe:player:550fa477eff3885416f22c0b3f2fc88,GTZ Esports,oe:team:3659b5cb3434354530c31ce71461fc1,Trundle,Rakan,Rell,Sejuani,Aatrox,Nocturne,,,,,,1698,1,2,0,6,16,4,0.0,0.0,0.0,0.0,0.0,0.0,0.0,0.0,0.5654,0.7067,,,,,,,,,,,,,,,,,,,,,2.0,0.0,,,,,,,,0.0,0.0,5240.0,185.159,0.0874076,762.6148,959.9647,6.0,0.212,9.0,0.318,6.0,38.0,1.3428,11120,7380,260.7774,0.185783,9300.0,,,157.0,18.0,139.0,,,5.5477,3786.0,3392.0,60.0,2686.0,2620.0,49.0,1100.0,772.0,11.0,1.0,1.0,0.0,0.0,0.0,1.0,5807.0,5344.0,87.0,4293.0,4945.0,84.0,1514.0,399.0,3.0,1.0,1.0,0.0,0.0,1.0,1.0,7715.0,8001.0,121.0,6129.0,6767.0,111.0,1586.0,1234.0,10.0,1.0,3.0,0.0,1.0,1.0,2.0,9616.0,10798.0,147.0,7107.0,8203.0,126.0,2509.0,2595.0,21.0,1.0,5.0,0.0,1.0,1.0,3.0
ESPORTSTMNT04_2693243,complete,,EM,2023,Summer,0,2023-08-15 15:02:13,1,13.14,8,Red,mid,Heroic,oe:player:c71b4244f70372f8be07a3e83c58490,GTZ Esports,oe:team:3659b5cb3434354530c31ce71461fc1,Syndra,Rakan,Rell,Sejuani,Aatrox,Nocturne,,,,,,1698,1,8,3,3,16,4,0.0,0.0,0.0,0.0,1.0,1.0,0.0,0.0,0.5654,0.7067,,,,,,,,,,,,,,,,,,,,,0.0,0.0,,,,,,,,1.0,0.0,23881.0,843.8516,0.398355,445.0883,287.9859,12.0,0.424,4.0,0.1413,3.0,30.0,1.0601,14050,10310,364.311,0.259537,14175.0,,,227.0,214.0,13.0,,,8.0212,4388.0,4885.0,85.0,3501.0,4388.0,81.0,887.0,497.0,4.0,3.0,1.0,0.0,1.0,0.0,2.0,6839.0,7197.0,134.0,5375.0,7014.0,131.0,1464.0,183.0,3.0,3.0,1.0,1.0,1.0,0.0,3.0,9615.0,9680.0,171.0,7507.0,10028.0,188.0,2108.0,-348.0,-17.0,6.0,1.0,2.0,1.0,0.0,3.0,12161.0,12075.0,201.0,9081.0,12011.0,231.0,3080.0,64.0,-30.0,8.0,2.0,2.0,1.0,0.0,3.0
ESPORTSTMNT04_2693243,complete,,EM,2023,Summer,0,2023-08-15 15:02:13,1,13.14,9,Red,bot,Avra,oe:player:1a38c55db5f8af06ebac94d8530ff71,GTZ Esports,oe:team:3659b5cb3434354530c31ce71461fc1,Zeri,Rakan,Rell,Sejuani,Aatrox,Nocturne,,,,,,1698,1,5,1,4,16,4,1.0,1.0,0.0,0.0,0.0,0.0,0.0,0.0,0.5654,0.7067,,,,,,,,,,,,,,,,,,,,,0.0,0.0,,,,,,,,1.0,0.0,18803.0,664.417,0.31365,375.4064,227.8799,26.0,0.9187,8.0,0.2827,4.0,50.0,1.7668,14506,10766,380.424,0.271016,11850.0,,,317.0,283.0,34.0,,,11.2014,3236.0,2778.0,83.0,3395.0,3133.0,83.0,-159.0,-355.0,0.0,0.0,0.0,1.0,0.0,1.0,1.0,6477.0,6143.0,159.0,5562.0,5735.0,145.0,915.0,408.0,14.0,1.0,0.0,1.0,0.0,1.0,1.0,8805.0,9155.0,225.0,7625.0,8382.0,201.0,1180.0,773.0,24.0,1.0,2.0,1.0,0.0,1.0,2.0,11506.0,11973.0,274.0,8999.0,9742.0,231.0,2507.0,2231.0,43.0,2.0,3.0,1.0,0.0,1.0,3.0
ESPORTSTMNT04_2693243,complete,,EM,2023,Summer,0,2023-08-15 15:02:13,1,13.14,10,Red,sup,Nightmares,oe:player:fb20df3c2584739649c47e15bdd1e1e,GTZ Esports,oe:team:3659b5cb3434354530c31ce71461fc1,Lulu,Rakan,Rell,Sejuani,Aatrox,Nocturne,,,,,,1698,1,1,0,13,16,4,0.0,0.0,0.0,0.0,0.0,0.0,0.0,0.0,0.5654,0.7067,,,,,,,,,,,,,,,,,,,,,0.0,0.0,,,,,,,,0.0,0.0,3655.0,129.1519,0.0609685,231.5548,121.4841,31.0,1.0954,5.0,0.1767,10.0,69.0,2.4382,8088,4348,153.6396,0.109461,7310.0,,,7.0,7.0,0.0,,,0.2473,2833.0,2932.0,2.0,2159.0,2293.0,14.0,674.0,639.0,-12.0,1.0,3.0,0.0,0.0,0.0,1.0,3978.0,4173.0,3.0,3040.0,3258.0,21.0,938.0,915.0,-18.0,1.0,3.0,0.0,0.0,0.0,1.0,5402.0,5815.0,7.0,4303.0,4928.0,30.0,1099.0,887.0,-23.0,1.0,6.0,0.0,0.0,1.0,1.0,6925.0,7733.0,7.0,5080.0,5967.0,32.0,1845.0,1766.0,-25.0,1.0,9.0,0.0,0.0,1.0,2.0
ESPORTSTMNT04_2693243,complete,,EM,2023,Summer,0,2023-08-15 15:02:13,1,13.14,100,Blue,team,,,NORD Esports,oe:team:6ef01b22224b92f917d70dd9f33568b,,Maokai,Ivern,Varus,Lee Sin,Kindred,Kai'Sa,LeBlanc,Braum,Poppy,Jax,1698,0,4,16,7,4,16,0.0,0.0,0.0,0.0,0.0,,,,0.1413,0.7067,0.0,0.0,4.0,0.0,4.0,0.0,0.0,0.0,0.0,0.0,0.0,,0.0,0.0,0.0,0.0,2.0,,,0.0,0.0,2.0,0.0,2.0,10.0,0.0,0.0,1.0,11.0,0.0,2.0,39149.0,1383.3569,,2829.7173,2547.7385,61.0,2.1555,39.0,1.3781,21.0,159.0,5.6184,45272,26574,939.0106,,42650.0,-0.192988,-3.21,,798.0,128.0,,,32.7208,14867.0,16862.0,309.0,17205.0,18823.0,302.0,-2338.0,-1961.0,7.0,1.0,1.0,5.0,5.0,5.0,1.0,23545.0,27855.0,505.0,27819.0,30297.0,500.0,-4274.0,-2442.0,5.0,2.0,2.0,6.0,6.0,5.0,2.0,33318.0,39698.0,699.0,38412.0,43556.0,693.0,-5094.0,-3858.0,6.0,3.0,4.0,9.0,9.0,14.0,3.0,39690.0,47871.0,831.0,49263.0,56841.0,845.0,-9573.0,-8970.0,-14.0,3.0,4.0,12.0,12.0,22.0,3.0
ESPORTSTMNT04_2693243,complete,,EM,2023,Summer,0,2023-08-15 15:02:13,1,13.14,200,Red,team,,,GTZ Esports,oe:team:3659b5cb3434354530c31ce71461fc1,,Rakan,Rell,Sejuani,Aatrox,Nocturne,Ornn,Syndra,Zeri,Lulu,Trundle,1698,1,16,4,32,16,4,1.0,1.0,0.0,0.0,1.0,,,,0.5654,0.7067,1.0,4.0,0.0,4.0,0.0,2.0,0.0,0.0,1.0,0.0,1.0,,0.0,0.0,1.0,2.0,0.0,,,1.0,2.0,0.0,1.0,10.0,2.0,1.0,1.0,11.0,1.0,2.0,0.0,59949.0,2118.3392,,2332.1908,2363.3216,80.0,2.8269,29.0,1.0247,24.0,202.0,7.1378,58424,39726,1403.7456,,51760.0,0.192988,3.21,,755.0,186.0,,,33.2509,17205.0,18823.0,302.0,14867.0,16862.0,309.0,2338.0,1961.0,-7.0,5.0,5.0,1.0,1.0,1.0,5.0,27819.0,30297.0,500.0,23545.0,27855.0,505.0,4274.0,2442.0,-5.0,6.0,5.0,2.0,2.0,2.0,6.0,38412.0,43556.0,693.0,33318.0,39698.0,699.0,5094.0,3858.0,-6.0,9.0,14.0,3.0,3.0,4.0,9.0,49263.0,56841.0,845.0,39690.0,47871.0,831.0,9573.0,8970.0,14.0,12.0,22.0,3.0,3.0,4.0,12.0
ESPORTSTMNT04_2692260,complete,,EM,2023,Summer,0,2023-08-15 15:02:25,1,13.14,1,Blue,top,Empyros,oe:player:9db3f170213f562a9613fe4f99d7dfa,DSYRE,oe:team:3e3ca0895ded506fd637e723d6ae2a1,Darius,Ivern,LeBlanc,Poppy,Malphite,Kennen,,,,,,1810,1,4,3,2,10,5,0.0,0.0,0.0,0.0,0.0,0.0,0.0,0.0,0.3315,0.4972,,,,,,,,,,,,,,,,,,,,,0.0,0.0,,,,,,,,1.0,0.0,9330.0,309.2818,0.19879,588.9282,580.0773,15.0,0.4972,9.0,0.2983,6.0,36.0,1.1934,12175,8207,272.0552,0.205622,11550.0,,,248.0,242.0,6.0,,,8.221,3725.0,4878.0,89.0,2443.0,4279.0,49.0,1282.0,599.0,40.0,1.0,0.0,0.0,0.0,0.0,1.0,5623.0,7870.0,136.0,4151.0,6760.0,91.0,1472.0,1110.0,45.0,2.0,0.0,1.0,0.0,1.0,2.0,7639.0,10768.0,187.0,6152.0,9519.0,135.0,1487.0,1249.0,52.0,2.0,0.0,2.0,0.0,1.0,2.0,9632.0,13322.0,214.0,7642.0,12093.0,176.0,1990.0,1229.0,38.0,3.0,0.0,2.0,0.0,1.0,2.0
ESPORTSTMNT04_2692260,complete,,EM,2023,Summer,0,2023-08-15 15:02:25,1,13.14,2,Blue,jng,Rhilech,oe:player:cbe20c64274a87a21e5bdac1ccc3e77,DSYRE,oe:team:3e3ca0895ded506fd637e723d6ae2a1,Maokai,Ivern,LeBlanc,Poppy,Malphite,Kennen,,,,,,1810,1,0,0,7,10,5,0.0,0.0,0.0,0.0,1.0,0.0,1.0,0.0,0.3315,0.4972,,,,,,,,,,,,,,,,,,,,,2.0,0.0,,,,,,,,0.0,0.0,13159.0,436.2099,0.280372,846.5635,698.6851,4.0,0.1326,7.0,0.232,5.0,27.0,0.895,11546,7578,251.2044,0.189863,9675.0,,,167.0,16.0,151.0,,,5.5359,3582.0,3388.0,61.0,2939.0,3149.0,60.0,643.0,239.0,1.0,0.0,2.0,0.0,0.0,0.0,0.0,5362.0,5436.0,88.0,4711.0,5756.0,94.0,651.0,-320.0,-6.0,0.0,3.0,0.0,1.0,0.0,0.0,7358.0,7466.0,122.0,6713.0,8394.0,138.0,645.0,-928.0,-16.0,0.0,3.0,0.0,2.0,0.0,0.0,9603.0,10475.0,154.0,7929.0,9964.0,158.0,1674.0,511.0,-4.0,0.0,4.0,0.0,2.0,1.0,0.0
ESPORTSTMNT04_2692260,complete,,EM,2023,Summer,0,2023-08-15 15:02:25,1,13.14,3,Blue,mid,XoNix,oe:player:be877a261fb0c3a320db45091bdefec,DSYRE,oe:team:3e3ca0895ded506fd637e723d6ae2a1,Tristana,Ivern,LeBlanc,Poppy,Malphite,Kennen,,,,,,1810,1,3,1,2,10,5,1.0,0.0,0.0,0.0,0.0,0.0,0.0,0.0,0.3315,0.4972,,,,,,,,,,,,,,,,,,,,,0.0,0.0,,,,,,,,1.0,0.0,11181.0,370.6409,0.238228,316.4088,297.9448,11.0,0.3646,5.0,0.1657,4.0,31.0,1.0276,14573,10605,351.547,0.265703,11800.0,,,287.0,287.0,0.0,,,9.5138,3519.0,4763.0,86.0,3113.0,4510.0,85.0,406.0,253.0,1.0,0.0,0.0,0.0,0.0,0.0,0.0,5659.0,7802.0,148.0,4997.0,7452.0,145.0,662.0,350.0,3.0,0.0,0.0,0.0,0.0,0.0,0.0,8199.0,10722.0,201.0,6782.0,10177.0,191.0,1417.0,545.0,10.0,0.0,0.0,0.0,0.0,1.0,0.0,11370.0,14392.0,256.0,8780.0,12724.0,242.0,2590.0,1668.0,14.0,0.0,0.0,0.0,1.0,1.0,1.0
ESPORTSTMNT04_2692260,complete,,EM,2023,Summer,0,2023-08-15 15:02:25,1,13.14,4,Blue,bot,Aetinoth,oe:player:d47955c8bc06bf316f24ee15d45407b,DSYRE,oe:team:3e3ca0895ded506fd637e723d6ae2a1,Xayah,Ivern,LeBlanc,Poppy,Malphite,Kennen,,,,,,1810,1,3,0,3,10,5,0.0,0.0,0.0,0.0,1.0,1.0,0.0,0.0,0.3315,0.4972,,,,,,,,,,,,,,,,,,,,,0.0,0.0,,,,,,,,1.0,0.0,11775.0,390.3315,0.250884,228.232,126.3978,16.0,0.5304,6.0,0.1989,5.0,31.0,1.0276,13938,9970,330.4972,0.249793,12075.0,,,299.0,270.0,29.0,,,9.9116,3646.0,3129.0,81.0,3464.0,2987.0,92.0,182.0,142.0,-11.0,1.0,0.0,0.0,0.0,0.0,1.0,5947.0,5864.0,141.0,5507.0,5785.0,150.0,440.0,79.0,-9.0,1.0,0.0,0.0,0.0,0.0,1.0,8910.0,8639.0,199.0,7677.0,8062.0,203.0,1233.0,577.0,-4.0,2.0,0.0,0.0,0.0,0.0,2.0,11038.0,11355.0,247.0,9430.0,10378.0,251.0,1608.0,977.0,-4.0,2.0,0.0,0.0,0.0,1.0,2.0
ESPORTSTMNT04_2692260,complete,,EM,2023,Summer,0,2023-08-15 15:02:25,1,13.14,5,Blue,sup,Nash,oe:player:6b9f3420febdbc475dd3c1e4e0bcb5e,DSYRE,oe:team:3e3ca0895ded506fd637e723d6ae2a1,Nautilus,Ivern,LeBlanc,Poppy,Malphite,Kennen,,,,,,1810,1,0,1,6,10,5,0.0,0.0,0.0,0.0,1.0,0.0,1.0,0.0,0.3315,0.4972,,,,,,,,,,,,,,,,,,,,,0.0,0.0,,,,,,,,0.0,0.0,1489.0,49.3591,0.0317254,208.6077,275.0387,42.0,1.3923,12.0,0.3978,10.0,98.0,3.2486,7521,3553,117.779,0.0890186,6100.0,,,37.0,37.0,0.0,,,1.2265,2236.0,2461.0,19.0,2179.0,3078.0,15.0,57.0,-617.0,4.0,0.0,1.0,0.0,0.0,0.0,0.0,3248.0,3392.0,27.0,3240.0,3935.0,26.0,8.0,-543.0,1.0,0.0,1.0,0.0,0.0,0.0,0.0,4640.0,4614.0,33.0,4567.0,5368.0,31.0,73.0,-754.0,2.0,0.0,2.0,0.0,0.0,1.0,0.0,5902.0,6348.0,35.0,5515.0,6560.0,39.0,387.0,-212.0,-4.0,0.0,2.0,1.0,0.0,2.0,0.0
ESPORTSTMNT04_2692260,complete,,EM,2023,Summer,0,2023-08-15 15:02:25,1,13.14,6,Red,top,Eyliph,oe:player:4b20700639bada36a5a58cc4a8e7135,Anorthosis Famagusta Esports,oe:team:5f1bc4a914b49c7b7ff4c2f1b8d8df9,Gnar,Sejuani,Rumble,Samira,Alistar,Jax,,,,,,1810,0,0,3,1,5,10,0.0,0.0,0.0,0.0,0.0,0.0,0.0,0.0,0.1657,0.4972,,,,,,,,,,,,,,,,,,,,,0.0,0.0,,,,,,,,0.0,1.0,5860.0,194.2541,0.161896,511.3923,450.663,11.0,0.3646,6.0,0.1989,2.0,22.0,0.7293,9241,5273,174.7956,0.180212,9033.0,,,218.0,206.0,12.0,,,7.2265,2443.0,4279.0,49.0,3725.0,4878.0,89.0,-1282.0,-599.0,-40.0,0.0,0.0,1.0,1.0,0.0,0.0,4151.0,6760.0,91.0,5623.0,7870.0,136.0,-1472.0,-1110.0,-45.0,0.0,1.0,2.0,2.0,0.0,1.0,6152.0,9519.0,135.0,7639.0,10768.0,187.0,-1487.0,-1249.0,-52.0,0.0,1.0,2.0,2.0,0.0,2.0,7642.0,12093.0,176.0,9632.0,13322.0,214.0,-1990.0,-1229.0,-38.0,0.0,1.0,2.0,3.0,0.0,2.0
ESPORTSTMNT04_2692260,complete,,EM,2023,Summer,0,2023-08-15 15:02:25,1,13.14,7,Red,jng,SPOOKY,oe:player:11389d6d8a29729807c3cf528a98050,Anorthosis Famagusta Esports,oe:team:5f1bc4a914b49c7b7ff4c2f1b8d8df9,Rell,Sejuani,Rumble,Samira,Alistar,Jax,,,,,,1810,0,2,1,2,5,10,0.0,0.0,0.0,0.0,0.0,0.0,0.0,0.0,0.1657,0.4972,,,,,,,,,,,,,,,,,,,,,0.0,2.0,,,,,,,,0.0,0.0,5305.0,175.8564,0.146563,427.989,1227.6133,6.0,0.1989,7.0,0.232,4.0,30.0,0.9945,9319,5351,177.3812,0.182878,8600.0,,,175.0,31.0,144.0,,,5.8011,2939.0,3149.0,60.0,3582.0,3388.0,61.0,-643.0,-239.0,-1.0,0.0,0.0,0.0,0.0,2.0,0.0,4711.0,5756.0,94.0,5362.0,5436.0,88.0,-651.0,320.0,6.0,1.0,0.0,0.0,0.0,3.0,0.0,6713.0,8394.0,138.0,7358.0,7466.0,122.0,-645.0,928.0,16.0,2.0,0.0,0.0,0.0,3.0,0.0,7929.0,9964.0,158.0,9603.0,10475.0,154.0,-1674.0,-511.0,4.0,2.0,1.0,0.0,0.0,4.0,0.0
ESPORTSTMNT04_2692260,complete,,EM,2023,Summer,0,2023-08-15 15:02:25,1,13.14,8,Red,mid,HAWHAW,oe:player:ae06413dcf80aa496ab8448d8ea586f,Anorthosis Famagusta Esports,oe:team:5f1bc4a914b49c7b7ff4c2f1b8d8df9,Cassiopeia,Sejuani,Rumble,Samira,Alistar,Jax,,,,,,1810,0,2,2,1,5,10,0.0,0.0,0.0,0.0,0.0,0.0,0.0,0.0,0.1657,0.4972,,,,,,,,,,,,,,,,,,,,,0.0,0.0,,,,,,,,0.0,1.0,15434.0,511.6243,0.426401,551.5691,308.5193,10.0,0.3315,1.0,0.0331,4.0,21.0,0.6961,11234,7266,240.8619,0.248325,10200.0,,,288.0,276.0,12.0,,,9.547,3113.0,4510.0,85.0,3519.0,4763.0,86.0,-406.0,-253.0,-1.0,0.0,0.0,0.0,0.0,0.0,0.0,4997.0,7452.0,145.0,5659.0,7802.0,148.0,-662.0,-350.0,-3.0,0.0,0.0,0.0,0.0,0.0,0.0,6782.0,10177.0,191.0,8199.0,10722.0,201.0,-1417.0,-545.0,-10.0,0.0,1.0,0.0,0.0,0.0,0.0,8780.0,12724.0,242.0,11370.0,14392.0,256.0,-2590.0,-1668.0,-14.0,1.0,1.0,1.0,0.0,0.0,0.0
ESPORTSTMNT04_2692260,complete,,EM,2023,Summer,0,2023-08-15 15:02:25,1,13.14,9,Red,bot,GOLDENTO4ST,oe:player:5c58c2e986e8aec0ee6f2465823349a,Anorthosis Famagusta Esports,oe:team:5f1bc4a914b49c7b7ff4c2f1b8d8df9,Jinx,Sejuani,Rumble,Samira,Alistar,Jax,,,,,,1810,0,1,3,2,5,10,0.0,0.0,0.0,0.0,0.0,0.0,0.0,1.0,0.1657,0.4972,,,,,,,,,,,,,,,,,,,,,0.0,0.0,,,,,,,,0.0,1.0,6922.0,229.4586,0.191237,350.7182,205.8564,11.0,0.3646,7.0,0.232,5.0,26.0,0.8619,12749,8781,291.0829,0.300103,11960.0,,,324.0,312.0,12.0,,,10.7403,3464.0,2987.0,92.0,3646.0,3129.0,81.0,-182.0,-142.0,11.0,0.0,0.0,1.0,1.0,0.0,0.0,5507.0,5785.0,150.0,5947.0,5864.0,141.0,-440.0,-79.0,9.0,0.0,0.0,1.0,1.0,0.0,0.0,7677.0,8062.0,203.0,8910.0,8639.0,199.0,-1233.0,-577.0,4.0,0.0,0.0,2.0,2.0,0.0,0.0,9430.0,10378.0,251.0,11038.0,11355.0,247.0,-1608.0,-977.0,4.0,0.0,1.0,2.0,2.0,0.0,0.0
ESPORTSTMNT04_2692260,complete,,EM,2023,Summer,0,2023-08-15 15:02:25,1,13.14,10,Red,sup,iLEVI,oe:player:b226880189cb11f7da7a0c86544b556,Anorthosis Famagusta Esports,oe:team:5f1bc4a914b49c7b7ff4c2f1b8d8df9,Rakan,Sejuani,Rumble,Samira,Alistar,Jax,,,,,,1810,0,0,1,4,5,10,0.0,0.0,0.0,0.0,0.0,0.0,0.0,0.0,0.1657,0.4972,,,,,,,,,,,,,,,,,,,,,0.0,0.0,,,,,,,,0.0,0.0,2675.0,88.674,0.0739032,233.8674,430.7072,77.0,2.5525,16.0,0.5304,10.0,122.0,4.0442,6557,2589,85.8232,0.0884826,6100.0,,,43.0,43.0,0.0,,,1.4254,2179.0,3078.0,15.0,2236.0,2461.0,19.0,-57.0,617.0,-4.0,0.0,0.0,0.0,0.0,1.0,0.0,3240.0,3935.0,26.0,3248.0,3392.0,27.0,-8.0,543.0,-1.0,0.0,0.0,0.0,0.0,1.0,0.0,4567.0,5368.0,31.0,4640.0,4614.0,33.0,-73.0,754.0,-2.0,0.0,1.0,0.0,0.0,2.0,0.0,5515.0,6560.0,39.0,5902.0,6348.0,35.0,-387.0,212.0,4.0,0.0,2.0,0.0,0.0,2.0,1.0
ESPORTSTMNT04_2692260,complete,,EM,2023,Summer,0,2023-08-15 15:02:25,1,13.14,100,Blue,team,,,DSYRE,oe:team:3e3ca0895ded506fd637e723d6ae2a1,,Ivern,LeBlanc,Poppy,Malphite,Kennen,Maokai,Tristana,Xayah,Nautilus,Darius,1810,1,10,5,20,10,5,1.0,0.0,0.0,0.0,1.0,,,,0.3315,0.4972,0.0,0.0,3.0,0.0,3.0,0.0,0.0,0.0,0.0,0.0,0.0,,0.0,0.0,1.0,2.0,0.0,,,1.0,2.0,0.0,0.0,11.0,3.0,1.0,1.0,7.0,2.0,3.0,0.0,46934.0,1555.8232,,2188.7403,1978.1436,88.0,2.9171,39.0,1.2928,30.0,223.0,7.3923,59753,39913,1323.0829,,51200.0,0.109318,3.66,,852.0,186.0,,,34.4088,16708.0,18619.0,336.0,14138.0,18003.0,301.0,2570.0,616.0,35.0,2.0,3.0,0.0,0.0,0.0,2.0,25839.0,30364.0,540.0,22606.0,29688.0,506.0,3233.0,676.0,34.0,3.0,4.0,1.0,1.0,1.0,3.0,36746.0,42209.0,742.0,31891.0,41520.0,698.0,4855.0,689.0,44.0,4.0,5.0,2.0,2.0,3.0,4.0,47545.0,55892.0,906.0,39296.0,51719.0,866.0,8249.0,4173.0,40.0,5.0,6.0,3.0,3.0,6.0,5.0
ESPORTSTMNT04_2692260,complete,,EM,2023,Summer,0,2023-08-15 15:02:25,1,13.14,200,Red,team,,,Anorthosis Famagusta Esports,oe:team:5f1bc4a914b49c7b7ff4c2f1b8d8df9,,Sejuani,Rumble,Samira,Alistar,Jax,Rell,Rakan,Jinx,Cassiopeia,Gnar,1810,0,5,10,10,5,10,0.0,0.0,0.0,0.0,0.0,,,,0.1657,0.4972,1.0,3.0,0.0,3.0,0.0,0.0,1.0,0.0,1.0,0.0,1.0,,0.0,0.0,0.0,0.0,2.0,,,0.0,0.0,2.0,1.0,3.0,11.0,0.0,0.0,2.0,7.0,0.0,3.0,36196.0,1199.8674,,2075.5359,2623.3591,115.0,3.8122,37.0,1.2265,25.0,221.0,7.326,49100,29260,969.9448,,45893.0,-0.109318,-3.66,,868.0,180.0,,,34.7403,14138.0,18003.0,301.0,16708.0,18619.0,336.0,-2570.0,-616.0,-35.0,0.0,0.0,2.0,2.0,3.0,0.0,22606.0,29688.0,506.0,25839.0,30364.0,540.0,-3233.0,-676.0,-34.0,1.0,1.0,3.0,3.0,4.0,1.0,31891.0,41520.0,698.0,36746.0,42209.0,742.0,-4855.0,-689.0,-44.0,2.0,3.0,4.0,4.0,5.0,2.0,39296.0,51719.0,866.0,47545.0,55892.0,906.0,-8249.0,-4173.0,-40.0,3.0,6.0,5.0,5.0,6.0,3.0
ESPORTSTMNT04_2692265,complete,,EM,2023,Summer,0,2023-08-15 15:54:19,1,13.14,1,Blue,top,Banderas,oe:player:57abe5a8958c15444e9103873f8565a,WLGaming Esports,oe:team:b19ab22267512e77945cd498106dcf1,K'Sante,Poppy,LeBlanc,Renekton,Varus,Rakan,,,,,,2613,1,3,2,9,17,16,0.0,0.0,0.0,0.0,0.0,0.0,0.0,0.0,0.3904,0.7577,,,,,,,,,,,,,,,,,,,,,0.0,0.0,,,,,,,,1.0,0.0,12402.0,284.7761,0.103757,509.093,1180.9874,15.0,0.3444,12.0,0.2755,9.0,40.0,0.9185,15879,10273,235.8898,0.203096,14975.0,,,327.0,315.0,12.0,,,7.5086,3627.0,4888.0,93.0,3277.0,4597.0,87.0,350.0,291.0,6.0,1.0,1.0,0.0,0.0,0.0,1.0,5628.0,7745.0,139.0,6220.0,7416.0,141.0,-592.0,329.0,-2.0,2.0,1.0,0.0,3.0,0.0,1.0,7348.0,10151.0,181.0,8473.0,9885.0,179.0,-1125.0,266.0,2.0,2.0,2.0,1.0,3.0,1.0,1.0,9770.0,13813.0,217.0,10327.0,11811.0,203.0,-557.0,2002.0,14.0,3.0,4.0,1.0,5.0,1.0,2.0
ESPORTSTMNT04_2692265,complete,,EM,2023,Summer,0,2023-08-15 15:54:19,1,13.14,2,Blue,jng,Bruness,oe:player:7471c21aed615dae3e49140eca8ce89,WLGaming Esports,oe:team:b19ab22267512e77945cd498106dcf1,Maokai,Poppy,LeBlanc,Renekton,Varus,Rakan,,,,,,2613,1,2,4,8,17,16,0.0,0.0,0.0,0.0,0.0,0.0,0.0,0.0,0.3904,0.7577,,,,,,,,,,,,,,,,,,,,,1.0,0.0,,,,,,,,0.0,0.0,29814.0,684.5924,0.249429,718.9437,898.3927,13.0,0.2985,14.0,0.3215,11.0,56.0,1.2859,11925,6319,145.0976,0.124925,10325.0,,,168.0,27.0,141.0,,,3.8576,3045.0,3299.0,62.0,2894.0,3085.0,53.0,151.0,214.0,9.0,0.0,2.0,0.0,0.0,0.0,0.0,4267.0,4832.0,86.0,4577.0,5162.0,84.0,-310.0,-330.0,2.0,0.0,2.0,1.0,0.0,2.0,0.0,5606.0,6633.0,112.0,6255.0,7504.0,108.0,-649.0,-871.0,4.0,0.0,3.0,2.0,0.0,5.0,0.0,7310.0,9610.0,135.0,7621.0,9782.0,125.0,-311.0,-172.0,10.0,0.0,3.0,3.0,0.0,9.0,1.0
ESPORTSTMNT04_2692265,complete,,EM,2023,Summer,0,2023-08-15 15:54:19,1,13.14,3,Blue,mid,ESCIK,oe:player:7e33124e33721ef8f70d2dd843b57da,WLGaming Esports,oe:team:b19ab22267512e77945cd498106dcf1,Tristana,Poppy,LeBlanc,Renekton,Varus,Rakan,,,,,,2613,1,8,4,4,17,16,1.0,0.0,0.0,0.0,0.0,0.0,0.0,1.0,0.3904,0.7577,,,,,,,,,,,,,,,,,,,,,0.0,0.0,,,,,,,,1.0,1.0,35052.0,804.868,0.293251,445.2583,445.5568,19.0,0.4363,7.0,0.1607,5.0,60.0,1.3777,20777,15171,348.3582,0.29993,18275.0,,,390.0,370.0,20.0,,,8.9552,3515.0,4745.0,83.0,3695.0,4842.0,89.0,-180.0,-97.0,-6.0,1.0,1.0,1.0,1.0,0.0,0.0,5245.0,7605.0,132.0,6423.0,7538.0,146.0,-1178.0,67.0,-14.0,1.0,2.0,1.0,1.0,2.0,0.0,7134.0,10088.0,177.0,9424.0,10205.0,188.0,-2290.0,-117.0,-11.0,2.0,2.0,1.0,4.0,2.0,0.0,9357.0,12799.0,215.0,11669.0,12637.0,223.0,-2312.0,162.0,-8.0,2.0,3.0,3.0,6.0,4.0,1.0
ESPORTSTMNT04_2692265,complete,,EM,2023,Summer,0,2023-08-15 15:54:19,1,13.14,4,Blue,bot,Woolite,oe:player:40fa7615556f33971d67c95a702fbcc,WLGaming Esports,oe:team:b19ab22267512e77945cd498106dcf1,Kog'Maw,Poppy,LeBlanc,Renekton,Varus,Rakan,,,,,,2613,1,3,2,8,17,16,0.0,0.0,0.0,0.0,0.0,0.0,0.0,0.0,0.3904,0.7577,,,,,,,,,,,,,,,,,,,,,0.0,2.0,,,,,,,,0.0,0.0,37034.0,850.3789,0.309833,452.4684,397.7268,16.0,0.3674,22.0,0.5052,3.0,57.0,1.3088,19914,14308,328.5419,0.282868,18075.0,,,438.0,376.0,62.0,,,10.0574,3307.0,3225.0,88.0,3614.0,4260.0,91.0,-307.0,-1035.0,-3.0,0.0,0.0,0.0,0.0,0.0,0.0,5515.0,5561.0,141.0,5880.0,6847.0,144.0,-365.0,-1286.0,-3.0,0.0,0.0,1.0,0.0,0.0,1.0,7197.0,7572.0,182.0,8468.0,9826.0,218.0,-1271.0,-2254.0,-36.0,0.0,1.0,1.0,0.0,2.0,1.0,11199.0,10431.0,223.0,10515.0,12157.0,263.0,684.0,-1726.0,-40.0,2.0,2.0,2.0,1.0,5.0,2.0
ESPORTSTMNT04_2692265,complete,,EM,2023,Summer,0,2023-08-15 15:54:19,1,13.14,5,Blue,sup,Bananitoo,oe:player:148e116847c069d852ad0696d4180fe,WLGaming Esports,oe:team:b19ab22267512e77945cd498106dcf1,Braum,Poppy,LeBlanc,Renekton,Varus,Rakan,,,,,,2613,1,1,4,10,17,16,0.0,0.0,0.0,0.0,0.0,0.0,0.0,0.0,0.3904,0.7577,,,,,,,,,,,,,,,,,,,,,0.0,0.0,,,,,,,,0.0,0.0,5227.0,120.023,0.04373,397.8186,580.4822,72.0,1.6533,13.0,0.2985,17.0,142.0,3.2606,10117,4511,103.5821,0.0891806,8625.0,,,38.0,38.0,0.0,,,0.8726,2154.0,2143.0,12.0,2231.0,1916.0,12.0,-77.0,227.0,0.0,0.0,2.0,0.0,0.0,1.0,1.0,3318.0,3436.0,26.0,3601.0,3094.0,21.0,-283.0,342.0,5.0,0.0,2.0,1.0,0.0,4.0,1.0,4375.0,4341.0,32.0,4640.0,4286.0,23.0,-265.0,55.0,9.0,0.0,3.0,2.0,0.0,6.0,2.0,5766.0,7196.0,35.0,5690.0,5408.0,27.0,76.0,1788.0,8.0,0.0,4.0,3.0,0.0,10.0,2.0
ESPORTSTMNT04_2692265,complete,,EM,2023,Summer,0,2023-08-15 15:54:19,1,13.14,6,Red,top,Robba,oe:player:0a08034cdc4feac55c0bdfbc0f300db,KRC Genk Esports,oe:team:01a959b2a20ca77057e580ec051aa3e,Aatrox,Rell,Jax,Azir,Cassiopeia,Ryze,,,,,,2613,0,5,4,3,16,18,1.0,1.0,0.0,0.0,0.0,0.0,0.0,0.0,0.3674,0.7577,,,,,,,,,,,,,,,,,,,,,0.0,0.0,,,,,,,,0.0,1.0,14810.0,340.0689,0.181326,804.7761,888.8863,25.0,0.5741,6.0,0.1378,9.0,55.0,1.2629,17101,11495,263.9495,0.217223,15575.0,,,320.0,289.0,31.0,,,7.3479,3277.0,4597.0,87.0,3627.0,4888.0,93.0,-350.0,-291.0,-6.0,0.0,0.0,1.0,1.0,1.0,0.0,6220.0,7416.0,141.0,5628.0,7745.0,139.0,592.0,-329.0,2.0,3.0,0.0,1.0,2.0,1.0,0.0,8473.0,9885.0,179.0,7348.0,10151.0,181.0,1125.0,-266.0,-2.0,3.0,1.0,1.0,2.0,2.0,1.0,10327.0,11811.0,203.0,9770.0,13813.0,217.0,557.0,-2002.0,-14.0,5.0,1.0,2.0,3.0,4.0,1.0
ESPORTSTMNT04_2692265,complete,,EM,2023,Summer,0,2023-08-15 15:54:19,1,13.14,7,Red,jng,Guertas,oe:player:66dfc0444c571e87d4442178fee3ab4,KRC Genk Esports,oe:team:01a959b2a20ca77057e580ec051aa3e,Sejuani,Rell,Jax,Azir,Cassiopeia,Ryze,,,,,,2613,0,0,2,13,16,18,0.0,0.0,0.0,0.0,0.0,0.0,0.0,0.0,0.3674,0.7577,,,,,,,,,,,,,,,,,,,,,0.0,1.0,,,,,,,,0.0,0.0,9365.0,215.0402,0.11466,1055.6142,1627.7612,19.0,0.4363,24.0,0.5511,17.0,86.0,1.9747,13560,7954,182.6406,0.150307,12525.0,,,215.0,52.0,163.0,,,4.9369,2894.0,3085.0,53.0,3045.0,3299.0,62.0,-151.0,-214.0,-9.0,0.0,0.0,0.0,0.0,2.0,0.0,4577.0,5162.0,84.0,4267.0,4832.0,86.0,310.0,330.0,-2.0,0.0,2.0,0.0,0.0,2.0,1.0,6255.0,7504.0,108.0,5606.0,6633.0,112.0,649.0,871.0,-4.0,0.0,5.0,0.0,0.0,3.0,2.0,7621.0,9782.0,125.0,7310.0,9610.0,135.0,311.0,172.0,-10.0,0.0,9.0,1.0,0.0,3.0,3.0
ESPORTSTMNT04_2692265,complete,,EM,2023,Summer,0,2023-08-15 15:54:19,1,13.14,8,Red,mid,Mikkel,oe:player:b2c05a26758d82a8643a27eec405dcb,KRC Genk Esports,oe:team:01a959b2a20ca77057e580ec051aa3e,Sylas,Rell,Jax,Azir,Cassiopeia,Ryze,,,,,,2613,0,7,4,5,16,18,2.0,0.0,0.0,0.0,1.0,1.0,0.0,0.0,0.3674,0.7577,,,,,,,,,,,,,,,,,,,,,0.0,0.0,,,,,,,,1.0,1.0,23588.0,541.6303,0.2888,719.1963,728.3582,4.0,0.0918,9.0,0.2067,1.0,28.0,0.6429,19914,14308,328.5419,0.270381,19125.0,,,366.0,342.0,24.0,,,8.4041,3695.0,4842.0,89.0,3515.0,4745.0,83.0,180.0,97.0,6.0,1.0,0.0,0.0,1.0,1.0,1.0,6423.0,7538.0,146.0,5245.0,7605.0,132.0,1178.0,-67.0,14.0,1.0,2.0,0.0,1.0,2.0,1.0,9424.0,10205.0,188.0,7134.0,10088.0,177.0,2290.0,117.0,11.0,4.0,2.0,0.0,2.0,2.0,1.0,11669.0,12637.0,223.0,9357.0,12799.0,215.0,2312.0,-162.0,8.0,6.0,4.0,1.0,2.0,3.0,3.0
ESPORTSTMNT04_2692265,complete,,EM,2023,Summer,0,2023-08-15 15:54:19,1,13.14,9,Red,bot,Orion,oe:player:915901c2ffafe3ee9245c3ef30ec5b4,KRC Genk Esports,oe:team:01a959b2a20ca77057e580ec051aa3e,Xayah,Rell,Jax,Azir,Cassiopeia,Ryze,,,,,,2613,0,4,3,6,16,18,1.0,1.0,0.0,0.0,0.0,0.0,0.0,0.0,0.3674,0.7577,,,,,,,,,,,,,,,,,,,,,2.0,0.0,,,,,,,,0.0,0.0,28314.0,650.1493,0.346662,406.9346,245.7865,21.0,0.4822,16.0,0.3674,8.0,50.0,1.1481,20800,15194,348.8863,0.287124,18850.0,,,480.0,412.0,68.0,,,11.0218,3614.0,4260.0,91.0,3307.0,3225.0,88.0,307.0,1035.0,3.0,0.0,0.0,0.0,0.0,0.0,0.0,5880.0,6847.0,144.0,5515.0,5561.0,141.0,365.0,1286.0,3.0,0.0,0.0,1.0,0.0,0.0,1.0,8468.0,9826.0,218.0,7197.0,7572.0,182.0,1271.0,2254.0,36.0,0.0,2.0,1.0,0.0,1.0,1.0,10515.0,12157.0,263.0,11199.0,10431.0,223.0,-684.0,1726.0,40.0,1.0,5.0,2.0,2.0,2.0,2.0
ESPORTSTMNT04_2692265,complete,,EM,2023,Summer,0,2023-08-15 15:54:19,1,13.14,10,Red,sup,Robertoos,oe:player:3ecce3085c6886d516d2b8659880394,KRC Genk Esports,oe:team:01a959b2a20ca77057e580ec051aa3e,Alistar,Rell,Jax,Azir,Cassiopeia,Ryze,,,,,,2613,0,0,5,14,16,18,0.0,0.0,0.0,0.0,1.0,0.0,1.0,0.0,0.3674,0.7577,,,,,,,,,,,,,,,,,,,,,0.0,0.0,,,,,,,,0.0,0.0,5599.0,128.5649,0.0685513,630.5855,1339.1963,100.0,2.2962,9.0,0.2067,32.0,147.0,3.3754,9573,3967,91.0907,0.0749636,9750.0,,,35.0,35.0,0.0,,,0.8037,2231.0,1916.0,12.0,2154.0,2143.0,12.0,77.0,-227.0,0.0,0.0,1.0,1.0,0.0,2.0,0.0,3601.0,3094.0,21.0,3318.0,3436.0,26.0,283.0,-342.0,-5.0,0.0,4.0,1.0,0.0,2.0,1.0,4640.0,4286.0,23.0,4375.0,4341.0,32.0,265.0,-55.0,-9.0,0.0,6.0,2.0,0.0,3.0,2.0,5690.0,5408.0,27.0,5766.0,7196.0,35.0,-76.0,-1788.0,-8.0,0.0,10.0,2.0,0.0,4.0,3.0
ESPORTSTMNT04_2692265,complete,,EM,2023,Summer,0,2023-08-15 15:54:19,1,13.14,100,Blue,team,,,WLGaming Esports,oe:team:b19ab22267512e77945cd498106dcf1,,Poppy,LeBlanc,Renekton,Varus,Rakan,Maokai,K'Sante,Tristana,Kog'Maw,Braum,2613,1,17,16,39,17,16,1.0,0.0,0.0,0.0,0.0,,,,0.3904,0.7577,0.0,4.0,3.0,4.0,3.0,0.0,3.0,0.0,1.0,0.0,0.0,,0.0,0.0,0.0,1.0,1.0,,,1.0,1.0,2.0,0.0,9.0,8.0,0.0,0.0,3.0,8.0,2.0,1.0,119529.0,2744.6383,,2523.5821,3503.1458,135.0,3.0999,68.0,1.5614,45.0,355.0,8.1515,78612,50581,1161.4466,,70275.0,-0.0759754,-1.55,,1126.0,235.0,,,31.2514,15648.0,18300.0,338.0,15711.0,18700.0,332.0,-63.0,-400.0,6.0,2.0,6.0,1.0,1.0,1.0,2.0,23973.0,29179.0,524.0,26701.0,30057.0,536.0,-2728.0,-878.0,-12.0,3.0,7.0,4.0,4.0,8.0,3.0,31660.0,38785.0,684.0,37260.0,41706.0,716.0,-5600.0,-2921.0,-32.0,4.0,11.0,7.0,7.0,16.0,4.0,43402.0,53849.0,825.0,45822.0,51795.0,841.0,-2420.0,2054.0,-16.0,7.0,16.0,12.0,12.0,29.0,8.0
ESPORTSTMNT04_2692265,complete,,EM,2023,Summer,0,2023-08-15 15:54:19,1,13.14,200,Red,team,,,KRC Genk Esports,oe:team:01a959b2a20ca77057e580ec051aa3e,,Rell,Jax,Azir,Cassiopeia,Ryze,Sejuani,Aatrox,Sylas,Xayah,Alistar,2613,0,16,18,41,16,18,4.0,2.0,0.0,0.0,1.0,,,,0.3674,0.7577,1.0,3.0,4.0,3.0,4.0,0.0,2.0,1.0,0.0,0.0,0.0,,0.0,0.0,1.0,1.0,1.0,,,0.0,2.0,1.0,1.0,8.0,9.0,1.0,1.0,8.0,3.0,1.0,2.0,81676.0,1875.4535,,3617.1068,4829.9885,169.0,3.8806,64.0,1.4696,67.0,366.0,8.4041,80948,52917,1215.0861,,75825.0,0.0759754,1.55,,1130.0,286.0,,,32.5144,15711.0,18700.0,332.0,15648.0,18300.0,338.0,63.0,400.0,-6.0,1.0,1.0,2.0,2.0,6.0,1.0,26701.0,30057.0,536.0,23973.0,29179.0,524.0,2728.0,878.0,12.0,4.0,8.0,3.0,3.0,7.0,4.0,37260.0,41706.0,716.0,31660.0,38785.0,684.0,5600.0,2921.0,32.0,7.0,16.0,4.0,4.0,11.0,7.0,45822.0,51795.0,841.0,43402.0,53849.0,825.0,2420.0,-2054.0,16.0,12.0,29.0,8.0,7.0,16.0,12.0
ESPORTSTMNT04_2692266,complete,,EM,2023,Summer,0,2023-08-15 15:56:10,1,13.14,1,Blue,top,Lunddorf,oe:player:6cb2f925e1216835980ce1a01bb62f6,Partizan Esports,oe:team:e42ade212c09777da0f54bffe481f6d,Poppy,Aatrox,Rakan,LeBlanc,Sejuani,Ivern,,,,,,1746,0,2,5,0,6,15,0.0,0.0,0.0,0.0,1.0,1.0,0.0,0.0,0.2062,0.7216,,,,,,,,,,,,,,,,,,,,,0.0,0.0,,,,,,,,0.0,0.0,14041.0,482.5086,0.35001,874.8454,1070.4467,10.0,0.3436,3.0,0.1031,4.0,18.0,0.6186,9362,5525,189.8625,0.221471,9150.0,,,211.0,211.0,0.0,,,7.2509,3250.0,4540.0,64.0,3137.0,4227.0,63.0,113.0,313.0,1.0,1.0,0.0,1.0,1.0,0.0,1.0,4872.0,7465.0,116.0,4976.0,6894.0,106.0,-104.0,571.0,10.0,1.0,0.0,1.0,1.0,0.0,1.0,6725.0,10601.0,153.0,7166.0,9979.0,155.0,-441.0,622.0,-2.0,2.0,0.0,2.0,2.0,0.0,2.0,8044.0,12270.0,182.0,10048.0,14181.0,211.0,-2004.0,-1911.0,-29.0,2.0,0.0,3.0,2.0,0.0,2.0
ESPORTSTMNT04_2692266,complete,,EM,2023,Summer,0,2023-08-15 15:56:10,1,13.14,2,Blue,jng,Sn1lle,oe:player:947d42fad1e2f3afeb911e5ae3888ce,Partizan Esports,oe:team:e42ade212c09777da0f54bffe481f6d,Gragas,Aatrox,Rakan,LeBlanc,Sejuani,Ivern,,,,,,1746,0,1,4,3,6,15,0.0,0.0,0.0,0.0,0.0,0.0,0.0,0.0,0.2062,0.7216,,,,,,,,,,,,,,,,,,,,,0.0,1.0,,,,,,,,0.0,0.0,9756.0,335.2577,0.243195,928.6598,493.7113,18.0,0.6186,6.0,0.2062,5.0,39.0,1.3402,8015,4178,143.5739,0.167472,7725.0,,,140.0,18.0,122.0,,,4.811,2962.0,3329.0,60.0,3754.0,4014.0,70.0,-792.0,-685.0,-10.0,0.0,1.0,0.0,0.0,2.0,1.0,4339.0,5265.0,89.0,5851.0,6254.0,110.0,-1512.0,-989.0,-21.0,0.0,1.0,0.0,0.0,2.0,1.0,5881.0,6969.0,104.0,8712.0,9022.0,148.0,-2831.0,-2053.0,-44.0,1.0,2.0,1.0,2.0,2.0,1.0,7307.0,9195.0,132.0,10609.0,11945.0,180.0,-3302.0,-2750.0,-48.0,1.0,3.0,3.0,2.0,5.0,1.0
ESPORTSTMNT04_2692266,complete,,EM,2023,Summer,0,2023-08-15 15:56:10,1,13.14,3,Blue,mid,Rylle,oe:player:aa11f28607376fa521dd2625569a656,Partizan Esports,oe:team:e42ade212c09777da0f54bffe481f6d,Tristana,Aatrox,Rakan,LeBlanc,Sejuani,Ivern,,,,,,1746,0,2,4,2,6,15,0.0,0.0,0.0,0.0,0.0,0.0,0.0,0.0,0.2062,0.7216,,,,,,,,,,,,,,,,,,,,,0.0,0.0,,,,,,,,0.0,2.0,7892.0,271.2027,0.196729,577.5945,302.8866,9.0,0.3093,5.0,0.1718,2.0,19.0,0.6529,10540,6703,230.3436,0.268696,10800.0,,,244.0,244.0,0.0,,,8.3849,2837.0,3918.0,62.0,3723.0,4637.0,92.0,-886.0,-719.0,-30.0,0.0,1.0,1.0,1.0,0.0,0.0,5045.0,6915.0,117.0,5877.0,7692.0,153.0,-832.0,-777.0,-36.0,0.0,1.0,1.0,1.0,0.0,0.0,6834.0,9318.0,157.0,8250.0,10099.0,192.0,-1416.0,-781.0,-35.0,1.0,2.0,2.0,1.0,2.0,2.0,8797.0,11865.0,201.0,10482.0,13684.0,224.0,-1685.0,-1819.0,-23.0,2.0,2.0,3.0,2.0,5.0,3.0
ESPORTSTMNT04_2692266,complete,,EM,2023,Summer,0,2023-08-15 15:56:10,1,13.14,4,Blue,bot,Yakkey,oe:player:a272c3f80649036f8e168cb2f3df17c,Partizan Esports,oe:team:e42ade212c09777da0f54bffe481f6d,Kog'Maw,Aatrox,Rakan,LeBlanc,Sejuani,Ivern,,,,,,1746,0,1,1,1,6,15,0.0,0.0,0.0,0.0,0.0,0.0,0.0,0.0,0.2062,0.7216,,,,,,,,,,,,,,,,,,,,,0.0,0.0,,,,,,,,0.0,0.0,6374.0,219.0378,0.158889,378.3849,199.6564,10.0,0.3436,5.0,0.1718,2.0,23.0,0.7904,10501,6664,229.0034,0.267132,9950.0,,,290.0,282.0,8.0,,,9.9656,3601.0,3543.0,90.0,3417.0,3209.0,86.0,184.0,334.0,4.0,1.0,0.0,0.0,0.0,0.0,0.0,5179.0,5395.0,137.0,5789.0,5447.0,137.0,-610.0,-52.0,0.0,1.0,0.0,0.0,0.0,0.0,0.0,7285.0,8569.0,209.0,8517.0,9042.0,208.0,-1232.0,-473.0,1.0,1.0,0.0,0.0,0.0,1.0,0.0,9244.0,11326.0,265.0,11728.0,12769.0,259.0,-2484.0,-1443.0,6.0,1.0,1.0,0.0,3.0,1.0,0.0
ESPORTSTMNT04_2692266,complete,,EM,2023,Summer,0,2023-08-15 15:56:10,1,13.14,5,Blue,sup,Cl0x,oe:player:85b3b3e91202ccada9f1f5a24dc1bfb,Partizan Esports,oe:team:e42ade212c09777da0f54bffe481f6d,Braum,Aatrox,Rakan,LeBlanc,Sejuani,Ivern,,,,,,1746,0,0,1,4,6,15,0.0,0.0,0.0,0.0,0.0,0.0,0.0,0.0,0.2062,0.7216,,,,,,,,,,,,,,,,,,,,,0.0,0.0,,,,,,,,0.0,0.0,2053.0,70.5498,0.0511766,288.3505,309.3471,41.0,1.4089,9.0,0.3093,11.0,77.0,2.646,5714,1877,64.5017,0.0752285,5495.0,,,34.0,34.0,0.0,,,1.1684,2070.0,2189.0,14.0,2221.0,2574.0,19.0,-151.0,-385.0,-5.0,0.0,1.0,0.0,0.0,0.0,0.0,3059.0,3168.0,22.0,3369.0,3432.0,27.0,-310.0,-264.0,-5.0,0.0,1.0,0.0,0.0,0.0,0.0,4176.0,5096.0,30.0,4473.0,4535.0,29.0,-297.0,561.0,1.0,0.0,3.0,0.0,0.0,1.0,0.0,5018.0,6418.0,31.0,6025.0,6353.0,33.0,-1007.0,65.0,-2.0,0.0,4.0,0.0,0.0,4.0,0.0
ESPORTSTMNT04_2692266,complete,,EM,2023,Summer,0,2023-08-15 15:56:10,1,13.14,6,Red,top,Boda,oe:player:a600b912c936aadcc1337cc2a3c928e,Nigma Galaxy,oe:team:c6aa23f2afcbe6fc281c7bb9b96c843,Jax,Rumble,Maokai,Rell,Xayah,Yasuo,,,,,,1746,1,2,2,3,15,6,0.0,0.0,0.0,0.0,0.0,0.0,0.0,1.0,0.5155,0.7216,,,,,,,,,,,,,,,,,,,,,0.0,0.0,,,,,,,,0.0,0.0,14780.0,507.9038,0.22961,978.0412,741.134,13.0,0.4467,1.0,0.0344,2.0,24.0,0.8247,11761,7924,272.3024,0.200821,11000.0,,,244.0,224.0,20.0,,,8.3849,3137.0,4227.0,63.0,3250.0,4540.0,64.0,-113.0,-313.0,-1.0,1.0,0.0,1.0,1.0,0.0,1.0,4976.0,6894.0,106.0,4872.0,7465.0,116.0,104.0,-571.0,-10.0,1.0,0.0,1.0,1.0,0.0,1.0,7166.0,9979.0,155.0,6725.0,10601.0,153.0,441.0,-622.0,2.0,2.0,0.0,2.0,2.0,0.0,2.0,10048.0,14181.0,211.0,8044.0,12270.0,182.0,2004.0,1911.0,29.0,2.0,0.0,2.0,2.0,0.0,3.0
ESPORTSTMNT04_2692266,complete,,EM,2023,Summer,0,2023-08-15 15:56:10,1,13.14,7,Red,jng,Pabu,oe:player:b0a4ae62486ca215c199e72698738b7,Nigma Galaxy,oe:team:c6aa23f2afcbe6fc281c7bb9b96c843,Trundle,Rumble,Maokai,Rell,Xayah,Yasuo,,,,,,1746,1,4,1,9,15,6,2.0,0.0,0.0,0.0,0.0,0.0,0.0,0.0,0.5155,0.7216,,,,,,,,,,,,,,,,,,,,,1.0,0.0,,,,,,,,0.0,0.0,6287.0,216.0481,0.0976697,1048.6254,827.8007,11.0,0.378,15.0,0.5155,8.0,43.0,1.4777,12775,8938,307.1478,0.226521,10400.0,,,197.0,37.0,160.0,,,6.7698,3754.0,4014.0,70.0,2962.0,3329.0,60.0,792.0,685.0,10.0,0.0,2.0,1.0,0.0,1.0,0.0,5851.0,6254.0,110.0,4339.0,5265.0,89.0,1512.0,989.0,21.0,0.0,2.0,1.0,0.0,1.0,0.0,8712.0,9022.0,148.0,5881.0,6969.0,104.0,2831.0,2053.0,44.0,2.0,2.0,1.0,1.0,2.0,1.0,10609.0,11945.0,180.0,7307.0,9195.0,132.0,3302.0,2750.0,48.0,2.0,5.0,1.0,1.0,3.0,3.0
ESPORTSTMNT04_2692266,complete,,EM,2023,Summer,0,2023-08-15 15:56:10,1,13.14,8,Red,mid,Dehaste,oe:player:5f4898a107d2948045588584562be3f,Nigma Galaxy,oe:team:c6aa23f2afcbe6fc281c7bb9b96c843,Syndra,Rumble,Maokai,Rell,Xayah,Yasuo,,,,,,1746,1,3,3,9,15,6,0.0,0.0,0.0,0.0,0.0,0.0,0.0,0.0,0.5155,0.7216,,,,,,,,,,,,,,,,,,,,,0.0,0.0,,,,,,,,2.0,0.0,25915.0,890.5498,0.402594,431.2715,250.378,12.0,0.4124,3.0,0.1031,3.0,28.0,0.9622,12371,8534,293.2646,0.216282,10985.0,,,244.0,234.0,10.0,,,8.3849,3723.0,4637.0,92.0,2837.0,3918.0,62.0,886.0,719.0,30.0,1.0,0.0,0.0,0.0,1.0,1.0,5877.0,7692.0,153.0,5045.0,6915.0,117.0,832.0,777.0,36.0,1.0,0.0,0.0,0.0,1.0,1.0,8250.0,10099.0,192.0,6834.0,9318.0,157.0,1416.0,781.0,35.0,1.0,2.0,2.0,1.0,2.0,2.0,10482.0,13684.0,224.0,8797.0,11865.0,201.0,1685.0,1819.0,23.0,2.0,5.0,3.0,2.0,2.0,3.0
ESPORTSTMNT04_2692266,complete,,EM,2023,Summer,0,2023-08-15 15:56:10,1,13.14,9,Red,bot,Rust,oe:player:f5e265d607cb720058fc166e00083fe,Nigma Galaxy,oe:team:c6aa23f2afcbe6fc281c7bb9b96c843,Kai'Sa,Rumble,Maokai,Rell,Xayah,Yasuo,,,,,,1746,1,6,0,3,15,6,0.0,0.0,0.0,0.0,0.0,0.0,0.0,0.0,0.5155,0.7216,,,,,,,,,,,,,,,,,,,,,0.0,0.0,,,,,,,,0.0,0.0,14464.0,497.0447,0.224701,281.6838,193.7457,11.0,0.378,6.0,0.2062,2.0,35.0,1.2027,14711,10874,373.677,0.275588,12650.0,,,298.0,271.0,27.0,,,10.2405,3417.0,3209.0,86.0,3601.0,3543.0,90.0,-184.0,-334.0,-4.0,0.0,0.0,0.0,1.0,0.0,0.0,5789.0,5447.0,137.0,5179.0,5395.0,137.0,610.0,52.0,0.0,0.0,0.0,0.0,1.0,0.0,0.0,8517.0,9042.0,208.0,7285.0,8569.0,209.0,1232.0,473.0,-1.0,0.0,1.0,0.0,1.0,0.0,0.0,11728.0,12769.0,259.0,9244.0,11326.0,265.0,2484.0,1443.0,-6.0,3.0,1.0,0.0,1.0,1.0,0.0
ESPORTSTMNT04_2692266,complete,,EM,2023,Summer,0,2023-08-15 15:56:10,1,13.14,10,Red,sup,Klownz,oe:player:1c6282fdf403e4e63f3b339d0bca034,Nigma Galaxy,oe:team:c6aa23f2afcbe6fc281c7bb9b96c843,Nautilus,Rumble,Maokai,Rell,Xayah,Yasuo,,,,,,1746,1,0,0,7,15,6,0.0,0.0,0.0,0.0,0.0,0.0,0.0,0.0,0.5155,0.7216,,,,,,,,,,,,,,,,,,,,,0.0,0.0,,,,,,,,0.0,0.0,2924.0,100.4811,0.0454249,147.2165,278.7973,34.0,1.1684,13.0,0.4467,10.0,90.0,3.0928,7025,3188,109.5533,0.0807881,6000.0,,,34.0,34.0,0.0,,,1.1684,2221.0,2574.0,19.0,2070.0,2189.0,14.0,151.0,385.0,5.0,0.0,0.0,0.0,0.0,1.0,0.0,3369.0,3432.0,27.0,3059.0,3168.0,22.0,310.0,264.0,5.0,0.0,0.0,0.0,0.0,1.0,0.0,4473.0,4535.0,29.0,4176.0,5096.0,30.0,297.0,-561.0,-1.0,0.0,1.0,0.0,0.0,3.0,0.0,6025.0,6353.0,33.0,5018.0,6418.0,31.0,1007.0,-65.0,2.0,0.0,4.0,0.0,0.0,4.0,0.0
ESPORTSTMNT04_2692266,complete,,EM,2023,Summer,0,2023-08-15 15:56:10,1,13.14,100,Blue,team,,,Partizan Esports,oe:team:e42ade212c09777da0f54bffe481f6d,,Aatrox,Rakan,LeBlanc,Sejuani,Ivern,Tristana,Poppy,Gragas,Kog'Maw,Braum,1746,0,6,15,10,6,15,0.0,0.0,0.0,0.0,1.0,,,,0.2062,0.7216,0.0,0.0,3.0,0.0,3.0,0.0,0.0,0.0,0.0,0.0,0.0,,0.0,0.0,0.0,0.0,2.0,,,0.0,0.0,1.0,0.0,0.0,10.0,0.0,0.0,0.0,8.0,0.0,2.0,40116.0,1378.5567,,3047.8351,2376.0481,88.0,3.0241,28.0,0.9622,24.0,176.0,6.0481,44132,24945,857.2165,,43120.0,-0.168127,-3.62,,789.0,130.0,,,31.5808,14720.0,17519.0,290.0,16252.0,18661.0,330.0,-1532.0,-1142.0,-40.0,2.0,3.0,2.0,2.0,2.0,2.0,22494.0,28208.0,481.0,25862.0,29719.0,533.0,-3368.0,-1511.0,-52.0,2.0,3.0,2.0,2.0,2.0,2.0,30901.0,40553.0,653.0,37118.0,42677.0,732.0,-6217.0,-2124.0,-79.0,5.0,7.0,5.0,5.0,6.0,5.0,38410.0,51074.0,811.0,48892.0,58932.0,907.0,-10482.0,-7858.0,-96.0,6.0,10.0,9.0,9.0,15.0,6.0
ESPORTSTMNT04_2692266,complete,,EM,2023,Summer,0,2023-08-15 15:56:10,1,13.14,200,Red,team,,,Nigma Galaxy,oe:team:c6aa23f2afcbe6fc281c7bb9b96c843,,Rumble,Maokai,Rell,Xayah,Yasuo,Kai'Sa,Jax,Syndra,Trundle,Nautilus,1746,1,15,6,31,15,6,2.0,0.0,0.0,0.0,0.0,,,,0.5155,0.7216,1.0,3.0,0.0,3.0,0.0,0.0,0.0,0.0,1.0,1.0,1.0,,0.0,0.0,1.0,2.0,0.0,,,1.0,1.0,0.0,1.0,10.0,0.0,1.0,1.0,8.0,0.0,2.0,0.0,64370.0,2212.0275,,2886.8385,2291.8557,81.0,2.7835,38.0,1.3058,25.0,220.0,7.5601,58643,39456,1355.8763,,51035.0,0.168127,3.62,,800.0,217.0,,,34.9485,16252.0,18661.0,330.0,14720.0,17519.0,290.0,1532.0,1142.0,40.0,2.0,2.0,2.0,2.0,3.0,2.0,25862.0,29719.0,533.0,22494.0,28208.0,481.0,3368.0,1511.0,52.0,2.0,2.0,2.0,2.0,3.0,2.0,37118.0,42677.0,732.0,30901.0,40553.0,653.0,6217.0,2124.0,79.0,5.0,6.0,5.0,5.0,7.0,5.0,48892.0,58932.0,907.0,38410.0,51074.0,811.0,10482.0,7858.0,96.0,9.0,15.0,6.0,6.0,10.0,9.0
ESPORTSTMNT04_2694220,complete,,EM,2023,Summer,0,2023-08-15 15:56:30,1,13.14,1,Blue,top,Robocop,oe:player:bf0fcdb863d11c4f6e7802f434de734,Entropiq,oe:team:06554c70cfe8a6be14b004b3c18abe6,Ornn,Poppy,Maokai,Neeko,Jayce,Renekton,,,,,,1655,1,1,0,17,22,7,0.0,0.0,0.0,0.0,0.0,0.0,0.0,0.0,0.7976,1.0514,,,,,,,,,,,,,,,,,,,,,0.0,0.0,,,,,,,,0.0,0.0,11737.0,425.5106,0.151024,761.8731,1208.4834,17.0,0.6163,1.0,0.0363,7.0,41.0,1.4864,10188,6536,236.9547,0.168781,8925.0,,,199.0,195.0,4.0,,,7.2145,3490.0,4985.0,94.0,3371.0,4800.0,88.0,119.0,185.0,6.0,0.0,3.0,0.0,0.0,2.0,0.0,5288.0,7736.0,148.0,5123.0,7605.0,139.0,165.0,131.0,9.0,0.0,3.0,0.0,0.0,2.0,0.0,6801.0,10063.0,174.0,6551.0,9796.0,174.0,250.0,267.0,0.0,0.0,8.0,0.0,0.0,3.0,0.0,9167.0,13081.0,195.0,8590.0,10782.0,181.0,577.0,2299.0,14.0,1.0,14.0,0.0,1.0,4.0,1.0
ESPORTSTMNT04_2694220,complete,,EM,2023,Summer,0,2023-08-15 15:56:30,1,13.14,2,Blue,jng,Zicssi,oe:player:060e16e1c91434827c294bac52e8b47,Entropiq,oe:team:06554c70cfe8a6be14b004b3c18abe6,Ivern,Poppy,Maokai,Neeko,Jayce,Renekton,,,,,,1655,1,0,2,15,22,7,0.0,0.0,0.0,0.0,0.0,0.0,0.0,1.0,0.7976,1.0514,,,,,,,,,,,,,,,,,,,,,1.0,0.0,,,,,,,,0.0,0.0,3550.0,128.7009,0.0456791,319.2145,258.7432,7.0,0.2538,10.0,0.3625,7.0,41.0,1.4864,9672,6020,218.2477,0.155456,8975.0,,,163.0,15.0,148.0,,,5.9094,2837.0,3056.0,53.0,3265.0,2828.0,53.0,-428.0,228.0,0.0,0.0,2.0,1.0,1.0,2.0,1.0,4487.0,5556.0,91.0,5221.0,5639.0,96.0,-734.0,-83.0,-5.0,0.0,2.0,1.0,1.0,2.0,1.0,6578.0,8714.0,127.0,6535.0,7457.0,122.0,43.0,1257.0,5.0,0.0,7.0,1.0,1.0,3.0,1.0,8461.0,12255.0,149.0,7748.0,8797.0,137.0,713.0,3458.0,12.0,0.0,14.0,1.0,1.0,5.0,2.0
ESPORTSTMNT04_2694220,complete,,EM,2023,Summer,0,2023-08-15 15:56:30,1,13.14,3,Blue,mid,Jackies,oe:player:204746c853a12888ad72d8035cdf8c7,Entropiq,oe:team:06554c70cfe8a6be14b004b3c18abe6,Tristana,Poppy,Maokai,Neeko,Jayce,Renekton,,,,,,1655,1,15,2,7,22,7,5.0,2.0,0.0,0.0,0.0,0.0,0.0,0.0,0.7976,1.0514,,,,,,,,,,,,,,,,,,,,,0.0,0.0,,,,,,,,1.0,0.0,37324.0,1353.136,0.480261,561.3535,348.2538,12.0,0.435,6.0,0.2175,3.0,23.0,0.8338,16874,13222,479.3474,0.34143,13225.0,,,245.0,231.0,14.0,,,8.8822,3791.0,4504.0,77.0,3324.0,4841.0,85.0,467.0,-337.0,-8.0,2.0,1.0,1.0,0.0,3.0,1.0,6227.0,7840.0,126.0,4887.0,7230.0,128.0,1340.0,610.0,-2.0,3.0,1.0,1.0,0.0,3.0,2.0,9946.0,10059.0,170.0,6821.0,8942.0,161.0,3125.0,1117.0,9.0,7.0,2.0,1.0,1.0,3.0,4.0,13690.0,13213.0,214.0,8089.0,10534.0,188.0,5601.0,2679.0,26.0,11.0,5.0,2.0,1.0,4.0,6.0
ESPORTSTMNT04_2694220,complete,,EM,2023,Summer,0,2023-08-15 15:56:30,1,13.14,4,Blue,bot,Khantos,oe:player:58cff57941b3605087bb9208b3d76d0,Entropiq,oe:team:06554c70cfe8a6be14b004b3c18abe6,Kai'Sa,Poppy,Maokai,Neeko,Jayce,Renekton,,,,,,1655,1,5,0,9,22,7,0.0,0.0,0.0,0.0,0.0,0.0,0.0,0.0,0.7976,1.0514,,,,,,,,,,,,,,,,,,,,,0.0,0.0,,,,,,,,2.0,0.0,21044.0,762.9245,0.270781,226.1148,135.6616,13.0,0.4713,4.0,0.145,5.0,20.0,0.7251,12938,9286,336.6526,0.239792,9875.0,,,243.0,243.0,0.0,,,8.8097,3247.0,3353.0,87.0,3927.0,3513.0,88.0,-680.0,-160.0,-1.0,0.0,0.0,0.0,2.0,0.0,0.0,5409.0,5824.0,144.0,5759.0,5336.0,137.0,-350.0,488.0,7.0,0.0,0.0,0.0,2.0,0.0,0.0,7953.0,7963.0,191.0,7442.0,6676.0,175.0,511.0,1287.0,16.0,1.0,4.0,0.0,2.0,1.0,1.0,10542.0,11232.0,224.0,9180.0,8226.0,204.0,1362.0,3006.0,20.0,3.0,6.0,0.0,3.0,2.0,2.0
ESPORTSTMNT04_2694220,complete,,EM,2023,Summer,0,2023-08-15 15:56:30,1,13.14,5,Blue,sup,denyk,oe:player:9adc23fff49c05d7b22cfd79ca1841d,Entropiq,oe:team:06554c70cfe8a6be14b004b3c18abe6,Rell,Poppy,Maokai,Neeko,Jayce,Renekton,,,,,,1655,1,1,3,15,22,7,0.0,0.0,0.0,0.0,0.0,0.0,0.0,0.0,0.7976,1.0514,,,,,,,,,,,,,,,,,,,,,0.0,0.0,,,,,,,,0.0,0.0,4061.0,147.2266,0.0522544,313.6677,409.1964,46.0,1.6677,5.0,0.1813,14.0,87.0,3.1541,7313,3661,132.7251,0.0945411,5200.0,,,29.0,29.0,0.0,,,1.0514,2390.0,2642.0,12.0,2181.0,2580.0,13.0,209.0,62.0,-1.0,1.0,2.0,1.0,0.0,3.0,1.0,3304.0,3623.0,17.0,3540.0,4255.0,27.0,-236.0,-632.0,-10.0,1.0,2.0,1.0,0.0,3.0,1.0,4594.0,5625.0,24.0,4450.0,5254.0,29.0,144.0,371.0,-5.0,1.0,7.0,2.0,0.0,4.0,3.0,5877.0,7099.0,27.0,5457.0,6088.0,34.0,420.0,1011.0,-7.0,1.0,9.0,3.0,0.0,5.0,5.0
ESPORTSTMNT04_2694220,complete,,EM,2023,Summer,0,2023-08-15 15:56:30,1,13.14,6,Red,top,Caucha,oe:player:190d3ffa9c4734a633e2103dbbdb815,White Dragons,oe:team:6468029fb605bd6fdf1cf866e890739,K'Sante,Aatrox,Rakan,Yone,Rumble,Xayah,,,,,,1655,0,1,3,5,7,22,0.0,0.0,0.0,0.0,0.0,0.0,0.0,0.0,0.2538,1.0514,,,,,,,,,,,,,,,,,,,,,0.0,0.0,,,,,,,,0.0,0.0,6428.0,233.0393,0.142465,830.719,1125.281,11.0,0.3988,4.0,0.145,3.0,25.0,0.9063,9030,5378,194.9728,0.221425,9025.0,,,184.0,184.0,0.0,,,6.6707,3371.0,4800.0,88.0,3490.0,4985.0,94.0,-119.0,-185.0,-6.0,0.0,2.0,0.0,0.0,3.0,0.0,5123.0,7605.0,139.0,5288.0,7736.0,148.0,-165.0,-131.0,-9.0,0.0,2.0,0.0,0.0,3.0,0.0,6551.0,9796.0,174.0,6801.0,10063.0,174.0,-250.0,-267.0,0.0,0.0,3.0,0.0,0.0,8.0,0.0,8590.0,10782.0,181.0,9167.0,13081.0,195.0,-577.0,-2299.0,-14.0,1.0,4.0,1.0,1.0,14.0,0.0
ESPORTSTMNT04_2694220,complete,,EM,2023,Summer,0,2023-08-15 15:56:30,1,13.14,7,Red,jng,D4SH,oe:player:b665b9fa5f821ff73a873d0cecb0682,White Dragons,oe:team:6468029fb605bd6fdf1cf866e890739,Sejuani,Aatrox,Rakan,Yone,Rumble,Xayah,,,,,,1655,0,1,3,6,7,22,0.0,0.0,0.0,0.0,1.0,1.0,0.0,0.0,0.2538,1.0514,,,,,,,,,,,,,,,,,,,,,0.0,1.0,,,,,,,,0.0,0.0,6092.0,220.858,0.135018,945.0634,1185.0272,7.0,0.2538,10.0,0.3625,6.0,37.0,1.3414,8278,4626,167.71,0.190465,8050.0,,,143.0,39.0,104.0,,,5.1843,3265.0,2828.0,53.0,2837.0,3056.0,53.0,428.0,-228.0,0.0,1.0,2.0,1.0,0.0,2.0,1.0,5221.0,5639.0,96.0,4487.0,5556.0,91.0,734.0,83.0,5.0,1.0,2.0,1.0,0.0,2.0,1.0,6535.0,7457.0,122.0,6578.0,8714.0,127.0,-43.0,-1257.0,-5.0,1.0,3.0,1.0,0.0,7.0,1.0,7748.0,8797.0,137.0,8461.0,12255.0,149.0,-713.0,-3458.0,-12.0,1.0,5.0,2.0,0.0,14.0,1.0
ESPORTSTMNT04_2694220,complete,,EM,2023,Summer,0,2023-08-15 15:56:30,1,13.14,8,Red,mid,NOMA,oe:player:a0768d89dec26206b95179ad9a1c08d,White Dragons,oe:team:6468029fb605bd6fdf1cf866e890739,Azir,Aatrox,Rakan,Yone,Rumble,Xayah,,,,,,1655,0,1,7,4,7,22,0.0,0.0,0.0,0.0,1.0,0.0,1.0,0.0,0.2538,1.0514,,,,,,,,,,,,,,,,,,,,,0.0,0.0,,,,,,,,0.0,1.0,15901.0,576.4713,0.352416,733.4139,495.4079,8.0,0.29,6.0,0.2175,2.0,34.0,1.2326,8643,4991,180.9426,0.205492,8650.0,,,198.0,194.0,4.0,,,7.1782,3324.0,4841.0,85.0,3791.0,4504.0,77.0,-467.0,337.0,8.0,0.0,3.0,1.0,2.0,1.0,1.0,4887.0,7230.0,128.0,6227.0,7840.0,126.0,-1340.0,-610.0,2.0,0.0,3.0,2.0,3.0,1.0,1.0,6821.0,8942.0,161.0,9946.0,10059.0,170.0,-3125.0,-1117.0,-9.0,1.0,3.0,4.0,7.0,2.0,1.0,8089.0,10534.0,188.0,13690.0,13213.0,214.0,-5601.0,-2679.0,-26.0,1.0,4.0,6.0,11.0,5.0,2.0
ESPORTSTMNT04_2694220,complete,,EM,2023,Summer,0,2023-08-15 15:56:30,1,13.14,9,Red,bot,Worst,oe:player:4f4e71938a105fe72bd18788fe53d40,White Dragons,oe:team:6468029fb605bd6fdf1cf866e890739,Miss Fortune,Aatrox,Rakan,Yone,Rumble,Xayah,,,,,,1655,0,4,3,2,7,22,1.0,0.0,0.0,0.0,0.0,0.0,0.0,0.0,0.2538,1.0514,,,,,,,,,,,,,,,,,,,,,0.0,0.0,,,,,,,,0.0,2.0,13483.0,488.8097,0.298825,347.9275,143.0574,10.0,0.3625,4.0,0.145,0.0,17.0,0.6163,10619,6967,252.5801,0.286846,10750.0,,,226.0,226.0,0.0,,,8.1934,3927.0,3513.0,88.0,3247.0,3353.0,87.0,680.0,160.0,1.0,2.0,0.0,0.0,0.0,0.0,0.0,5759.0,5336.0,137.0,5409.0,5824.0,144.0,350.0,-488.0,-7.0,2.0,0.0,0.0,0.0,0.0,0.0,7442.0,6676.0,175.0,7953.0,7963.0,191.0,-511.0,-1287.0,-16.0,2.0,1.0,1.0,1.0,4.0,0.0,9180.0,8226.0,204.0,10542.0,11232.0,224.0,-1362.0,-3006.0,-20.0,3.0,2.0,2.0,3.0,6.0,0.0
ESPORTSTMNT04_2694220,complete,,EM,2023,Summer,0,2023-08-15 15:56:30,1,13.14,10,Red,sup,Calmsky,oe:player:f32776bb3b0bfb1cd3261868df4dfce,White Dragons,oe:team:6468029fb605bd6fdf1cf866e890739,Leona,Aatrox,Rakan,Yone,Rumble,Xayah,,,,,,1655,0,0,6,6,7,22,0.0,0.0,0.0,0.0,1.0,0.0,1.0,0.0,0.2538,1.0514,,,,,,,,,,,,,,,,,,,,,0.0,0.0,,,,,,,,0.0,0.0,3216.0,116.5921,0.0712766,611.71,751.7946,33.0,1.1964,12.0,0.435,10.0,81.0,2.9366,5978,2326,84.3263,0.0957717,5825.0,,,38.0,38.0,0.0,,,1.3776,2181.0,2580.0,13.0,2390.0,2642.0,12.0,-209.0,-62.0,1.0,0.0,3.0,1.0,1.0,2.0,1.0,3540.0,4255.0,27.0,3304.0,3623.0,17.0,236.0,632.0,10.0,0.0,3.0,1.0,1.0,2.0,1.0,4450.0,5254.0,29.0,4594.0,5625.0,24.0,-144.0,-371.0,5.0,0.0,4.0,3.0,1.0,7.0,2.0,5457.0,6088.0,34.0,5877.0,7099.0,27.0,-420.0,-1011.0,7.0,0.0,5.0,5.0,1.0,9.0,3.0
ESPORTSTMNT04_2694220,complete,,EM,2023,Summer,0,2023-08-15 15:56:30,1,13.14,100,Blue,team,,,Entropiq,oe:team:06554c70cfe8a6be14b004b3c18abe6,,Poppy,Maokai,Neeko,Jayce,Renekton,Rell,Ivern,Tristana,Kai'Sa,Ornn,1655,1,22,7,63,22,7,5.0,2.0,0.0,0.0,0.0,,,,0.7976,1.0514,1.0,2.0,1.0,2.0,1.0,1.0,1.0,0.0,0.0,0.0,0.0,,0.0,0.0,0.0,1.0,1.0,,,1.0,1.0,0.0,1.0,11.0,2.0,1.0,1.0,5.0,4.0,3.0,0.0,77716.0,2817.4985,,2182.2236,2360.3384,95.0,3.4441,26.0,0.9426,36.0,212.0,7.6858,56985,38726,1403.9637,,46200.0,0.0881356,1.51,,713.0,166.0,,,31.8671,15755.0,18540.0,323.0,16068.0,18562.0,327.0,-313.0,-22.0,-4.0,3.0,8.0,3.0,3.0,10.0,3.0,24715.0,30579.0,526.0,24530.0,30065.0,527.0,185.0,514.0,-1.0,4.0,8.0,3.0,3.0,10.0,4.0,35872.0,42424.0,686.0,31799.0,38125.0,661.0,4073.0,4299.0,25.0,9.0,28.0,4.0,4.0,14.0,9.0,47737.0,56880.0,809.0,39064.0,44427.0,744.0,8673.0,12453.0,65.0,16.0,48.0,6.0,6.0,20.0,16.0
ESPORTSTMNT04_2694220,complete,,EM,2023,Summer,0,2023-08-15 15:56:30,1,13.14,200,Red,team,,,White Dragons,oe:team:6468029fb605bd6fdf1cf866e890739,,Aatrox,Rakan,Yone,Rumble,Xayah,Miss Fortune,Sejuani,Leona,Azir,K'Sante,1655,0,7,22,23,7,22,1.0,0.0,0.0,0.0,1.0,,,,0.2538,1.0514,0.0,1.0,2.0,1.0,2.0,0.0,0.0,0.0,0.0,1.0,0.0,,0.0,0.0,1.0,1.0,1.0,,,0.0,0.0,1.0,0.0,2.0,11.0,0.0,0.0,4.0,5.0,0.0,3.0,45120.0,1635.7704,,3468.8338,3700.568,69.0,2.5015,36.0,1.3051,21.0,194.0,7.0332,42548,24289,880.568,,42300.0,-0.0881356,-1.51,,681.0,108.0,,,28.6042,16068.0,18562.0,327.0,15755.0,18540.0,323.0,313.0,22.0,4.0,3.0,10.0,3.0,3.0,8.0,3.0,24530.0,30065.0,527.0,24715.0,30579.0,526.0,-185.0,-514.0,1.0,3.0,10.0,4.0,4.0,8.0,3.0,31799.0,38125.0,661.0,35872.0,42424.0,686.0,-4073.0,-4299.0,-25.0,4.0,14.0,9.0,9.0,28.0,4.0,39064.0,44427.0,744.0,47737.0,56880.0,809.0,-8673.0,-12453.0,-65.0,6.0,20.0,16.0,16.0,48.0,6.0
ESPORTSTMNT04_2694222,complete,,EM,2023,Summer,0,2023-08-15 15:58:39,1,13.14,1,Blue,top,Juzu,oe:player:a61da83af5e3738845fa6dd56e1d41a,Anubis Gaming,oe:team:f2094ae60f9b1f3b6a17ad88ad75fc1,K'Sante,Maokai,Tristana,Jayce,Karma,Braum,,,,,,2552,1,3,4,17,31,25,0.0,0.0,0.0,0.0,0.0,0.0,0.0,0.0,0.7288,1.3166,,,,,,,,,,,,,,,,,,,,,0.0,0.0,,,,,,,,0.0,0.0,25358.0,596.1912,0.144474,837.3433,1594.4436,11.0,0.2586,4.0,0.094,6.0,37.0,0.8699,15875,10393,244.3495,0.18294,14600.0,,,282.0,274.0,8.0,,,6.6301,3440.0,5022.0,80.0,3156.0,4565.0,81.0,284.0,457.0,-1.0,0.0,1.0,0.0,0.0,0.0,1.0,5659.0,7854.0,136.0,4669.0,7631.0,127.0,990.0,223.0,9.0,0.0,2.0,1.0,0.0,0.0,1.0,7676.0,10890.0,186.0,6568.0,10169.0,173.0,1108.0,721.0,13.0,0.0,5.0,1.0,0.0,1.0,3.0,9606.0,12808.0,209.0,9093.0,14171.0,213.0,513.0,-1363.0,-4.0,1.0,8.0,2.0,1.0,4.0,4.0
ESPORTSTMNT04_2694222,complete,,EM,2023,Summer,0,2023-08-15 15:58:39,1,13.14,2,Blue,jng,Elramir,oe:player:de442faff7b7cdc0fba7d6d5caff5e1,Anubis Gaming,oe:team:f2094ae60f9b1f3b6a17ad88ad75fc1,Viego,Maokai,Tristana,Jayce,Karma,Braum,,,,,,2552,1,5,6,12,31,25,0.0,0.0,0.0,0.0,0.0,0.0,0.0,0.0,0.7288,1.3166,,,,,,,,,,,,,,,,,,,,,0.0,2.0,,,,,,,,0.0,0.0,21990.0,517.0063,0.125286,1094.0596,1411.1755,12.0,0.2821,10.0,0.2351,23.0,58.0,1.3636,16323,10841,254.8824,0.190826,13608.0,,,274.0,47.0,227.0,,,6.442,3421.0,3050.0,56.0,3068.0,2791.0,57.0,353.0,259.0,-1.0,1.0,1.0,1.0,0.0,2.0,0.0,5402.0,5780.0,97.0,4500.0,4731.0,88.0,902.0,1049.0,9.0,1.0,3.0,1.0,0.0,3.0,1.0,7365.0,8490.0,139.0,5974.0,6947.0,107.0,1391.0,1543.0,32.0,1.0,5.0,2.0,0.0,4.0,2.0,8750.0,10763.0,167.0,8050.0,9914.0,123.0,700.0,849.0,44.0,1.0,7.0,4.0,1.0,8.0,4.0
ESPORTSTMNT04_2694222,complete,,EM,2023,Summer,0,2023-08-15 15:58:39,1,13.14,3,Blue,mid,Cipher,oe:player:c8ef68c0fce4f4bfe0219809473d365,Anubis Gaming,oe:team:f2094ae60f9b1f3b6a17ad88ad75fc1,LeBlanc,Maokai,Tristana,Jayce,Karma,Braum,,,,,,2552,1,12,4,8,31,25,0.0,0.0,0.0,0.0,0.0,0.0,0.0,0.0,0.7288,1.3166,,,,,,,,,,,,,,,,,,,,,0.0,1.0,,,,,,,,0.0,0.0,64432.0,1514.8589,0.367094,1054.1379,609.2163,8.0,0.1881,22.0,0.5172,5.0,64.0,1.5047,19965,14483,340.5094,0.254931,18715.0,,,329.0,325.0,4.0,,,7.7351,3880.0,4404.0,79.0,3667.0,4416.0,75.0,213.0,-12.0,4.0,2.0,0.0,0.0,2.0,0.0,0.0,6665.0,7562.0,125.0,5343.0,6740.0,121.0,1322.0,822.0,4.0,4.0,0.0,0.0,2.0,1.0,1.0,8053.0,9061.0,150.0,8506.0,9354.0,159.0,-453.0,-293.0,-9.0,4.0,2.0,3.0,4.0,2.0,1.0,11103.0,11655.0,183.0,11651.0,12448.0,191.0,-548.0,-793.0,-8.0,8.0,3.0,3.0,6.0,5.0,3.0
ESPORTSTMNT04_2694222,complete,,EM,2023,Summer,0,2023-08-15 15:58:39,1,13.14,4,Blue,bot,san1,oe:player:f581f857e43aea4c5b241874f8a4394,Anubis Gaming,oe:team:f2094ae60f9b1f3b6a17ad88ad75fc1,Xayah,Maokai,Tristana,Jayce,Karma,Braum,,,,,,2552,1,10,6,11,31,25,2.0,0.0,0.0,0.0,0.0,0.0,0.0,0.0,0.7288,1.3166,,,,,,,,,,,,,,,,,,,,,0.0,0.0,,,,,,,,1.0,0.0,56673.0,1332.4373,0.322888,736.1285,380.4781,17.0,0.3997,13.0,0.3056,6.0,63.0,1.4812,20811,15329,360.3997,0.269823,19530.0,,,416.0,350.0,66.0,,,9.7806,3220.0,3639.0,81.0,4402.0,3552.0,67.0,-1182.0,87.0,14.0,0.0,1.0,2.0,4.0,0.0,2.0,6360.0,5906.0,134.0,5782.0,5415.0,102.0,578.0,491.0,32.0,2.0,1.0,2.0,4.0,0.0,4.0,9348.0,8870.0,194.0,8609.0,7930.0,143.0,739.0,940.0,51.0,5.0,1.0,2.0,6.0,0.0,4.0,11256.0,11537.0,229.0,11156.0,11121.0,186.0,100.0,416.0,43.0,6.0,5.0,4.0,7.0,1.0,5.0
ESPORTSTMNT04_2694222,complete,,EM,2023,Summer,0,2023-08-15 15:58:39,1,13.14,5,Blue,sup,Mishal,oe:player:72afadf3f4701a666860c0c442b08f5,Anubis Gaming,oe:team:f2094ae60f9b1f3b6a17ad88ad75fc1,Rell,Maokai,Tristana,Jayce,Karma,Braum,,,,,,2552,1,1,5,22,31,25,0.0,0.0,0.0,0.0,0.0,0.0,0.0,1.0,0.7288,1.3166,,,,,,,,,,,,,,,,,,,,,0.0,0.0,,,,,,,,0.0,0.0,7066.0,166.1285,0.0402577,521.732,760.627,76.0,1.7868,26.0,0.6113,15.0,180.0,4.232,11247,5765,135.5408,0.10148,10450.0,,,62.0,62.0,0.0,,,1.4577,2368.0,1978.0,13.0,2735.0,1667.0,12.0,-367.0,311.0,1.0,1.0,1.0,3.0,0.0,5.0,1.0,3743.0,3596.0,24.0,4121.0,3361.0,21.0,-378.0,235.0,3.0,1.0,3.0,3.0,1.0,5.0,1.0,5103.0,5496.0,31.0,5682.0,5576.0,29.0,-579.0,-80.0,2.0,1.0,6.0,3.0,1.0,8.0,1.0,6455.0,7716.0,36.0,7319.0,7856.0,32.0,-864.0,-140.0,4.0,1.0,12.0,4.0,2.0,11.0,1.0
ESPORTSTMNT04_2694222,complete,,EM,2023,Summer,0,2023-08-15 15:58:39,1,13.14,6,Red,top,Ryuto,oe:player:6d4cd67512d152a71a44885dab1ac15,BRUTE,oe:team:ddb6aa775eebeffd5cc41ba5c35c6a1,Renekton,Ivern,Rumble,Kai'Sa,Trundle,Rakan,,,,,,2552,0,1,8,6,25,31,0.0,0.0,0.0,0.0,0.0,0.0,0.0,0.0,0.5878,1.3166,,,,,,,,,,,,,,,,,,,,,0.0,0.0,,,,,,,,0.0,0.0,19133.0,449.8354,0.13389,1488.127,1540.8621,24.0,0.5643,9.0,0.2116,12.0,62.0,1.4577,14480,8998,211.5517,0.173748,14250.0,,,302.0,294.0,8.0,,,7.1003,3156.0,4565.0,81.0,3440.0,5022.0,80.0,-284.0,-457.0,1.0,0.0,0.0,1.0,0.0,1.0,0.0,4669.0,7631.0,127.0,5659.0,7854.0,136.0,-990.0,-223.0,-9.0,0.0,0.0,1.0,0.0,2.0,1.0,6568.0,10169.0,173.0,7676.0,10890.0,186.0,-1108.0,-721.0,-13.0,0.0,1.0,3.0,0.0,5.0,1.0,9093.0,14171.0,213.0,9606.0,12808.0,209.0,-513.0,1363.0,4.0,1.0,4.0,4.0,1.0,8.0,2.0
ESPORTSTMNT04_2694222,complete,,EM,2023,Summer,0,2023-08-15 15:58:39,1,13.14,7,Red,jng,eaRyz,oe:player:a0cff4167fb5c141dd41760bcf18b6d,BRUTE,oe:team:ddb6aa775eebeffd5cc41ba5c35c6a1,Sejuani,Ivern,Rumble,Kai'Sa,Trundle,Rakan,,,,,,2552,0,2,6,10,25,31,0.0,0.0,0.0,0.0,0.0,0.0,0.0,0.0,0.5878,1.3166,,,,,,,,,,,,,,,,,,,,,2.0,0.0,,,,,,,,0.0,0.0,14682.0,345.1881,0.102742,1090.8856,1920.2821,20.0,0.4702,20.0,0.4702,19.0,79.0,1.8574,13465,7983,187.6881,0.154149,12225.0,,,186.0,58.0,128.0,,,4.373,3068.0,2791.0,57.0,3421.0,3050.0,56.0,-353.0,-259.0,1.0,0.0,2.0,0.0,1.0,1.0,1.0,4500.0,4731.0,88.0,5402.0,5780.0,97.0,-902.0,-1049.0,-9.0,0.0,3.0,1.0,1.0,3.0,1.0,5974.0,6947.0,107.0,7365.0,8490.0,139.0,-1391.0,-1543.0,-32.0,0.0,4.0,2.0,1.0,5.0,2.0,8050.0,9914.0,123.0,8750.0,10763.0,167.0,-700.0,-849.0,-44.0,1.0,8.0,4.0,1.0,7.0,4.0
ESPORTSTMNT04_2694222,complete,,EM,2023,Summer,0,2023-08-15 15:58:39,1,13.14,8,Red,mid,Silk,oe:player:5d4533491a34d8306436b20deddc4d3,BRUTE,oe:team:ddb6aa775eebeffd5cc41ba5c35c6a1,Azir,Ivern,Rumble,Kai'Sa,Trundle,Rakan,,,,,,2552,0,11,6,7,25,31,2.0,1.0,0.0,0.0,0.0,0.0,0.0,0.0,0.5878,1.3166,,,,,,,,,,,,,,,,,,,,,1.0,0.0,,,,,,,,0.0,0.0,51720.0,1215.9875,0.361929,738.5737,593.5345,17.0,0.3997,17.0,0.3997,5.0,58.0,1.3636,20531,15049,353.8166,0.290586,19775.0,,,333.0,309.0,24.0,,,7.8292,3667.0,4416.0,75.0,3880.0,4404.0,79.0,-213.0,12.0,-4.0,2.0,0.0,0.0,2.0,0.0,0.0,5343.0,6740.0,121.0,6665.0,7562.0,125.0,-1322.0,-822.0,-4.0,2.0,1.0,1.0,4.0,0.0,0.0,8506.0,9354.0,159.0,8053.0,9061.0,150.0,453.0,293.0,9.0,4.0,2.0,1.0,4.0,2.0,3.0,11651.0,12448.0,191.0,11103.0,11655.0,183.0,548.0,793.0,8.0,6.0,5.0,3.0,8.0,3.0,3.0
ESPORTSTMNT04_2694222,complete,,EM,2023,Summer,0,2023-08-15 15:58:39,1,13.14,9,Red,bot,raining,oe:player:ffa7f50db949da3f7ccec7e2c4ec4c6,BRUTE,oe:team:ddb6aa775eebeffd5cc41ba5c35c6a1,Ezreal,Ivern,Rumble,Kai'Sa,Trundle,Rakan,,,,,,2552,0,8,8,6,25,31,1.0,0.0,0.0,0.0,1.0,1.0,0.0,0.0,0.5878,1.3166,,,,,,,,,,,,,,,,,,,,,0.0,0.0,,,,,,,,0.0,1.0,44428.0,1044.5455,0.310901,777.4138,422.3746,18.0,0.4232,1.0,0.0235,2.0,29.0,0.6818,18156,12674,297.9781,0.244727,17500.0,,,318.0,278.0,40.0,,,7.4765,4402.0,3552.0,67.0,3220.0,3639.0,81.0,1182.0,-87.0,-14.0,4.0,0.0,2.0,0.0,1.0,2.0,5782.0,5415.0,102.0,6360.0,5906.0,134.0,-578.0,-491.0,-32.0,4.0,0.0,4.0,2.0,1.0,2.0,8609.0,7930.0,143.0,9348.0,8870.0,194.0,-739.0,-940.0,-51.0,6.0,0.0,4.0,5.0,1.0,2.0,11156.0,11121.0,186.0,11256.0,11537.0,229.0,-100.0,-416.0,-43.0,7.0,1.0,5.0,6.0,5.0,4.0
ESPORTSTMNT04_2694222,complete,,EM,2023,Summer,0,2023-08-15 15:58:39,1,13.14,10,Red,sup,Peto,oe:player:3b32fe34a610a6a7e433b0741923b96,BRUTE,oe:team:ddb6aa775eebeffd5cc41ba5c35c6a1,Poppy,Ivern,Rumble,Kai'Sa,Trundle,Rakan,,,,,,2552,0,3,3,18,25,31,0.0,0.0,0.0,0.0,1.0,0.0,1.0,0.0,0.5878,1.3166,,,,,,,,,,,,,,,,,,,,,0.0,0.0,,,,,,,,0.0,0.0,12938.0,304.185,0.0905382,738.6677,959.906,70.0,1.6458,17.0,0.3997,17.0,143.0,3.3621,12566,7084,166.5517,0.13679,11300.0,,,40.0,40.0,0.0,,,0.9404,2735.0,1667.0,12.0,2368.0,1978.0,13.0,367.0,-311.0,-1.0,0.0,5.0,1.0,1.0,1.0,3.0,4121.0,3361.0,21.0,3743.0,3596.0,24.0,378.0,-235.0,-3.0,1.0,5.0,1.0,1.0,3.0,3.0,5682.0,5576.0,29.0,5103.0,5496.0,31.0,579.0,80.0,-2.0,1.0,8.0,1.0,1.0,6.0,3.0,7319.0,7856.0,32.0,6455.0,7716.0,36.0,864.0,140.0,-4.0,2.0,11.0,1.0,1.0,12.0,4.0
ESPORTSTMNT04_2694222,complete,,EM,2023,Summer,0,2023-08-15 15:58:39,1,13.14,100,Blue,team,,,Anubis Gaming,oe:team:f2094ae60f9b1f3b6a17ad88ad75fc1,,Maokai,Tristana,Jayce,Karma,Braum,Rell,Xayah,K'Sante,LeBlanc,Viego,2552,1,31,25,70,31,25,2.0,0.0,0.0,0.0,0.0,,,,0.7288,1.3166,1.0,3.0,4.0,2.0,4.0,0.0,1.0,1.0,0.0,0.0,0.0,,1.0,0.0,1.0,2.0,0.0,,,0.0,0.0,3.0,1.0,9.0,5.0,1.0,1.0,9.0,2.0,1.0,0.0,175519.0,4126.6223,,4243.4013,4755.9404,124.0,2.9154,75.0,1.7633,55.0,402.0,9.4514,84221,56813,1335.7288,,76903.0,0.0243891,0.86,,1058.0,305.0,,,32.0455,16329.0,18093.0,309.0,17028.0,16991.0,292.0,-699.0,1102.0,17.0,4.0,4.0,6.0,6.0,7.0,4.0,27829.0,30698.0,516.0,24415.0,27878.0,459.0,3414.0,2820.0,57.0,8.0,9.0,7.0,7.0,9.0,8.0,37545.0,42807.0,700.0,35339.0,39976.0,611.0,2206.0,2831.0,89.0,11.0,19.0,11.0,11.0,15.0,11.0,47170.0,54479.0,824.0,47269.0,55510.0,745.0,-99.0,-1031.0,79.0,17.0,35.0,17.0,17.0,29.0,17.0
ESPORTSTMNT04_2694222,complete,,EM,2023,Summer,0,2023-08-15 15:58:39,1,13.14,200,Red,team,,,BRUTE,oe:team:ddb6aa775eebeffd5cc41ba5c35c6a1,,Ivern,Rumble,Kai'Sa,Trundle,Rakan,Sejuani,Renekton,Ezreal,Azir,Poppy,2552,0,25,31,47,25,31,3.0,1.0,0.0,0.0,1.0,,,,0.5878,1.3166,0.0,4.0,3.0,4.0,2.0,0.0,0.0,3.0,0.0,1.0,0.0,,0.0,1.0,0.0,0.0,2.0,,,1.0,3.0,0.0,0.0,5.0,9.0,0.0,0.0,2.0,9.0,0.0,1.0,142901.0,3359.7414,,4833.6677,5436.9592,149.0,3.5031,64.0,1.5047,55.0,371.0,8.7226,79198,51790,1217.6332,,75050.0,-0.0243891,-0.86,,979.0,200.0,,,27.7194,17028.0,16991.0,292.0,16329.0,18093.0,309.0,699.0,-1102.0,-17.0,6.0,7.0,4.0,4.0,4.0,6.0,24415.0,27878.0,459.0,27829.0,30698.0,516.0,-3414.0,-2820.0,-57.0,7.0,9.0,8.0,8.0,9.0,7.0,35339.0,39976.0,611.0,37545.0,42807.0,700.0,-2206.0,-2831.0,-89.0,11.0,15.0,11.0,11.0,19.0,11.0,47269.0,55510.0,745.0,47170.0,54479.0,824.0,99.0,1031.0,-79.0,17.0,29.0,17.0,17.0,35.0,17.0
ESPORTSTMNT04_2692269,complete,,EM,2023,Summer,0,2023-08-15 16:49:13,1,13.14,1,Blue,top,Zhergoth,oe:player:368db8366e1e5de655938dd9f8296dc,Team 7AM,oe:team:fc3d0bdc84e08efc1b6623448e64c15,Renekton,Aatrox,Rell,Sejuani,Braum,Ornn,,,,,,1762,0,2,6,4,14,28,0.0,0.0,0.0,0.0,0.0,0.0,0.0,0.0,0.4767,1.4302,,,,,,,,,,,,,,,,,,,,,0.0,0.0,,,,,,,,0.0,0.0,14577.0,496.3791,0.231256,1418.7174,964.4268,12.0,0.4086,4.0,0.1362,3.0,25.0,0.8513,10874,7004,238.5017,0.220557,9625.0,,,247.0,247.0,0.0,,,8.4109,3258.0,4958.0,91.0,2919.0,4959.0,73.0,339.0,-1.0,18.0,0.0,0.0,0.0,0.0,0.0,0.0,5449.0,7856.0,146.0,4770.0,8037.0,126.0,679.0,-181.0,20.0,0.0,0.0,0.0,0.0,1.0,0.0,7603.0,10990.0,203.0,6913.0,11008.0,176.0,690.0,-18.0,27.0,0.0,1.0,1.0,0.0,2.0,0.0,9556.0,13313.0,240.0,8788.0,13775.0,184.0,768.0,-462.0,56.0,1.0,2.0,3.0,0.0,11.0,1.0
ESPORTSTMNT04_2692269,complete,,EM,2023,Summer,0,2023-08-15 16:49:13,1,13.14,2,Blue,jng,Julbu,oe:player:fd78e127e45463dcfc2ea3836af0335,Team 7AM,oe:team:fc3d0bdc84e08efc1b6623448e64c15,Gragas,Aatrox,Rell,Sejuani,Braum,Ornn,,,,,,1762,0,3,4,7,14,28,0.0,0.0,0.0,0.0,0.0,0.0,0.0,0.0,0.4767,1.4302,,,,,,,,,,,,,,,,,,,,,0.0,2.0,,,,,,,,0.0,0.0,15852.0,539.7957,0.251483,959.8638,622.7469,9.0,0.3065,7.0,0.2384,8.0,43.0,1.4642,11603,7733,263.3258,0.243514,11750.0,,,146.0,26.0,120.0,,,4.9716,2906.0,2953.0,51.0,3267.0,3048.0,66.0,-361.0,-95.0,-15.0,0.0,1.0,0.0,0.0,1.0,0.0,5009.0,5459.0,92.0,5448.0,5508.0,101.0,-439.0,-49.0,-9.0,0.0,1.0,0.0,1.0,1.0,0.0,6998.0,7955.0,120.0,7194.0,7682.0,133.0,-196.0,273.0,-13.0,0.0,2.0,1.0,1.0,2.0,1.0,10110.0,10391.0,133.0,9777.0,11719.0,148.0,333.0,-1328.0,-15.0,3.0,4.0,3.0,3.0,8.0,2.0
ESPORTSTMNT04_2692269,complete,,EM,2023,Summer,0,2023-08-15 16:49:13,1,13.14,3,Blue,mid,Erolle,oe:player:33f41da3cc793a226c6d42474e3cd95,Team 7AM,oe:team:fc3d0bdc84e08efc1b6623448e64c15,Cassiopeia,Aatrox,Rell,Sejuani,Braum,Ornn,,,,,,1762,0,1,8,3,14,28,0.0,0.0,0.0,0.0,0.0,0.0,0.0,1.0,0.4767,1.4302,,,,,,,,,,,,,,,,,,,,,0.0,0.0,,,,,,,,0.0,1.0,11817.0,402.395,0.18747,747.5142,322.9852,11.0,0.3746,4.0,0.1362,3.0,22.0,0.7491,9386,5516,187.832,0.173699,8835.0,,,186.0,186.0,0.0,,,6.3337,2918.0,4313.0,71.0,3941.0,4480.0,80.0,-1023.0,-167.0,-9.0,0.0,0.0,2.0,2.0,0.0,1.0,4439.0,6705.0,113.0,6111.0,7645.0,139.0,-1672.0,-940.0,-26.0,0.0,0.0,3.0,3.0,0.0,1.0,6464.0,9356.0,158.0,9153.0,11396.0,197.0,-2689.0,-2040.0,-39.0,0.0,0.0,4.0,4.0,1.0,1.0,7460.0,10873.0,168.0,12436.0,14582.0,219.0,-4976.0,-3709.0,-51.0,0.0,3.0,7.0,9.0,3.0,2.0
ESPORTSTMNT04_2692269,complete,,EM,2023,Summer,0,2023-08-15 16:49:13,1,13.14,4,Blue,bot,FlickeR,oe:player:f35ed031a08d7393374d2f921d754c9,Team 7AM,oe:team:fc3d0bdc84e08efc1b6623448e64c15,Tristana,Aatrox,Rell,Sejuani,Braum,Ornn,,,,,,1762,0,7,5,3,14,28,0.0,0.0,0.0,0.0,0.0,0.0,0.0,0.0,0.4767,1.4302,,,,,,,,,,,,,,,,,,,,,0.0,0.0,,,,,,,,0.0,0.0,17865.0,608.3428,0.283418,711.6572,301.3961,9.0,0.3065,10.0,0.3405,1.0,33.0,1.1237,12716,8846,301.2259,0.278563,12225.0,,,240.0,224.0,16.0,,,8.1725,4260.0,2935.0,77.0,3345.0,3193.0,82.0,915.0,-258.0,-5.0,3.0,1.0,0.0,0.0,0.0,2.0,6869.0,5621.0,128.0,5578.0,5805.0,135.0,1291.0,-184.0,-7.0,4.0,1.0,1.0,0.0,1.0,3.0,9131.0,7561.0,179.0,8327.0,8652.0,185.0,804.0,-1091.0,-6.0,5.0,1.0,1.0,2.0,1.0,3.0,10888.0,9375.0,209.0,12162.0,11593.0,219.0,-1274.0,-2218.0,-10.0,6.0,2.0,4.0,7.0,3.0,4.0
ESPORTSTMNT04_2692269,complete,,EM,2023,Summer,0,2023-08-15 16:49:13,1,13.14,5,Blue,sup,KINGPIN,oe:player:4fca9f76fb87127e7bb220b11debdde,Team 7AM,oe:team:fc3d0bdc84e08efc1b6623448e64c15,Leona,Aatrox,Rell,Sejuani,Braum,Ornn,,,,,,1762,0,1,5,6,14,28,0.0,0.0,0.0,0.0,0.0,0.0,0.0,0.0,0.4767,1.4302,,,,,,,,,,,,,,,,,,,,,0.0,0.0,,,,,,,,0.0,1.0,2923.0,99.5346,0.0463718,549.7049,637.832,36.0,1.2259,12.0,0.4086,13.0,82.0,2.7923,6527,2657,90.4767,0.0836678,6075.0,,,32.0,32.0,0.0,,,1.0897,2858.0,2748.0,17.0,2162.0,2867.0,19.0,696.0,-119.0,-2.0,1.0,3.0,0.0,0.0,0.0,1.0,3826.0,3421.0,23.0,3134.0,3852.0,26.0,692.0,-431.0,-3.0,1.0,3.0,0.0,0.0,1.0,1.0,4928.0,4521.0,28.0,4248.0,5434.0,34.0,680.0,-913.0,-6.0,1.0,3.0,0.0,0.0,1.0,1.0,5840.0,6603.0,31.0,6024.0,8364.0,35.0,-184.0,-1761.0,-4.0,1.0,5.0,3.0,1.0,6.0,2.0
ESPORTSTMNT04_2692269,complete,,EM,2023,Summer,0,2023-08-15 16:49:13,1,13.14,6,Red,top,Robocop,oe:player:bf0fcdb863d11c4f6e7802f434de734,Entropiq,oe:team:06554c70cfe8a6be14b004b3c18abe6,Malphite,Rumble,Maokai,Ivern,Draven,Kalista,,,,,,1762,1,2,1,11,28,14,0.0,0.0,0.0,0.0,0.0,0.0,0.0,0.0,0.9535,1.4302,,,,,,,,,,,,,,,,,,,,,0.0,0.0,,,,,,,,0.0,0.0,16430.0,559.4779,0.15736,626.4926,1347.9909,20.0,0.681,1.0,0.0341,10.0,32.0,1.0897,10590,6720,228.8309,0.169568,10000.0,,,202.0,202.0,0.0,,,6.8785,2919.0,4959.0,73.0,3258.0,4958.0,91.0,-339.0,1.0,-18.0,0.0,0.0,0.0,0.0,0.0,0.0,4770.0,8037.0,126.0,5449.0,7856.0,146.0,-679.0,181.0,-20.0,0.0,1.0,0.0,0.0,0.0,0.0,6913.0,11008.0,176.0,7603.0,10990.0,203.0,-690.0,18.0,-27.0,0.0,2.0,0.0,0.0,1.0,1.0,8788.0,13775.0,184.0,9556.0,13313.0,240.0,-768.0,462.0,-56.0,0.0,11.0,1.0,1.0,2.0,3.0
ESPORTSTMNT04_2692269,complete,,EM,2023,Summer,0,2023-08-15 16:49:13,1,13.14,7,Red,jng,Zicssi,oe:player:060e16e1c91434827c294bac52e8b47,Entropiq,oe:team:06554c70cfe8a6be14b004b3c18abe6,Poppy,Rumble,Maokai,Ivern,Draven,Kalista,,,,,,1762,1,4,2,9,28,14,0.0,0.0,0.0,0.0,1.0,0.0,1.0,0.0,0.9535,1.4302,,,,,,,,,,,,,,,,,,,,,2.0,0.0,,,,,,,,0.0,0.0,11410.0,388.5358,0.109281,915.9364,1827.8207,8.0,0.2724,7.0,0.2384,7.0,36.0,1.2259,11369,7499,255.3575,0.189225,10725.0,,,163.0,23.0,140.0,,,5.5505,3267.0,3048.0,66.0,2906.0,2953.0,51.0,361.0,95.0,15.0,0.0,1.0,0.0,0.0,1.0,0.0,5448.0,5508.0,101.0,5009.0,5459.0,92.0,439.0,49.0,9.0,1.0,1.0,0.0,0.0,1.0,0.0,7194.0,7682.0,133.0,6998.0,7955.0,120.0,196.0,-273.0,13.0,1.0,2.0,1.0,0.0,2.0,1.0,9777.0,11719.0,148.0,10110.0,10391.0,133.0,-333.0,1328.0,15.0,3.0,8.0,2.0,3.0,4.0,3.0
ESPORTSTMNT04_2692269,complete,,EM,2023,Summer,0,2023-08-15 16:49:13,1,13.14,8,Red,mid,Jackies,oe:player:204746c853a12888ad72d8035cdf8c7,Entropiq,oe:team:06554c70cfe8a6be14b004b3c18abe6,Jayce,Rumble,Maokai,Ivern,Draven,Kalista,,,,,,1762,1,11,4,9,28,14,2.0,1.0,0.0,0.0,1.0,1.0,0.0,0.0,0.9535,1.4302,,,,,,,,,,,,,,,,,,,,,0.0,0.0,,,,,,,,1.0,0.0,40597.0,1382.4177,0.388823,602.4858,510.647,13.0,0.4427,5.0,0.1703,4.0,30.0,1.0216,14872,11002,374.6425,0.277619,14250.0,,,233.0,225.0,8.0,,,7.9342,3941.0,4480.0,80.0,2918.0,4313.0,71.0,1023.0,167.0,9.0,2.0,0.0,1.0,0.0,0.0,2.0,6111.0,7645.0,139.0,4439.0,6705.0,113.0,1672.0,940.0,26.0,3.0,0.0,1.0,0.0,0.0,3.0,9153.0,11396.0,197.0,6464.0,9356.0,158.0,2689.0,2040.0,39.0,4.0,1.0,1.0,0.0,0.0,4.0,12436.0,14582.0,219.0,7460.0,10873.0,168.0,4976.0,3709.0,51.0,9.0,3.0,2.0,0.0,3.0,7.0
ESPORTSTMNT04_2692269,complete,,EM,2023,Summer,0,2023-08-15 16:49:13,1,13.14,9,Red,bot,Khantos,oe:player:58cff57941b3605087bb9208b3d76d0,Entropiq,oe:team:06554c70cfe8a6be14b004b3c18abe6,Kai'Sa,Rumble,Maokai,Ivern,Draven,Kalista,,,,,,1762,1,10,4,5,28,14,2.0,0.0,0.0,0.0,0.0,0.0,0.0,0.0,0.9535,1.4302,,,,,,,,,,,,,,,,,,,,,0.0,0.0,,,,,,,,0.0,0.0,31964.0,1088.4449,0.306139,507.6163,407.1283,11.0,0.3746,5.0,0.1703,2.0,24.0,0.8173,15011,11141,379.3757,0.281126,14100.0,,,257.0,229.0,28.0,,,8.7514,3345.0,3193.0,82.0,4260.0,2935.0,77.0,-915.0,258.0,5.0,0.0,0.0,2.0,3.0,1.0,0.0,5578.0,5805.0,135.0,6869.0,5621.0,128.0,-1291.0,184.0,7.0,0.0,1.0,3.0,4.0,1.0,1.0,8327.0,8652.0,185.0,9131.0,7561.0,179.0,-804.0,1091.0,6.0,2.0,1.0,3.0,5.0,1.0,1.0,12162.0,11593.0,219.0,10888.0,9375.0,209.0,1274.0,2218.0,10.0,7.0,3.0,4.0,6.0,2.0,4.0
ESPORTSTMNT04_2692269,complete,,EM,2023,Summer,0,2023-08-15 16:49:13,1,13.14,10,Red,sup,denyk,oe:player:9adc23fff49c05d7b22cfd79ca1841d,Entropiq,oe:team:06554c70cfe8a6be14b004b3c18abe6,Nautilus,Rumble,Maokai,Ivern,Draven,Kalista,,,,,,1762,1,1,3,9,28,14,0.0,0.0,0.0,0.0,0.0,0.0,0.0,0.0,0.9535,1.4302,,,,,,,,,,,,,,,,,,,,,0.0,0.0,,,,,,,,1.0,0.0,4009.0,136.5153,0.0383967,351.1464,587.7072,43.0,1.4642,8.0,0.2724,9.0,88.0,2.9966,7138,3268,111.2826,0.0824616,6275.0,,,35.0,35.0,0.0,,,1.1918,2162.0,2867.0,19.0,2858.0,2748.0,17.0,-696.0,119.0,2.0,0.0,0.0,1.0,1.0,3.0,0.0,3134.0,3852.0,26.0,3826.0,3421.0,23.0,-692.0,431.0,3.0,0.0,1.0,1.0,1.0,3.0,0.0,4248.0,5434.0,34.0,4928.0,4521.0,28.0,-680.0,913.0,6.0,0.0,1.0,1.0,1.0,3.0,0.0,6024.0,8364.0,35.0,5840.0,6603.0,31.0,184.0,1761.0,4.0,1.0,6.0,2.0,1.0,5.0,3.0
ESPORTSTMNT04_2692269,complete,,EM,2023,Summer,0,2023-08-15 16:49:13,1,13.14,100,Blue,team,,,Team 7AM,oe:team:fc3d0bdc84e08efc1b6623448e64c15,,Aatrox,Rell,Sejuani,Braum,Ornn,Tristana,Gragas,Renekton,Leona,Cassiopeia,1762,0,14,28,23,14,28,0.0,0.0,0.0,0.0,0.0,,,,0.4767,1.4302,0.0,0.0,3.0,0.0,3.0,0.0,0.0,0.0,0.0,0.0,0.0,,0.0,0.0,1.0,2.0,0.0,,,0.0,0.0,2.0,1.0,3.0,7.0,0.0,1.0,5.0,5.0,0.0,2.0,63034.0,2146.4472,,4387.4574,2849.3871,77.0,2.622,37.0,1.2599,28.0,205.0,6.9807,51106,31756,1081.3621,,48510.0,-0.131716,-0.77,,715.0,136.0,,,28.9784,16200.0,17907.0,307.0,15634.0,18547.0,320.0,566.0,-640.0,-13.0,4.0,5.0,2.0,2.0,1.0,4.0,25592.0,29062.0,502.0,25041.0,30847.0,527.0,551.0,-1785.0,-25.0,5.0,5.0,4.0,4.0,4.0,5.0,35124.0,40383.0,688.0,35835.0,44172.0,725.0,-711.0,-3789.0,-37.0,6.0,7.0,7.0,7.0,7.0,6.0,43854.0,50555.0,781.0,49187.0,60033.0,805.0,-5333.0,-9478.0,-24.0,11.0,16.0,20.0,20.0,31.0,11.0
ESPORTSTMNT04_2692269,complete,,EM,2023,Summer,0,2023-08-15 16:49:13,1,13.14,200,Red,team,,,Entropiq,oe:team:06554c70cfe8a6be14b004b3c18abe6,,Rumble,Maokai,Ivern,Draven,Kalista,Kai'Sa,Jayce,Poppy,Nautilus,Malphite,1762,1,28,14,43,28,14,4.0,1.0,0.0,0.0,1.0,,,,0.9535,1.4302,1.0,3.0,0.0,3.0,0.0,0.0,1.0,0.0,1.0,1.0,0.0,,0.0,0.0,0.0,0.0,2.0,,,1.0,2.0,0.0,0.0,7.0,3.0,1.0,0.0,5.0,5.0,2.0,0.0,104410.0,3555.3916,,3003.6776,4681.294,95.0,3.235,26.0,0.8854,32.0,210.0,7.151,58980,39630,1349.4892,,55350.0,0.131716,0.77,,714.0,176.0,,,30.3065,15634.0,18547.0,320.0,16200.0,17907.0,307.0,-566.0,640.0,13.0,2.0,1.0,4.0,4.0,5.0,2.0,25041.0,30847.0,527.0,25592.0,29062.0,502.0,-551.0,1785.0,25.0,4.0,4.0,5.0,5.0,5.0,4.0,35835.0,44172.0,725.0,35124.0,40383.0,688.0,711.0,3789.0,37.0,7.0,7.0,6.0,6.0,7.0,7.0,49187.0,60033.0,805.0,43854.0,50555.0,781.0,5333.0,9478.0,24.0,20.0,31.0,11.0,11.0,16.0,20.0
ESPORTSTMNT04_2692270,complete,,EM,2023,Summer,0,2023-08-15 16:49:28,1,13.14,1,Blue,top,Lunddorf,oe:player:6cb2f925e1216835980ce1a01bb62f6,Partizan Esports,oe:team:e42ade212c09777da0f54bffe481f6d,Ornn,Rakan,Tristana,Rumble,Darius,Aatrox,,,,,,1800,1,0,1,15,20,4,0.0,0.0,0.0,0.0,0.0,0.0,0.0,0.0,0.6667,0.8,,,,,,,,,,,,,,,,,,,,,0.0,0.0,,,,,,,,0.0,0.0,15816.0,527.2,0.192986,911.2,1319.5333,14.0,0.4667,10.0,0.3333,7.0,40.0,1.3333,10287,6339,211.3,0.170892,9975.0,,,229.0,225.0,4.0,,,7.6333,3436.0,5079.0,91.0,3436.0,4736.0,98.0,0.0,343.0,-7.0,0.0,1.0,0.0,0.0,0.0,0.0,5083.0,7694.0,138.0,5251.0,7198.0,144.0,-168.0,496.0,-6.0,0.0,2.0,0.0,0.0,1.0,1.0,7061.0,10117.0,183.0,7005.0,9394.0,181.0,56.0,723.0,2.0,0.0,2.0,0.0,0.0,1.0,1.0,8757.0,13026.0,212.0,8262.0,11279.0,210.0,495.0,1747.0,2.0,0.0,5.0,0.0,0.0,1.0,3.0
ESPORTSTMNT04_2692270,complete,,EM,2023,Summer,0,2023-08-15 16:49:28,1,13.14,2,Blue,jng,Sn1lle,oe:player:947d42fad1e2f3afeb911e5ae3888ce,Partizan Esports,oe:team:e42ade212c09777da0f54bffe481f6d,Maokai,Rakan,Tristana,Rumble,Darius,Aatrox,,,,,,1800,1,4,2,12,20,4,0.0,0.0,0.0,0.0,0.0,0.0,0.0,0.0,0.6667,0.8,,,,,,,,,,,,,,,,,,,,,0.0,0.0,,,,,,,,0.0,0.0,16202.0,540.0667,0.197696,907.0667,895.0,8.0,0.2667,11.0,0.3667,5.0,45.0,1.5,10134,6186,206.2,0.166767,9275.0,,,142.0,17.0,125.0,,,4.7333,2777.0,2952.0,56.0,3260.0,3351.0,60.0,-483.0,-399.0,-4.0,0.0,0.0,0.0,0.0,1.0,0.0,4507.0,4845.0,88.0,4869.0,5275.0,90.0,-362.0,-430.0,-2.0,1.0,1.0,1.0,0.0,2.0,0.0,6128.0,6956.0,114.0,6641.0,7808.0,131.0,-513.0,-852.0,-17.0,1.0,1.0,1.0,0.0,2.0,0.0,7983.0,9423.0,131.0,7837.0,9090.0,152.0,146.0,333.0,-21.0,2.0,3.0,1.0,0.0,2.0,1.0
ESPORTSTMNT04_2692270,complete,,EM,2023,Summer,0,2023-08-15 16:49:28,1,13.14,3,Blue,mid,Rylle,oe:player:aa11f28607376fa521dd2625569a656,Partizan Esports,oe:team:e42ade212c09777da0f54bffe481f6d,Lucian,Rakan,Tristana,Rumble,Darius,Aatrox,,,,,,1800,1,10,0,8,20,4,2.0,1.0,0.0,0.0,0.0,0.0,0.0,0.0,0.6667,0.8,,,,,,,,,,,,,,,,,,,,,1.0,0.0,,,,,,,,1.0,0.0,22269.0,742.3,0.271726,540.6667,306.4667,13.0,0.4333,8.0,0.2667,8.0,40.0,1.3333,15755,11807,393.5667,0.318293,14500.0,,,324.0,300.0,24.0,,,10.8,4239.0,5365.0,97.0,3011.0,4224.0,75.0,1228.0,1141.0,22.0,2.0,0.0,0.0,0.0,0.0,2.0,6113.0,8176.0,151.0,4705.0,6664.0,122.0,1408.0,1512.0,29.0,2.0,2.0,0.0,0.0,1.0,2.0,8516.0,11124.0,212.0,6946.0,10002.0,188.0,1570.0,1122.0,24.0,2.0,2.0,0.0,0.0,1.0,2.0,11584.0,14645.0,272.0,8716.0,12458.0,237.0,2868.0,2187.0,35.0,4.0,3.0,0.0,0.0,1.0,2.0
ESPORTSTMNT04_2692270,complete,,EM,2023,Summer,0,2023-08-15 16:49:28,1,13.14,4,Blue,bot,Yakkey,oe:player:a272c3f80649036f8e168cb2f3df17c,Partizan Esports,oe:team:e42ade212c09777da0f54bffe481f6d,Ashe,Rakan,Tristana,Rumble,Darius,Aatrox,,,,,,1800,1,5,0,14,20,4,0.0,0.0,0.0,0.0,0.0,0.0,0.0,0.0,0.6667,0.8,,,,,,,,,,,,,,,,,,,,,0.0,0.0,,,,,,,,0.0,0.0,20919.0,697.3,0.255253,433.1333,226.9667,11.0,0.3667,2.0,0.0667,4.0,43.0,1.4333,13319,9371,312.3667,0.252626,12283.0,,,264.0,248.0,16.0,,,8.8,3458.0,3298.0,79.0,3291.0,2715.0,70.0,167.0,583.0,9.0,0.0,1.0,0.0,1.0,0.0,0.0,5630.0,6226.0,138.0,5388.0,5260.0,124.0,242.0,966.0,14.0,1.0,2.0,0.0,2.0,0.0,0.0,8000.0,8823.0,200.0,7859.0,7811.0,186.0,141.0,1012.0,14.0,1.0,2.0,0.0,2.0,0.0,0.0,10330.0,11768.0,237.0,9600.0,9660.0,230.0,730.0,2108.0,7.0,2.0,5.0,0.0,2.0,0.0,0.0
ESPORTSTMNT04_2692270,complete,,EM,2023,Summer,0,2023-08-15 16:49:28,1,13.14,5,Blue,sup,Cl0x,oe:player:85b3b3e91202ccada9f1f5a24dc1bfb,Partizan Esports,oe:team:e42ade212c09777da0f54bffe481f6d,Nautilus,Rakan,Tristana,Rumble,Darius,Aatrox,,,,,,1800,1,1,1,16,20,4,0.0,0.0,0.0,0.0,0.0,0.0,0.0,1.0,0.6667,0.8,,,,,,,,,,,,,,,,,,,,,0.0,0.0,,,,,,,,0.0,0.0,6748.0,224.9333,0.0823389,422.3667,718.2667,40.0,1.3333,5.0,0.1667,12.0,76.0,2.5333,7339,3391,113.0333,0.0914223,6400.0,,,25.0,25.0,0.0,,,0.8333,2020.0,1990.0,10.0,2098.0,2069.0,13.0,-78.0,-79.0,-3.0,0.0,1.0,1.0,0.0,1.0,0.0,3030.0,2917.0,15.0,3131.0,3049.0,20.0,-101.0,-132.0,-5.0,0.0,3.0,1.0,0.0,2.0,1.0,4477.0,4478.0,22.0,4311.0,4475.0,28.0,166.0,3.0,-6.0,0.0,3.0,1.0,0.0,2.0,1.0,5818.0,6755.0,25.0,5198.0,5509.0,32.0,620.0,1246.0,-7.0,0.0,7.0,1.0,0.0,2.0,2.0
ESPORTSTMNT04_2692270,complete,,EM,2023,Summer,0,2023-08-15 16:49:28,1,13.14,6,Red,top,Empyros,oe:player:9db3f170213f562a9613fe4f99d7dfa,DSYRE,oe:team:3e3ca0895ded506fd637e723d6ae2a1,Sett,LeBlanc,Braum,Rell,Yasuo,Yone,,,,,,1800,0,1,4,2,4,20,0.0,0.0,0.0,0.0,0.0,0.0,0.0,0.0,0.1333,0.8,,,,,,,,,,,,,,,,,,,,,0.0,0.0,,,,,,,,0.0,0.0,14077.0,469.2333,0.228263,917.6667,1148.5333,10.0,0.3333,7.0,0.2333,2.0,30.0,1.0,10318,6370,212.3333,0.229978,10000.0,,,241.0,233.0,8.0,,,8.0333,3436.0,4736.0,98.0,3436.0,5079.0,91.0,0.0,-343.0,7.0,0.0,0.0,0.0,0.0,1.0,0.0,5251.0,7198.0,144.0,5083.0,7694.0,138.0,168.0,-496.0,6.0,0.0,1.0,1.0,0.0,2.0,0.0,7005.0,9394.0,181.0,7061.0,10117.0,183.0,-56.0,-723.0,-2.0,0.0,1.0,1.0,0.0,2.0,0.0,8262.0,11279.0,210.0,8757.0,13026.0,212.0,-495.0,-1747.0,-2.0,0.0,1.0,3.0,0.0,5.0,0.0
ESPORTSTMNT04_2692270,complete,,EM,2023,Summer,0,2023-08-15 16:49:28,1,13.14,7,Red,jng,Rhilech,oe:player:cbe20c64274a87a21e5bdac1ccc3e77,DSYRE,oe:team:3e3ca0895ded506fd637e723d6ae2a1,Sejuani,LeBlanc,Braum,Rell,Yasuo,Yone,,,,,,1800,0,0,4,4,4,20,0.0,0.0,0.0,0.0,1.0,0.0,1.0,0.0,0.1333,0.8,,,,,,,,,,,,,,,,,,,,,0.0,0.0,,,,,,,,0.0,0.0,8324.0,277.4667,0.134976,937.5667,1573.0667,7.0,0.2333,12.0,0.4,8.0,38.0,1.2667,8957,5009,166.9667,0.180845,8900.0,,,166.0,22.0,144.0,,,5.5333,3260.0,3351.0,60.0,2777.0,2952.0,56.0,483.0,399.0,4.0,0.0,1.0,0.0,0.0,0.0,0.0,4869.0,5275.0,90.0,4507.0,4845.0,88.0,362.0,430.0,2.0,0.0,2.0,0.0,1.0,1.0,1.0,6641.0,7808.0,131.0,6128.0,6956.0,114.0,513.0,852.0,17.0,0.0,2.0,0.0,1.0,1.0,1.0,7837.0,9090.0,152.0,7983.0,9423.0,131.0,-146.0,-333.0,21.0,0.0,2.0,1.0,2.0,3.0,1.0
ESPORTSTMNT04_2692270,complete,,EM,2023,Summer,0,2023-08-15 16:49:28,1,13.14,8,Red,mid,XoNix,oe:player:be877a261fb0c3a320db45091bdefec,DSYRE,oe:team:3e3ca0895ded506fd637e723d6ae2a1,Jayce,LeBlanc,Braum,Rell,Yasuo,Yone,,,,,,1800,0,0,4,3,4,20,0.0,0.0,0.0,0.0,0.0,0.0,0.0,0.0,0.1333,0.8,,,,,,,,,,,,,,,,,,,,,0.0,1.0,,,,,,,,0.0,1.0,16723.0,557.4333,0.271169,491.8,392.5333,10.0,0.3333,5.0,0.1667,1.0,33.0,1.1,10486,6538,217.9333,0.236043,10075.0,,,280.0,247.0,33.0,,,9.3333,3011.0,4224.0,75.0,4239.0,5365.0,97.0,-1228.0,-1141.0,-22.0,0.0,0.0,2.0,2.0,0.0,0.0,4705.0,6664.0,122.0,6113.0,8176.0,151.0,-1408.0,-1512.0,-29.0,0.0,1.0,2.0,2.0,2.0,0.0,6946.0,10002.0,188.0,8516.0,11124.0,212.0,-1570.0,-1122.0,-24.0,0.0,1.0,2.0,2.0,2.0,0.0,8716.0,12458.0,237.0,11584.0,14645.0,272.0,-2868.0,-2187.0,-35.0,0.0,1.0,2.0,4.0,3.0,0.0
ESPORTSTMNT04_2692270,complete,,EM,2023,Summer,0,2023-08-15 16:49:28,1,13.14,9,Red,bot,Aetinoth,oe:player:d47955c8bc06bf316f24ee15d45407b,DSYRE,oe:team:3e3ca0895ded506fd637e723d6ae2a1,Kai'Sa,LeBlanc,Braum,Rell,Yasuo,Yone,,,,,,1800,0,3,2,1,4,20,0.0,0.0,0.0,0.0,1.0,1.0,0.0,0.0,0.1333,0.8,,,,,,,,,,,,,,,,,,,,,0.0,0.0,,,,,,,,0.0,0.0,20456.0,681.8667,0.331701,315.5,217.2667,11.0,0.3667,7.0,0.2333,2.0,22.0,0.7333,11666,7718,257.2667,0.278643,11585.0,,,265.0,261.0,4.0,,,8.8333,3291.0,2715.0,70.0,3458.0,3298.0,79.0,-167.0,-583.0,-9.0,1.0,0.0,0.0,0.0,1.0,0.0,5388.0,5260.0,124.0,5630.0,6226.0,138.0,-242.0,-966.0,-14.0,2.0,0.0,0.0,1.0,2.0,0.0,7859.0,7811.0,186.0,8000.0,8823.0,200.0,-141.0,-1012.0,-14.0,2.0,0.0,0.0,1.0,2.0,0.0,9600.0,9660.0,230.0,10330.0,11768.0,237.0,-730.0,-2108.0,-7.0,2.0,0.0,0.0,2.0,5.0,0.0
ESPORTSTMNT04_2692270,complete,,EM,2023,Summer,0,2023-08-15 16:49:28,1,13.14,10,Red,sup,Nash,oe:player:6b9f3420febdbc475dd3c1e4e0bcb5e,DSYRE,oe:team:3e3ca0895ded506fd637e723d6ae2a1,Alistar,LeBlanc,Braum,Rell,Yasuo,Yone,,,,,,1800,0,0,6,4,4,20,0.0,0.0,0.0,0.0,1.0,0.0,1.0,0.0,0.1333,0.8,,,,,,,,,,,,,,,,,,,,,0.0,0.0,,,,,,,,0.0,0.0,2090.0,69.6667,0.0338901,712.4333,1319.0,40.0,1.3333,13.0,0.4333,11.0,85.0,2.8333,6011,2063,68.7667,0.074491,5750.0,,,33.0,33.0,0.0,,,1.1,2098.0,2069.0,13.0,2020.0,1990.0,10.0,78.0,79.0,3.0,0.0,1.0,0.0,0.0,1.0,1.0,3131.0,3049.0,20.0,3030.0,2917.0,15.0,101.0,132.0,5.0,0.0,2.0,1.0,0.0,3.0,1.0,4311.0,4475.0,28.0,4477.0,4478.0,22.0,-166.0,-3.0,6.0,0.0,2.0,1.0,0.0,3.0,1.0,5198.0,5509.0,32.0,5818.0,6755.0,25.0,-620.0,-1246.0,7.0,0.0,2.0,2.0,0.0,7.0,1.0
ESPORTSTMNT04_2692270,complete,,EM,2023,Summer,0,2023-08-15 16:49:28,1,13.14,100,Blue,team,,,Partizan Esports,oe:team:e42ade212c09777da0f54bffe481f6d,,Rakan,Tristana,Rumble,Darius,Aatrox,Maokai,Ashe,Nautilus,Lucian,Ornn,1800,1,20,4,65,20,4,2.0,1.0,0.0,0.0,0.0,,,,0.6667,0.8,1.0,4.0,0.0,4.0,0.0,0.0,0.0,1.0,0.0,2.0,1.0,,0.0,0.0,0.0,1.0,1.0,,,1.0,1.0,0.0,0.0,8.0,2.0,1.0,1.0,4.0,4.0,1.0,0.0,81954.0,2731.8,,3214.4333,3466.2333,86.0,2.8667,36.0,1.2,36.0,244.0,8.1333,56834,37096,1236.5333,,52433.0,0.124019,1.4,,815.0,169.0,,,32.8,15930.0,18684.0,333.0,15096.0,17095.0,316.0,834.0,1589.0,17.0,2.0,3.0,1.0,1.0,2.0,2.0,24363.0,29858.0,530.0,23344.0,27446.0,500.0,1019.0,2412.0,30.0,4.0,10.0,2.0,2.0,6.0,4.0,34182.0,41498.0,731.0,32762.0,39490.0,714.0,1420.0,2008.0,17.0,4.0,10.0,2.0,2.0,6.0,4.0,44472.0,55617.0,877.0,39613.0,47996.0,861.0,4859.0,7621.0,16.0,8.0,23.0,2.0,2.0,6.0,8.0
ESPORTSTMNT04_2692270,complete,,EM,2023,Summer,0,2023-08-15 16:49:28,1,13.14,200,Red,team,,,DSYRE,oe:team:3e3ca0895ded506fd637e723d6ae2a1,,LeBlanc,Braum,Rell,Yasuo,Yone,Jayce,Kai'Sa,Sejuani,Alistar,Sett,1800,0,4,20,14,4,20,0.0,0.0,0.0,0.0,1.0,,,,0.1333,0.8,0.0,0.0,4.0,0.0,4.0,0.0,0.0,0.0,0.0,0.0,0.0,,0.0,0.0,1.0,1.0,1.0,,,0.0,0.0,1.0,1.0,2.0,8.0,0.0,0.0,4.0,4.0,0.0,1.0,61670.0,2055.6667,,3374.9667,4650.4,78.0,2.6,44.0,1.4667,24.0,208.0,6.9333,47438,27700,923.3333,,46310.0,-0.124019,-1.4,,796.0,189.0,,,32.8333,15096.0,17095.0,316.0,15930.0,18684.0,333.0,-834.0,-1589.0,-17.0,1.0,2.0,2.0,2.0,3.0,1.0,23344.0,27446.0,500.0,24363.0,29858.0,530.0,-1019.0,-2412.0,-30.0,2.0,6.0,4.0,4.0,10.0,2.0,32762.0,39490.0,714.0,34182.0,41498.0,731.0,-1420.0,-2008.0,-17.0,2.0,6.0,4.0,4.0,10.0,2.0,39613.0,47996.0,861.0,44472.0,55617.0,877.0,-4859.0,-7621.0,-16.0,2.0,6.0,8.0,8.0,23.0,2.0
ESPORTSTMNT04_2692271,complete,,EM,2023,Summer,0,2023-08-15 17:02:14,1,13.14,1,Blue,top,CPM,oe:player:cbdaba5605992f8e1635ad782152d65,GTZ Esports,oe:team:3659b5cb3434354530c31ce71461fc1,Ornn,Rell,Sejuani,K'Sante,Fiora,Gragas,,,,,,1718,1,4,2,8,17,5,0.0,0.0,0.0,0.0,1.0,0.0,1.0,0.0,0.5937,0.7683,,,,,,,,,,,,,,,,,,,,,0.0,0.0,,,,,,,,0.0,0.0,14505.0,506.5774,0.201179,1009.9069,1232.2701,10.0,0.3492,1.0,0.0349,1.0,16.0,0.5588,11096,7316,255.5064,0.19584,10025.0,,,197.0,191.0,6.0,,,6.8801,3223.0,4976.0,82.0,3181.0,4372.0,80.0,42.0,604.0,2.0,0.0,1.0,0.0,0.0,0.0,0.0,5727.0,7859.0,123.0,5430.0,7191.0,137.0,297.0,668.0,-14.0,2.0,3.0,0.0,0.0,0.0,1.0,7600.0,9769.0,150.0,7301.0,10130.0,186.0,299.0,-361.0,-36.0,2.0,3.0,1.0,0.0,1.0,1.0,9483.0,12806.0,183.0,9174.0,12652.0,227.0,309.0,154.0,-44.0,3.0,3.0,2.0,1.0,1.0,1.0
ESPORTSTMNT04_2692271,complete,,EM,2023,Summer,0,2023-08-15 17:02:14,1,13.14,2,Blue,jng,Time,oe:player:550fa477eff3885416f22c0b3f2fc88,GTZ Esports,oe:team:3659b5cb3434354530c31ce71461fc1,Jarvan IV,Rell,Sejuani,K'Sante,Fiora,Gragas,,,,,,1718,1,3,2,11,17,5,0.0,0.0,0.0,0.0,1.0,1.0,0.0,0.0,0.5937,0.7683,,,,,,,,,,,,,,,,,,,,,1.0,0.0,,,,,,,,1.0,0.0,10367.0,362.0605,0.143786,709.1036,970.5821,9.0,0.3143,16.0,0.5588,8.0,50.0,1.7462,10865,7085,247.4389,0.189656,9250.0,,,167.0,42.0,125.0,,,5.8324,3463.0,3514.0,59.0,2754.0,2842.0,53.0,709.0,672.0,6.0,1.0,1.0,0.0,0.0,0.0,0.0,5153.0,5311.0,79.0,4266.0,5010.0,82.0,887.0,301.0,-3.0,2.0,4.0,1.0,0.0,1.0,1.0,6844.0,6925.0,106.0,6171.0,7433.0,108.0,673.0,-508.0,-2.0,2.0,4.0,1.0,1.0,1.0,1.0,9171.0,10910.0,151.0,7243.0,8881.0,122.0,1928.0,2029.0,29.0,2.0,6.0,1.0,1.0,2.0,2.0
ESPORTSTMNT04_2692271,complete,,EM,2023,Summer,0,2023-08-15 17:02:14,1,13.14,3,Blue,mid,Heroic,oe:player:c71b4244f70372f8be07a3e83c58490,GTZ Esports,oe:team:3659b5cb3434354530c31ce71461fc1,Syndra,Rell,Sejuani,K'Sante,Fiora,Gragas,,,,,,1718,1,4,0,10,17,5,1.0,0.0,0.0,0.0,1.0,0.0,1.0,0.0,0.5937,0.7683,,,,,,,,,,,,,,,,,,,,,0.0,0.0,,,,,,,,0.0,0.0,24232.0,846.2864,0.336089,191.7695,95.3783,10.0,0.3492,5.0,0.1746,1.0,21.0,0.7334,13004,9224,322.142,0.246917,12035.0,,,240.0,230.0,10.0,,,8.3818,3424.0,4718.0,88.0,3027.0,4402.0,82.0,397.0,316.0,6.0,0.0,2.0,0.0,0.0,0.0,1.0,6181.0,7278.0,136.0,4706.0,6734.0,124.0,1475.0,544.0,12.0,1.0,4.0,0.0,0.0,1.0,2.0,8348.0,9306.0,182.0,7119.0,10174.0,200.0,1229.0,-868.0,-18.0,1.0,4.0,0.0,0.0,1.0,2.0,10738.0,12500.0,210.0,8477.0,11864.0,229.0,2261.0,636.0,-19.0,2.0,7.0,0.0,0.0,2.0,4.0
ESPORTSTMNT04_2692271,complete,,EM,2023,Summer,0,2023-08-15 17:02:14,1,13.14,4,Blue,bot,Avra,oe:player:1a38c55db5f8af06ebac94d8530ff71,GTZ Esports,oe:team:3659b5cb3434354530c31ce71461fc1,Zeri,Rell,Sejuani,K'Sante,Fiora,Gragas,,,,,,1718,1,6,0,6,17,5,1.0,0.0,0.0,0.0,1.0,0.0,1.0,0.0,0.5937,0.7683,,,,,,,,,,,,,,,,,,,,,0.0,0.0,,,,,,,,1.0,0.0,16805.0,586.9034,0.233079,309.674,226.135,29.0,1.0128,19.0,0.6636,4.0,62.0,2.1653,14186,10406,363.4226,0.278559,12650.0,,,286.0,260.0,26.0,,,9.9884,3512.0,2845.0,77.0,3514.0,3732.0,95.0,-2.0,-887.0,-18.0,1.0,1.0,0.0,0.0,0.0,0.0,5863.0,5233.0,130.0,5588.0,5754.0,141.0,275.0,-521.0,-11.0,2.0,2.0,0.0,0.0,0.0,1.0,8419.0,8020.0,187.0,7812.0,8106.0,188.0,607.0,-86.0,-1.0,2.0,2.0,0.0,0.0,1.0,1.0,11677.0,11498.0,248.0,9561.0,9987.0,237.0,2116.0,1511.0,11.0,4.0,2.0,0.0,0.0,1.0,2.0
ESPORTSTMNT04_2692271,complete,,EM,2023,Summer,0,2023-08-15 17:02:14,1,13.14,5,Blue,sup,Nightmares,oe:player:fb20df3c2584739649c47e15bdd1e1e,GTZ Esports,oe:team:3659b5cb3434354530c31ce71461fc1,Alistar,Rell,Sejuani,K'Sante,Fiora,Gragas,,,,,,1718,1,0,1,11,17,5,0.0,0.0,0.0,0.0,1.0,0.0,1.0,0.0,0.5937,0.7683,,,,,,,,,,,,,,,,,,,,,0.0,0.0,,,,,,,,0.0,0.0,6191.0,216.2165,0.0858669,512.7241,625.5995,40.0,1.397,5.0,0.1746,11.0,62.0,2.1653,7106,3326,116.1583,0.0890281,6525.0,,,29.0,27.0,2.0,,,1.0128,2120.0,2494.0,12.0,2130.0,2700.0,20.0,-10.0,-206.0,-8.0,0.0,2.0,0.0,0.0,0.0,1.0,3201.0,3920.0,19.0,3571.0,3798.0,29.0,-370.0,122.0,-10.0,0.0,3.0,0.0,1.0,0.0,2.0,4536.0,4704.0,26.0,4697.0,5001.0,33.0,-161.0,-297.0,-7.0,0.0,3.0,0.0,1.0,1.0,2.0,6157.0,7516.0,29.0,5511.0,6459.0,36.0,646.0,1057.0,-7.0,0.0,6.0,0.0,1.0,2.0,2.0
ESPORTSTMNT04_2692271,complete,,EM,2023,Summer,0,2023-08-15 17:02:14,1,13.14,6,Red,top,Banderas,oe:player:57abe5a8958c15444e9103873f8565a,WLGaming Esports,oe:team:b19ab22267512e77945cd498106dcf1,Gwen,Varus,Maokai,Kindred,Lulu,Poppy,,,,,,1718,0,3,3,1,5,17,1.0,0.0,0.0,0.0,0.0,0.0,0.0,0.0,0.1746,0.7683,,,,,,,,,,,,,,,,,,,,,0.0,0.0,,,,,,,,0.0,0.0,20020.0,699.1851,0.381471,881.3155,679.0687,12.0,0.4191,6.0,0.2095,5.0,27.0,0.943,11128,7348,256.624,0.267068,11025.0,,,257.0,250.0,7.0,,,8.9756,3181.0,4372.0,80.0,3223.0,4976.0,82.0,-42.0,-604.0,-2.0,0.0,0.0,0.0,0.0,1.0,0.0,5430.0,7191.0,137.0,5727.0,7859.0,123.0,-297.0,-668.0,14.0,0.0,0.0,1.0,2.0,3.0,0.0,7301.0,10130.0,186.0,7600.0,9769.0,150.0,-299.0,361.0,36.0,0.0,1.0,1.0,2.0,3.0,1.0,9174.0,12652.0,227.0,9483.0,12806.0,183.0,-309.0,-154.0,44.0,1.0,1.0,1.0,3.0,3.0,2.0
ESPORTSTMNT04_2692271,complete,,EM,2023,Summer,0,2023-08-15 17:02:14,1,13.14,7,Red,jng,Bruness,oe:player:7471c21aed615dae3e49140eca8ce89,WLGaming Esports,oe:team:b19ab22267512e77945cd498106dcf1,Trundle,Varus,Maokai,Kindred,Lulu,Poppy,,,,,,1718,0,1,4,4,5,17,0.0,0.0,0.0,0.0,0.0,0.0,0.0,0.0,0.1746,0.7683,,,,,,,,,,,,,,,,,,,,,0.0,1.0,,,,,,,,0.0,1.0,7106.0,248.1723,0.135401,1020.1397,932.5146,9.0,0.3143,9.0,0.3143,11.0,39.0,1.362,7909,4129,144.2026,0.150066,7275.0,,,123.0,13.0,110.0,,,4.2957,2754.0,2842.0,53.0,3463.0,3514.0,59.0,-709.0,-672.0,-6.0,0.0,0.0,0.0,1.0,1.0,0.0,4266.0,5010.0,82.0,5153.0,5311.0,79.0,-887.0,-301.0,3.0,0.0,1.0,1.0,2.0,4.0,1.0,6171.0,7433.0,108.0,6844.0,6925.0,106.0,-673.0,508.0,2.0,1.0,1.0,1.0,2.0,4.0,1.0,7243.0,8881.0,122.0,9171.0,10910.0,151.0,-1928.0,-2029.0,-29.0,1.0,2.0,2.0,2.0,6.0,1.0
ESPORTSTMNT04_2692271,complete,,EM,2023,Summer,0,2023-08-15 17:02:14,1,13.14,8,Red,mid,ESCIK,oe:player:7e33124e33721ef8f70d2dd843b57da,WLGaming Esports,oe:team:b19ab22267512e77945cd498106dcf1,Yasuo,Varus,Maokai,Kindred,Lulu,Poppy,,,,,,1718,0,0,5,3,5,17,0.0,0.0,0.0,0.0,0.0,0.0,0.0,0.0,0.1746,0.7683,,,,,,,,,,,,,,,,,,,,,0.0,0.0,,,,,,,,0.0,0.0,10333.0,360.8731,0.19689,765.227,700.9313,5.0,0.1746,2.0,0.0698,3.0,20.0,0.6985,9663,5883,205.4598,0.213819,9725.0,,,251.0,244.0,7.0,,,8.766,3027.0,4402.0,82.0,3424.0,4718.0,88.0,-397.0,-316.0,-6.0,0.0,0.0,1.0,0.0,2.0,0.0,4706.0,6734.0,124.0,6181.0,7278.0,136.0,-1475.0,-544.0,-12.0,0.0,1.0,2.0,1.0,4.0,0.0,7119.0,10174.0,200.0,8348.0,9306.0,182.0,-1229.0,868.0,18.0,0.0,1.0,2.0,1.0,4.0,0.0,8477.0,11864.0,229.0,10738.0,12500.0,210.0,-2261.0,-636.0,19.0,0.0,2.0,4.0,2.0,7.0,0.0
ESPORTSTMNT04_2692271,complete,,EM,2023,Summer,0,2023-08-15 17:02:14,1,13.14,9,Red,bot,Woolite,oe:player:40fa7615556f33971d67c95a702fbcc,WLGaming Esports,oe:team:b19ab22267512e77945cd498106dcf1,Xayah,Varus,Maokai,Kindred,Lulu,Poppy,,,,,,1718,0,0,3,3,5,17,0.0,0.0,0.0,0.0,0.0,0.0,0.0,0.0,0.1746,0.7683,,,,,,,,,,,,,,,,,,,,,0.0,0.0,,,,,,,,0.0,1.0,9684.0,338.2072,0.184524,513.9464,242.0256,11.0,0.3842,5.0,0.1746,3.0,21.0,0.7334,11457,7677,268.1141,0.279026,11225.0,,,284.0,260.0,24.0,,,9.9185,3514.0,3732.0,95.0,3512.0,2845.0,77.0,2.0,887.0,18.0,0.0,0.0,0.0,1.0,1.0,0.0,5588.0,5754.0,141.0,5863.0,5233.0,130.0,-275.0,521.0,11.0,0.0,0.0,1.0,2.0,2.0,0.0,7812.0,8106.0,188.0,8419.0,8020.0,187.0,-607.0,86.0,1.0,0.0,1.0,1.0,2.0,2.0,0.0,9561.0,9987.0,237.0,11677.0,11498.0,248.0,-2116.0,-1511.0,-11.0,0.0,1.0,2.0,4.0,2.0,0.0
ESPORTSTMNT04_2692271,complete,,EM,2023,Summer,0,2023-08-15 17:02:14,1,13.14,10,Red,sup,Bananitoo,oe:player:148e116847c069d852ad0696d4180fe,WLGaming Esports,oe:team:b19ab22267512e77945cd498106dcf1,Rakan,Varus,Maokai,Kindred,Lulu,Poppy,,,,,,1718,0,1,2,4,5,17,0.0,0.0,0.0,0.0,0.0,0.0,0.0,1.0,0.1746,0.7683,,,,,,,,,,,,,,,,,,,,,0.0,0.0,,,,,,,,0.0,0.0,5338.0,186.4261,0.101713,371.2107,506.5774,54.0,1.8859,11.0,0.3842,12.0,83.0,2.8987,6257,2477,86.5076,0.0900205,6000.0,,,38.0,34.0,4.0,,,1.3271,2130.0,2700.0,20.0,2120.0,2494.0,12.0,10.0,206.0,8.0,0.0,0.0,1.0,0.0,2.0,0.0,3571.0,3798.0,29.0,3201.0,3920.0,19.0,370.0,-122.0,10.0,1.0,0.0,2.0,0.0,3.0,0.0,4697.0,5001.0,33.0,4536.0,4704.0,26.0,161.0,297.0,7.0,1.0,1.0,2.0,0.0,3.0,0.0,5511.0,6459.0,36.0,6157.0,7516.0,29.0,-646.0,-1057.0,7.0,1.0,2.0,2.0,0.0,6.0,0.0
ESPORTSTMNT04_2692271,complete,,EM,2023,Summer,0,2023-08-15 17:02:14,1,13.14,100,Blue,team,,,GTZ Esports,oe:team:3659b5cb3434354530c31ce71461fc1,,Rell,Sejuani,K'Sante,Fiora,Gragas,Syndra,Zeri,Ornn,Alistar,Jarvan IV,1718,1,17,5,46,17,5,2.0,0.0,0.0,0.0,1.0,,,,0.5937,0.7683,0.0,3.0,1.0,3.0,1.0,0.0,0.0,1.0,2.0,0.0,0.0,,0.0,0.0,1.0,2.0,0.0,,,1.0,1.0,0.0,1.0,9.0,3.0,1.0,1.0,5.0,6.0,2.0,0.0,72100.0,2518.0442,,2733.1781,3149.9651,98.0,3.4226,46.0,1.6065,25.0,211.0,7.369,56257,37355,1304.5984,,50485.0,0.109364,1.67,,750.0,169.0,,,32.0955,15742.0,18547.0,318.0,14606.0,18048.0,330.0,1136.0,499.0,-12.0,2.0,7.0,0.0,0.0,0.0,2.0,26125.0,29601.0,487.0,23561.0,28487.0,513.0,2564.0,1114.0,-26.0,7.0,16.0,1.0,1.0,2.0,7.0,35747.0,38724.0,651.0,33100.0,40844.0,715.0,2647.0,-2120.0,-64.0,7.0,16.0,2.0,2.0,5.0,7.0,47226.0,55230.0,821.0,39966.0,49843.0,851.0,7260.0,5387.0,-30.0,11.0,24.0,3.0,3.0,8.0,11.0
ESPORTSTMNT04_2692271,complete,,EM,2023,Summer,0,2023-08-15 17:02:14,1,13.14,200,Red,team,,,WLGaming Esports,oe:team:b19ab22267512e77945cd498106dcf1,,Varus,Maokai,Kindred,Lulu,Poppy,Xayah,Rakan,Yasuo,Gwen,Trundle,1718,0,5,17,15,5,17,1.0,0.0,0.0,0.0,0.0,,,,0.1746,0.7683,1.0,1.0,3.0,1.0,3.0,0.0,0.0,0.0,0.0,1.0,0.0,,0.0,0.0,0.0,0.0,2.0,,,0.0,0.0,1.0,0.0,3.0,9.0,0.0,0.0,6.0,5.0,0.0,2.0,52481.0,1832.8638,,3551.8393,3061.1176,91.0,3.1781,33.0,1.1525,34.0,190.0,6.6356,46414,27512,960.8382,,45250.0,-0.109364,-1.67,,801.0,152.0,,,33.2829,14606.0,18048.0,330.0,15742.0,18547.0,318.0,-1136.0,-499.0,12.0,0.0,0.0,2.0,2.0,7.0,0.0,23561.0,28487.0,513.0,26125.0,29601.0,487.0,-2564.0,-1114.0,26.0,1.0,2.0,7.0,7.0,16.0,1.0,33100.0,40844.0,715.0,35747.0,38724.0,651.0,-2647.0,2120.0,64.0,2.0,5.0,7.0,7.0,16.0,2.0,39966.0,49843.0,851.0,47226.0,55230.0,821.0,-7260.0,-5387.0,30.0,3.0,8.0,11.0,11.0,24.0,3.0
ESPORTSTMNT04_2694226,complete,,EM,2023,Summer,0,2023-08-15 17:07:03,1,13.14,1,Blue,top,Juzu,oe:player:a61da83af5e3738845fa6dd56e1d41a,Anubis Gaming,oe:team:f2094ae60f9b1f3b6a17ad88ad75fc1,Aatrox,Kalista,Jayce,Ivern,Alistar,Rakan,,,,,,1578,0,0,4,4,7,25,0.0,0.0,0.0,0.0,0.0,0.0,0.0,0.0,0.2662,1.2167,,,,,,,,,,,,,,,,,,,,,0.0,0.0,,,,,,,,0.0,0.0,9082.0,345.3232,0.229819,736.7681,607.3004,10.0,0.3802,1.0,0.038,4.0,26.0,0.9886,8191,4696,178.5551,0.211141,8050.0,,,196.0,188.0,8.0,,,7.4525,3002.0,4540.0,64.0,3567.0,4674.0,80.0,-565.0,-134.0,-16.0,0.0,2.0,1.0,1.0,1.0,1.0,4966.0,7372.0,118.0,5469.0,6766.0,116.0,-503.0,606.0,2.0,0.0,3.0,2.0,2.0,3.0,2.0,6730.0,9914.0,164.0,8718.0,10127.0,170.0,-1988.0,-213.0,-6.0,0.0,4.0,2.0,3.0,4.0,2.0,8032.0,11530.0,196.0,11673.0,14466.0,230.0,-3641.0,-2936.0,-34.0,0.0,4.0,3.0,5.0,4.0,2.0
ESPORTSTMNT04_2694226,complete,,EM,2023,Summer,0,2023-08-15 17:07:03,1,13.14,2,Blue,jng,Elramir,oe:player:de442faff7b7cdc0fba7d6d5caff5e1,Anubis Gaming,oe:team:f2094ae60f9b1f3b6a17ad88ad75fc1,Trundle,Kalista,Jayce,Ivern,Alistar,Rakan,,,,,,1578,0,3,4,1,7,25,0.0,0.0,0.0,0.0,0.0,0.0,0.0,0.0,0.2662,1.2167,,,,,,,,,,,,,,,,,,,,,0.0,1.0,,,,,,,,0.0,0.0,5649.0,214.7909,0.142948,1130.1901,1054.2586,6.0,0.2281,9.0,0.3422,4.0,41.0,1.5589,8250,4755,180.7985,0.213793,7800.0,,,132.0,18.0,114.0,,,5.019,3969.0,3448.0,66.0,3352.0,3164.0,56.0,617.0,284.0,10.0,2.0,0.0,0.0,1.0,0.0,1.0,5618.0,5090.0,93.0,5257.0,5434.0,83.0,361.0,-344.0,10.0,3.0,0.0,0.0,1.0,3.0,1.0,6946.0,6552.0,112.0,7187.0,8322.0,126.0,-241.0,-1770.0,-14.0,3.0,1.0,1.0,1.0,4.0,1.0,8091.0,8555.0,132.0,9094.0,11438.0,151.0,-1003.0,-2883.0,-19.0,3.0,1.0,3.0,2.0,6.0,1.0
ESPORTSTMNT04_2694226,complete,,EM,2023,Summer,0,2023-08-15 17:07:03,1,13.14,3,Blue,mid,Cipher,oe:player:c8ef68c0fce4f4bfe0219809473d365,Anubis Gaming,oe:team:f2094ae60f9b1f3b6a17ad88ad75fc1,Neeko,Kalista,Jayce,Ivern,Alistar,Rakan,,,,,,1578,0,1,7,2,7,25,0.0,0.0,0.0,0.0,0.0,0.0,0.0,0.0,0.2662,1.2167,,,,,,,,,,,,,,,,,,,,,0.0,0.0,,,,,,,,0.0,1.0,8722.0,331.635,0.22071,722.0532,340.7985,10.0,0.3802,4.0,0.1521,1.0,24.0,0.9125,7968,4473,170.076,0.201115,7275.0,,,193.0,193.0,0.0,,,7.3384,3048.0,4016.0,64.0,4539.0,4958.0,73.0,-1491.0,-942.0,-9.0,1.0,0.0,4.0,4.0,1.0,1.0,4563.0,6361.0,102.0,7625.0,8307.0,129.0,-3062.0,-1946.0,-27.0,1.0,1.0,5.0,6.0,1.0,1.0,6182.0,8543.0,145.0,9559.0,10919.0,182.0,-3377.0,-2376.0,-37.0,1.0,2.0,5.0,6.0,1.0,1.0,7634.0,10702.0,182.0,12909.0,14909.0,229.0,-5275.0,-4207.0,-47.0,1.0,2.0,6.0,8.0,5.0,1.0
ESPORTSTMNT04_2694226,complete,,EM,2023,Summer,0,2023-08-15 17:07:03,1,13.14,4,Blue,bot,san1,oe:player:f581f857e43aea4c5b241874f8a4394,Anubis Gaming,oe:team:f2094ae60f9b1f3b6a17ad88ad75fc1,Varus,Kalista,Jayce,Ivern,Alistar,Rakan,,,,,,1578,0,2,6,1,7,25,0.0,0.0,0.0,0.0,0.0,0.0,0.0,1.0,0.2662,1.2167,,,,,,,,,,,,,,,,,,,,,0.0,0.0,,,,,,,,0.0,0.0,12280.0,466.9202,0.310744,513.8783,233.1939,10.0,0.3802,3.0,0.1141,3.0,20.0,0.7605,9607,6112,232.3954,0.274803,8825.0,,,232.0,232.0,0.0,,,8.8213,4091.0,3162.0,87.0,3170.0,2900.0,76.0,921.0,262.0,11.0,1.0,1.0,1.0,0.0,1.0,1.0,5893.0,5328.0,141.0,5657.0,5272.0,131.0,236.0,56.0,10.0,1.0,1.0,2.0,1.0,2.0,1.0,7926.0,7191.0,187.0,8069.0,8372.0,185.0,-143.0,-1181.0,2.0,2.0,1.0,3.0,2.0,3.0,1.0,9406.0,8751.0,229.0,11462.0,12228.0,231.0,-2056.0,-3477.0,-2.0,2.0,1.0,5.0,5.0,6.0,1.0
ESPORTSTMNT04_2694226,complete,,EM,2023,Summer,0,2023-08-15 17:07:03,1,13.14,5,Blue,sup,Mishal,oe:player:72afadf3f4701a666860c0c442b08f5,Anubis Gaming,oe:team:f2094ae60f9b1f3b6a17ad88ad75fc1,Rell,Kalista,Jayce,Ivern,Alistar,Rakan,,,,,,1578,0,1,4,2,7,25,0.0,0.0,0.0,0.0,0.0,0.0,0.0,0.0,0.2662,1.2167,,,,,,,,,,,,,,,,,,,,,0.0,0.0,,,,,,,,0.0,0.0,3785.0,143.9163,0.0957791,415.7034,536.0456,33.0,1.2548,5.0,0.1901,9.0,65.0,2.4715,5700,2205,83.8403,0.0991476,5475.0,,,28.0,28.0,0.0,,,1.0646,2645.0,2826.0,13.0,2123.0,2421.0,14.0,522.0,405.0,-1.0,1.0,1.0,0.0,0.0,1.0,1.0,3676.0,4034.0,22.0,3254.0,3406.0,23.0,422.0,628.0,-1.0,1.0,1.0,1.0,0.0,2.0,1.0,4721.0,5217.0,27.0,4233.0,3897.0,26.0,488.0,1320.0,1.0,1.0,2.0,1.0,0.0,2.0,2.0,5513.0,5982.0,28.0,5803.0,6533.0,28.0,-290.0,-551.0,0.0,1.0,2.0,3.0,0.0,8.0,2.0
ESPORTSTMNT04_2694226,complete,,EM,2023,Summer,0,2023-08-15 17:07:03,1,13.14,6,Red,top,Ragner,oe:player:c0f78343a2ad4ba1463245d53a3b440,Team GO,oe:team:8d538207b9de9d20e1a525aae593515,Yone,Tristana,Maokai,Amumu,Taliyah,Ryze,,,,,,1578,1,6,2,7,25,7,0.0,0.0,0.0,0.0,0.0,0.0,0.0,0.0,0.9506,1.2167,,,,,,,,,,,,,,,,,,,,,0.0,0.0,,,,,,,,0.0,0.0,22917.0,871.3688,0.318987,656.0456,820.0,9.0,0.3422,4.0,0.1521,2.0,26.0,0.9886,13487,9992,379.924,0.253957,11300.0,,,241.0,210.0,31.0,,,9.1635,3567.0,4674.0,80.0,3002.0,4540.0,64.0,565.0,134.0,16.0,1.0,1.0,1.0,0.0,2.0,1.0,5469.0,6766.0,116.0,4966.0,7372.0,118.0,503.0,-606.0,-2.0,2.0,3.0,2.0,0.0,3.0,2.0,8718.0,10127.0,170.0,6730.0,9914.0,164.0,1988.0,213.0,6.0,3.0,4.0,2.0,0.0,4.0,2.0,11673.0,14466.0,230.0,8032.0,11530.0,196.0,3641.0,2936.0,34.0,5.0,4.0,2.0,0.0,4.0,3.0
ESPORTSTMNT04_2694226,complete,,EM,2023,Summer,0,2023-08-15 17:07:03,1,13.14,7,Red,jng,Lyncas,oe:player:ca9701f085966dfca32e31b1b1e9d55,Team GO,oe:team:8d538207b9de9d20e1a525aae593515,Poppy,Tristana,Maokai,Amumu,Taliyah,Ryze,,,,,,1578,1,2,1,10,25,7,0.0,0.0,0.0,0.0,0.0,0.0,0.0,0.0,0.9506,1.2167,,,,,,,,,,,,,,,,,,,,,1.0,0.0,,,,,,,,0.0,0.0,6992.0,265.8555,0.0973233,639.962,999.6958,9.0,0.3422,9.0,0.3422,7.0,42.0,1.597,9894,6399,243.308,0.16264,8775.0,,,155.0,14.0,141.0,,,5.8935,3352.0,3164.0,56.0,3969.0,3448.0,66.0,-617.0,-284.0,-10.0,1.0,0.0,1.0,2.0,0.0,0.0,5257.0,5434.0,83.0,5618.0,5090.0,93.0,-361.0,344.0,-10.0,1.0,3.0,1.0,3.0,0.0,0.0,7187.0,8322.0,126.0,6946.0,6552.0,112.0,241.0,1770.0,14.0,1.0,4.0,1.0,3.0,1.0,1.0,9094.0,11438.0,151.0,8091.0,8555.0,132.0,1003.0,2883.0,19.0,2.0,6.0,1.0,3.0,1.0,3.0
ESPORTSTMNT04_2694226,complete,,EM,2023,Summer,0,2023-08-15 17:07:03,1,13.14,8,Red,mid,Toucouille,oe:player:525ac233cf71bc36a611e27a324144f,Team GO,oe:team:8d538207b9de9d20e1a525aae593515,LeBlanc,Tristana,Maokai,Amumu,Taliyah,Ryze,,,,,,1578,1,10,1,5,25,7,1.0,0.0,0.0,0.0,1.0,1.0,0.0,0.0,0.9506,1.2167,,,,,,,,,,,,,,,,,,,,,0.0,0.0,,,,,,,,1.0,0.0,24234.0,921.4449,0.337319,450.4563,217.8707,9.0,0.3422,6.0,0.2281,6.0,34.0,1.2928,14239,10744,408.5171,0.273069,12500.0,,,240.0,240.0,0.0,,,9.1255,4539.0,4958.0,73.0,3048.0,4016.0,64.0,1491.0,942.0,9.0,4.0,1.0,1.0,1.0,0.0,4.0,7625.0,8307.0,129.0,4563.0,6361.0,102.0,3062.0,1946.0,27.0,6.0,1.0,1.0,1.0,1.0,5.0,9559.0,10919.0,182.0,6182.0,8543.0,145.0,3377.0,2376.0,37.0,6.0,1.0,1.0,1.0,2.0,5.0,12909.0,14909.0,229.0,7634.0,10702.0,182.0,5275.0,4207.0,47.0,8.0,5.0,1.0,1.0,2.0,6.0
ESPORTSTMNT04_2694226,complete,,EM,2023,Summer,0,2023-08-15 17:07:03,1,13.14,9,Red,bot,Jezu,oe:player:4817d93e8f26002377aec42233b3fc2,Team GO,oe:team:8d538207b9de9d20e1a525aae593515,Kai'Sa,Tristana,Maokai,Amumu,Taliyah,Ryze,,,,,,1578,1,6,1,8,25,7,1.0,0.0,0.0,0.0,1.0,0.0,1.0,0.0,0.9506,1.2167,,,,,,,,,,,,,,,,,,,,,0.0,0.0,,,,,,,,0.0,0.0,14236.0,541.2928,0.198154,437.7567,283.1939,13.0,0.4943,3.0,0.1141,5.0,24.0,0.9125,12562,9067,344.7529,0.230448,10525.0,,,241.0,234.0,7.0,,,9.1635,3170.0,2900.0,76.0,4091.0,3162.0,87.0,-921.0,-262.0,-11.0,0.0,1.0,1.0,1.0,1.0,1.0,5657.0,5272.0,131.0,5893.0,5328.0,141.0,-236.0,-56.0,-10.0,1.0,2.0,1.0,1.0,1.0,2.0,8069.0,8372.0,185.0,7926.0,7191.0,187.0,143.0,1181.0,-2.0,2.0,3.0,1.0,2.0,1.0,3.0,11462.0,12228.0,231.0,9406.0,8751.0,229.0,2056.0,3477.0,2.0,5.0,6.0,1.0,2.0,1.0,5.0
ESPORTSTMNT04_2694226,complete,,EM,2023,Summer,0,2023-08-15 17:07:03,1,13.14,10,Red,sup,kamilius,oe:player:7aa0aebd379414d25f1fcdc396407f1,Team GO,oe:team:8d538207b9de9d20e1a525aae593515,Nautilus,Tristana,Maokai,Amumu,Taliyah,Ryze,,,,,,1578,1,1,2,11,25,7,0.0,0.0,0.0,0.0,1.0,0.0,1.0,0.0,0.9506,1.2167,,,,,,,,,,,,,,,,,,,,,0.0,0.0,,,,,,,,0.0,0.0,3464.0,131.711,0.0482162,318.8593,355.019,35.0,1.3308,7.0,0.2662,8.0,82.0,3.1179,6638,3143,119.5057,0.0798874,5450.0,,,28.0,28.0,0.0,,,1.0646,2123.0,2421.0,14.0,2645.0,2826.0,13.0,-522.0,-405.0,1.0,0.0,1.0,1.0,1.0,1.0,0.0,3254.0,3406.0,23.0,3676.0,4034.0,22.0,-422.0,-628.0,1.0,0.0,2.0,1.0,1.0,1.0,1.0,4233.0,3897.0,26.0,4721.0,5217.0,27.0,-488.0,-1320.0,-1.0,0.0,2.0,2.0,1.0,2.0,1.0,5803.0,6533.0,28.0,5513.0,5982.0,28.0,290.0,551.0,0.0,0.0,8.0,2.0,1.0,2.0,3.0
ESPORTSTMNT04_2694226,complete,,EM,2023,Summer,0,2023-08-15 17:07:03,1,13.14,100,Blue,team,,,Anubis Gaming,oe:team:f2094ae60f9b1f3b6a17ad88ad75fc1,,Kalista,Jayce,Ivern,Alistar,Rakan,Rell,Varus,Trundle,Aatrox,Neeko,1578,0,7,25,10,7,25,0.0,0.0,0.0,0.0,0.0,,,,0.2662,1.2167,1.0,1.0,2.0,1.0,2.0,0.0,0.0,0.0,0.0,0.0,1.0,,0.0,0.0,0.0,0.0,2.0,,,0.0,0.0,1.0,0.0,1.0,10.0,0.0,0.0,3.0,6.0,0.0,1.0,39518.0,1502.5856,,3518.5932,2771.597,69.0,2.6236,22.0,0.8365,21.0,176.0,6.692,39716,22242,845.7034,,37425.0,-0.258796,-3.77,,659.0,122.0,,,29.6958,16755.0,17992.0,294.0,16751.0,18117.0,299.0,4.0,-125.0,-5.0,5.0,4.0,6.0,6.0,4.0,5.0,24716.0,28185.0,476.0,27262.0,29185.0,482.0,-2546.0,-1000.0,-6.0,6.0,6.0,10.0,10.0,11.0,6.0,32505.0,37417.0,635.0,37766.0,41637.0,689.0,-5261.0,-4220.0,-54.0,7.0,10.0,12.0,12.0,14.0,7.0,38676.0,45520.0,767.0,50941.0,59574.0,869.0,-12265.0,-14054.0,-102.0,7.0,10.0,20.0,20.0,29.0,7.0
ESPORTSTMNT04_2694226,complete,,EM,2023,Summer,0,2023-08-15 17:07:03,1,13.14,200,Red,team,,,Team GO,oe:team:8d538207b9de9d20e1a525aae593515,,Tristana,Maokai,Amumu,Taliyah,Ryze,Kai'Sa,Poppy,LeBlanc,Nautilus,Yone,1578,1,25,7,41,25,7,2.0,0.0,0.0,0.0,1.0,,,,0.9506,1.2167,0.0,2.0,1.0,2.0,1.0,0.0,0.0,0.0,1.0,1.0,0.0,,0.0,0.0,1.0,2.0,0.0,,,1.0,1.0,0.0,1.0,10.0,1.0,1.0,1.0,6.0,3.0,1.0,0.0,71843.0,2731.673,,2503.0798,2675.7795,75.0,2.8517,29.0,1.1027,28.0,208.0,7.9087,56820,39346,1496.0456,,48550.0,0.258796,3.77,,726.0,179.0,,,34.4106,16751.0,18117.0,299.0,16755.0,17992.0,294.0,-4.0,125.0,5.0,6.0,4.0,5.0,5.0,4.0,6.0,27262.0,29185.0,482.0,24716.0,28185.0,476.0,2546.0,1000.0,6.0,10.0,11.0,6.0,6.0,6.0,10.0,37766.0,41637.0,689.0,32505.0,37417.0,635.0,5261.0,4220.0,54.0,12.0,14.0,7.0,7.0,10.0,12.0,50941.0,59574.0,869.0,38676.0,45520.0,767.0,12265.0,14054.0,102.0,20.0,29.0,7.0,7.0,10.0,20.0
ESPORTSTMNT04_2692273,complete,,EM,2023,Summer,0,2023-08-15 17:47:34,1,13.14,1,Blue,top,Boda,oe:player:a600b912c936aadcc1337cc2a3c928e,Nigma Galaxy,oe:team:c6aa23f2afcbe6fc281c7bb9b96c843,Aatrox,Ivern,Maokai,Rumble,Tristana,Akshan,,,,,,2370,0,7,4,5,18,22,1.0,0.0,0.0,0.0,1.0,1.0,0.0,0.0,0.4557,1.0127,,,,,,,,,,,,,,,,,,,,,0.0,0.0,,,,,,,,1.0,0.0,24376.0,617.1139,0.236982,1015.8228,758.9873,13.0,0.3291,6.0,0.1519,8.0,45.0,1.1392,16690,11580,293.1646,0.241549,15750.0,,,328.0,296.0,32.0,,,8.3038,3113.0,4722.0,80.0,2827.0,4042.0,65.0,286.0,680.0,15.0,0.0,0.0,0.0,0.0,0.0,0.0,6320.0,8813.0,142.0,4295.0,6413.0,103.0,2025.0,2400.0,39.0,4.0,0.0,0.0,0.0,0.0,1.0,8587.0,11543.0,191.0,5769.0,8547.0,136.0,2818.0,2996.0,55.0,5.0,1.0,2.0,0.0,1.0,3.0,10942.0,15244.0,230.0,7218.0,10639.0,172.0,3724.0,4605.0,58.0,6.0,3.0,2.0,0.0,1.0,5.0
ESPORTSTMNT04_2692273,complete,,EM,2023,Summer,0,2023-08-15 17:47:34,1,13.14,2,Blue,jng,Pabu,oe:player:b0a4ae62486ca215c199e72698738b7,Nigma Galaxy,oe:team:c6aa23f2afcbe6fc281c7bb9b96c843,Sejuani,Ivern,Maokai,Rumble,Tristana,Akshan,,,,,,2370,0,2,3,8,18,22,1.0,0.0,0.0,0.0,0.0,0.0,0.0,0.0,0.4557,1.0127,,,,,,,,,,,,,,,,,,,,,1.0,2.0,,,,,,,,0.0,0.0,12262.0,310.4304,0.119211,1237.1646,1695.1139,11.0,0.2785,9.0,0.2278,12.0,50.0,1.2658,13445,8335,211.0127,0.173858,13375.0,,,227.0,30.0,197.0,,,5.7468,3275.0,3352.0,65.0,3065.0,3357.0,66.0,210.0,-5.0,-1.0,0.0,0.0,0.0,0.0,0.0,0.0,4889.0,5755.0,108.0,4926.0,5646.0,95.0,-37.0,109.0,13.0,0.0,0.0,0.0,1.0,1.0,2.0,7593.0,9044.0,148.0,7666.0,8565.0,133.0,-73.0,479.0,15.0,0.0,3.0,0.0,3.0,2.0,2.0,9757.0,11975.0,168.0,9701.0,13407.0,198.0,56.0,-1432.0,-30.0,2.0,7.0,0.0,3.0,2.0,3.0
ESPORTSTMNT04_2692273,complete,,EM,2023,Summer,0,2023-08-15 17:47:34,1,13.14,3,Blue,mid,Dehaste,oe:player:5f4898a107d2948045588584562be3f,Nigma Galaxy,oe:team:c6aa23f2afcbe6fc281c7bb9b96c843,LeBlanc,Ivern,Maokai,Rumble,Tristana,Akshan,,,,,,2370,0,0,4,4,18,22,0.0,0.0,0.0,0.0,0.0,0.0,0.0,0.0,0.4557,1.0127,,,,,,,,,,,,,,,,,,,,,0.0,0.0,,,,,,,,2.0,0.0,25021.0,633.443,0.243253,780.7848,484.0,21.0,0.5316,12.0,0.3038,6.0,59.0,1.4937,14755,9645,244.1772,0.201185,14600.0,,,358.0,354.0,4.0,,,9.0633,3790.0,4827.0,98.0,3099.0,4409.0,79.0,691.0,418.0,19.0,0.0,0.0,0.0,0.0,0.0,0.0,5399.0,7163.0,148.0,5253.0,7654.0,138.0,146.0,-491.0,10.0,0.0,0.0,1.0,0.0,1.0,0.0,7812.0,10779.0,216.0,7706.0,11011.0,191.0,106.0,-232.0,25.0,0.0,0.0,1.0,1.0,1.0,0.0,9884.0,14273.0,254.0,9454.0,12743.0,226.0,430.0,1530.0,28.0,0.0,4.0,1.0,1.0,1.0,1.0
ESPORTSTMNT04_2692273,complete,,EM,2023,Summer,0,2023-08-15 17:47:34,1,13.14,4,Blue,bot,Rust,oe:player:f5e265d607cb720058fc166e00083fe,Nigma Galaxy,oe:team:c6aa23f2afcbe6fc281c7bb9b96c843,Xayah,Ivern,Maokai,Rumble,Tristana,Akshan,,,,,,2370,0,7,5,4,18,22,1.0,1.0,0.0,0.0,0.0,0.0,0.0,0.0,0.4557,1.0127,,,,,,,,,,,,,,,,,,,,,0.0,0.0,,,,,,,,2.0,1.0,34845.0,882.1519,0.338761,720.2025,420.557,13.0,0.3291,4.0,0.1013,1.0,27.0,0.6835,19335,14225,360.1266,0.296723,19485.0,,,382.0,341.0,41.0,,,9.6709,3272.0,3713.0,88.0,3057.0,2881.0,75.0,215.0,832.0,13.0,0.0,0.0,0.0,0.0,0.0,0.0,5416.0,6345.0,136.0,5663.0,5641.0,136.0,-247.0,704.0,0.0,0.0,2.0,1.0,1.0,0.0,0.0,8656.0,9097.0,182.0,7457.0,7931.0,182.0,1199.0,1166.0,0.0,2.0,2.0,1.0,1.0,2.0,1.0,11316.0,12624.0,228.0,9095.0,9636.0,222.0,2221.0,2988.0,6.0,4.0,4.0,1.0,1.0,2.0,2.0
ESPORTSTMNT04_2692273,complete,,EM,2023,Summer,0,2023-08-15 17:47:34,1,13.14,5,Blue,sup,Klownz,oe:player:1c6282fdf403e4e63f3b339d0bca034,Nigma Galaxy,oe:team:c6aa23f2afcbe6fc281c7bb9b96c843,Leona,Ivern,Maokai,Rumble,Tristana,Akshan,,,,,,2370,0,2,6,8,18,22,0.0,0.0,0.0,0.0,0.0,0.0,0.0,0.0,0.4557,1.0127,,,,,,,,,,,,,,,,,,,,,0.0,0.0,,,,,,,,0.0,0.0,6356.0,160.9114,0.0617927,637.8228,737.5443,48.0,1.2152,18.0,0.4557,12.0,118.0,2.9873,9266,4156,105.2152,0.0866852,9000.0,,,44.0,44.0,0.0,,,1.1139,2011.0,2279.0,16.0,2163.0,2823.0,20.0,-152.0,-544.0,-4.0,0.0,0.0,0.0,0.0,0.0,0.0,3177.0,3655.0,25.0,3113.0,4317.0,27.0,64.0,-662.0,-2.0,0.0,1.0,0.0,0.0,1.0,1.0,4660.0,5354.0,31.0,4449.0,6183.0,39.0,211.0,-829.0,-8.0,1.0,3.0,1.0,0.0,4.0,2.0,6378.0,8638.0,34.0,5278.0,7053.0,44.0,1100.0,1585.0,-10.0,2.0,8.0,1.0,0.0,4.0,3.0
ESPORTSTMNT04_2692273,complete,,EM,2023,Summer,0,2023-08-15 17:47:34,1,13.14,6,Red,top,Eyliph,oe:player:4b20700639bada36a5a58cc4a8e7135,Anorthosis Famagusta Esports,oe:team:5f1bc4a914b49c7b7ff4c2f1b8d8df9,Poppy,Jax,Rell,Kai'Sa,Alistar,Nautilus,,,,,,2370,1,1,5,9,22,18,0.0,0.0,0.0,0.0,0.0,0.0,0.0,1.0,0.557,1.0127,,,,,,,,,,,,,,,,,,,,,0.0,0.0,,,,,,,,0.0,1.0,15896.0,402.4304,0.125533,803.9494,1437.5949,15.0,0.3797,5.0,0.1266,3.0,23.0,0.5823,12957,7847,198.6582,0.142494,11775.0,,,242.0,242.0,0.0,,,6.1266,2827.0,4042.0,65.0,3113.0,4722.0,80.0,-286.0,-680.0,-15.0,0.0,0.0,0.0,0.0,0.0,0.0,4295.0,6413.0,103.0,6320.0,8813.0,142.0,-2025.0,-2400.0,-39.0,0.0,0.0,1.0,4.0,0.0,0.0,5769.0,8547.0,136.0,8587.0,11543.0,191.0,-2818.0,-2996.0,-55.0,0.0,1.0,3.0,5.0,1.0,2.0,7218.0,10639.0,172.0,10942.0,15244.0,230.0,-3724.0,-4605.0,-58.0,0.0,1.0,5.0,6.0,3.0,2.0
ESPORTSTMNT04_2692273,complete,,EM,2023,Summer,0,2023-08-15 17:47:34,1,13.14,7,Red,jng,SPOOKY,oe:player:11389d6d8a29729807c3cf528a98050,Anorthosis Famagusta Esports,oe:team:5f1bc4a914b49c7b7ff4c2f1b8d8df9,Lillia,Jax,Rell,Kai'Sa,Alistar,Nautilus,,,,,,2370,1,9,3,10,22,18,1.0,0.0,0.0,0.0,0.0,0.0,0.0,0.0,0.557,1.0127,,,,,,,,,,,,,,,,,,,,,2.0,1.0,,,,,,,,0.0,0.0,33310.0,843.2911,0.263054,1186.7089,1400.8354,6.0,0.1519,8.0,0.2025,5.0,40.0,1.0127,18817,13707,347.0127,0.248912,16975.0,,,318.0,113.0,205.0,,,8.0506,3065.0,3357.0,66.0,3275.0,3352.0,65.0,-210.0,5.0,1.0,0.0,0.0,0.0,0.0,0.0,0.0,4926.0,5646.0,95.0,4889.0,5755.0,108.0,37.0,-109.0,-13.0,1.0,1.0,2.0,0.0,0.0,0.0,7666.0,8565.0,133.0,7593.0,9044.0,148.0,73.0,-479.0,-15.0,3.0,2.0,2.0,0.0,3.0,0.0,9701.0,13407.0,198.0,9757.0,11975.0,168.0,-56.0,1432.0,30.0,3.0,2.0,3.0,2.0,7.0,0.0
ESPORTSTMNT04_2692273,complete,,EM,2023,Summer,0,2023-08-15 17:47:34,1,13.14,8,Red,mid,HAWHAW,oe:player:ae06413dcf80aa496ab8448d8ea586f,Anorthosis Famagusta Esports,oe:team:5f1bc4a914b49c7b7ff4c2f1b8d8df9,Jayce,Jax,Rell,Kai'Sa,Alistar,Nautilus,,,,,,2370,1,5,3,6,22,18,0.0,0.0,0.0,0.0,0.0,0.0,0.0,0.0,0.557,1.0127,,,,,,,,,,,,,,,,,,,,,0.0,0.0,,,,,,,,0.0,2.0,33078.0,837.4177,0.261222,666.5316,557.5949,14.0,0.3544,3.0,0.0759,3.0,28.0,0.7089,19376,14266,361.1646,0.259064,17575.0,,,361.0,357.0,4.0,,,9.1392,3099.0,4409.0,79.0,3790.0,4827.0,98.0,-691.0,-418.0,-19.0,0.0,0.0,0.0,0.0,0.0,0.0,5253.0,7654.0,138.0,5399.0,7163.0,148.0,-146.0,491.0,-10.0,0.0,1.0,0.0,0.0,0.0,1.0,7706.0,11011.0,191.0,7812.0,10779.0,216.0,-106.0,232.0,-25.0,1.0,1.0,0.0,0.0,0.0,1.0,9454.0,12743.0,226.0,9884.0,14273.0,254.0,-430.0,-1530.0,-28.0,1.0,1.0,1.0,0.0,4.0,1.0
ESPORTSTMNT04_2692273,complete,,EM,2023,Summer,0,2023-08-15 17:47:34,1,13.14,9,Red,bot,GOLDENTO4ST,oe:player:5c58c2e986e8aec0ee6f2465823349a,Anorthosis Famagusta Esports,oe:team:5f1bc4a914b49c7b7ff4c2f1b8d8df9,Jinx,Jax,Rell,Kai'Sa,Alistar,Nautilus,,,,,,2370,1,6,3,8,22,18,1.0,1.0,0.0,0.0,0.0,0.0,0.0,0.0,0.557,1.0127,,,,,,,,,,,,,,,,,,,,,0.0,0.0,,,,,,,,1.0,2.0,34253.0,867.1646,0.270501,469.2405,341.7215,14.0,0.3544,8.0,0.2025,2.0,30.0,0.7595,18671,13561,343.3165,0.246261,15440.0,,,360.0,352.0,8.0,,,9.1139,3057.0,2881.0,75.0,3272.0,3713.0,88.0,-215.0,-832.0,-13.0,0.0,0.0,0.0,0.0,0.0,0.0,5663.0,5641.0,136.0,5416.0,6345.0,136.0,247.0,-704.0,0.0,1.0,0.0,0.0,0.0,2.0,1.0,7457.0,7931.0,182.0,8656.0,9097.0,182.0,-1199.0,-1166.0,0.0,1.0,2.0,1.0,2.0,2.0,1.0,9095.0,9636.0,222.0,11316.0,12624.0,228.0,-2221.0,-2988.0,-6.0,1.0,2.0,2.0,4.0,4.0,1.0
ESPORTSTMNT04_2692273,complete,,EM,2023,Summer,0,2023-08-15 17:47:34,1,13.14,10,Red,sup,iLEVI,oe:player:b226880189cb11f7da7a0c86544b556,Anorthosis Famagusta Esports,oe:team:5f1bc4a914b49c7b7ff4c2f1b8d8df9,Rakan,Jax,Rell,Kai'Sa,Alistar,Nautilus,,,,,,2370,1,1,4,17,22,18,0.0,0.0,0.0,0.0,0.0,0.0,0.0,0.0,0.557,1.0127,,,,,,,,,,,,,,,,,,,,,0.0,0.0,,,,,,,,0.0,0.0,10091.0,255.4684,0.0796901,600.962,1103.6203,55.0,1.3924,18.0,0.4557,14.0,128.0,3.2405,10797,5687,143.9747,0.103269,9350.0,,,58.0,58.0,0.0,,,1.4684,2163.0,2823.0,20.0,2011.0,2279.0,16.0,152.0,544.0,4.0,0.0,0.0,0.0,0.0,0.0,0.0,3113.0,4317.0,27.0,3177.0,3655.0,25.0,-64.0,662.0,2.0,0.0,1.0,1.0,0.0,1.0,0.0,4449.0,6183.0,39.0,4660.0,5354.0,31.0,-211.0,829.0,8.0,0.0,4.0,2.0,1.0,3.0,1.0,5278.0,7053.0,44.0,6378.0,8638.0,34.0,-1100.0,-1585.0,10.0,0.0,4.0,3.0,2.0,8.0,1.0
ESPORTSTMNT04_2692273,complete,,EM,2023,Summer,0,2023-08-15 17:47:34,1,13.14,100,Blue,team,,,Nigma Galaxy,oe:team:c6aa23f2afcbe6fc281c7bb9b96c843,,Ivern,Maokai,Rumble,Tristana,Akshan,Xayah,Sejuani,LeBlanc,Leona,Aatrox,2370,0,18,22,29,18,22,3.0,1.0,0.0,0.0,1.0,,,,0.4557,1.0127,1.0,4.0,1.0,4.0,0.0,1.0,0.0,1.0,0.0,0.0,2.0,,0.0,1.0,1.0,2.0,0.0,,,1.0,1.0,2.0,1.0,10.0,7.0,1.0,1.0,5.0,1.0,5.0,1.0,102860.0,2604.0506,,4391.7975,4096.2025,106.0,2.6835,49.0,1.2405,39.0,299.0,7.5696,73491,47939,1213.6456,,72210.0,0.01528,1.34,,1065.0,274.0,,,33.8987,15461.0,18893.0,347.0,14211.0,17512.0,305.0,1250.0,1381.0,42.0,0.0,0.0,0.0,0.0,0.0,0.0,25201.0,31731.0,559.0,23250.0,29671.0,499.0,1951.0,2060.0,60.0,4.0,3.0,2.0,2.0,3.0,4.0,37308.0,45817.0,768.0,33047.0,42237.0,681.0,4261.0,3580.0,87.0,8.0,9.0,5.0,5.0,10.0,8.0,48277.0,62754.0,914.0,40746.0,53478.0,862.0,7531.0,9276.0,52.0,14.0,26.0,5.0,5.0,10.0,14.0
ESPORTSTMNT04_2692273,complete,,EM,2023,Summer,0,2023-08-15 17:47:34,1,13.14,200,Red,team,,,Anorthosis Famagusta Esports,oe:team:5f1bc4a914b49c7b7ff4c2f1b8d8df9,,Jax,Rell,Kai'Sa,Alistar,Nautilus,Rakan,Jinx,Lillia,Jayce,Poppy,2370,1,22,18,50,22,18,2.0,1.0,0.0,0.0,0.0,,,,0.557,1.0127,0.0,1.0,4.0,0.0,4.0,0.0,0.0,0.0,0.0,0.0,0.0,,1.0,0.0,0.0,0.0,2.0,,,0.0,2.0,1.0,0.0,7.0,10.0,0.0,0.0,1.0,5.0,1.0,5.0,126628.0,3205.7722,,3727.3924,4841.3671,104.0,2.6329,42.0,1.0633,27.0,249.0,6.3038,80618,55066,1394.0759,,71115.0,-0.01528,-1.34,,1122.0,217.0,,,33.8987,14211.0,17512.0,305.0,15461.0,18893.0,347.0,-1250.0,-1381.0,-42.0,0.0,0.0,0.0,0.0,0.0,0.0,23250.0,29671.0,499.0,25201.0,31731.0,559.0,-1951.0,-2060.0,-60.0,2.0,3.0,4.0,4.0,3.0,2.0,33047.0,42237.0,681.0,37308.0,45817.0,768.0,-4261.0,-3580.0,-87.0,5.0,10.0,8.0,8.0,9.0,5.0,40746.0,53478.0,862.0,48277.0,62754.0,914.0,-7531.0,-9276.0,-52.0,5.0,10.0,14.0,14.0,26.0,5.0
ESPORTSTMNT04_2694227,complete,,EM,2023,Summer,0,2023-08-15 17:49:40,1,13.14,1,Blue,top,StarScreen,oe:player:1bc0756ba9102abb5a7cd13d2b618aa,FUT Esports,oe:team:8df5e2c8825f60f136b2cbed5633a81,Aatrox,Neeko,Sejuani,Miss Fortune,Leona,Rakan,,,,,,1829,1,2,1,10,23,9,0.0,0.0,0.0,0.0,0.0,0.0,0.0,0.0,0.7545,1.0498,,,,,,,,,,,,,,,,,,,,,0.0,0.0,,,,,,,,0.0,0.0,17435.0,571.9519,0.177199,644.9098,487.5451,12.0,0.3937,9.0,0.2952,6.0,40.0,1.3122,12478,8471,277.8896,0.194619,11400.0,,,232.0,212.0,20.0,,,7.6107,3055.0,4170.0,61.0,2963.0,4000.0,69.0,92.0,170.0,-8.0,0.0,2.0,0.0,0.0,0.0,0.0,5056.0,7198.0,118.0,4451.0,6866.0,108.0,605.0,332.0,10.0,0.0,2.0,0.0,0.0,0.0,0.0,7622.0,10282.0,160.0,6517.0,10415.0,158.0,1105.0,-133.0,2.0,1.0,5.0,1.0,1.0,0.0,1.0,10180.0,12875.0,189.0,8039.0,12592.0,173.0,2141.0,283.0,16.0,2.0,7.0,1.0,1.0,2.0,2.0
ESPORTSTMNT04_2694227,complete,,EM,2023,Summer,0,2023-08-15 17:49:40,1,13.14,2,Blue,jng,Mojito,oe:player:d92b0904aa4f08f128aa8c6d2775056,FUT Esports,oe:team:8df5e2c8825f60f136b2cbed5633a81,Gragas,Neeko,Sejuani,Miss Fortune,Leona,Rakan,,,,,,1829,1,2,2,14,23,9,0.0,0.0,0.0,0.0,1.0,0.0,1.0,0.0,0.7545,1.0498,,,,,,,,,,,,,,,,,,,,,1.0,0.0,,,,,,,,0.0,0.0,18658.0,612.0722,0.189629,757.1022,781.9355,10.0,0.328,7.0,0.2296,9.0,37.0,1.2138,11649,7642,250.6944,0.175574,11175.0,,,178.0,17.0,161.0,,,5.8393,3809.0,3105.0,58.0,3019.0,2595.0,45.0,790.0,510.0,13.0,2.0,2.0,1.0,1.0,0.0,3.0,5297.0,5014.0,90.0,4683.0,4839.0,84.0,614.0,175.0,6.0,2.0,3.0,2.0,1.0,1.0,3.0,7247.0,8027.0,121.0,5963.0,6812.0,111.0,1284.0,1215.0,10.0,2.0,6.0,2.0,1.0,1.0,4.0,9609.0,11248.0,150.0,7079.0,7877.0,116.0,2530.0,3371.0,34.0,2.0,10.0,2.0,1.0,2.0,6.0
ESPORTSTMNT04_2694227,complete,,EM,2023,Summer,0,2023-08-15 17:49:40,1,13.14,3,Blue,mid,Tempt,oe:player:2861898294dd867b05fd28dca284e57,FUT Esports,oe:team:8df5e2c8825f60f136b2cbed5633a81,Jayce,Neeko,Sejuani,Miss Fortune,Leona,Rakan,,,,,,1829,1,6,2,7,23,9,2.0,1.0,0.0,0.0,0.0,0.0,0.0,0.0,0.7545,1.0498,,,,,,,,,,,,,,,,,,,,,0.0,0.0,,,,,,,,2.0,0.0,25873.0,848.7589,0.262958,565.3909,460.5467,15.0,0.4921,4.0,0.1312,5.0,32.0,1.0498,14872,10865,356.4243,0.24962,13375.0,,,288.0,268.0,20.0,,,9.4478,3225.0,4420.0,84.0,3164.0,4741.0,91.0,61.0,-321.0,-7.0,0.0,1.0,0.0,0.0,0.0,0.0,5338.0,7214.0,136.0,5426.0,7132.0,132.0,-88.0,82.0,4.0,0.0,2.0,0.0,2.0,0.0,0.0,8664.0,10619.0,201.0,6840.0,9431.0,167.0,1824.0,1188.0,34.0,1.0,2.0,0.0,2.0,0.0,1.0,11202.0,13523.0,233.0,9226.0,11468.0,202.0,1976.0,2055.0,31.0,3.0,3.0,2.0,3.0,0.0,1.0
ESPORTSTMNT04_2694227,complete,,EM,2023,Summer,0,2023-08-15 17:49:40,1,13.14,4,Blue,bot,Kaori,oe:player:c63c7e0755b31f1effbdf2e1f831e7d,FUT Esports,oe:team:8df5e2c8825f60f136b2cbed5633a81,Kai'Sa,Neeko,Sejuani,Miss Fortune,Leona,Rakan,,,,,,1829,1,10,1,9,23,9,1.0,0.0,0.0,0.0,1.0,0.0,1.0,0.0,0.7545,1.0498,,,,,,,,,,,,,,,,,,,,,0.0,0.0,,,,,,,,0.0,0.0,31004.0,1017.0804,0.315107,415.0465,277.1679,20.0,0.6561,9.0,0.2952,2.0,52.0,1.7059,15761,11754,385.5878,0.270044,14700.0,,,280.0,256.0,24.0,,,9.1853,4386.0,3202.0,87.0,3240.0,3177.0,82.0,1146.0,25.0,5.0,2.0,3.0,0.0,0.0,1.0,1.0,6034.0,5159.0,132.0,4859.0,5384.0,127.0,1175.0,-225.0,5.0,2.0,4.0,0.0,0.0,2.0,1.0,9278.0,8224.0,182.0,6464.0,7029.0,170.0,2814.0,1195.0,12.0,5.0,6.0,0.0,0.0,2.0,2.0,12043.0,11167.0,233.0,10706.0,10963.0,235.0,1337.0,204.0,-2.0,6.0,6.0,1.0,3.0,2.0,2.0
ESPORTSTMNT04_2694227,complete,,EM,2023,Summer,0,2023-08-15 17:49:40,1,13.14,5,Blue,sup,Asper,oe:player:29e873916dcb14c9feb6b85d253cb87,FUT Esports,oe:team:8df5e2c8825f60f136b2cbed5633a81,Nautilus,Neeko,Sejuani,Miss Fortune,Leona,Rakan,,,,,,1829,1,3,3,16,23,9,0.0,0.0,0.0,0.0,1.0,1.0,0.0,0.0,0.7545,1.0498,,,,,,,,,,,,,,,,,,,,,1.0,0.0,,,,,,,,0.0,0.0,5422.0,177.8677,0.0551061,516.643,898.327,42.0,1.3778,4.0,0.1312,12.0,85.0,2.7884,8801,4794,157.2663,0.110144,8550.0,,,36.0,32.0,4.0,,,1.181,3043.0,2834.0,14.0,2191.0,2594.0,14.0,852.0,240.0,0.0,2.0,3.0,0.0,0.0,1.0,2.0,4538.0,3977.0,28.0,3227.0,3653.0,21.0,1311.0,324.0,7.0,3.0,3.0,1.0,0.0,2.0,3.0,5775.0,4997.0,30.0,4133.0,4389.0,27.0,1642.0,608.0,3.0,3.0,6.0,1.0,0.0,2.0,4.0,7172.0,6382.0,31.0,5325.0,5962.0,28.0,1847.0,420.0,3.0,3.0,9.0,2.0,0.0,4.0,5.0
ESPORTSTMNT04_2694227,complete,,EM,2023,Summer,0,2023-08-15 17:49:40,1,13.14,6,Red,top,Caucha,oe:player:190d3ffa9c4734a633e2103dbbdb815,White Dragons,oe:team:6468029fb605bd6fdf1cf866e890739,Renekton,Rumble,Tristana,Rell,Ivern,Amumu,,,,,,1829,0,1,4,3,9,23,0.0,0.0,0.0,0.0,0.0,0.0,0.0,0.0,0.2952,1.0498,,,,,,,,,,,,,,,,,,,,,0.0,0.0,,,,,,,,0.0,0.0,8655.0,283.9256,0.143945,1037.2881,657.2772,10.0,0.328,4.0,0.1312,1.0,28.0,0.9185,9911,5904,193.6796,0.200557,9675.0,,,213.0,213.0,0.0,,,6.9874,2963.0,4000.0,69.0,3055.0,4170.0,61.0,-92.0,-170.0,8.0,0.0,0.0,0.0,0.0,2.0,0.0,4451.0,6866.0,108.0,5056.0,7198.0,118.0,-605.0,-332.0,-10.0,0.0,0.0,0.0,0.0,2.0,0.0,6517.0,10415.0,158.0,7622.0,10282.0,160.0,-1105.0,133.0,-2.0,1.0,0.0,1.0,1.0,5.0,1.0,8039.0,12592.0,173.0,10180.0,12875.0,189.0,-2141.0,-283.0,-16.0,1.0,2.0,2.0,2.0,7.0,1.0
ESPORTSTMNT04_2694227,complete,,EM,2023,Summer,0,2023-08-15 17:49:40,1,13.14,7,Red,jng,D4SH,oe:player:b665b9fa5f821ff73a873d0cecb0682,White Dragons,oe:team:6468029fb605bd6fdf1cf866e890739,Maokai,Rumble,Tristana,Rell,Ivern,Amumu,,,,,,1829,0,1,8,3,9,23,0.0,0.0,0.0,0.0,0.0,0.0,0.0,0.0,0.2952,1.0498,,,,,,,,,,,,,,,,,,,,,0.0,1.0,,,,,,,,0.0,0.0,11343.0,372.105,0.188651,1081.509,744.0459,11.0,0.3609,14.0,0.4593,11.0,48.0,1.5746,8007,4000,131.2192,0.135881,7825.0,,,122.0,22.0,100.0,,,4.0022,3019.0,2595.0,45.0,3809.0,3105.0,58.0,-790.0,-510.0,-13.0,1.0,0.0,3.0,2.0,2.0,1.0,4683.0,4839.0,84.0,5297.0,5014.0,90.0,-614.0,-175.0,-6.0,1.0,1.0,3.0,2.0,3.0,2.0,5963.0,6812.0,111.0,7247.0,8027.0,121.0,-1284.0,-1215.0,-10.0,1.0,1.0,4.0,2.0,6.0,2.0,7079.0,7877.0,116.0,9609.0,11248.0,150.0,-2530.0,-3371.0,-34.0,1.0,2.0,6.0,2.0,10.0,2.0
ESPORTSTMNT04_2694227,complete,,EM,2023,Summer,0,2023-08-15 17:49:40,1,13.14,8,Red,mid,NOMA,oe:player:a0768d89dec26206b95179ad9a1c08d,White Dragons,oe:team:6468029fb605bd6fdf1cf866e890739,Zoe,Rumble,Tristana,Rell,Ivern,Amumu,,,,,,1829,0,4,2,0,9,23,0.0,0.0,0.0,0.0,0.0,0.0,0.0,0.0,0.2952,1.0498,,,,,,,,,,,,,,,,,,,,,0.0,0.0,,,,,,,,0.0,2.0,20855.0,684.1443,0.346849,570.8693,290.8475,10.0,0.328,8.0,0.2624,2.0,26.0,0.8529,11458,7451,244.4286,0.253106,10950.0,,,240.0,236.0,4.0,,,7.8732,3164.0,4741.0,91.0,3225.0,4420.0,84.0,-61.0,321.0,7.0,0.0,0.0,0.0,0.0,1.0,0.0,5426.0,7132.0,132.0,5338.0,7214.0,136.0,88.0,-82.0,-4.0,2.0,0.0,0.0,0.0,2.0,0.0,6840.0,9431.0,167.0,8664.0,10619.0,201.0,-1824.0,-1188.0,-34.0,2.0,0.0,1.0,1.0,2.0,0.0,9226.0,11468.0,202.0,11202.0,13523.0,233.0,-1976.0,-2055.0,-31.0,3.0,0.0,1.0,3.0,3.0,2.0
ESPORTSTMNT04_2694227,complete,,EM,2023,Summer,0,2023-08-15 17:49:40,1,13.14,9,Red,bot,Worst,oe:player:4f4e71938a105fe72bd18788fe53d40,White Dragons,oe:team:6468029fb605bd6fdf1cf866e890739,Xayah,Rumble,Tristana,Rell,Ivern,Amumu,,,,,,1829,0,3,3,3,9,23,1.0,0.0,0.0,0.0,0.0,0.0,0.0,0.0,0.2952,1.0498,,,,,,,,,,,,,,,,,,,,,0.0,0.0,,,,,,,,0.0,0.0,14267.0,468.0262,0.237281,533.0454,228.6823,10.0,0.328,6.0,0.1968,0.0,22.0,0.7217,13574,9567,313.8436,0.324983,13600.0,,,311.0,299.0,12.0,,,10.2023,3240.0,3177.0,82.0,4386.0,3202.0,87.0,-1146.0,-25.0,-5.0,0.0,1.0,1.0,2.0,3.0,0.0,4859.0,5384.0,127.0,6034.0,5159.0,132.0,-1175.0,225.0,-5.0,0.0,2.0,1.0,2.0,4.0,0.0,6464.0,7029.0,170.0,9278.0,8224.0,182.0,-2814.0,-1195.0,-12.0,0.0,2.0,2.0,5.0,6.0,0.0,10706.0,10963.0,235.0,12043.0,11167.0,233.0,-1337.0,-204.0,2.0,3.0,2.0,2.0,6.0,6.0,1.0
ESPORTSTMNT04_2694227,complete,,EM,2023,Summer,0,2023-08-15 17:49:40,1,13.14,10,Red,sup,Calmsky,oe:player:f32776bb3b0bfb1cd3261868df4dfce,White Dragons,oe:team:6468029fb605bd6fdf1cf866e890739,Braum,Rumble,Tristana,Rell,Ivern,Amumu,,,,,,1829,0,0,6,5,9,23,0.0,0.0,0.0,0.0,0.0,0.0,0.0,1.0,0.2952,1.0498,,,,,,,,,,,,,,,,,,,,,0.0,1.0,,,,,,,,0.0,0.0,5007.0,164.2537,0.0832737,606.1345,570.6069,52.0,1.7059,6.0,0.1968,15.0,80.0,2.6244,6523,2516,82.5369,0.0854724,5925.0,,,31.0,31.0,0.0,,,1.0169,2191.0,2594.0,14.0,3043.0,2834.0,14.0,-852.0,-240.0,0.0,0.0,1.0,2.0,2.0,3.0,0.0,3227.0,3653.0,21.0,4538.0,3977.0,28.0,-1311.0,-324.0,-7.0,0.0,2.0,3.0,3.0,3.0,1.0,4133.0,4389.0,27.0,5775.0,4997.0,30.0,-1642.0,-608.0,-3.0,0.0,2.0,4.0,3.0,6.0,1.0,5325.0,5962.0,28.0,7172.0,6382.0,31.0,-1847.0,-420.0,-3.0,0.0,4.0,5.0,3.0,9.0,2.0
ESPORTSTMNT04_2694227,complete,,EM,2023,Summer,0,2023-08-15 17:49:40,1,13.14,100,Blue,team,,,FUT Esports,oe:team:8df5e2c8825f60f136b2cbed5633a81,,Neeko,Sejuani,Miss Fortune,Leona,Rakan,Kai'Sa,Jayce,Aatrox,Gragas,Nautilus,1829,1,23,9,56,23,9,3.0,1.0,0.0,0.0,1.0,,,,0.7545,1.0498,0.0,1.0,2.0,1.0,2.0,0.0,1.0,0.0,0.0,0.0,0.0,,0.0,0.0,0.0,1.0,1.0,,,1.0,2.0,0.0,1.0,10.0,3.0,1.0,1.0,5.0,4.0,2.0,0.0,98392.0,3227.731,,2899.0924,2905.5221,99.0,3.2477,33.0,1.0826,34.0,246.0,8.07,63561,43527,1427.895,,59200.0,0.20947,4.09,,785.0,229.0,,,33.2641,17518.0,17731.0,304.0,14577.0,17107.0,301.0,2941.0,624.0,3.0,6.0,11.0,1.0,1.0,2.0,6.0,26263.0,28562.0,504.0,22646.0,27874.0,472.0,3617.0,688.0,32.0,7.0,14.0,3.0,3.0,5.0,7.0,38586.0,42149.0,694.0,29917.0,38076.0,633.0,8669.0,4073.0,61.0,12.0,25.0,4.0,4.0,5.0,12.0,50206.0,55195.0,836.0,40375.0,48862.0,754.0,9831.0,6333.0,82.0,16.0,35.0,8.0,8.0,10.0,16.0
ESPORTSTMNT04_2694227,complete,,EM,2023,Summer,0,2023-08-15 17:49:40,1,13.14,200,Red,team,,,White Dragons,oe:team:6468029fb605bd6fdf1cf866e890739,,Rumble,Tristana,Rell,Ivern,Amumu,Xayah,Maokai,Renekton,Zoe,Braum,1829,0,9,23,14,9,23,1.0,0.0,0.0,0.0,0.0,,,,0.2952,1.0498,1.0,2.0,1.0,2.0,1.0,0.0,0.0,0.0,1.0,0.0,1.0,,0.0,0.0,1.0,1.0,1.0,,,0.0,0.0,2.0,0.0,3.0,10.0,0.0,0.0,4.0,5.0,0.0,2.0,60127.0,1972.4549,,3828.8464,2491.4598,93.0,3.0508,38.0,1.2466,29.0,204.0,6.6922,49473,29439,965.7408,,47975.0,-0.20947,-4.09,,801.0,116.0,,,30.082,14577.0,17107.0,301.0,17518.0,17731.0,304.0,-2941.0,-624.0,-3.0,1.0,2.0,6.0,6.0,11.0,1.0,22646.0,27874.0,472.0,26263.0,28562.0,504.0,-3617.0,-688.0,-32.0,3.0,5.0,7.0,7.0,14.0,3.0,29917.0,38076.0,633.0,38586.0,42149.0,694.0,-8669.0,-4073.0,-61.0,4.0,5.0,12.0,12.0,25.0,4.0,40375.0,48862.0,754.0,50206.0,55195.0,836.0,-9831.0,-6333.0,-82.0,8.0,10.0,16.0,16.0,35.0,8.0
ESPORTSTMNT04_2694228,complete,,EM,2023,Summer,0,2023-08-15 17:50:31,1,13.14,1,Blue,top,Robba,oe:player:0a08034cdc4feac55c0bdfbc0f300db,KRC Genk Esports,oe:team:01a959b2a20ca77057e580ec051aa3e,Renekton,Rakan,Rell,Maokai,Jax,Malphite,,,,,,2489,0,1,6,2,7,17,0.0,0.0,0.0,0.0,0.0,0.0,0.0,0.0,0.1687,0.5785,,,,,,,,,,,,,,,,,,,,,0.0,0.0,,,,,,,,0.0,0.0,8093.0,195.0904,0.111038,897.951,767.1515,18.0,0.4339,11.0,0.2652,7.0,45.0,1.0848,14576,9223,222.3303,0.202068,13755.0,,,305.0,301.0,4.0,,,7.3524,3822.0,4815.0,84.0,3216.0,4773.0,86.0,606.0,42.0,-2.0,1.0,1.0,0.0,0.0,0.0,0.0,5718.0,7036.0,128.0,5030.0,7462.0,128.0,688.0,-426.0,0.0,1.0,1.0,2.0,1.0,1.0,0.0,7292.0,9307.0,167.0,6422.0,8985.0,157.0,870.0,322.0,10.0,1.0,2.0,2.0,1.0,1.0,1.0,8523.0,10830.0,194.0,8379.0,11449.0,189.0,144.0,-619.0,5.0,1.0,2.0,3.0,2.0,1.0,1.0
ESPORTSTMNT04_2694228,complete,,EM,2023,Summer,0,2023-08-15 17:50:31,1,13.14,2,Blue,jng,Guertas,oe:player:66dfc0444c571e87d4442178fee3ab4,KRC Genk Esports,oe:team:01a959b2a20ca77057e580ec051aa3e,Trundle,Rakan,Rell,Maokai,Jax,Malphite,,,,,,2489,0,2,4,3,7,17,0.0,0.0,0.0,0.0,0.0,0.0,0.0,0.0,0.1687,0.5785,,,,,,,,,,,,,,,,,,,,,1.0,1.0,,,,,,,,0.0,0.0,6871.0,165.6328,0.0942718,846.822,1010.6227,13.0,0.3134,20.0,0.4821,15.0,71.0,1.7115,11862,6509,156.9064,0.142606,11725.0,,,177.0,41.0,136.0,,,4.2668,3548.0,3577.0,56.0,2711.0,3038.0,49.0,837.0,539.0,7.0,2.0,1.0,0.0,0.0,0.0,3.0,5202.0,5290.0,88.0,4478.0,5514.0,79.0,724.0,-224.0,9.0,2.0,1.0,0.0,1.0,2.0,3.0,6847.0,6960.0,120.0,5708.0,6700.0,95.0,1139.0,260.0,25.0,2.0,1.0,0.0,1.0,3.0,3.0,8173.0,9194.0,144.0,7534.0,9242.0,121.0,639.0,-48.0,23.0,2.0,1.0,0.0,2.0,4.0,3.0
ESPORTSTMNT04_2694228,complete,,EM,2023,Summer,0,2023-08-15 17:50:31,1,13.14,3,Blue,mid,Mikkel,oe:player:b2c05a26758d82a8643a27eec405dcb,KRC Genk Esports,oe:team:01a959b2a20ca77057e580ec051aa3e,Tristana,Rakan,Rell,Maokai,Jax,Malphite,,,,,,2489,0,2,3,2,7,17,0.0,0.0,0.0,0.0,1.0,1.0,0.0,0.0,0.1687,0.5785,,,,,,,,,,,,,,,,,,,,,0.0,0.0,,,,,,,,1.0,1.0,20027.0,482.7722,0.274775,553.6922,539.0117,10.0,0.2411,8.0,0.1928,4.0,27.0,0.6509,19209,13856,334.0137,0.303575,17850.0,,,463.0,355.0,108.0,,,11.1611,3876.0,4789.0,83.0,3169.0,4834.0,83.0,707.0,-45.0,0.0,1.0,2.0,0.0,0.0,0.0,1.0,5738.0,7393.0,133.0,5483.0,7824.0,144.0,255.0,-431.0,-11.0,1.0,2.0,1.0,1.0,1.0,1.0,8344.0,10118.0,189.0,7396.0,10359.0,192.0,948.0,-241.0,-3.0,2.0,2.0,1.0,1.0,1.0,1.0,10171.0,12608.0,244.0,10017.0,13215.0,243.0,154.0,-607.0,1.0,2.0,2.0,2.0,1.0,3.0,1.0
ESPORTSTMNT04_2694228,complete,,EM,2023,Summer,0,2023-08-15 17:50:31,1,13.14,4,Blue,bot,Orion,oe:player:915901c2ffafe3ee9245c3ef30ec5b4,KRC Genk Esports,oe:team:01a959b2a20ca77057e580ec051aa3e,Kai'Sa,Rakan,Rell,Maokai,Jax,Malphite,,,,,,2489,0,1,1,2,7,17,0.0,0.0,0.0,0.0,0.0,0.0,0.0,0.0,0.1687,0.5785,,,,,,,,,,,,,,,,,,,,,0.0,1.0,,,,,,,,0.0,1.0,33697.0,812.3021,0.462331,270.687,227.5372,22.0,0.5303,13.0,0.3134,11.0,68.0,1.6392,17823,12470,300.6027,0.273209,16650.0,,,434.0,390.0,44.0,,,10.462,3507.0,3829.0,101.0,3266.0,3782.0,86.0,241.0,47.0,15.0,0.0,0.0,0.0,0.0,0.0,0.0,5954.0,6153.0,156.0,5433.0,6433.0,135.0,521.0,-280.0,21.0,0.0,0.0,0.0,0.0,1.0,0.0,8083.0,9355.0,215.0,7684.0,9278.0,191.0,399.0,77.0,24.0,0.0,1.0,0.0,1.0,1.0,0.0,10443.0,11679.0,274.0,9890.0,11993.0,256.0,553.0,-314.0,18.0,0.0,1.0,0.0,1.0,2.0,0.0
ESPORTSTMNT04_2694228,complete,,EM,2023,Summer,0,2023-08-15 17:50:31,1,13.14,5,Blue,sup,Robertoos,oe:player:3ecce3085c6886d516d2b8659880394,KRC Genk Esports,oe:team:01a959b2a20ca77057e580ec051aa3e,Braum,Rakan,Rell,Maokai,Jax,Malphite,,,,,,2489,0,1,3,2,7,17,0.0,0.0,0.0,0.0,0.0,0.0,0.0,0.0,0.1687,0.5785,,,,,,,,,,,,,,,,,,,,,0.0,0.0,,,,,,,,0.0,0.0,4197.0,101.1732,0.0575839,376.5127,404.8614,85.0,2.049,13.0,0.3134,24.0,136.0,3.2784,8938,3585,86.4202,0.0785422,8800.0,,,36.0,36.0,0.0,,,0.8678,1999.0,2138.0,13.0,2062.0,1800.0,1.0,-63.0,338.0,12.0,0.0,0.0,0.0,0.0,0.0,0.0,3203.0,3502.0,24.0,3104.0,3356.0,4.0,99.0,146.0,20.0,0.0,0.0,0.0,0.0,2.0,0.0,4221.0,4536.0,27.0,4314.0,3610.0,5.0,-93.0,926.0,22.0,0.0,1.0,1.0,0.0,3.0,0.0,5079.0,5315.0,30.0,5396.0,5102.0,7.0,-317.0,213.0,23.0,0.0,1.0,1.0,0.0,5.0,0.0
ESPORTSTMNT04_2694228,complete,,EM,2023,Summer,0,2023-08-15 17:50:31,1,13.14,6,Red,top,Kackos,oe:player:4841aa27ab85be0b9f45fed1d5e7b09,NORD Esports,oe:team:6ef01b22224b92f917d70dd9f33568b,Ornn,Poppy,LeBlanc,Sejuani,Syndra,Xerath,,,,,,2489,1,2,2,10,17,7,0.0,0.0,0.0,0.0,0.0,0.0,0.0,0.0,0.4098,0.5785,,,,,,,,,,,,,,,,,,,,,0.0,0.0,,,,,,,,0.0,0.0,15106.0,364.1462,0.159781,756.6653,1109.5781,19.0,0.458,5.0,0.1205,5.0,42.0,1.0125,14003,8650,208.5175,0.170144,13125.0,,,266.0,264.0,2.0,,,6.4122,3216.0,4773.0,86.0,3822.0,4815.0,84.0,-606.0,-42.0,2.0,0.0,0.0,0.0,1.0,1.0,0.0,5030.0,7462.0,128.0,5718.0,7036.0,128.0,-688.0,426.0,0.0,1.0,1.0,0.0,1.0,1.0,2.0,6422.0,8985.0,157.0,7292.0,9307.0,167.0,-870.0,-322.0,-10.0,1.0,1.0,1.0,1.0,2.0,2.0,8379.0,11449.0,189.0,8523.0,10830.0,194.0,-144.0,619.0,-5.0,2.0,1.0,1.0,1.0,2.0,3.0
ESPORTSTMNT04_2694228,complete,,EM,2023,Summer,0,2023-08-15 17:50:31,1,13.14,7,Red,jng,Indecision,oe:player:40ec21bf3a960cc7bfe0c38885bf906,NORD Esports,oe:team:6ef01b22224b92f917d70dd9f33568b,Vi,Poppy,LeBlanc,Sejuani,Syndra,Xerath,,,,,,2489,1,4,4,11,17,7,0.0,0.0,0.0,0.0,0.0,0.0,0.0,1.0,0.4098,0.5785,,,,,,,,,,,,,,,,,,,,,1.0,1.0,,,,,,,,0.0,0.0,15062.0,363.0856,0.159315,637.0028,1175.8457,14.0,0.3375,20.0,0.4821,12.0,74.0,1.7838,13137,7784,187.6416,0.15311,11550.0,,,178.0,35.0,143.0,,,4.2909,2711.0,3038.0,49.0,3548.0,3577.0,56.0,-837.0,-539.0,-7.0,0.0,0.0,3.0,2.0,1.0,0.0,4478.0,5514.0,79.0,5202.0,5290.0,88.0,-724.0,224.0,-9.0,1.0,2.0,3.0,2.0,1.0,0.0,5708.0,6700.0,95.0,6847.0,6960.0,120.0,-1139.0,-260.0,-25.0,1.0,3.0,3.0,2.0,1.0,0.0,7534.0,9242.0,121.0,8173.0,9194.0,144.0,-639.0,48.0,-23.0,2.0,4.0,3.0,2.0,1.0,0.0
ESPORTSTMNT04_2694228,complete,,EM,2023,Summer,0,2023-08-15 17:50:31,1,13.14,8,Red,mid,OMON,oe:player:e42fd90dea956c3986b69209b56ce16,NORD Esports,oe:team:6ef01b22224b92f917d70dd9f33568b,Azir,Poppy,LeBlanc,Sejuani,Syndra,Xerath,,,,,,2489,1,4,1,8,17,7,0.0,0.0,0.0,0.0,0.0,0.0,0.0,0.0,0.4098,0.5785,,,,,,,,,,,,,,,,,,,,,0.0,0.0,,,,,,,,1.0,1.0,34903.0,841.374,0.36918,425.2069,382.274,13.0,0.3134,15.0,0.3616,5.0,44.0,1.0607,19903,14550,350.7433,0.286199,17925.0,,,407.0,403.0,4.0,,,9.8112,3169.0,4834.0,83.0,3876.0,4789.0,83.0,-707.0,45.0,0.0,0.0,0.0,1.0,1.0,2.0,0.0,5483.0,7824.0,144.0,5738.0,7393.0,133.0,-255.0,431.0,11.0,1.0,1.0,1.0,1.0,2.0,1.0,7396.0,10359.0,192.0,8344.0,10118.0,189.0,-948.0,241.0,3.0,1.0,1.0,1.0,2.0,2.0,1.0,10017.0,13215.0,243.0,10171.0,12608.0,244.0,-154.0,607.0,-1.0,1.0,3.0,1.0,2.0,2.0,2.0
ESPORTSTMNT04_2694228,complete,,EM,2023,Summer,0,2023-08-15 17:50:31,1,13.14,9,Red,bot,Hid0,oe:player:97e228a45bb28f8d270f77deabd1282,NORD Esports,oe:team:6ef01b22224b92f917d70dd9f33568b,Xayah,Poppy,LeBlanc,Sejuani,Syndra,Xerath,,,,,,2489,1,7,0,5,17,7,1.0,0.0,0.0,0.0,0.0,0.0,0.0,0.0,0.4098,0.5785,,,,,,,,,,,,,,,,,,,,,1.0,0.0,,,,,,,,1.0,0.0,26395.0,636.2796,0.279188,414.9377,288.9353,11.0,0.2652,10.0,0.2411,1.0,44.0,1.0607,21052,15699,378.4411,0.3088,17425.0,,,449.0,397.0,52.0,,,10.8236,3266.0,3782.0,86.0,3507.0,3829.0,101.0,-241.0,-47.0,-15.0,0.0,0.0,0.0,0.0,0.0,0.0,5433.0,6433.0,135.0,5954.0,6153.0,156.0,-521.0,280.0,-21.0,0.0,1.0,0.0,0.0,0.0,0.0,7684.0,9278.0,191.0,8083.0,9355.0,215.0,-399.0,-77.0,-24.0,1.0,1.0,0.0,0.0,1.0,0.0,9890.0,11993.0,256.0,10443.0,11679.0,274.0,-553.0,314.0,-18.0,1.0,2.0,0.0,0.0,1.0,0.0
ESPORTSTMNT04_2694228,complete,,EM,2023,Summer,0,2023-08-15 17:50:31,1,13.14,10,Red,sup,Seneca,oe:player:e3decbc40c573363c151a8300127922,NORD Esports,oe:team:6ef01b22224b92f917d70dd9f33568b,Milio,Poppy,LeBlanc,Sejuani,Syndra,Xerath,,,,,,2489,1,0,0,13,17,7,0.0,0.0,0.0,0.0,0.0,0.0,0.0,0.0,0.4098,0.5785,,,,,,,,,,,,,,,,,,,,,0.0,0.0,,,,,,,,0.0,0.0,3076.0,74.1503,0.0325358,191.8361,132.4387,69.0,1.6633,11.0,0.2652,20.0,141.0,3.399,9509,4156,100.1848,0.0817464,8535.0,,,13.0,13.0,0.0,,,0.3134,2062.0,1800.0,1.0,1999.0,2138.0,13.0,63.0,-338.0,-12.0,0.0,0.0,0.0,0.0,0.0,0.0,3104.0,3356.0,4.0,3203.0,3502.0,24.0,-99.0,-146.0,-20.0,0.0,2.0,0.0,0.0,0.0,0.0,4314.0,3610.0,5.0,4221.0,4536.0,27.0,93.0,-926.0,-22.0,0.0,3.0,0.0,0.0,1.0,1.0,5396.0,5102.0,7.0,5079.0,5315.0,30.0,317.0,-213.0,-23.0,0.0,5.0,0.0,0.0,1.0,1.0
ESPORTSTMNT04_2694228,complete,,EM,2023,Summer,0,2023-08-15 17:50:31,1,13.14,100,Blue,team,,,KRC Genk Esports,oe:team:01a959b2a20ca77057e580ec051aa3e,,Rakan,Rell,Maokai,Jax,Malphite,Kai'Sa,Renekton,Trundle,Tristana,Braum,2489,0,7,17,11,7,17,0.0,0.0,0.0,0.0,1.0,,,,0.1687,0.5785,1.0,3.0,4.0,3.0,4.0,0.0,1.0,0.0,1.0,0.0,1.0,,0.0,0.0,1.0,2.0,0.0,,,0.0,1.0,2.0,1.0,7.0,10.0,1.0,1.0,8.0,1.0,1.0,2.0,72885.0,1756.9707,,2945.6649,2949.1844,148.0,3.5677,65.0,1.5669,61.0,347.0,8.3648,72408,45642,1100.2491,,68780.0,0.00320373,1.66,,1123.0,292.0,,,34.1101,16752.0,19148.0,337.0,14424.0,18227.0,305.0,2328.0,921.0,32.0,4.0,4.0,0.0,0.0,0.0,4.0,25815.0,29374.0,529.0,23528.0,30589.0,490.0,2287.0,-1215.0,39.0,4.0,4.0,3.0,3.0,7.0,4.0,34787.0,40276.0,718.0,31524.0,38932.0,640.0,3263.0,1344.0,78.0,5.0,7.0,4.0,4.0,9.0,5.0,42389.0,49626.0,886.0,41216.0,51001.0,816.0,1173.0,-1375.0,70.0,5.0,7.0,6.0,6.0,15.0,5.0
ESPORTSTMNT04_2694228,complete,,EM,2023,Summer,0,2023-08-15 17:50:31,1,13.14,200,Red,team,,,NORD Esports,oe:team:6ef01b22224b92f917d70dd9f33568b,,Poppy,LeBlanc,Sejuani,Syndra,Xerath,Xayah,Vi,Azir,Ornn,Milio,2489,1,17,7,47,17,7,1.0,0.0,0.0,0.0,0.0,,,,0.4098,0.5785,0.0,4.0,3.0,4.0,3.0,0.0,0.0,0.0,0.0,0.0,4.0,,0.0,0.0,0.0,0.0,2.0,,,1.0,2.0,1.0,0.0,10.0,7.0,0.0,0.0,1.0,8.0,2.0,1.0,94542.0,2279.0358,,2425.6489,3089.0719,126.0,3.0374,61.0,1.4705,43.0,345.0,8.3166,77604,50838,1225.5042,,68560.0,-0.00320373,-1.66,,1112.0,201.0,,,31.6513,14424.0,18227.0,305.0,16752.0,19148.0,337.0,-2328.0,-921.0,-32.0,0.0,0.0,4.0,4.0,4.0,0.0,23528.0,30589.0,490.0,25815.0,29374.0,529.0,-2287.0,1215.0,-39.0,3.0,7.0,4.0,4.0,4.0,3.0,31524.0,38932.0,640.0,34787.0,40276.0,718.0,-3263.0,-1344.0,-78.0,4.0,9.0,5.0,5.0,7.0,4.0,41216.0,51001.0,816.0,42389.0,49626.0,886.0,-1173.0,1375.0,-70.0,6.0,15.0,5.0,5.0,7.0,6.0
ESPORTSTMNT04_2693251,complete,,EM,2023,Summer,0,2023-08-15 17:53:39,1,13.14,1,Blue,top,Ryuto,oe:player:6d4cd67512d152a71a44885dab1ac15,BRUTE,oe:team:ddb6aa775eebeffd5cc41ba5c35c6a1,K'Sante,Ivern,Kai'Sa,Poppy,Xayah,Alistar,,,,,,1469,0,0,2,2,5,14,0.0,0.0,0.0,0.0,0.0,0.0,0.0,0.0,0.2042,0.776,,,,,,,,,,,,,,,,,,,,,0.0,0.0,,,,,,,,0.0,0.0,4070.0,166.2355,0.102617,796.2968,755.5344,9.0,0.3676,2.0,0.0817,2.0,24.0,0.9803,7073,3801,155.2485,0.158961,6900.0,,,162.0,154.0,8.0,,,6.6167,3035.0,5052.0,77.0,3629.0,5174.0,98.0,-594.0,-122.0,-21.0,0.0,0.0,0.0,0.0,0.0,0.0,4664.0,7907.0,114.0,5578.0,8112.0,152.0,-914.0,-205.0,-38.0,0.0,1.0,0.0,0.0,0.0,0.0,6152.0,10171.0,149.0,7447.0,10101.0,183.0,-1295.0,70.0,-34.0,0.0,1.0,0.0,1.0,0.0,2.0,7073.0,11255.0,162.0,11048.0,14009.0,227.0,-3975.0,-2754.0,-65.0,0.0,2.0,2.0,4.0,2.0,2.0
ESPORTSTMNT04_2693251,complete,,EM,2023,Summer,0,2023-08-15 17:53:39,1,13.14,2,Blue,jng,eaRyz,oe:player:a0cff4167fb5c141dd41760bcf18b6d,BRUTE,oe:team:ddb6aa775eebeffd5cc41ba5c35c6a1,Lillia,Ivern,Kai'Sa,Poppy,Xayah,Alistar,,,,,,1469,0,1,3,3,5,14,0.0,0.0,0.0,0.0,0.0,0.0,0.0,0.0,0.2042,0.776,,,,,,,,,,,,,,,,,,,,,0.0,1.0,,,,,,,,0.0,1.0,8734.0,356.7325,0.220211,943.6215,865.2825,7.0,0.2859,2.0,0.0817,6.0,23.0,0.9394,7975,4703,192.0899,0.196687,7800.0,,,153.0,25.0,128.0,,,6.2491,3254.0,3600.0,69.0,3348.0,3610.0,68.0,-94.0,-10.0,1.0,0.0,0.0,1.0,1.0,0.0,0.0,5035.0,6084.0,108.0,5647.0,6581.0,115.0,-612.0,-497.0,-7.0,0.0,1.0,1.0,3.0,0.0,1.0,6694.0,8569.0,136.0,7440.0,8087.0,135.0,-746.0,482.0,1.0,0.0,3.0,1.0,3.0,0.0,1.0,7975.0,11314.0,153.0,9624.0,11468.0,159.0,-1649.0,-154.0,-6.0,1.0,3.0,3.0,3.0,6.0,1.0
ESPORTSTMNT04_2693251,complete,,EM,2023,Summer,0,2023-08-15 17:53:39,1,13.14,3,Blue,mid,Silk,oe:player:5d4533491a34d8306436b20deddc4d3,BRUTE,oe:team:ddb6aa775eebeffd5cc41ba5c35c6a1,Tristana,Ivern,Kai'Sa,Poppy,Xayah,Alistar,,,,,,1469,0,4,5,1,5,14,0.0,0.0,0.0,0.0,0.0,0.0,0.0,0.0,0.2042,0.776,,,,,,,,,,,,,,,,,,,,,0.0,0.0,,,,,,,,0.0,2.0,12370.0,505.2417,0.311885,582.5596,335.8203,10.0,0.4084,3.0,0.1225,2.0,27.0,1.1028,11674,8402,343.1722,0.351398,11550.0,,,220.0,216.0,4.0,,,8.9857,3524.0,4506.0,95.0,3689.0,5335.0,94.0,-165.0,-829.0,1.0,0.0,0.0,1.0,1.0,0.0,0.0,6647.0,7225.0,140.0,5874.0,8887.0,150.0,773.0,-1662.0,-10.0,2.0,0.0,3.0,1.0,2.0,1.0,10603.0,10812.0,205.0,8635.0,11924.0,214.0,1968.0,-1112.0,-9.0,4.0,0.0,3.0,1.0,2.0,1.0,11674.0,11775.0,220.0,12511.0,15504.0,261.0,-837.0,-3729.0,-41.0,4.0,1.0,5.0,5.0,6.0,1.0
ESPORTSTMNT04_2693251,complete,,EM,2023,Summer,0,2023-08-15 17:53:39,1,13.14,4,Blue,bot,raining,oe:player:ffa7f50db949da3f7ccec7e2c4ec4c6,BRUTE,oe:team:ddb6aa775eebeffd5cc41ba5c35c6a1,Varus,Ivern,Kai'Sa,Poppy,Xayah,Alistar,,,,,,1469,0,0,2,2,5,14,0.0,0.0,0.0,0.0,0.0,0.0,0.0,0.0,0.2042,0.776,,,,,,,,,,,,,,,,,,,,,0.0,0.0,,,,,,,,0.0,0.0,11742.0,479.5916,0.296052,397.1681,209.612,11.0,0.4493,1.0,0.0408,2.0,16.0,0.6535,8409,5137,209.8162,0.214839,7400.0,,,216.0,212.0,4.0,,,8.8223,3179.0,3309.0,82.0,3781.0,3624.0,91.0,-602.0,-315.0,-9.0,0.0,0.0,0.0,0.0,2.0,0.0,5090.0,5683.0,138.0,5624.0,5789.0,139.0,-534.0,-106.0,-1.0,0.0,0.0,0.0,0.0,2.0,0.0,6932.0,7987.0,181.0,8416.0,8132.0,201.0,-1484.0,-145.0,-20.0,0.0,1.0,1.0,0.0,2.0,0.0,8409.0,9965.0,216.0,10761.0,11612.0,234.0,-2352.0,-1647.0,-18.0,0.0,2.0,2.0,1.0,7.0,0.0
ESPORTSTMNT04_2693251,complete,,EM,2023,Summer,0,2023-08-15 17:53:39,1,13.14,5,Blue,sup,Peto,oe:player:3b32fe34a610a6a7e433b0741923b96,BRUTE,oe:team:ddb6aa775eebeffd5cc41ba5c35c6a1,Rell,Ivern,Kai'Sa,Poppy,Xayah,Alistar,,,,,,1469,0,0,2,3,5,14,0.0,0.0,0.0,0.0,0.0,0.0,0.0,1.0,0.2042,0.776,,,,,,,,,,,,,,,,,,,,,0.0,0.0,,,,,,,,0.0,0.0,2746.0,112.1579,0.069235,347.7059,331.1232,40.0,1.6338,8.0,0.3268,9.0,78.0,3.1858,5140,1868,76.2968,0.0781139,4875.0,,,30.0,30.0,0.0,,,1.2253,2041.0,2106.0,12.0,2792.0,2465.0,16.0,-751.0,-359.0,-4.0,0.0,0.0,1.0,1.0,1.0,0.0,3272.0,3829.0,24.0,3913.0,3506.0,30.0,-641.0,323.0,-6.0,0.0,1.0,1.0,1.0,1.0,0.0,4435.0,5357.0,29.0,5384.0,5331.0,34.0,-949.0,26.0,-5.0,0.0,3.0,1.0,1.0,1.0,0.0,5140.0,6001.0,30.0,7336.0,8306.0,36.0,-2196.0,-2305.0,-6.0,0.0,3.0,2.0,1.0,9.0,1.0
ESPORTSTMNT04_2693251,complete,,EM,2023,Summer,0,2023-08-15 17:53:39,1,13.14,6,Red,top,Kektz,oe:player:f5ea6213c328518f2840a59bf48acec,Diamant Esports,oe:team:830f05a5024d0794bd8d5b598b2432b,Aatrox,Ezreal,Maokai,Ashe,Seraphine,Kog'Maw,,,,,,1469,1,4,2,2,14,5,1.0,0.0,0.0,0.0,0.0,0.0,0.0,0.0,0.5718,0.776,,,,,,,,,,,,,,,,,,,,,0.0,0.0,,,,,,,,0.0,0.0,12601.0,514.6767,0.235705,688.7951,584.8877,9.0,0.3676,6.0,0.2451,1.0,26.0,1.0619,11048,7776,317.6038,0.222682,9325.0,,,227.0,215.0,12.0,,,9.2716,3629.0,5174.0,98.0,3035.0,5052.0,77.0,594.0,122.0,21.0,0.0,0.0,0.0,0.0,0.0,0.0,5578.0,8112.0,152.0,4664.0,7907.0,114.0,914.0,205.0,38.0,0.0,0.0,0.0,0.0,1.0,0.0,7447.0,10101.0,183.0,6152.0,10171.0,149.0,1295.0,-70.0,34.0,1.0,0.0,2.0,0.0,1.0,0.0,11048.0,14009.0,227.0,7073.0,11255.0,162.0,3975.0,2754.0,65.0,4.0,2.0,2.0,0.0,2.0,2.0
ESPORTSTMNT04_2693251,complete,,EM,2023,Summer,0,2023-08-15 17:53:39,1,13.14,7,Red,jng,Mafro,oe:player:cd521f662fbbec89f03a900e7d9bb63,Diamant Esports,oe:team:830f05a5024d0794bd8d5b598b2432b,Sejuani,Ezreal,Maokai,Ashe,Seraphine,Kog'Maw,,,,,,1469,1,3,1,6,14,5,0.0,0.0,0.0,0.0,0.0,0.0,0.0,0.0,0.5718,0.776,,,,,,,,,,,,,,,,,,,,,1.0,0.0,,,,,,,,1.0,0.0,5163.0,210.8781,0.0965751,824.0708,952.1579,4.0,0.1634,2.0,0.0817,3.0,14.0,0.5718,9624,6352,259.4418,0.181901,8725.0,,,159.0,15.0,144.0,,,6.4942,3348.0,3610.0,68.0,3254.0,3600.0,69.0,94.0,10.0,-1.0,1.0,0.0,0.0,0.0,0.0,1.0,5647.0,6581.0,115.0,5035.0,6084.0,108.0,612.0,497.0,7.0,3.0,0.0,1.0,0.0,1.0,1.0,7440.0,8087.0,135.0,6694.0,8569.0,136.0,746.0,-482.0,-1.0,3.0,0.0,1.0,0.0,3.0,1.0,9624.0,11468.0,159.0,7975.0,11314.0,153.0,1649.0,154.0,6.0,3.0,6.0,1.0,1.0,3.0,3.0
ESPORTSTMNT04_2693251,complete,,EM,2023,Summer,0,2023-08-15 17:53:39,1,13.14,8,Red,mid,Diva,oe:player:72de20c106a52f0aaf21bd650af81bd,Diamant Esports,oe:team:830f05a5024d0794bd8d5b598b2432b,Azir,Ezreal,Maokai,Ashe,Seraphine,Kog'Maw,,,,,,1469,1,5,1,6,14,5,1.0,0.0,0.0,0.0,0.0,0.0,0.0,0.0,0.5718,0.776,,,,,,,,,,,,,,,,,,,,,0.0,0.0,,,,,,,,2.0,0.0,24236.0,989.8979,0.45334,503.8938,380.708,9.0,0.3676,3.0,0.1225,1.0,20.0,0.8169,12511,9239,377.3587,0.26458,10325.0,,,261.0,249.0,12.0,,,10.6603,3689.0,5335.0,94.0,3524.0,4506.0,95.0,165.0,829.0,-1.0,1.0,0.0,0.0,0.0,0.0,1.0,5874.0,8887.0,150.0,6647.0,7225.0,140.0,-773.0,1662.0,10.0,1.0,2.0,1.0,2.0,0.0,3.0,8635.0,11924.0,214.0,10603.0,10812.0,205.0,-1968.0,1112.0,9.0,1.0,2.0,1.0,4.0,0.0,3.0,12511.0,15504.0,261.0,11674.0,11775.0,220.0,837.0,3729.0,41.0,5.0,6.0,1.0,4.0,1.0,5.0
ESPORTSTMNT04_2693251,complete,,EM,2023,Summer,0,2023-08-15 17:53:39,1,13.14,9,Red,bot,Shy Carry,oe:player:af020342617bd4e5c5da5a4c31ff591,Diamant Esports,oe:team:830f05a5024d0794bd8d5b598b2432b,Sivir,Ezreal,Maokai,Ashe,Seraphine,Kog'Maw,,,,,,1469,1,1,0,7,14,5,0.0,0.0,0.0,0.0,1.0,0.0,1.0,0.0,0.5718,0.776,,,,,,,,,,,,,,,,,,,,,0.0,0.0,,,,,,,,0.0,0.0,8385.0,342.4779,0.156843,245.5548,128.3322,9.0,0.3676,5.0,0.2042,2.0,23.0,0.9394,10761,7489,305.8816,0.214462,10000.0,,,234.0,222.0,12.0,,,9.5575,3781.0,3624.0,91.0,3179.0,3309.0,82.0,602.0,315.0,9.0,0.0,2.0,0.0,0.0,0.0,0.0,5624.0,5789.0,139.0,5090.0,5683.0,138.0,534.0,106.0,1.0,0.0,2.0,0.0,0.0,0.0,0.0,8416.0,8132.0,201.0,6932.0,7987.0,181.0,1484.0,145.0,20.0,0.0,2.0,0.0,0.0,1.0,1.0,10761.0,11612.0,234.0,8409.0,9965.0,216.0,2352.0,1647.0,18.0,1.0,7.0,0.0,0.0,2.0,2.0
ESPORTSTMNT04_2693251,complete,,EM,2023,Summer,0,2023-08-15 17:53:39,1,13.14,10,Red,sup,Wojtus,oe:player:a93e0326b85f0312cf1b451e175a7a0,Diamant Esports,oe:team:830f05a5024d0794bd8d5b598b2432b,Rakan,Ezreal,Maokai,Ashe,Seraphine,Kog'Maw,,,,,,1469,1,1,1,9,14,5,0.0,0.0,0.0,0.0,1.0,1.0,0.0,0.0,0.5718,0.776,,,,,,,,,,,,,,,,,,,,,0.0,0.0,,,,,,,,0.0,0.0,3076.0,125.6365,0.0575373,379.3601,426.4125,34.0,1.3887,13.0,0.531,9.0,81.0,3.3084,7336,4064,165.9905,0.116376,7125.0,,,36.0,36.0,0.0,,,1.4704,2792.0,2465.0,16.0,2041.0,2106.0,12.0,751.0,359.0,4.0,1.0,1.0,0.0,0.0,0.0,1.0,3913.0,3506.0,30.0,3272.0,3829.0,24.0,641.0,-323.0,6.0,1.0,1.0,0.0,0.0,1.0,1.0,5384.0,5331.0,34.0,4435.0,5357.0,29.0,949.0,-26.0,5.0,1.0,1.0,0.0,0.0,3.0,1.0,7336.0,8306.0,36.0,5140.0,6001.0,30.0,2196.0,2305.0,6.0,1.0,9.0,1.0,0.0,3.0,2.0
ESPORTSTMNT04_2693251,complete,,EM,2023,Summer,0,2023-08-15 17:53:39,1,13.14,100,Blue,team,,,BRUTE,oe:team:ddb6aa775eebeffd5cc41ba5c35c6a1,,Ivern,Kai'Sa,Poppy,Xayah,Alistar,Rell,Tristana,K'Sante,Varus,Lillia,1469,0,5,14,11,5,14,0.0,0.0,0.0,0.0,0.0,,,,0.2042,0.776,0.0,0.0,3.0,0.0,3.0,0.0,0.0,0.0,0.0,0.0,0.0,,0.0,0.0,1.0,1.0,1.0,,,0.0,0.0,1.0,1.0,4.0,11.0,1.0,0.0,3.0,6.0,0.0,3.0,39662.0,1619.9592,,3067.3519,2497.3724,77.0,3.145,16.0,0.6535,21.0,168.0,6.8618,40271,23909,976.5419,,38525.0,-0.166022,-2.73,,637.0,144.0,,,31.8993,15033.0,18573.0,335.0,17239.0,20208.0,367.0,-2206.0,-1635.0,-32.0,0.0,0.0,3.0,3.0,3.0,0.0,24708.0,30728.0,524.0,26636.0,32875.0,586.0,-1928.0,-2147.0,-62.0,2.0,3.0,5.0,5.0,5.0,2.0,34816.0,42896.0,700.0,37322.0,43575.0,767.0,-2506.0,-679.0,-67.0,4.0,8.0,6.0,6.0,5.0,4.0,40271.0,50310.0,781.0,51280.0,60899.0,917.0,-11009.0,-10589.0,-136.0,5.0,11.0,14.0,14.0,30.0,5.0
ESPORTSTMNT04_2693251,complete,,EM,2023,Summer,0,2023-08-15 17:53:39,1,13.14,200,Red,team,,,Diamant Esports,oe:team:830f05a5024d0794bd8d5b598b2432b,,Ezreal,Maokai,Ashe,Seraphine,Kog'Maw,Sejuani,Azir,Aatrox,Rakan,Sivir,1469,1,14,5,30,14,5,2.0,0.0,0.0,0.0,1.0,,,,0.5718,0.776,1.0,3.0,0.0,3.0,0.0,0.0,1.0,0.0,0.0,1.0,1.0,,0.0,0.0,0.0,1.0,1.0,,,1.0,1.0,0.0,0.0,11.0,4.0,0.0,1.0,6.0,3.0,3.0,0.0,53461.0,2183.5671,,2641.6746,2472.4983,65.0,2.6549,29.0,1.1845,16.0,164.0,6.6984,51280,34918,1426.1947,,45500.0,0.166022,2.73,,737.0,180.0,,,37.4541,17239.0,20208.0,367.0,15033.0,18573.0,335.0,2206.0,1635.0,32.0,3.0,3.0,0.0,0.0,0.0,3.0,26636.0,32875.0,586.0,24708.0,30728.0,524.0,1928.0,2147.0,62.0,5.0,5.0,2.0,2.0,3.0,5.0,37322.0,43575.0,767.0,34816.0,42896.0,700.0,2506.0,679.0,67.0,6.0,5.0,4.0,4.0,8.0,6.0,51280.0,60899.0,917.0,40271.0,50310.0,781.0,11009.0,10589.0,136.0,14.0,30.0,5.0,5.0,11.0,14.0
ESPORTSTMNT04_2692275,complete,,EM,2023,Summer,0,2023-08-15 18:40:05,1,13.14,1,Blue,top,Ragner,oe:player:c0f78343a2ad4ba1463245d53a3b440,Team GO,oe:team:8d538207b9de9d20e1a525aae593515,Urgot,Tristana,Rell,Jayce,Alistar,Poppy,,,,,,1429,1,3,0,2,23,4,0.0,0.0,0.0,0.0,0.0,0.0,0.0,0.0,0.9657,1.1337,,,,,,,,,,,,,,,,,,,,,0.0,0.0,,,,,,,,1.0,0.0,12425.0,521.6935,0.189991,509.4332,708.7894,9.0,0.3779,6.0,0.2519,2.0,23.0,0.9657,11279,8088,339.5941,0.251046,11000.0,,,233.0,223.0,10.0,,,9.7831,3449.0,5089.0,96.0,3034.0,4897.0,73.0,415.0,192.0,23.0,0.0,0.0,0.0,0.0,0.0,0.0,5890.0,8437.0,157.0,4740.0,8060.0,125.0,1150.0,377.0,32.0,0.0,0.0,0.0,0.0,0.0,0.0,9019.0,11062.0,209.0,7048.0,10805.0,182.0,1971.0,257.0,27.0,1.0,2.0,0.0,1.0,0.0,1.0,,,,,,,,,,,,,,,
ESPORTSTMNT04_2692275,complete,,EM,2023,Summer,0,2023-08-15 18:40:05,1,13.14,2,Blue,jng,Lyncas,oe:player:ca9701f085966dfca32e31b1b1e9d55,Team GO,oe:team:8d538207b9de9d20e1a525aae593515,Maokai,Tristana,Rell,Jayce,Alistar,Poppy,,,,,,1429,1,4,1,4,23,4,0.0,0.0,0.0,0.0,0.0,0.0,0.0,0.0,0.9657,1.1337,,,,,,,,,,,,,,,,,,,,,1.0,0.0,,,,,,,,0.0,0.0,8930.0,374.9475,0.136549,1128.4955,919.6921,5.0,0.2099,2.0,0.084,4.0,19.0,0.7978,7830,4639,194.7796,0.143994,7650.0,,,113.0,10.0,103.0,,,4.7446,3105.0,2936.0,49.0,3323.0,3669.0,71.0,-218.0,-733.0,-22.0,1.0,1.0,0.0,0.0,1.0,1.0,4665.0,5309.0,84.0,5270.0,5776.0,114.0,-605.0,-467.0,-30.0,2.0,1.0,0.0,0.0,1.0,1.0,6655.0,7475.0,105.0,6567.0,7600.0,138.0,88.0,-125.0,-33.0,4.0,2.0,0.0,0.0,2.0,3.0,,,,,,,,,,,,,,,
ESPORTSTMNT04_2692275,complete,,EM,2023,Summer,0,2023-08-15 18:40:05,1,13.14,3,Blue,mid,Toucouille,oe:player:525ac233cf71bc36a611e27a324144f,Team GO,oe:team:8d538207b9de9d20e1a525aae593515,Gragas,Tristana,Rell,Jayce,Alistar,Poppy,,,,,,1429,1,8,1,6,23,4,0.0,0.0,0.0,0.0,1.0,1.0,0.0,0.0,0.9657,1.1337,,,,,,,,,,,,,,,,,,,,,0.0,0.0,,,,,,,,0.0,0.0,24389.0,1024.0308,0.372932,805.1085,559.3142,11.0,0.4619,1.0,0.042,3.0,24.0,1.0077,10008,6817,286.2281,0.211596,9725.0,,,159.0,157.0,2.0,,,6.676,4051.0,4709.0,76.0,3409.0,4189.0,67.0,642.0,520.0,9.0,3.0,0.0,1.0,1.0,0.0,2.0,6316.0,7657.0,124.0,5011.0,6134.0,105.0,1305.0,1523.0,19.0,5.0,1.0,1.0,1.0,0.0,2.0,8342.0,9991.0,147.0,6502.0,8213.0,144.0,1840.0,1778.0,3.0,7.0,4.0,1.0,1.0,0.0,4.0,,,,,,,,,,,,,,,
ESPORTSTMNT04_2692275,complete,,EM,2023,Summer,0,2023-08-15 18:40:05,1,13.14,4,Blue,bot,Jezu,oe:player:4817d93e8f26002377aec42233b3fc2,Team GO,oe:team:8d538207b9de9d20e1a525aae593515,Yasuo,Tristana,Rell,Jayce,Alistar,Poppy,,,,,,1429,1,7,1,8,23,4,0.0,0.0,0.0,0.0,0.0,0.0,0.0,0.0,0.9657,1.1337,,,,,,,,,,,,,,,,,,,,,0.0,0.0,,,,,,,,1.0,0.0,13088.0,549.5311,0.200128,524.9265,583.289,12.0,0.5038,0.0,0.0,4.0,24.0,1.0077,11977,8786,368.9013,0.27271,9150.0,,,187.0,167.0,20.0,,,7.8516,4545.0,3409.0,68.0,3466.0,3168.0,65.0,1079.0,241.0,3.0,3.0,2.0,1.0,1.0,0.0,3.0,6556.0,5692.0,108.0,4969.0,4941.0,100.0,1587.0,751.0,8.0,4.0,3.0,1.0,1.0,0.0,4.0,9754.0,8548.0,150.0,6306.0,6329.0,126.0,3448.0,2219.0,24.0,7.0,5.0,1.0,1.0,0.0,5.0,,,,,,,,,,,,,,,
ESPORTSTMNT04_2692275,complete,,EM,2023,Summer,0,2023-08-15 18:40:05,1,13.14,5,Blue,sup,kamilius,oe:player:7aa0aebd379414d25f1fcdc396407f1,Team GO,oe:team:8d538207b9de9d20e1a525aae593515,Rakan,Tristana,Rell,Jayce,Alistar,Poppy,,,,,,1429,1,1,1,16,23,4,0.0,0.0,0.0,0.0,0.0,0.0,0.0,0.0,0.9657,1.1337,,,,,,,,,,,,,,,,,,,,,0.0,0.0,,,,,,,,0.0,0.0,6566.0,275.6893,0.100401,588.8733,688.8453,28.0,1.1756,11.0,0.4619,9.0,74.0,3.1071,7078,3887,163.205,0.120654,6675.0,,,34.0,34.0,0.0,,,1.4276,2993.0,2763.0,20.0,2090.0,1773.0,5.0,903.0,990.0,15.0,1.0,5.0,0.0,0.0,0.0,2.0,4175.0,3614.0,26.0,2954.0,2603.0,8.0,1221.0,1011.0,18.0,1.0,7.0,0.0,0.0,0.0,5.0,5838.0,5382.0,32.0,3901.0,3982.0,10.0,1937.0,1400.0,22.0,1.0,13.0,1.0,0.0,0.0,7.0,,,,,,,,,,,,,,,
ESPORTSTMNT04_2692275,complete,,EM,2023,Summer,0,2023-08-15 18:40:05,1,13.14,6,Red,top,Ryuto,oe:player:6d4cd67512d152a71a44885dab1ac15,BRUTE,oe:team:ddb6aa775eebeffd5cc41ba5c35c6a1,Renekton,Ivern,LeBlanc,Kai'Sa,Gnar,Rumble,,,,,,1429,0,2,1,0,4,23,0.0,0.0,0.0,0.0,0.0,0.0,0.0,0.0,0.1679,1.1337,,,,,,,,,,,,,,,,,,,,,0.0,0.0,,,,,,,,0.0,1.0,7472.0,313.7299,0.168954,855.4514,872.1204,9.0,0.3779,2.0,0.084,1.0,13.0,0.5458,9113,5922,248.6494,0.296702,7975.0,,,217.0,213.0,4.0,,,9.1113,3034.0,4897.0,73.0,3449.0,5089.0,96.0,-415.0,-192.0,-23.0,0.0,0.0,0.0,0.0,0.0,0.0,4740.0,8060.0,125.0,5890.0,8437.0,157.0,-1150.0,-377.0,-32.0,0.0,0.0,0.0,0.0,0.0,0.0,7048.0,10805.0,182.0,9019.0,11062.0,209.0,-1971.0,-257.0,-27.0,1.0,0.0,1.0,1.0,2.0,0.0,,,,,,,,,,,,,,,
ESPORTSTMNT04_2692275,complete,,EM,2023,Summer,0,2023-08-15 18:40:05,1,13.14,7,Red,jng,eaRyz,oe:player:a0cff4167fb5c141dd41760bcf18b6d,BRUTE,oe:team:ddb6aa775eebeffd5cc41ba5c35c6a1,Sejuani,Ivern,LeBlanc,Kai'Sa,Gnar,Rumble,,,,,,1429,0,0,4,3,4,23,0.0,0.0,0.0,0.0,0.0,0.0,0.0,0.0,0.1679,1.1337,,,,,,,,,,,,,,,,,,,,,0.0,1.0,,,,,,,,0.0,0.0,7259.0,304.7866,0.164138,1004.7586,980.8258,5.0,0.2099,4.0,0.1679,4.0,22.0,0.9237,7505,4314,181.1337,0.216142,7150.0,,,153.0,56.0,97.0,,,6.4241,3323.0,3669.0,71.0,3105.0,2936.0,49.0,218.0,733.0,22.0,0.0,1.0,1.0,1.0,1.0,0.0,5270.0,5776.0,114.0,4665.0,5309.0,84.0,605.0,467.0,30.0,0.0,1.0,1.0,2.0,1.0,0.0,6567.0,7600.0,138.0,6655.0,7475.0,105.0,-88.0,125.0,33.0,0.0,2.0,3.0,4.0,2.0,0.0,,,,,,,,,,,,,,,
ESPORTSTMNT04_2692275,complete,,EM,2023,Summer,0,2023-08-15 18:40:05,1,13.14,8,Red,mid,Silk,oe:player:5d4533491a34d8306436b20deddc4d3,BRUTE,oe:team:ddb6aa775eebeffd5cc41ba5c35c6a1,Orianna,Ivern,LeBlanc,Kai'Sa,Gnar,Rumble,,,,,,1429,0,1,5,1,4,23,0.0,0.0,0.0,0.0,0.0,0.0,0.0,1.0,0.1679,1.1337,,,,,,,,,,,,,,,,,,,,,0.0,0.0,,,,,,,,0.0,0.0,9609.0,403.457,0.217275,520.014,415.0875,8.0,0.3359,5.0,0.2099,1.0,19.0,0.7978,7262,4071,170.9307,0.203968,7370.0,,,154.0,154.0,0.0,,,6.4661,3409.0,4189.0,67.0,4051.0,4709.0,76.0,-642.0,-520.0,-9.0,1.0,0.0,2.0,3.0,0.0,1.0,5011.0,6134.0,105.0,6316.0,7657.0,124.0,-1305.0,-1523.0,-19.0,1.0,0.0,2.0,5.0,1.0,1.0,6502.0,8213.0,144.0,8342.0,9991.0,147.0,-1840.0,-1778.0,-3.0,1.0,0.0,4.0,7.0,4.0,1.0,,,,,,,,,,,,,,,
ESPORTSTMNT04_2692275,complete,,EM,2023,Summer,0,2023-08-15 18:40:05,1,13.14,9,Red,bot,raining,oe:player:ffa7f50db949da3f7ccec7e2c4ec4c6,BRUTE,oe:team:ddb6aa775eebeffd5cc41ba5c35c6a1,Varus,Ivern,LeBlanc,Kai'Sa,Gnar,Rumble,,,,,,1429,0,1,5,1,4,23,0.0,0.0,0.0,0.0,0.0,0.0,0.0,0.0,0.1679,1.1337,,,,,,,,,,,,,,,,,,,,,0.0,0.0,,,,,,,,0.0,1.0,12895.0,541.4276,0.291577,402.4493,180.2939,9.0,0.3779,0.0,0.0,1.0,15.0,0.6298,7445,4254,178.6144,0.213136,6575.0,,,150.0,150.0,0.0,,,6.2981,3466.0,3168.0,65.0,4545.0,3409.0,68.0,-1079.0,-241.0,-3.0,1.0,0.0,3.0,3.0,2.0,1.0,4969.0,4941.0,100.0,6556.0,5692.0,108.0,-1587.0,-751.0,-8.0,1.0,0.0,4.0,4.0,3.0,1.0,6306.0,6329.0,126.0,9754.0,8548.0,150.0,-3448.0,-2219.0,-24.0,1.0,0.0,5.0,7.0,5.0,1.0,,,,,,,,,,,,,,,
ESPORTSTMNT04_2692275,complete,,EM,2023,Summer,0,2023-08-15 18:40:05,1,13.14,10,Red,sup,Peto,oe:player:3b32fe34a610a6a7e433b0741923b96,BRUTE,oe:team:ddb6aa775eebeffd5cc41ba5c35c6a1,Nasus,Ivern,LeBlanc,Kai'Sa,Gnar,Rumble,,,,,,1429,0,0,8,1,4,23,0.0,0.0,0.0,0.0,0.0,0.0,0.0,0.0,0.1679,1.1337,,,,,,,,,,,,,,,,,,,,,0.0,0.0,,,,,,,,0.0,0.0,6990.0,293.492,0.158055,621.0777,362.9391,29.0,1.2176,5.0,0.2099,8.0,54.0,2.2673,4589,1398,58.6984,0.0700514,4100.0,,,12.0,12.0,0.0,,,0.5038,2090.0,1773.0,5.0,2993.0,2763.0,20.0,-903.0,-990.0,-15.0,0.0,0.0,2.0,1.0,5.0,0.0,2954.0,2603.0,8.0,4175.0,3614.0,26.0,-1221.0,-1011.0,-18.0,0.0,0.0,5.0,1.0,7.0,0.0,3901.0,3982.0,10.0,5838.0,5382.0,32.0,-1937.0,-1400.0,-22.0,0.0,0.0,7.0,1.0,13.0,1.0,,,,,,,,,,,,,,,
ESPORTSTMNT04_2692275,complete,,EM,2023,Summer,0,2023-08-15 18:40:05,1,13.14,100,Blue,team,,,Team GO,oe:team:8d538207b9de9d20e1a525aae593515,,Tristana,Rell,Jayce,Alistar,Poppy,Maokai,Yasuo,Rakan,Gragas,Urgot,1429,1,23,4,36,23,4,0.0,0.0,0.0,0.0,1.0,,,,0.9657,1.1337,1.0,2.0,0.0,2.0,0.0,0.0,0.0,1.0,0.0,1.0,0.0,,0.0,0.0,0.0,1.0,1.0,,,1.0,1.0,0.0,1.0,9.0,0.0,1.0,1.0,6.0,4.0,2.0,0.0,65398.0,2745.8922,,3556.8369,3459.93,65.0,2.7292,20.0,0.8397,22.0,164.0,6.8859,48172,32218,1352.7502,,44200.0,0.285123,4.66,,591.0,135.0,,,30.4829,18143.0,18906.0,309.0,15322.0,17696.0,281.0,2821.0,1210.0,28.0,8.0,8.0,2.0,2.0,1.0,8.0,27602.0,30709.0,499.0,22944.0,27514.0,452.0,4658.0,3195.0,47.0,12.0,12.0,2.0,2.0,1.0,12.0,39608.0,42458.0,643.0,30324.0,36929.0,600.0,9284.0,5529.0,43.0,20.0,26.0,3.0,3.0,2.0,20.0,,,,,,,,,,,,,,,
ESPORTSTMNT04_2692275,complete,,EM,2023,Summer,0,2023-08-15 18:40:05,1,13.14,200,Red,team,,,BRUTE,oe:team:ddb6aa775eebeffd5cc41ba5c35c6a1,,Ivern,LeBlanc,Kai'Sa,Gnar,Rumble,Sejuani,Varus,Renekton,Nasus,Orianna,1429,0,4,23,6,4,23,0.0,0.0,0.0,0.0,0.0,,,,0.1679,1.1337,0.0,0.0,2.0,0.0,2.0,0.0,0.0,0.0,0.0,0.0,0.0,,0.0,0.0,1.0,1.0,1.0,,,0.0,0.0,1.0,0.0,0.0,9.0,0.0,0.0,4.0,6.0,0.0,2.0,44225.0,1856.8929,,3403.7509,2811.2666,60.0,2.5192,16.0,0.6718,15.0,123.0,5.1645,35914,19960,838.0686,,33170.0,-0.285123,-4.66,,585.0,101.0,,,28.8034,15322.0,17696.0,281.0,18143.0,18906.0,309.0,-2821.0,-1210.0,-28.0,2.0,1.0,8.0,8.0,8.0,2.0,22944.0,27514.0,452.0,27602.0,30709.0,499.0,-4658.0,-3195.0,-47.0,2.0,1.0,12.0,12.0,12.0,2.0,30324.0,36929.0,600.0,39608.0,42458.0,643.0,-9284.0,-5529.0,-43.0,3.0,2.0,20.0,20.0,26.0,3.0,,,,,,,,,,,,,,,
ESPORTSTMNT04_2693252,complete,,EM,2023,Summer,0,2023-08-15 18:44:36,1,13.14,1,Blue,top,Caucha,oe:player:190d3ffa9c4734a633e2103dbbdb815,White Dragons,oe:team:6468029fb605bd6fdf1cf866e890739,Kennen,Draven,Rumble,Cassiopeia,Alistar,Nautilus,,,,,,1672,0,0,3,1,4,21,0.0,0.0,0.0,0.0,0.0,0.0,0.0,0.0,0.1435,0.8971,,,,,,,,,,,,,,,,,,,,,0.0,0.0,,,,,,,,0.0,0.0,15461.0,554.8206,0.294036,644.5694,382.1053,10.0,0.3589,2.0,0.0718,3.0,17.0,0.61,9207,5521,198.122,0.207238,8975.0,,,213.0,213.0,0.0,,,7.6435,3275.0,4965.0,84.0,3137.0,4835.0,78.0,138.0,130.0,6.0,0.0,0.0,0.0,0.0,0.0,0.0,4890.0,7584.0,129.0,5221.0,7851.0,131.0,-331.0,-267.0,-2.0,0.0,0.0,0.0,0.0,0.0,0.0,7016.0,10087.0,172.0,7219.0,10695.0,179.0,-203.0,-608.0,-7.0,0.0,0.0,0.0,1.0,0.0,1.0,8036.0,11185.0,187.0,10264.0,14517.0,222.0,-2228.0,-3332.0,-35.0,0.0,1.0,2.0,3.0,0.0,1.0
ESPORTSTMNT04_2693252,complete,,EM,2023,Summer,0,2023-08-15 18:44:36,1,13.14,2,Blue,jng,D4SH,oe:player:b665b9fa5f821ff73a873d0cecb0682,White Dragons,oe:team:6468029fb605bd6fdf1cf866e890739,Jarvan IV,Draven,Rumble,Cassiopeia,Alistar,Nautilus,,,,,,1672,0,1,5,2,4,21,0.0,0.0,0.0,0.0,1.0,0.0,1.0,0.0,0.1435,0.8971,,,,,,,,,,,,,,,,,,,,,0.0,1.0,,,,,,,,0.0,0.0,5405.0,193.9593,0.102792,933.122,995.0598,6.0,0.2153,8.0,0.2871,4.0,40.0,1.4354,8473,4787,171.7823,0.179684,7900.0,,,143.0,23.0,120.0,,,5.1316,3277.0,3197.0,56.0,2923.0,2751.0,51.0,354.0,446.0,5.0,0.0,1.0,0.0,0.0,1.0,1.0,4828.0,4659.0,81.0,4773.0,5026.0,83.0,55.0,-367.0,-2.0,1.0,1.0,1.0,0.0,4.0,1.0,6510.0,7032.0,111.0,6284.0,7208.0,111.0,226.0,-176.0,0.0,1.0,1.0,2.0,0.0,6.0,1.0,7827.0,9077.0,135.0,8950.0,10225.0,131.0,-1123.0,-1148.0,4.0,1.0,2.0,3.0,2.0,9.0,1.0
ESPORTSTMNT04_2693252,complete,,EM,2023,Summer,0,2023-08-15 18:44:36,1,13.14,3,Blue,mid,NOMA,oe:player:a0768d89dec26206b95179ad9a1c08d,White Dragons,oe:team:6468029fb605bd6fdf1cf866e890739,Zoe,Draven,Rumble,Cassiopeia,Alistar,Nautilus,,,,,,1672,0,1,2,1,4,21,0.0,0.0,0.0,0.0,1.0,1.0,0.0,0.0,0.1435,0.8971,,,,,,,,,,,,,,,,,,,,,0.0,0.0,,,,,,,,0.0,1.0,15459.0,554.7488,0.293998,518.7919,275.7775,12.0,0.4306,2.0,0.0718,4.0,30.0,1.0766,10684,6998,251.1244,0.262683,9800.0,,,259.0,251.0,8.0,,,9.2943,3881.0,4806.0,93.0,3080.0,4862.0,85.0,801.0,-56.0,8.0,1.0,0.0,0.0,0.0,0.0,0.0,6290.0,7874.0,156.0,5192.0,7665.0,134.0,1098.0,209.0,22.0,1.0,0.0,0.0,1.0,0.0,0.0,8334.0,10886.0,206.0,7524.0,10480.0,193.0,810.0,406.0,13.0,1.0,0.0,0.0,1.0,1.0,0.0,9733.0,13110.0,237.0,10042.0,13072.0,223.0,-309.0,38.0,14.0,1.0,1.0,1.0,1.0,6.0,1.0
ESPORTSTMNT04_2693252,complete,,EM,2023,Summer,0,2023-08-15 18:44:36,1,13.14,4,Blue,bot,Worst,oe:player:4f4e71938a105fe72bd18788fe53d40,White Dragons,oe:team:6468029fb605bd6fdf1cf866e890739,Tristana,Draven,Rumble,Cassiopeia,Alistar,Nautilus,,,,,,1672,0,2,4,1,4,21,0.0,0.0,0.0,0.0,0.0,0.0,0.0,0.0,0.1435,0.8971,,,,,,,,,,,,,,,,,,,,,0.0,0.0,,,,,,,,0.0,2.0,12416.0,445.5502,0.236126,599.8923,262.0335,7.0,0.2512,2.0,0.0718,1.0,12.0,0.4306,10794,7108,255.0718,0.266813,10325.0,,,252.0,248.0,4.0,,,9.0431,3369.0,3335.0,90.0,3517.0,3164.0,82.0,-148.0,171.0,8.0,0.0,0.0,0.0,1.0,0.0,0.0,4943.0,4842.0,126.0,6397.0,5649.0,140.0,-1454.0,-807.0,-14.0,0.0,1.0,1.0,3.0,1.0,0.0,7422.0,7476.0,175.0,8879.0,8086.0,193.0,-1457.0,-610.0,-18.0,1.0,1.0,1.0,5.0,1.0,0.0,9191.0,9293.0,217.0,12302.0,10899.0,228.0,-3111.0,-1606.0,-11.0,2.0,1.0,2.0,7.0,2.0,0.0
ESPORTSTMNT04_2693252,complete,,EM,2023,Summer,0,2023-08-15 18:44:36,1,13.14,5,Blue,sup,Redfernal,oe:player:423785f49efb9ecddd149cfac4eafa2,White Dragons,oe:team:6468029fb605bd6fdf1cf866e890739,Rell,Draven,Rumble,Cassiopeia,Alistar,Nautilus,,,,,,1672,0,0,7,4,4,21,0.0,0.0,0.0,0.0,1.0,0.0,1.0,0.0,0.1435,0.8971,,,,,,,,,,,,,,,,,,,,,0.0,0.0,,,,,,,,0.0,0.0,3841.0,137.8349,0.0730478,709.1627,812.5837,33.0,1.1842,11.0,0.3947,6.0,70.0,2.512,5913,2227,79.9163,0.0835825,5475.0,,,31.0,31.0,0.0,,,1.1124,2201.0,2475.0,12.0,2165.0,2569.0,13.0,36.0,-94.0,-1.0,0.0,1.0,1.0,0.0,1.0,0.0,3346.0,3632.0,19.0,3303.0,3966.0,19.0,43.0,-334.0,0.0,0.0,2.0,2.0,0.0,4.0,1.0,4459.0,4961.0,24.0,4420.0,5694.0,22.0,39.0,-733.0,2.0,0.0,3.0,4.0,0.0,6.0,1.0,5389.0,6929.0,28.0,6511.0,8647.0,25.0,-1122.0,-1718.0,3.0,0.0,4.0,5.0,0.0,11.0,1.0
ESPORTSTMNT04_2693252,complete,,EM,2023,Summer,0,2023-08-15 18:44:36,1,13.14,6,Red,top,Zhergoth,oe:player:368db8366e1e5de655938dd9f8296dc,Team 7AM,oe:team:fc3d0bdc84e08efc1b6623448e64c15,Aatrox,LeBlanc,Ashe,Renekton,Sejuani,Ivern,,,,,,1672,1,5,1,3,21,4,0.0,0.0,0.0,0.0,0.0,0.0,0.0,0.0,0.7536,0.8971,,,,,,,,,,,,,,,,,,,,,0.0,0.0,,,,,,,,0.0,0.0,16958.0,608.5407,0.23926,753.9474,496.8301,9.0,0.323,3.0,0.1077,3.0,27.0,0.9689,11786,8100,290.6699,0.213828,11375.0,,,233.0,225.0,8.0,,,8.3612,3137.0,4835.0,78.0,3275.0,4965.0,84.0,-138.0,-130.0,-6.0,0.0,0.0,0.0,0.0,0.0,0.0,5221.0,7851.0,131.0,4890.0,7584.0,129.0,331.0,267.0,2.0,0.0,0.0,0.0,0.0,0.0,0.0,7219.0,10695.0,179.0,7016.0,10087.0,172.0,203.0,608.0,7.0,1.0,0.0,1.0,0.0,0.0,0.0,10264.0,14517.0,222.0,8036.0,11185.0,187.0,2228.0,3332.0,35.0,3.0,0.0,1.0,0.0,1.0,2.0
ESPORTSTMNT04_2693252,complete,,EM,2023,Summer,0,2023-08-15 18:44:36,1,13.14,7,Red,jng,Julbu,oe:player:fd78e127e45463dcfc2ea3836af0335,Team 7AM,oe:team:fc3d0bdc84e08efc1b6623448e64c15,Maokai,LeBlanc,Ashe,Renekton,Sejuani,Ivern,,,,,,1672,1,4,1,13,21,4,1.0,0.0,0.0,0.0,0.0,0.0,0.0,1.0,0.7536,0.8971,,,,,,,,,,,,,,,,,,,,,1.0,0.0,,,,,,,,0.0,0.0,16100.0,577.7512,0.227154,938.6483,601.7225,10.0,0.3589,9.0,0.323,8.0,40.0,1.4354,10651,6965,249.9402,0.183864,9500.0,,,138.0,22.0,116.0,,,4.9522,2923.0,2751.0,51.0,3277.0,3197.0,56.0,-354.0,-446.0,-5.0,0.0,1.0,1.0,0.0,1.0,0.0,4773.0,5026.0,83.0,4828.0,4659.0,81.0,-55.0,367.0,2.0,0.0,4.0,1.0,1.0,1.0,1.0,6284.0,7208.0,111.0,6510.0,7032.0,111.0,-226.0,176.0,0.0,0.0,6.0,1.0,1.0,1.0,2.0,8950.0,10225.0,131.0,7827.0,9077.0,135.0,1123.0,1148.0,-4.0,2.0,9.0,1.0,1.0,2.0,3.0
ESPORTSTMNT04_2693252,complete,,EM,2023,Summer,0,2023-08-15 18:44:36,1,13.14,8,Red,mid,Erolle,oe:player:33f41da3cc793a226c6d42474e3cd95,Team 7AM,oe:team:fc3d0bdc84e08efc1b6623448e64c15,Jayce,LeBlanc,Ashe,Renekton,Sejuani,Ivern,,,,,,1672,1,2,1,11,21,4,0.0,0.0,0.0,0.0,0.0,0.0,0.0,0.0,0.7536,0.8971,,,,,,,,,,,,,,,,,,,,,0.0,0.0,,,,,,,,1.0,0.0,13400.0,480.8612,0.18906,441.0646,310.4785,8.0,0.2871,3.0,0.1077,3.0,19.0,0.6818,11776,8090,290.311,0.213564,10675.0,,,252.0,244.0,8.0,,,9.0431,3080.0,4862.0,85.0,3881.0,4806.0,93.0,-801.0,56.0,-8.0,0.0,0.0,0.0,1.0,0.0,0.0,5192.0,7665.0,134.0,6290.0,7874.0,156.0,-1098.0,-209.0,-22.0,1.0,0.0,0.0,1.0,0.0,0.0,7524.0,10480.0,193.0,8334.0,10886.0,206.0,-810.0,-406.0,-13.0,1.0,1.0,0.0,1.0,0.0,0.0,10042.0,13072.0,223.0,9733.0,13110.0,237.0,309.0,-38.0,-14.0,1.0,6.0,1.0,1.0,1.0,1.0
ESPORTSTMNT04_2693252,complete,,EM,2023,Summer,0,2023-08-15 18:44:36,1,13.14,9,Red,bot,FlickeR,oe:player:388f53a1853c83dd27e09b4d8f80e3c,Team 7AM,oe:team:fc3d0bdc84e08efc1b6623448e64c15,Kai'Sa,LeBlanc,Ashe,Renekton,Sejuani,Ivern,,,,,,1672,1,10,0,3,21,4,3.0,0.0,0.0,0.0,0.0,0.0,0.0,0.0,0.7536,0.8971,,,,,,,,,,,,,,,,,,,,,0.0,0.0,,,,,,,,2.0,0.0,21132.0,758.3254,0.29815,353.0742,285.3589,6.0,0.2153,5.0,0.1794,1.0,17.0,0.61,14794,11108,398.6124,0.29324,13725.0,,,259.0,243.0,16.0,,,9.2943,3517.0,3164.0,82.0,3369.0,3335.0,90.0,148.0,-171.0,-8.0,1.0,0.0,0.0,0.0,0.0,0.0,6397.0,5649.0,140.0,4943.0,4842.0,126.0,1454.0,807.0,14.0,3.0,1.0,0.0,0.0,1.0,1.0,8879.0,8086.0,193.0,7422.0,7476.0,175.0,1457.0,610.0,18.0,5.0,1.0,0.0,1.0,1.0,1.0,12302.0,10899.0,228.0,9191.0,9293.0,217.0,3111.0,1606.0,11.0,7.0,2.0,0.0,2.0,1.0,2.0
ESPORTSTMNT04_2693252,complete,,EM,2023,Summer,0,2023-08-15 18:44:36,1,13.14,10,Red,sup,KINGPIN,oe:player:4fca9f76fb87127e7bb220b11debdde,Team 7AM,oe:team:fc3d0bdc84e08efc1b6623448e64c15,Braum,LeBlanc,Ashe,Renekton,Sejuani,Ivern,,,,,,1672,1,0,1,16,21,4,0.0,0.0,0.0,0.0,0.0,0.0,0.0,0.0,0.7536,0.8971,,,,,,,,,,,,,,,,,,,,,0.0,0.0,,,,,,,,0.0,0.0,3287.0,117.9545,0.0463761,469.7727,553.9952,39.0,1.3995,5.0,0.1794,10.0,78.0,2.799,7304,3618,129.8325,0.095503,6900.0,,,27.0,27.0,0.0,,,0.9689,2165.0,2569.0,13.0,2201.0,2475.0,12.0,-36.0,94.0,1.0,0.0,1.0,0.0,0.0,1.0,1.0,3303.0,3966.0,19.0,3346.0,3632.0,19.0,-43.0,334.0,0.0,0.0,4.0,1.0,0.0,2.0,2.0,4420.0,5694.0,22.0,4459.0,4961.0,24.0,-39.0,733.0,-2.0,0.0,6.0,1.0,0.0,3.0,4.0,6511.0,8647.0,25.0,5389.0,6929.0,28.0,1122.0,1718.0,-3.0,0.0,11.0,1.0,0.0,4.0,5.0
ESPORTSTMNT04_2693252,complete,,EM,2023,Summer,0,2023-08-15 18:44:36,1,13.14,100,Blue,team,,,White Dragons,oe:team:6468029fb605bd6fdf1cf866e890739,,Draven,Rumble,Cassiopeia,Alistar,Nautilus,Rell,Tristana,Kennen,Jarvan IV,Zoe,1672,0,4,21,9,4,21,0.0,0.0,0.0,0.0,1.0,,,,0.1435,0.8971,1.0,1.0,1.0,1.0,1.0,0.0,0.0,0.0,1.0,0.0,0.0,,0.0,0.0,1.0,2.0,0.0,,,0.0,0.0,1.0,1.0,3.0,11.0,1.0,1.0,4.0,4.0,0.0,3.0,52582.0,1886.9139,,3405.5383,2727.5598,68.0,2.4402,25.0,0.8971,18.0,169.0,6.0646,45071,26639,955.945,,42475.0,-0.204966,-0.43,,766.0,132.0,,,32.2249,16003.0,18778.0,335.0,14822.0,18181.0,309.0,1181.0,597.0,26.0,1.0,2.0,1.0,1.0,2.0,1.0,24297.0,28591.0,511.0,24886.0,30157.0,507.0,-589.0,-1566.0,4.0,2.0,4.0,4.0,4.0,9.0,2.0,33741.0,40442.0,688.0,34326.0,42163.0,698.0,-585.0,-1721.0,-10.0,3.0,5.0,7.0,7.0,14.0,3.0,40176.0,49594.0,804.0,48069.0,57360.0,829.0,-7893.0,-7766.0,-25.0,4.0,9.0,13.0,13.0,28.0,4.0
ESPORTSTMNT04_2693252,complete,,EM,2023,Summer,0,2023-08-15 18:44:36,1,13.14,200,Red,team,,,Team 7AM,oe:team:fc3d0bdc84e08efc1b6623448e64c15,,LeBlanc,Ashe,Renekton,Sejuani,Ivern,Aatrox,Maokai,Jayce,Kai'Sa,Braum,1672,1,21,4,46,21,4,4.0,0.0,0.0,0.0,0.0,,,,0.7536,0.8971,0.0,1.0,1.0,1.0,1.0,0.0,0.0,1.0,0.0,0.0,0.0,,0.0,0.0,0.0,0.0,2.0,,,1.0,1.0,0.0,0.0,11.0,3.0,0.0,0.0,4.0,4.0,3.0,0.0,70877.0,2543.433,,2956.5072,2248.3852,72.0,2.5837,25.0,0.8971,25.0,181.0,6.4952,56311,37879,1359.2943,,52175.0,0.204966,0.43,,761.0,148.0,,,32.6196,14822.0,18181.0,309.0,16003.0,18778.0,335.0,-1181.0,-597.0,-26.0,1.0,2.0,1.0,1.0,2.0,1.0,24886.0,30157.0,507.0,24297.0,28591.0,511.0,589.0,1566.0,-4.0,4.0,9.0,2.0,2.0,4.0,4.0,34326.0,42163.0,698.0,33741.0,40442.0,688.0,585.0,1721.0,10.0,7.0,14.0,3.0,3.0,5.0,7.0,48069.0,57360.0,829.0,40176.0,49594.0,804.0,7893.0,7766.0,25.0,13.0,28.0,4.0,4.0,9.0,13.0
ESPORTSTMNT04_2692276,complete,,EM,2023,Summer,0,2023-08-15 18:51:12,1,13.14,1,Blue,top,Empyros,oe:player:9db3f170213f562a9613fe4f99d7dfa,DSYRE,oe:team:3e3ca0895ded506fd637e723d6ae2a1,Jax,LeBlanc,Aatrox,Xayah,Sejuani,Syndra,,,,,,1985,1,10,1,1,19,7,1.0,0.0,0.0,0.0,0.0,0.0,0.0,0.0,0.5743,0.7859,,,,,,,,,,,,,,,,,,,,,0.0,0.0,,,,,,,,2.0,0.0,27880.0,842.7204,0.351271,937.6625,994.7607,15.0,0.4534,3.0,0.0907,3.0,36.0,1.0882,17474,13149,397.4509,0.297106,16625.0,,,315.0,287.0,28.0,,,9.5214,4242.0,4889.0,71.0,2288.0,3392.0,40.0,1954.0,1497.0,31.0,4.0,0.0,0.0,0.0,0.0,4.0,6689.0,8337.0,134.0,3600.0,5191.0,71.0,3089.0,3146.0,63.0,5.0,0.0,0.0,0.0,0.0,5.0,10364.0,11046.0,193.0,5385.0,7959.0,115.0,4979.0,3087.0,78.0,6.0,0.0,0.0,0.0,1.0,5.0,13312.0,15243.0,244.0,6934.0,10305.0,154.0,6378.0,4938.0,90.0,9.0,0.0,0.0,0.0,1.0,6.0
ESPORTSTMNT04_2692276,complete,,EM,2023,Summer,0,2023-08-15 18:51:12,1,13.14,2,Blue,jng,Rhilech,oe:player:cbe20c64274a87a21e5bdac1ccc3e77,DSYRE,oe:team:3e3ca0895ded506fd637e723d6ae2a1,Maokai,LeBlanc,Aatrox,Xayah,Sejuani,Syndra,,,,,,1985,1,2,2,6,19,7,0.0,0.0,0.0,0.0,1.0,1.0,0.0,0.0,0.5743,0.7859,,,,,,,,,,,,,,,,,,,,,2.0,0.0,,,,,,,,0.0,0.0,11507.0,347.8186,0.144981,1107.7481,1313.7128,10.0,0.3023,10.0,0.3023,10.0,45.0,1.3602,11167,6842,206.8111,0.154597,9700.0,,,161.0,25.0,136.0,,,4.8665,3599.0,3345.0,51.0,3180.0,3228.0,63.0,419.0,117.0,-12.0,1.0,2.0,0.0,0.0,1.0,0.0,5407.0,5864.0,94.0,4642.0,5235.0,96.0,765.0,629.0,-2.0,1.0,2.0,0.0,0.0,2.0,0.0,7242.0,7409.0,111.0,6336.0,7763.0,137.0,906.0,-354.0,-26.0,2.0,3.0,0.0,0.0,2.0,0.0,8827.0,9842.0,140.0,7515.0,9070.0,160.0,1312.0,772.0,-20.0,2.0,4.0,0.0,0.0,2.0,0.0
ESPORTSTMNT04_2692276,complete,,EM,2023,Summer,0,2023-08-15 18:51:12,1,13.14,3,Blue,mid,XoNix,oe:player:be877a261fb0c3a320db45091bdefec,DSYRE,oe:team:3e3ca0895ded506fd637e723d6ae2a1,Viktor,LeBlanc,Aatrox,Xayah,Sejuani,Syndra,,,,,,1985,1,4,2,4,19,7,0.0,0.0,0.0,0.0,1.0,0.0,1.0,0.0,0.5743,0.7859,,,,,,,,,,,,,,,,,,,,,0.0,0.0,,,,,,,,0.0,0.0,17947.0,542.4786,0.226121,253.7531,267.2343,14.0,0.4232,7.0,0.2116,6.0,39.0,1.1788,13466,9141,276.3023,0.206544,12550.0,,,257.0,245.0,12.0,,,7.7683,3712.0,4310.0,79.0,3403.0,4498.0,82.0,309.0,-188.0,-3.0,1.0,1.0,1.0,1.0,0.0,2.0,5461.0,6512.0,124.0,5751.0,7436.0,138.0,-290.0,-924.0,-14.0,1.0,1.0,2.0,2.0,0.0,2.0,7281.0,8656.0,163.0,7609.0,10018.0,192.0,-328.0,-1362.0,-29.0,1.0,2.0,2.0,2.0,0.0,2.0,9221.0,11526.0,199.0,9305.0,12454.0,239.0,-84.0,-928.0,-40.0,1.0,4.0,2.0,2.0,0.0,3.0
ESPORTSTMNT04_2692276,complete,,EM,2023,Summer,0,2023-08-15 18:51:12,1,13.14,4,Blue,bot,Aetinoth,oe:player:d47955c8bc06bf316f24ee15d45407b,DSYRE,oe:team:3e3ca0895ded506fd637e723d6ae2a1,Sivir,LeBlanc,Aatrox,Xayah,Sejuani,Syndra,,,,,,1985,1,3,2,8,19,7,1.0,0.0,0.0,0.0,0.0,0.0,0.0,0.0,0.5743,0.7859,,,,,,,,,,,,,,,,,,,,,0.0,0.0,,,,,,,,2.0,0.0,17859.0,539.8186,0.225012,330.529,165.4005,12.0,0.3627,4.0,0.1209,0.0,19.0,0.5743,15201,10876,328.7456,0.245746,12750.0,,,336.0,320.0,16.0,,,10.1562,3154.0,3809.0,90.0,3324.0,3365.0,89.0,-170.0,444.0,1.0,0.0,0.0,0.0,0.0,0.0,0.0,5511.0,6425.0,141.0,5757.0,5675.0,142.0,-246.0,750.0,-1.0,2.0,0.0,0.0,0.0,0.0,1.0,8372.0,9408.0,200.0,8364.0,7694.0,185.0,8.0,1714.0,15.0,2.0,2.0,1.0,1.0,0.0,2.0,10440.0,12507.0,245.0,10388.0,10466.0,246.0,52.0,2041.0,-1.0,2.0,4.0,1.0,1.0,0.0,2.0
ESPORTSTMNT04_2692276,complete,,EM,2023,Summer,0,2023-08-15 18:51:12,1,13.14,5,Blue,sup,Nash,oe:player:6b9f3420febdbc475dd3c1e4e0bcb5e,DSYRE,oe:team:3e3ca0895ded506fd637e723d6ae2a1,Rakan,LeBlanc,Aatrox,Xayah,Sejuani,Syndra,,,,,,1985,1,0,0,11,19,7,0.0,0.0,0.0,0.0,0.0,0.0,0.0,0.0,0.5743,0.7859,,,,,,,,,,,,,,,,,,,,,0.0,0.0,,,,,,,,0.0,0.0,4176.0,126.2267,0.052615,319.5869,458.0252,83.0,2.5088,16.0,0.4836,13.0,140.0,4.2317,8574,4249,128.4332,0.0960074,7175.0,,,40.0,40.0,0.0,,,1.2091,2177.0,2293.0,14.0,2121.0,2634.0,16.0,56.0,-341.0,-2.0,0.0,1.0,0.0,0.0,0.0,0.0,3628.0,3870.0,26.0,3150.0,3486.0,27.0,478.0,384.0,-1.0,0.0,3.0,0.0,0.0,1.0,1.0,4915.0,5032.0,32.0,4239.0,4748.0,34.0,676.0,284.0,-2.0,0.0,4.0,0.0,0.0,2.0,2.0,6122.0,7259.0,34.0,5118.0,5272.0,36.0,1004.0,1987.0,-2.0,0.0,6.0,0.0,0.0,2.0,3.0
ESPORTSTMNT04_2692276,complete,,EM,2023,Summer,0,2023-08-15 18:51:12,1,13.14,6,Red,top,Boda,oe:player:a600b912c936aadcc1337cc2a3c928e,Nigma Galaxy,oe:team:c6aa23f2afcbe6fc281c7bb9b96c843,Renekton,Jayce,Rumble,Rell,Tristana,Azir,,,,,,1985,0,0,8,2,7,19,0.0,0.0,0.0,0.0,0.0,0.0,0.0,0.0,0.2116,0.7859,,,,,,,,,,,,,,,,,,,,,0.0,0.0,,,,,,,,0.0,2.0,9946.0,300.6348,0.169337,1080.7557,867.3552,15.0,0.4534,7.0,0.2116,3.0,32.0,0.9673,9168,4843,146.3879,0.142676,9325.0,,,197.0,193.0,4.0,,,5.9547,2288.0,3392.0,40.0,4242.0,4889.0,71.0,-1954.0,-1497.0,-31.0,0.0,0.0,4.0,4.0,0.0,0.0,3600.0,5191.0,71.0,6689.0,8337.0,134.0,-3089.0,-3146.0,-63.0,0.0,0.0,5.0,5.0,0.0,0.0,5385.0,7959.0,115.0,10364.0,11046.0,193.0,-4979.0,-3087.0,-78.0,0.0,1.0,5.0,6.0,0.0,0.0,6934.0,10305.0,154.0,13312.0,15243.0,244.0,-6378.0,-4938.0,-90.0,0.0,1.0,6.0,9.0,0.0,0.0
ESPORTSTMNT04_2692276,complete,,EM,2023,Summer,0,2023-08-15 18:51:12,1,13.14,7,Red,jng,Pabu,oe:player:b0a4ae62486ca215c199e72698738b7,Nigma Galaxy,oe:team:c6aa23f2afcbe6fc281c7bb9b96c843,Poppy,Jayce,Rumble,Rell,Tristana,Azir,,,,,,1985,0,1,0,3,7,19,0.0,0.0,0.0,0.0,0.0,0.0,0.0,0.0,0.2116,0.7859,,,,,,,,,,,,,,,,,,,,,0.0,2.0,,,,,,,,0.0,0.0,8464.0,255.8388,0.144105,648.2418,982.7909,10.0,0.3023,18.0,0.5441,7.0,53.0,1.602,10382,6057,183.0831,0.178441,10025.0,,,183.0,29.0,154.0,,,5.5315,3180.0,3228.0,63.0,3599.0,3345.0,51.0,-419.0,-117.0,12.0,0.0,1.0,0.0,1.0,2.0,0.0,4642.0,5235.0,96.0,5407.0,5864.0,94.0,-765.0,-629.0,2.0,0.0,2.0,0.0,1.0,2.0,0.0,6336.0,7763.0,137.0,7242.0,7409.0,111.0,-906.0,354.0,26.0,0.0,2.0,0.0,2.0,3.0,0.0,7515.0,9070.0,160.0,8827.0,9842.0,140.0,-1312.0,-772.0,20.0,0.0,2.0,0.0,2.0,4.0,0.0
ESPORTSTMNT04_2692276,complete,,EM,2023,Summer,0,2023-08-15 18:51:12,1,13.14,8,Red,mid,Dehaste,oe:player:5f4898a107d2948045588584562be3f,Nigma Galaxy,oe:team:c6aa23f2afcbe6fc281c7bb9b96c843,Orianna,Jayce,Rumble,Rell,Tristana,Azir,,,,,,1985,0,4,4,2,7,19,0.0,0.0,0.0,0.0,0.0,0.0,0.0,1.0,0.2116,0.7859,,,,,,,,,,,,,,,,,,,,,0.0,0.0,,,,,,,,0.0,0.0,17595.0,531.8388,0.299566,557.3199,450.8312,11.0,0.3325,9.0,0.272,1.0,35.0,1.0579,13968,9643,291.4761,0.284086,14225.0,,,317.0,301.0,16.0,,,9.5819,3403.0,4498.0,82.0,3712.0,4310.0,79.0,-309.0,188.0,3.0,1.0,0.0,2.0,1.0,1.0,1.0,5751.0,7436.0,138.0,5461.0,6512.0,124.0,290.0,924.0,14.0,2.0,0.0,2.0,1.0,1.0,2.0,7609.0,10018.0,192.0,7281.0,8656.0,163.0,328.0,1362.0,29.0,2.0,0.0,2.0,1.0,2.0,2.0,9305.0,12454.0,239.0,9221.0,11526.0,199.0,84.0,928.0,40.0,2.0,0.0,3.0,1.0,4.0,2.0
ESPORTSTMNT04_2692276,complete,,EM,2023,Summer,0,2023-08-15 18:51:12,1,13.14,9,Red,bot,Rust,oe:player:f5e265d607cb720058fc166e00083fe,Nigma Galaxy,oe:team:c6aa23f2afcbe6fc281c7bb9b96c843,Kai'Sa,Jayce,Rumble,Rell,Tristana,Azir,,,,,,1985,0,2,3,3,7,19,0.0,0.0,0.0,0.0,0.0,0.0,0.0,0.0,0.2116,0.7859,,,,,,,,,,,,,,,,,,,,,0.0,0.0,,,,,,,,0.0,2.0,19676.0,594.7406,0.334996,425.199,289.2091,10.0,0.3023,13.0,0.3929,2.0,28.0,0.8463,15342,11017,333.0076,0.324564,14600.0,,,359.0,344.0,15.0,,,10.8514,3324.0,3365.0,89.0,3154.0,3809.0,90.0,170.0,-444.0,-1.0,0.0,0.0,0.0,0.0,0.0,0.0,5757.0,5675.0,142.0,5511.0,6425.0,141.0,246.0,-750.0,1.0,0.0,0.0,1.0,2.0,0.0,0.0,8364.0,7694.0,185.0,8372.0,9408.0,200.0,-8.0,-1714.0,-15.0,1.0,0.0,2.0,2.0,2.0,1.0,10388.0,10466.0,246.0,10440.0,12507.0,245.0,-52.0,-2041.0,1.0,1.0,0.0,2.0,2.0,4.0,1.0
ESPORTSTMNT04_2692276,complete,,EM,2023,Summer,0,2023-08-15 18:51:12,1,13.14,10,Red,sup,Klownz,oe:player:1c6282fdf403e4e63f3b339d0bca034,Nigma Galaxy,oe:team:c6aa23f2afcbe6fc281c7bb9b96c843,Nautilus,Jayce,Rumble,Rell,Tristana,Azir,,,,,,1985,0,0,4,4,7,19,0.0,0.0,0.0,0.0,0.0,0.0,0.0,0.0,0.2116,0.7859,,,,,,,,,,,,,,,,,,,,,0.0,0.0,,,,,,,,0.0,0.0,3054.0,92.3123,0.0519963,452.3728,712.7154,49.0,1.4811,15.0,0.4534,12.0,98.0,2.9622,6709,2384,72.0605,0.0702333,6150.0,,,40.0,40.0,0.0,,,1.2091,2121.0,2634.0,16.0,2177.0,2293.0,14.0,-56.0,341.0,2.0,0.0,0.0,0.0,0.0,1.0,0.0,3150.0,3486.0,27.0,3628.0,3870.0,26.0,-478.0,-384.0,1.0,0.0,1.0,1.0,0.0,3.0,0.0,4239.0,4748.0,34.0,4915.0,5032.0,32.0,-676.0,-284.0,2.0,0.0,2.0,2.0,0.0,4.0,0.0,5118.0,5272.0,36.0,6122.0,7259.0,34.0,-1004.0,-1987.0,2.0,0.0,2.0,3.0,0.0,6.0,0.0
ESPORTSTMNT04_2692276,complete,,EM,2023,Summer,0,2023-08-15 18:51:12,1,13.14,100,Blue,team,,,DSYRE,oe:team:3e3ca0895ded506fd637e723d6ae2a1,,LeBlanc,Aatrox,Xayah,Sejuani,Syndra,Jax,Rakan,Maokai,Sivir,Viktor,1985,1,19,7,30,19,7,2.0,0.0,0.0,0.0,1.0,,,,0.5743,0.7859,0.0,3.0,1.0,3.0,1.0,2.0,0.0,0.0,0.0,1.0,0.0,,0.0,0.0,1.0,2.0,0.0,,,1.0,2.0,0.0,1.0,11.0,3.0,1.0,1.0,7.0,4.0,4.0,0.0,79369.0,2399.063,,2949.2796,3199.1335,134.0,4.0504,40.0,1.2091,32.0,279.0,8.4332,65882,44257,1337.7431,,58800.0,0.079116,3.54,,917.0,192.0,,,33.5214,16884.0,18646.0,305.0,14316.0,17117.0,290.0,2568.0,1529.0,15.0,6.0,4.0,1.0,1.0,1.0,6.0,26696.0,31008.0,519.0,22900.0,27023.0,474.0,3796.0,3985.0,45.0,9.0,6.0,2.0,2.0,3.0,9.0,38174.0,41551.0,699.0,31933.0,38182.0,663.0,6241.0,3369.0,36.0,11.0,11.0,3.0,3.0,5.0,11.0,47922.0,56377.0,862.0,39260.0,47567.0,835.0,8662.0,8810.0,27.0,14.0,18.0,3.0,3.0,5.0,14.0
ESPORTSTMNT04_2692276,complete,,EM,2023,Summer,0,2023-08-15 18:51:12,1,13.14,200,Red,team,,,Nigma Galaxy,oe:team:c6aa23f2afcbe6fc281c7bb9b96c843,,Jayce,Rumble,Rell,Tristana,Azir,Kai'Sa,Nautilus,Renekton,Poppy,Orianna,1985,0,7,19,14,7,19,0.0,0.0,0.0,0.0,0.0,,,,0.2116,0.7859,1.0,1.0,3.0,1.0,3.0,0.0,1.0,0.0,0.0,0.0,0.0,,0.0,0.0,0.0,0.0,2.0,,,0.0,0.0,2.0,0.0,3.0,11.0,0.0,0.0,4.0,7.0,0.0,4.0,58735.0,1775.3652,,3163.8892,3302.9018,95.0,2.8715,62.0,1.8741,25.0,246.0,7.4358,55569,33944,1026.0151,,54325.0,-0.079116,-3.54,,907.0,189.0,,,33.1285,14316.0,17117.0,290.0,16884.0,18646.0,305.0,-2568.0,-1529.0,-15.0,1.0,1.0,6.0,6.0,4.0,1.0,22900.0,27023.0,474.0,26696.0,31008.0,519.0,-3796.0,-3985.0,-45.0,2.0,3.0,9.0,9.0,6.0,2.0,31933.0,38182.0,663.0,38174.0,41551.0,699.0,-6241.0,-3369.0,-36.0,3.0,5.0,11.0,11.0,11.0,3.0,39260.0,47567.0,835.0,47922.0,56377.0,862.0,-8662.0,-8810.0,-27.0,3.0,5.0,14.0,14.0,18.0,3.0
ESPORTSTMNT04_2694231,complete,,EM,2023,Summer,0,2023-08-15 19:00:07,1,13.14,1,Blue,top,Kackos,oe:player:4841aa27ab85be0b9f45fed1d5e7b09,NORD Esports,oe:team:6ef01b22224b92f917d70dd9f33568b,Rumble,Trundle,Kai'Sa,Maokai,Aatrox,Jax,,,,,,1558,0,5,5,6,13,24,1.0,0.0,0.0,0.0,0.0,0.0,0.0,0.0,0.5006,1.4249,,,,,,,,,,,,,,,,,,,,,0.0,0.0,,,,,,,,0.0,0.0,18398.0,708.5237,0.359126,565.3402,474.6855,9.0,0.3466,2.0,0.077,1.0,20.0,0.7702,9933,6479,249.5122,0.245453,9975.0,,,173.0,165.0,8.0,,,6.6624,3411.0,4443.0,79.0,3639.0,4888.0,84.0,-228.0,-445.0,-5.0,1.0,0.0,1.0,1.0,2.0,1.0,5502.0,6668.0,107.0,5312.0,7385.0,129.0,190.0,-717.0,-22.0,2.0,5.0,2.0,1.0,2.0,2.0,7964.0,9014.0,140.0,8670.0,10650.0,174.0,-706.0,-1636.0,-34.0,5.0,5.0,3.0,4.0,6.0,2.0,9796.0,11042.0,172.0,12041.0,14735.0,227.0,-2245.0,-3693.0,-55.0,5.0,6.0,4.0,7.0,7.0,2.0
ESPORTSTMNT04_2694231,complete,,EM,2023,Summer,0,2023-08-15 19:00:07,1,13.14,2,Blue,jng,Indecision,oe:player:40ec21bf3a960cc7bfe0c38885bf906,NORD Esports,oe:team:6ef01b22224b92f917d70dd9f33568b,Nocturne,Trundle,Kai'Sa,Maokai,Aatrox,Jax,,,,,,1558,0,3,6,6,13,24,0.0,0.0,0.0,0.0,1.0,1.0,0.0,0.0,0.5006,1.4249,,,,,,,,,,,,,,,,,,,,,0.0,1.0,,,,,,,,0.0,0.0,7006.0,269.8074,0.136756,1024.5828,577.7792,7.0,0.2696,5.0,0.1926,6.0,27.0,1.0398,8432,4978,191.7073,0.188589,8350.0,,,136.0,13.0,123.0,,,5.2375,3263.0,2927.0,52.0,3471.0,3551.0,63.0,-208.0,-624.0,-11.0,1.0,1.0,1.0,1.0,0.0,0.0,5521.0,5433.0,86.0,6139.0,5856.0,91.0,-618.0,-423.0,-5.0,3.0,3.0,1.0,4.0,0.0,1.0,6830.0,7098.0,108.0,8336.0,8108.0,113.0,-1506.0,-1010.0,-5.0,3.0,5.0,3.0,5.0,4.0,2.0,8306.0,9465.0,136.0,11169.0,12135.0,148.0,-2863.0,-2670.0,-12.0,3.0,6.0,5.0,7.0,8.0,2.0
ESPORTSTMNT04_2694231,complete,,EM,2023,Summer,0,2023-08-15 19:00:07,1,13.14,3,Blue,mid,OMON,oe:player:e42fd90dea956c3986b69209b56ce16,NORD Esports,oe:team:6ef01b22224b92f917d70dd9f33568b,Ahri,Trundle,Kai'Sa,Maokai,Aatrox,Jax,,,,,,1558,0,2,6,8,13,24,0.0,0.0,0.0,0.0,1.0,0.0,1.0,0.0,0.5006,1.4249,,,,,,,,,,,,,,,,,,,,,0.0,0.0,,,,,,,,0.0,1.0,10692.0,411.7587,0.208706,658.3825,326.1874,7.0,0.2696,4.0,0.154,3.0,17.0,0.6547,10162,6708,258.3312,0.254129,9825.0,,,218.0,218.0,0.0,,,8.3954,3788.0,4527.0,86.0,3533.0,4360.0,81.0,255.0,167.0,5.0,0.0,2.0,1.0,1.0,2.0,1.0,6018.0,7080.0,132.0,5538.0,7286.0,121.0,480.0,-206.0,11.0,1.0,6.0,3.0,1.0,5.0,2.0,7732.0,9842.0,175.0,7518.0,9676.0,156.0,214.0,166.0,19.0,1.0,8.0,3.0,2.0,8.0,2.0,9933.0,11909.0,212.0,10421.0,13422.0,199.0,-488.0,-1513.0,13.0,2.0,8.0,5.0,3.0,10.0,2.0
ESPORTSTMNT04_2694231,complete,,EM,2023,Summer,0,2023-08-15 19:00:07,1,13.14,4,Blue,bot,Hid0,oe:player:97e228a45bb28f8d270f77deabd1282,NORD Esports,oe:team:6ef01b22224b92f917d70dd9f33568b,Ashe,Trundle,Kai'Sa,Maokai,Aatrox,Jax,,,,,,1558,0,3,3,6,13,24,0.0,0.0,0.0,0.0,0.0,0.0,0.0,0.0,0.5006,1.4249,,,,,,,,,,,,,,,,,,,,,0.0,0.0,,,,,,,,0.0,0.0,10595.0,408.0231,0.206812,381.258,188.5879,7.0,0.2696,7.0,0.2696,0.0,29.0,1.1168,9435,5981,230.3338,0.226587,9233.0,,,188.0,186.0,2.0,,,7.2401,3110.0,3273.0,75.0,3425.0,3252.0,86.0,-315.0,21.0,-11.0,0.0,0.0,0.0,0.0,0.0,0.0,6118.0,5944.0,121.0,5815.0,5681.0,133.0,303.0,263.0,-12.0,3.0,3.0,0.0,0.0,1.0,2.0,7674.0,7866.0,151.0,8318.0,7647.0,179.0,-644.0,219.0,-28.0,3.0,6.0,2.0,1.0,7.0,3.0,9164.0,9546.0,183.0,10414.0,10560.0,210.0,-1250.0,-1014.0,-27.0,3.0,6.0,3.0,2.0,9.0,4.0
ESPORTSTMNT04_2694231,complete,,EM,2023,Summer,0,2023-08-15 19:00:07,1,13.14,5,Blue,sup,Seneca,oe:player:e3decbc40c573363c151a8300127922,NORD Esports,oe:team:6ef01b22224b92f917d70dd9f33568b,Rell,Trundle,Kai'Sa,Maokai,Aatrox,Jax,,,,,,1558,0,0,4,11,13,24,0.0,0.0,0.0,0.0,1.0,0.0,1.0,0.0,0.5006,1.4249,,,,,,,,,,,,,,,,,,,,,0.0,0.0,,,,,,,,0.0,0.0,4539.0,174.801,0.0886004,466.9833,743.8383,24.0,0.9243,6.0,0.2311,9.0,61.0,2.3492,5704,2250,86.6496,0.0852419,5325.0,,,34.0,34.0,0.0,,,1.3094,2100.0,2460.0,15.0,2359.0,2869.0,14.0,-259.0,-409.0,1.0,0.0,1.0,0.0,0.0,3.0,0.0,3532.0,4225.0,24.0,3362.0,3631.0,19.0,170.0,594.0,5.0,0.0,8.0,0.0,0.0,4.0,2.0,4499.0,5046.0,31.0,4893.0,5536.0,24.0,-394.0,-490.0,7.0,0.0,10.0,2.0,1.0,8.0,3.0,5568.0,6188.0,34.0,6543.0,8040.0,25.0,-975.0,-1852.0,9.0,0.0,11.0,3.0,1.0,15.0,3.0
ESPORTSTMNT04_2694231,complete,,EM,2023,Summer,0,2023-08-15 19:00:07,1,13.14,6,Red,top,Banderas,oe:player:57abe5a8958c15444e9103873f8565a,WLGaming Esports,oe:team:b19ab22267512e77945cd498106dcf1,K'Sante,Xayah,Poppy,Sejuani,Ornn,Zeri,,,,,,1558,1,7,2,10,24,13,2.0,0.0,0.0,0.0,0.0,0.0,0.0,0.0,0.9243,1.4249,,,,,,,,,,,,,,,,,,,,,0.0,0.0,,,,,,,,0.0,0.0,8711.0,335.4685,0.139013,623.7227,964.8524,9.0,0.3466,2.0,0.077,3.0,32.0,1.2323,12516,9062,348.9859,0.244799,11825.0,,,231.0,231.0,0.0,,,8.896,3639.0,4888.0,84.0,3411.0,4443.0,79.0,228.0,445.0,5.0,1.0,2.0,1.0,1.0,0.0,1.0,5312.0,7385.0,129.0,5502.0,6668.0,107.0,-190.0,717.0,22.0,1.0,2.0,2.0,2.0,5.0,2.0,8670.0,10650.0,174.0,7964.0,9014.0,140.0,706.0,1636.0,34.0,4.0,6.0,2.0,5.0,5.0,3.0,12041.0,14735.0,227.0,9796.0,11042.0,172.0,2245.0,3693.0,55.0,7.0,7.0,2.0,5.0,6.0,4.0
ESPORTSTMNT04_2694231,complete,,EM,2023,Summer,0,2023-08-15 19:00:07,1,13.14,7,Red,jng,Bruness,oe:player:7471c21aed615dae3e49140eca8ce89,WLGaming Esports,oe:team:b19ab22267512e77945cd498106dcf1,Lee Sin,Xayah,Poppy,Sejuani,Ornn,Zeri,,,,,,1558,1,7,2,12,24,13,0.0,0.0,0.0,0.0,0.0,0.0,0.0,0.0,0.9243,1.4249,,,,,,,,,,,,,,,,,,,,,1.0,0.0,,,,,,,,0.0,0.0,18525.0,713.4146,0.295629,1027.086,1312.2593,16.0,0.6162,4.0,0.154,8.0,31.0,1.1938,11741,8287,319.1399,0.223864,11000.0,,,151.0,15.0,136.0,,,5.8151,3471.0,3551.0,63.0,3263.0,2927.0,52.0,208.0,624.0,11.0,1.0,0.0,0.0,1.0,1.0,1.0,6139.0,5856.0,91.0,5521.0,5433.0,86.0,618.0,423.0,5.0,4.0,0.0,1.0,3.0,3.0,1.0,8336.0,8108.0,113.0,6830.0,7098.0,108.0,1506.0,1010.0,5.0,5.0,4.0,2.0,3.0,5.0,3.0,11169.0,12135.0,148.0,8306.0,9465.0,136.0,2863.0,2670.0,12.0,7.0,8.0,2.0,3.0,6.0,5.0
ESPORTSTMNT04_2694231,complete,,EM,2023,Summer,0,2023-08-15 19:00:07,1,13.14,8,Red,mid,ESCIK,oe:player:7e33124e33721ef8f70d2dd843b57da,WLGaming Esports,oe:team:b19ab22267512e77945cd498106dcf1,Lissandra,Xayah,Poppy,Sejuani,Ornn,Zeri,,,,,,1558,1,5,2,12,24,13,1.0,0.0,0.0,0.0,0.0,0.0,0.0,1.0,0.9243,1.4249,,,,,,,,,,,,,,,,,,,,,0.0,0.0,,,,,,,,1.0,0.0,15093.0,581.2452,0.24086,461.4763,319.448,6.0,0.2311,4.0,0.154,4.0,19.0,0.7317,11543,8089,311.5148,0.218515,10000.0,,,207.0,207.0,0.0,,,7.9718,3533.0,4360.0,81.0,3788.0,4527.0,86.0,-255.0,-167.0,-5.0,1.0,2.0,1.0,0.0,2.0,1.0,5538.0,7286.0,121.0,6018.0,7080.0,132.0,-480.0,206.0,-11.0,1.0,5.0,2.0,1.0,6.0,3.0,7518.0,9676.0,156.0,7732.0,9842.0,175.0,-214.0,-166.0,-19.0,2.0,8.0,2.0,1.0,8.0,3.0,10421.0,13422.0,199.0,9933.0,11909.0,212.0,488.0,1513.0,-13.0,3.0,10.0,2.0,2.0,8.0,5.0
ESPORTSTMNT04_2694231,complete,,EM,2023,Summer,0,2023-08-15 19:00:07,1,13.14,9,Red,bot,Woolite,oe:player:40fa7615556f33971d67c95a702fbcc,WLGaming Esports,oe:team:b19ab22267512e77945cd498106dcf1,Aphelios,Xayah,Poppy,Sejuani,Ornn,Zeri,,,,,,1558,1,4,4,11,24,13,1.0,0.0,0.0,0.0,0.0,0.0,0.0,0.0,0.9243,1.4249,,,,,,,,,,,,,,,,,,,,,0.0,0.0,,,,,,,,0.0,0.0,15676.0,603.697,0.250164,357.2657,288.7163,10.0,0.3851,5.0,0.1926,3.0,22.0,0.8472,11530,8076,311.0141,0.218164,10635.0,,,213.0,190.0,23.0,,,8.2028,3425.0,3252.0,86.0,3110.0,3273.0,75.0,315.0,-21.0,11.0,0.0,0.0,0.0,0.0,0.0,0.0,5815.0,5681.0,133.0,6118.0,5944.0,121.0,-303.0,-263.0,12.0,0.0,1.0,2.0,3.0,3.0,0.0,8318.0,7647.0,179.0,7674.0,7866.0,151.0,644.0,-219.0,28.0,1.0,7.0,3.0,3.0,6.0,2.0,10414.0,10560.0,210.0,9164.0,9546.0,183.0,1250.0,1014.0,27.0,2.0,9.0,4.0,3.0,6.0,3.0
ESPORTSTMNT04_2694231,complete,,EM,2023,Summer,0,2023-08-15 19:00:07,1,13.14,10,Red,sup,Bananitoo,oe:player:148e116847c069d852ad0696d4180fe,WLGaming Esports,oe:team:b19ab22267512e77945cd498106dcf1,Alistar,Xayah,Poppy,Sejuani,Ornn,Zeri,,,,,,1558,1,1,3,18,24,13,0.0,0.0,0.0,0.0,0.0,0.0,0.0,0.0,0.9243,1.4249,,,,,,,,,,,,,,,,,,,,,0.0,0.0,,,,,,,,0.0,0.0,4658.0,179.3838,0.0743341,520.3979,811.0013,33.0,1.2709,5.0,0.1926,9.0,68.0,2.6187,6958,3504,134.9422,0.0946578,6250.0,,,25.0,25.0,0.0,,,0.9628,2359.0,2869.0,14.0,2100.0,2460.0,15.0,259.0,409.0,-1.0,0.0,3.0,0.0,0.0,1.0,0.0,3362.0,3631.0,19.0,3532.0,4225.0,24.0,-170.0,-594.0,-5.0,0.0,4.0,2.0,0.0,8.0,0.0,4893.0,5536.0,24.0,4499.0,5046.0,31.0,394.0,490.0,-7.0,1.0,8.0,3.0,0.0,10.0,2.0,6543.0,8040.0,25.0,5568.0,6188.0,34.0,975.0,1852.0,-9.0,1.0,15.0,3.0,0.0,11.0,3.0
ESPORTSTMNT04_2694231,complete,,EM,2023,Summer,0,2023-08-15 19:00:07,1,13.14,100,Blue,team,,,NORD Esports,oe:team:6ef01b22224b92f917d70dd9f33568b,,Trundle,Kai'Sa,Maokai,Aatrox,Jax,Rell,Ahri,Nocturne,Rumble,Ashe,1558,0,13,24,37,13,24,1.0,0.0,0.0,0.0,1.0,,,,0.5006,1.4249,0.0,0.0,4.0,0.0,4.0,0.0,0.0,0.0,0.0,0.0,0.0,,0.0,0.0,0.0,0.0,2.0,,,0.0,0.0,1.0,0.0,2.0,8.0,0.0,0.0,4.0,7.0,0.0,1.0,51230.0,1972.914,,3096.5469,2311.0783,54.0,2.0796,24.0,0.9243,19.0,154.0,5.9307,43666,26396,1016.534,,42708.0,-0.151529,-1.13,,616.0,133.0,,,28.8447,15672.0,17630.0,307.0,16427.0,18920.0,328.0,-755.0,-1290.0,-21.0,2.0,4.0,3.0,3.0,7.0,2.0,26691.0,29350.0,470.0,26166.0,29839.0,493.0,525.0,-489.0,-23.0,9.0,25.0,6.0,6.0,12.0,9.0,34699.0,38866.0,605.0,37735.0,41617.0,646.0,-3036.0,-2751.0,-41.0,12.0,34.0,13.0,13.0,33.0,12.0,42767.0,48150.0,737.0,50588.0,58892.0,809.0,-7821.0,-10742.0,-72.0,13.0,37.0,20.0,20.0,49.0,13.0
ESPORTSTMNT04_2694231,complete,,EM,2023,Summer,0,2023-08-15 19:00:07,1,13.14,200,Red,team,,,WLGaming Esports,oe:team:b19ab22267512e77945cd498106dcf1,,Xayah,Poppy,Sejuani,Ornn,Zeri,Alistar,Lee Sin,Lissandra,Aphelios,K'Sante,1558,1,24,13,63,24,13,4.0,0.0,0.0,0.0,0.0,,,,0.9243,1.4249,1.0,4.0,0.0,4.0,0.0,1.0,1.0,2.0,0.0,0.0,0.0,,0.0,0.0,1.0,2.0,0.0,,,1.0,1.0,0.0,1.0,8.0,2.0,1.0,1.0,7.0,4.0,1.0,0.0,62663.0,2413.2092,,2989.9487,3696.2773,74.0,2.8498,20.0,0.7702,27.0,172.0,6.6239,54288,37018,1425.5969,,49710.0,0.151529,1.13,,668.0,159.0,,,31.8485,16427.0,18920.0,328.0,15672.0,17630.0,307.0,755.0,1290.0,21.0,3.0,7.0,2.0,2.0,4.0,3.0,26166.0,29839.0,493.0,26691.0,29350.0,470.0,-525.0,489.0,23.0,6.0,12.0,9.0,9.0,25.0,6.0,37735.0,41617.0,646.0,34699.0,38866.0,605.0,3036.0,2751.0,41.0,13.0,33.0,12.0,12.0,34.0,13.0,50588.0,58892.0,809.0,42767.0,48150.0,737.0,7821.0,10742.0,72.0,20.0,49.0,13.0,13.0,37.0,20.0
ESPORTSTMNT04_2694234,complete,,EM,2023,Summer,0,2023-08-15 19:31:19,1,13.14,1,Blue,top,Robocop,oe:player:bf0fcdb863d11c4f6e7802f434de734,Entropiq,oe:team:06554c70cfe8a6be14b004b3c18abe6,Aatrox,Rumble,Xayah,Jayce,Yone,Akali,,,,,,1854,0,0,3,4,6,18,0.0,0.0,0.0,0.0,0.0,0.0,0.0,1.0,0.1942,0.7767,,,,,,,,,,,,,,,,,,,,,0.0,0.0,,,,,,,,0.0,1.0,11768.0,380.8414,0.174877,831.5534,670.0324,14.0,0.4531,4.0,0.1294,4.0,28.0,0.9061,9180,5122,165.7605,0.1751,9400.0,,,205.0,193.0,12.0,,,6.6343,2874.0,4265.0,72.0,4110.0,4874.0,87.0,-1236.0,-609.0,-15.0,0.0,0.0,1.0,1.0,0.0,0.0,4606.0,6668.0,119.0,6904.0,7855.0,142.0,-2298.0,-1187.0,-23.0,0.0,0.0,1.0,2.0,1.0,0.0,6211.0,9083.0,161.0,9408.0,10924.0,203.0,-3197.0,-1841.0,-42.0,0.0,0.0,1.0,2.0,2.0,0.0,7846.0,11267.0,193.0,11183.0,13569.0,229.0,-3337.0,-2302.0,-36.0,0.0,1.0,1.0,2.0,4.0,0.0
ESPORTSTMNT04_2694234,complete,,EM,2023,Summer,0,2023-08-15 19:31:19,1,13.14,2,Blue,jng,Zicssi,oe:player:060e16e1c91434827c294bac52e8b47,Entropiq,oe:team:06554c70cfe8a6be14b004b3c18abe6,Poppy,Rumble,Xayah,Jayce,Yone,Akali,,,,,,1854,0,0,2,6,6,18,0.0,0.0,0.0,0.0,0.0,0.0,0.0,0.0,0.1942,0.7767,,,,,,,,,,,,,,,,,,,,,0.0,2.0,,,,,,,,0.0,0.0,7473.0,241.8447,0.111052,938.6731,1316.2783,9.0,0.2913,7.0,0.2265,7.0,36.0,1.165,9141,5083,164.4984,0.173767,8425.0,,,159.0,34.0,125.0,,,5.1456,3356.0,3624.0,70.0,3015.0,2789.0,53.0,341.0,835.0,17.0,0.0,0.0,0.0,0.0,2.0,0.0,4876.0,5087.0,98.0,4262.0,4737.0,79.0,614.0,350.0,19.0,0.0,1.0,0.0,0.0,2.0,1.0,6138.0,6697.0,124.0,6079.0,6823.0,109.0,59.0,-126.0,15.0,0.0,1.0,0.0,0.0,3.0,1.0,7599.0,8603.0,144.0,7657.0,9692.0,127.0,-58.0,-1089.0,17.0,0.0,3.0,1.0,0.0,6.0,1.0
ESPORTSTMNT04_2694234,complete,,EM,2023,Summer,0,2023-08-15 19:31:19,1,13.14,3,Blue,mid,Jackies,oe:player:204746c853a12888ad72d8035cdf8c7,Entropiq,oe:team:06554c70cfe8a6be14b004b3c18abe6,Azir,Rumble,Xayah,Jayce,Yone,Akali,,,,,,1854,0,2,4,1,6,18,0.0,0.0,0.0,0.0,0.0,0.0,0.0,0.0,0.1942,0.7767,,,,,,,,,,,,,,,,,,,,,0.0,0.0,,,,,,,,0.0,1.0,21148.0,684.4013,0.314267,521.068,352.2977,13.0,0.4207,4.0,0.1294,3.0,21.0,0.6796,12706,8648,279.8706,0.295634,14315.0,,,302.0,294.0,8.0,,,9.7735,3053.0,4303.0,74.0,3427.0,4556.0,80.0,-374.0,-253.0,-6.0,0.0,0.0,1.0,1.0,0.0,0.0,5092.0,6566.0,114.0,5757.0,7390.0,136.0,-665.0,-824.0,-22.0,1.0,0.0,1.0,2.0,0.0,0.0,7301.0,10035.0,181.0,8121.0,10047.0,191.0,-820.0,-12.0,-10.0,1.0,0.0,1.0,2.0,0.0,0.0,9115.0,12381.0,217.0,10342.0,13225.0,240.0,-1227.0,-844.0,-23.0,1.0,1.0,3.0,2.0,1.0,1.0
ESPORTSTMNT04_2694234,complete,,EM,2023,Summer,0,2023-08-15 19:31:19,1,13.14,4,Blue,bot,Khantos,oe:player:58cff57941b3605087bb9208b3d76d0,Entropiq,oe:team:06554c70cfe8a6be14b004b3c18abe6,Kog'Maw,Rumble,Xayah,Jayce,Yone,Akali,,,,,,1854,0,4,5,1,6,18,2.0,0.0,0.0,0.0,0.0,0.0,0.0,0.0,0.1942,0.7767,,,,,,,,,,,,,,,,,,,,,0.0,0.0,,,,,,,,0.0,1.0,21052.0,681.2945,0.312841,495.4045,275.3074,11.0,0.356,5.0,0.1618,3.0,25.0,0.8091,12273,8215,265.8576,0.280832,11625.0,,,246.0,242.0,4.0,,,7.9612,3151.0,3568.0,81.0,3380.0,2946.0,83.0,-229.0,622.0,-2.0,0.0,0.0,0.0,0.0,0.0,0.0,4588.0,5098.0,116.0,6395.0,5493.0,141.0,-1807.0,-395.0,-25.0,0.0,1.0,3.0,1.0,2.0,0.0,6532.0,7706.0,174.0,8944.0,8313.0,199.0,-2412.0,-607.0,-25.0,0.0,1.0,3.0,2.0,2.0,0.0,9117.0,9483.0,218.0,12111.0,11618.0,243.0,-2994.0,-2135.0,-25.0,2.0,1.0,3.0,5.0,2.0,0.0
ESPORTSTMNT04_2694234,complete,,EM,2023,Summer,0,2023-08-15 19:31:19,1,13.14,5,Blue,sup,denyk,oe:player:9adc23fff49c05d7b22cfd79ca1841d,Entropiq,oe:team:06554c70cfe8a6be14b004b3c18abe6,Braum,Rumble,Xayah,Jayce,Yone,Akali,,,,,,1854,0,0,4,3,6,18,0.0,0.0,0.0,0.0,0.0,0.0,0.0,0.0,0.1942,0.7767,,,,,,,,,,,,,,,,,,,,,0.0,0.0,,,,,,,,0.0,0.0,5852.0,189.3851,0.086963,505.1133,527.8641,61.0,1.9741,14.0,0.4531,17.0,93.0,3.0097,6242,2184,70.6796,0.0746667,5625.0,,,39.0,39.0,0.0,,,1.2621,2022.0,2129.0,12.0,2139.0,2447.0,14.0,-117.0,-318.0,-2.0,0.0,0.0,0.0,0.0,0.0,0.0,3135.0,3514.0,23.0,3979.0,4219.0,25.0,-844.0,-705.0,-2.0,0.0,0.0,1.0,1.0,2.0,0.0,4091.0,4595.0,30.0,5194.0,5256.0,26.0,-1103.0,-661.0,4.0,0.0,0.0,2.0,1.0,3.0,0.0,5025.0,6438.0,30.0,6675.0,7233.0,34.0,-1650.0,-795.0,-4.0,0.0,2.0,2.0,1.0,4.0,1.0
ESPORTSTMNT04_2694234,complete,,EM,2023,Summer,0,2023-08-15 19:31:19,1,13.14,6,Red,top,StarScreen,oe:player:1bc0756ba9102abb5a7cd13d2b618aa,FUT Esports,oe:team:8df5e2c8825f60f136b2cbed5633a81,Renekton,LeBlanc,Tristana,Kai'Sa,Alistar,Rakan,,,,,,1854,1,3,0,8,18,6,0.0,0.0,0.0,0.0,1.0,1.0,0.0,0.0,0.5825,0.7767,,,,,,,,,,,,,,,,,,,,,0.0,0.0,,,,,,,,1.0,0.0,17277.0,559.1262,0.210022,1176.5049,1081.3269,8.0,0.2589,7.0,0.2265,3.0,34.0,1.1003,13692,9634,311.7799,0.233477,13175.0,,,261.0,220.0,41.0,,,8.4466,4110.0,4874.0,87.0,2874.0,4265.0,72.0,1236.0,609.0,15.0,1.0,0.0,0.0,0.0,0.0,1.0,6904.0,7855.0,142.0,4606.0,6668.0,119.0,2298.0,1187.0,23.0,2.0,1.0,0.0,0.0,0.0,1.0,9408.0,10924.0,203.0,6211.0,9083.0,161.0,3197.0,1841.0,42.0,2.0,2.0,0.0,0.0,0.0,1.0,11183.0,13569.0,229.0,7846.0,11267.0,193.0,3337.0,2302.0,36.0,2.0,4.0,0.0,0.0,1.0,1.0
ESPORTSTMNT04_2694234,complete,,EM,2023,Summer,0,2023-08-15 19:31:19,1,13.14,7,Red,jng,Mojito,oe:player:d92b0904aa4f08f128aa8c6d2775056,FUT Esports,oe:team:8df5e2c8825f60f136b2cbed5633a81,Sejuani,LeBlanc,Tristana,Kai'Sa,Alistar,Rakan,,,,,,1854,1,0,2,12,18,6,0.0,0.0,0.0,0.0,1.0,0.0,1.0,0.0,0.5825,0.7767,,,,,,,,,,,,,,,,,,,,,2.0,0.0,,,,,,,,0.0,0.0,8876.0,287.2492,0.107898,968.6084,1296.6667,7.0,0.2265,11.0,0.356,7.0,40.0,1.2945,9590,5532,179.0291,0.134069,9075.0,,,147.0,25.0,122.0,,,4.7573,3015.0,2789.0,53.0,3356.0,3624.0,70.0,-341.0,-835.0,-17.0,0.0,2.0,0.0,0.0,0.0,0.0,4262.0,4737.0,79.0,4876.0,5087.0,98.0,-614.0,-350.0,-19.0,0.0,2.0,1.0,0.0,1.0,0.0,6079.0,6823.0,109.0,6138.0,6697.0,124.0,-59.0,126.0,-15.0,0.0,3.0,1.0,0.0,1.0,0.0,7657.0,9692.0,127.0,7599.0,8603.0,144.0,58.0,1089.0,-17.0,0.0,6.0,1.0,0.0,3.0,1.0
ESPORTSTMNT04_2694234,complete,,EM,2023,Summer,0,2023-08-15 19:31:19,1,13.14,8,Red,mid,Tempt,oe:player:2861898294dd867b05fd28dca284e57,FUT Esports,oe:team:8df5e2c8825f60f136b2cbed5633a81,Ahri,LeBlanc,Tristana,Kai'Sa,Alistar,Rakan,,,,,,1854,1,5,2,5,18,6,1.0,0.0,0.0,0.0,0.0,0.0,0.0,0.0,0.5825,0.7767,,,,,,,,,,,,,,,,,,,,,0.0,0.0,,,,,,,,1.0,0.0,18031.0,583.5275,0.219187,617.6052,323.5599,24.0,0.7767,11.0,0.356,8.0,66.0,2.1359,13474,9416,304.7249,0.228194,12400.0,,,276.0,272.0,4.0,,,8.932,3427.0,4556.0,80.0,3053.0,4303.0,74.0,374.0,253.0,6.0,1.0,0.0,0.0,0.0,0.0,1.0,5757.0,7390.0,136.0,5092.0,6566.0,114.0,665.0,824.0,22.0,2.0,0.0,0.0,1.0,0.0,1.0,8121.0,10047.0,191.0,7301.0,10035.0,181.0,820.0,12.0,10.0,2.0,0.0,0.0,1.0,0.0,1.0,10342.0,13225.0,240.0,9115.0,12381.0,217.0,1227.0,844.0,23.0,2.0,1.0,1.0,1.0,1.0,3.0
ESPORTSTMNT04_2694234,complete,,EM,2023,Summer,0,2023-08-15 19:31:19,1,13.14,9,Red,bot,Kaori,oe:player:c63c7e0755b31f1effbdf2e1f831e7d,FUT Esports,oe:team:8df5e2c8825f60f136b2cbed5633a81,Ezreal,LeBlanc,Tristana,Kai'Sa,Alistar,Rakan,,,,,,1854,1,9,1,3,18,6,2.0,1.0,0.0,0.0,0.0,0.0,0.0,0.0,0.5825,0.7767,,,,,,,,,,,,,,,,,,,,,0.0,0.0,,,,,,,,1.0,0.0,34620.0,1120.3883,0.420845,545.8252,220.0,11.0,0.356,8.0,0.2589,1.0,29.0,0.9385,16359,12301,398.0906,0.298109,14738.0,,,302.0,278.0,24.0,,,9.7735,3380.0,2946.0,83.0,3151.0,3568.0,81.0,229.0,-622.0,2.0,0.0,0.0,0.0,0.0,0.0,0.0,6395.0,5493.0,141.0,4588.0,5098.0,116.0,1807.0,395.0,25.0,1.0,2.0,0.0,0.0,1.0,3.0,8944.0,8313.0,199.0,6532.0,7706.0,174.0,2412.0,607.0,25.0,2.0,2.0,0.0,0.0,1.0,3.0,12111.0,11618.0,243.0,9117.0,9483.0,218.0,2994.0,2135.0,25.0,5.0,2.0,0.0,2.0,1.0,3.0
ESPORTSTMNT04_2694234,complete,,EM,2023,Summer,0,2023-08-15 19:31:19,1,13.14,10,Red,sup,Asper,oe:player:29e873916dcb14c9feb6b85d253cb87,FUT Esports,oe:team:8df5e2c8825f60f136b2cbed5633a81,Rell,LeBlanc,Tristana,Kai'Sa,Alistar,Rakan,,,,,,1854,1,1,1,12,18,6,0.0,0.0,0.0,0.0,0.0,0.0,0.0,0.0,0.5825,0.7767,,,,,,,,,,,,,,,,,,,,,0.0,0.0,,,,,,,,0.0,0.0,3459.0,111.9417,0.0420481,411.9094,634.6926,46.0,1.4887,9.0,0.2913,12.0,97.0,3.1392,8438,4380,141.7476,0.106151,8125.0,,,35.0,35.0,0.0,,,1.1327,2139.0,2447.0,14.0,2022.0,2129.0,12.0,117.0,318.0,2.0,0.0,0.0,0.0,0.0,0.0,0.0,3979.0,4219.0,25.0,3135.0,3514.0,23.0,844.0,705.0,2.0,1.0,2.0,0.0,0.0,0.0,1.0,5194.0,5256.0,26.0,4091.0,4595.0,30.0,1103.0,661.0,-4.0,1.0,3.0,0.0,0.0,0.0,2.0,6675.0,7233.0,34.0,5025.0,6438.0,30.0,1650.0,795.0,4.0,1.0,4.0,1.0,0.0,2.0,2.0
ESPORTSTMNT04_2694234,complete,,EM,2023,Summer,0,2023-08-15 19:31:19,1,13.14,100,Blue,team,,,Entropiq,oe:team:06554c70cfe8a6be14b004b3c18abe6,,Rumble,Xayah,Jayce,Yone,Akali,Aatrox,Poppy,Azir,Kog'Maw,Braum,1854,0,6,18,15,6,18,2.0,0.0,0.0,0.0,0.0,,,,0.1942,0.7767,0.0,0.0,4.0,0.0,4.0,0.0,0.0,0.0,0.0,0.0,0.0,,0.0,0.0,1.0,1.0,1.0,,,0.0,0.0,2.0,0.0,2.0,9.0,0.0,0.0,3.0,8.0,0.0,3.0,67293.0,2177.767,,3291.8123,3141.7799,108.0,3.4951,34.0,1.1003,34.0,203.0,6.5696,49542,29253,946.699,,49390.0,-0.15197,-3.9,,802.0,149.0,,,30.7767,14456.0,17889.0,309.0,16071.0,17612.0,317.0,-1615.0,277.0,-8.0,0.0,0.0,2.0,2.0,2.0,0.0,22297.0,26933.0,470.0,27297.0,29694.0,523.0,-5000.0,-2761.0,-53.0,1.0,2.0,6.0,6.0,7.0,1.0,30273.0,38116.0,670.0,37746.0,41363.0,728.0,-7473.0,-3247.0,-58.0,1.0,2.0,7.0,7.0,10.0,1.0,38702.0,48172.0,802.0,47968.0,55337.0,873.0,-9266.0,-7165.0,-71.0,3.0,8.0,10.0,10.0,17.0,3.0
ESPORTSTMNT04_2694234,complete,,EM,2023,Summer,0,2023-08-15 19:31:19,1,13.14,200,Red,team,,,FUT Esports,oe:team:8df5e2c8825f60f136b2cbed5633a81,,LeBlanc,Tristana,Kai'Sa,Alistar,Rakan,Sejuani,Rell,Renekton,Ahri,Ezreal,1854,1,18,6,40,18,6,3.0,1.0,0.0,0.0,1.0,,,,0.5825,0.7767,1.0,4.0,0.0,4.0,0.0,0.0,0.0,2.0,1.0,1.0,0.0,,0.0,0.0,0.0,1.0,1.0,,,1.0,2.0,0.0,1.0,9.0,2.0,1.0,1.0,8.0,3.0,3.0,0.0,82263.0,2662.233,,3720.4531,3556.246,96.0,3.1068,46.0,1.4887,31.0,266.0,8.6084,61553,41264,1335.4045,,57513.0,0.15197,3.9,,830.0,191.0,,,33.0421,16071.0,17612.0,317.0,14456.0,17889.0,309.0,1615.0,-277.0,8.0,2.0,2.0,0.0,0.0,0.0,2.0,27297.0,29694.0,523.0,22297.0,26933.0,470.0,5000.0,2761.0,53.0,6.0,7.0,1.0,1.0,2.0,6.0,37746.0,41363.0,728.0,30273.0,38116.0,670.0,7473.0,3247.0,58.0,7.0,10.0,1.0,1.0,2.0,7.0,47968.0,55337.0,873.0,38702.0,48172.0,802.0,9266.0,7165.0,71.0,10.0,17.0,3.0,3.0,8.0,10.0
ESPORTSTMNT04_2694233,complete,,EM,2023,Summer,0,2023-08-15 19:38:31,1,13.14,1,Blue,top,Kektz,oe:player:f5ea6213c328518f2840a59bf48acec,Diamant Esports,oe:team:830f05a5024d0794bd8d5b598b2432b,Kennen,Ivern,LeBlanc,Sejuani,Malphite,Nautilus,,,,,,1629,1,0,1,8,19,4,0.0,0.0,0.0,0.0,0.0,0.0,0.0,0.0,0.6998,0.8471,,,,,,,,,,,,,,,,,,,,,0.0,0.0,,,,,,,,0.0,0.0,17876.0,658.4162,0.287571,541.3628,380.221,12.0,0.442,8.0,0.2947,2.0,41.0,1.5101,12138,8539,314.512,0.22519,12040.0,,,215.0,211.0,4.0,,,7.919,3726.0,5051.0,87.0,3195.0,5112.0,82.0,531.0,-61.0,5.0,0.0,0.0,0.0,0.0,0.0,0.0,6756.0,7833.0,142.0,4551.0,7357.0,121.0,2205.0,476.0,21.0,0.0,0.0,0.0,0.0,0.0,1.0,9188.0,10823.0,176.0,6260.0,9480.0,157.0,2928.0,1343.0,19.0,0.0,4.0,1.0,0.0,0.0,2.0,11194.0,13347.0,213.0,7433.0,11465.0,186.0,3761.0,1882.0,27.0,0.0,8.0,1.0,0.0,0.0,3.0
ESPORTSTMNT04_2694233,complete,,EM,2023,Summer,0,2023-08-15 19:38:31,1,13.14,2,Blue,jng,Mafro,oe:player:cd521f662fbbec89f03a900e7d9bb63,Diamant Esports,oe:team:830f05a5024d0794bd8d5b598b2432b,Rell,Ivern,LeBlanc,Sejuani,Malphite,Nautilus,,,,,,1629,1,3,1,13,19,4,0.0,0.0,0.0,0.0,1.0,0.0,1.0,0.0,0.6998,0.8471,,,,,,,,,,,,,,,,,,,,,0.0,0.0,,,,,,,,0.0,0.0,4968.0,182.9834,0.0799202,815.7643,1370.9392,6.0,0.221,10.0,0.3683,5.0,32.0,1.1786,9836,6237,229.7238,0.164483,8375.0,,,142.0,14.0,128.0,,,5.2302,3206.0,3674.0,75.0,3051.0,3553.0,64.0,155.0,121.0,11.0,0.0,0.0,0.0,0.0,0.0,0.0,4881.0,5466.0,106.0,4807.0,5853.0,108.0,74.0,-387.0,-2.0,0.0,2.0,0.0,0.0,0.0,0.0,7175.0,7920.0,128.0,6629.0,8072.0,143.0,546.0,-152.0,-15.0,2.0,5.0,1.0,0.0,2.0,0.0,8773.0,9707.0,142.0,8223.0,10149.0,182.0,550.0,-442.0,-40.0,3.0,10.0,1.0,0.0,2.0,1.0
ESPORTSTMNT04_2694233,complete,,EM,2023,Summer,0,2023-08-15 19:38:31,1,13.14,3,Blue,mid,Diva,oe:player:72de20c106a52f0aaf21bd650af81bd,Diamant Esports,oe:team:830f05a5024d0794bd8d5b598b2432b,Tristana,Ivern,LeBlanc,Sejuani,Malphite,Nautilus,,,,,,1629,1,8,1,6,19,4,1.0,0.0,0.0,0.0,1.0,0.0,1.0,0.0,0.6998,0.8471,,,,,,,,,,,,,,,,,,,,,0.0,0.0,,,,,,,,1.0,0.0,19561.0,720.4788,0.314678,610.7919,398.8582,9.0,0.3315,9.0,0.3315,2.0,31.0,1.1418,13943,10344,380.9945,0.27279,11300.0,,,255.0,243.0,12.0,,,9.3923,3188.0,4423.0,85.0,3304.0,4414.0,90.0,-116.0,9.0,-5.0,0.0,0.0,0.0,0.0,0.0,0.0,5344.0,7546.0,139.0,4908.0,6618.0,136.0,436.0,928.0,3.0,0.0,2.0,0.0,0.0,0.0,1.0,8048.0,10515.0,179.0,6578.0,8802.0,177.0,1470.0,1713.0,2.0,1.0,5.0,0.0,0.0,1.0,4.0,11831.0,13678.0,227.0,7841.0,10288.0,207.0,3990.0,3390.0,20.0,6.0,5.0,1.0,0.0,1.0,6.0
ESPORTSTMNT04_2694233,complete,,EM,2023,Summer,0,2023-08-15 19:38:31,1,13.14,4,Blue,bot,Shy Carry,oe:player:af020342617bd4e5c5da5a4c31ff591,Diamant Esports,oe:team:830f05a5024d0794bd8d5b598b2432b,Zeri,Ivern,LeBlanc,Sejuani,Malphite,Nautilus,,,,,,1629,1,8,0,5,19,4,1.0,0.0,0.0,0.0,1.0,1.0,0.0,0.0,0.6998,0.8471,,,,,,,,,,,,,,,,,,,,,1.0,0.0,,,,,,,,1.0,0.0,16714.0,615.6169,0.268878,450.0921,231.0866,12.0,0.442,8.0,0.2947,3.0,32.0,1.1786,13302,9703,357.3849,0.255886,10875.0,,,269.0,230.0,39.0,,,9.9079,3440.0,3520.0,95.0,3339.0,3463.0,93.0,101.0,57.0,2.0,0.0,0.0,0.0,0.0,0.0,0.0,5900.0,5720.0,135.0,5463.0,6097.0,149.0,437.0,-377.0,-14.0,2.0,0.0,0.0,0.0,0.0,0.0,8868.0,8435.0,193.0,8333.0,8586.0,196.0,535.0,-151.0,-3.0,5.0,0.0,0.0,2.0,0.0,1.0,11504.0,11816.0,252.0,10934.0,10649.0,236.0,570.0,1167.0,16.0,6.0,4.0,0.0,3.0,0.0,3.0
ESPORTSTMNT04_2694233,complete,,EM,2023,Summer,0,2023-08-15 19:38:31,1,13.14,5,Blue,sup,Wojtus,oe:player:a93e0326b85f0312cf1b451e175a7a0,Diamant Esports,oe:team:830f05a5024d0794bd8d5b598b2432b,Rakan,Ivern,LeBlanc,Sejuani,Malphite,Nautilus,,,,,,1629,1,0,1,11,19,4,0.0,0.0,0.0,0.0,1.0,0.0,1.0,0.0,0.6998,0.8471,,,,,,,,,,,,,,,,,,,,,0.0,0.0,,,,,,,,0.0,0.0,3043.0,112.081,0.0489527,398.5635,378.011,36.0,1.326,7.0,0.2578,9.0,75.0,2.7624,6695,3096,114.0331,0.0816515,6175.0,,,32.0,32.0,0.0,,,1.1786,2013.0,2433.0,14.0,2025.0,2444.0,14.0,-12.0,-11.0,0.0,0.0,0.0,0.0,0.0,0.0,0.0,3385.0,3578.0,22.0,3002.0,3302.0,20.0,383.0,276.0,2.0,0.0,2.0,0.0,0.0,0.0,0.0,4584.0,5099.0,29.0,4181.0,4973.0,25.0,403.0,126.0,4.0,0.0,5.0,0.0,0.0,2.0,1.0,5843.0,6789.0,32.0,5118.0,6007.0,27.0,725.0,782.0,5.0,0.0,10.0,0.0,0.0,3.0,2.0
ESPORTSTMNT04_2694233,complete,,EM,2023,Summer,0,2023-08-15 19:38:31,1,13.14,6,Red,top,Juzu,oe:player:a61da83af5e3738845fa6dd56e1d41a,Anubis Gaming,oe:team:f2094ae60f9b1f3b6a17ad88ad75fc1,K'Sante,Xayah,Azir,Maokai,Ashe,Sivir,,,,,,1629,0,0,4,0,4,19,0.0,0.0,0.0,0.0,0.0,0.0,0.0,1.0,0.1473,0.8471,,,,,,,,,,,,,,,,,,,,,0.0,0.0,,,,,,,,0.0,0.0,6247.0,230.0921,0.121346,700.1473,780.0,8.0,0.2947,1.0,0.0368,3.0,15.0,0.5525,7905,4306,158.6004,0.175807,7925.0,,,194.0,191.0,3.0,,,7.1455,3195.0,5112.0,82.0,3726.0,5051.0,87.0,-531.0,61.0,-5.0,0.0,0.0,0.0,0.0,0.0,0.0,4551.0,7357.0,121.0,6756.0,7833.0,142.0,-2205.0,-476.0,-21.0,0.0,0.0,1.0,0.0,0.0,0.0,6260.0,9480.0,157.0,9188.0,10823.0,176.0,-2928.0,-1343.0,-19.0,0.0,0.0,2.0,0.0,4.0,1.0,7433.0,11465.0,186.0,11194.0,13347.0,213.0,-3761.0,-1882.0,-27.0,0.0,0.0,3.0,0.0,8.0,1.0
ESPORTSTMNT04_2694233,complete,,EM,2023,Summer,0,2023-08-15 19:38:31,1,13.14,7,Red,jng,Elramir,oe:player:de442faff7b7cdc0fba7d6d5caff5e1,Anubis Gaming,oe:team:f2094ae60f9b1f3b6a17ad88ad75fc1,Gragas,Xayah,Azir,Maokai,Ashe,Sivir,,,,,,1629,0,0,2,3,4,19,0.0,0.0,0.0,0.0,0.0,0.0,0.0,0.0,0.1473,0.8471,,,,,,,,,,,,,,,,,,,,,0.0,0.0,,,,,,,,0.0,0.0,13892.0,511.6759,0.269847,871.418,630.0552,25.0,0.9208,12.0,0.442,9.0,63.0,2.3204,8701,5102,187.919,0.208304,8225.0,,,182.0,27.0,155.0,,,6.7035,3051.0,3553.0,64.0,3206.0,3674.0,75.0,-155.0,-121.0,-11.0,0.0,0.0,0.0,0.0,0.0,0.0,4807.0,5853.0,108.0,4881.0,5466.0,106.0,-74.0,387.0,2.0,0.0,0.0,0.0,0.0,2.0,0.0,6629.0,8072.0,143.0,7175.0,7920.0,128.0,-546.0,152.0,15.0,0.0,2.0,0.0,2.0,5.0,1.0,8223.0,10149.0,182.0,8773.0,9707.0,142.0,-550.0,442.0,40.0,0.0,2.0,1.0,3.0,10.0,1.0
ESPORTSTMNT04_2694233,complete,,EM,2023,Summer,0,2023-08-15 19:38:31,1,13.14,8,Red,mid,Cipher,oe:player:c8ef68c0fce4f4bfe0219809473d365,Anubis Gaming,oe:team:f2094ae60f9b1f3b6a17ad88ad75fc1,Jayce,Xayah,Azir,Maokai,Ashe,Sivir,,,,,,1629,0,0,7,1,4,19,0.0,0.0,0.0,0.0,0.0,0.0,0.0,0.0,0.1473,0.8471,,,,,,,,,,,,,,,,,,,,,0.0,0.0,,,,,,,,0.0,1.0,14423.0,531.2339,0.280162,723.7569,552.1179,11.0,0.4052,3.0,0.1105,2.0,19.0,0.6998,8431,4832,177.9742,0.197281,8600.0,,,218.0,218.0,0.0,,,8.0295,3304.0,4414.0,90.0,3188.0,4423.0,85.0,116.0,-9.0,5.0,0.0,0.0,0.0,0.0,0.0,0.0,4908.0,6618.0,136.0,5344.0,7546.0,139.0,-436.0,-928.0,-3.0,0.0,0.0,1.0,0.0,2.0,0.0,6578.0,8802.0,177.0,8048.0,10515.0,179.0,-1470.0,-1713.0,-2.0,0.0,1.0,4.0,1.0,5.0,0.0,7841.0,10288.0,207.0,11831.0,13678.0,227.0,-3990.0,-3390.0,-20.0,0.0,1.0,6.0,6.0,5.0,1.0
ESPORTSTMNT04_2694233,complete,,EM,2023,Summer,0,2023-08-15 19:38:31,1,13.14,9,Red,bot,san1,oe:player:f581f857e43aea4c5b241874f8a4394,Anubis Gaming,oe:team:f2094ae60f9b1f3b6a17ad88ad75fc1,Kai'Sa,Xayah,Azir,Maokai,Ashe,Sivir,,,,,,1629,0,3,4,1,4,19,0.0,0.0,0.0,0.0,0.0,0.0,0.0,0.0,0.1473,0.8471,,,,,,,,,,,,,,,,,,,,,0.0,1.0,,,,,,,,0.0,1.0,15079.0,555.3959,0.292904,454.954,312.5599,10.0,0.3683,4.0,0.1473,2.0,21.0,0.7735,11712,8113,298.8214,0.331231,10450.0,,,250.0,246.0,4.0,,,9.2081,3339.0,3463.0,93.0,3440.0,3520.0,95.0,-101.0,-57.0,-2.0,0.0,0.0,0.0,0.0,0.0,0.0,5463.0,6097.0,149.0,5900.0,5720.0,135.0,-437.0,377.0,14.0,0.0,0.0,0.0,2.0,0.0,0.0,8333.0,8586.0,196.0,8868.0,8435.0,193.0,-535.0,151.0,3.0,2.0,0.0,1.0,5.0,0.0,0.0,10934.0,10649.0,236.0,11504.0,11816.0,252.0,-570.0,-1167.0,-16.0,3.0,0.0,3.0,6.0,4.0,0.0
ESPORTSTMNT04_2694233,complete,,EM,2023,Summer,0,2023-08-15 19:38:31,1,13.14,10,Red,sup,Mishal,oe:player:72afadf3f4701a666860c0c442b08f5,Anubis Gaming,oe:team:f2094ae60f9b1f3b6a17ad88ad75fc1,Alistar,Xayah,Azir,Maokai,Ashe,Sivir,,,,,,1629,0,1,2,3,4,19,0.0,0.0,0.0,0.0,0.0,0.0,0.0,0.0,0.1473,0.8471,,,,,,,,,,,,,,,,,,,,,0.0,0.0,,,,,,,,0.0,0.0,1840.0,67.7716,0.0357413,383.2413,468.2873,40.0,1.4733,6.0,0.221,12.0,76.0,2.7993,5739,2140,78.8214,0.0873774,5400.0,,,28.0,28.0,0.0,,,1.0313,2025.0,2444.0,14.0,2013.0,2433.0,14.0,12.0,11.0,0.0,0.0,0.0,0.0,0.0,0.0,0.0,3002.0,3302.0,20.0,3385.0,3578.0,22.0,-383.0,-276.0,-2.0,0.0,0.0,0.0,0.0,2.0,0.0,4181.0,4973.0,25.0,4584.0,5099.0,29.0,-403.0,-126.0,-4.0,0.0,2.0,1.0,0.0,5.0,0.0,5118.0,6007.0,27.0,5843.0,6789.0,32.0,-725.0,-782.0,-5.0,0.0,3.0,2.0,0.0,10.0,0.0
ESPORTSTMNT04_2694233,complete,,EM,2023,Summer,0,2023-08-15 19:38:31,1,13.14,100,Blue,team,,,Diamant Esports,oe:team:830f05a5024d0794bd8d5b598b2432b,,Ivern,LeBlanc,Sejuani,Malphite,Nautilus,Rell,Tristana,Kennen,Zeri,Rakan,1629,1,19,4,43,19,4,2.0,0.0,0.0,0.0,1.0,,,,0.6998,0.8471,1.0,3.0,1.0,3.0,1.0,1.0,0.0,0.0,1.0,0.0,1.0,,0.0,0.0,1.0,2.0,0.0,,,1.0,1.0,0.0,1.0,10.0,1.0,1.0,1.0,6.0,3.0,2.0,0.0,62162.0,2289.5764,,2816.5746,2759.116,75.0,2.7624,42.0,1.547,21.0,211.0,7.7716,55914,37920,1396.6851,,48765.0,0.182734,3.22,,730.0,183.0,,,33.628,15573.0,19101.0,356.0,14914.0,18986.0,343.0,659.0,115.0,13.0,0.0,0.0,0.0,0.0,0.0,0.0,26266.0,30143.0,544.0,22731.0,29227.0,534.0,3535.0,916.0,10.0,2.0,6.0,0.0,0.0,0.0,2.0,37863.0,42792.0,705.0,31981.0,39913.0,698.0,5882.0,2879.0,7.0,8.0,19.0,2.0,2.0,5.0,8.0,49145.0,55337.0,866.0,39549.0,48558.0,838.0,9596.0,6779.0,28.0,15.0,37.0,3.0,3.0,6.0,15.0
ESPORTSTMNT04_2694233,complete,,EM,2023,Summer,0,2023-08-15 19:38:31,1,13.14,200,Red,team,,,Anubis Gaming,oe:team:f2094ae60f9b1f3b6a17ad88ad75fc1,,Xayah,Azir,Maokai,Ashe,Sivir,Jayce,Kai'Sa,Gragas,K'Sante,Alistar,1629,0,4,19,8,4,19,0.0,0.0,0.0,0.0,0.0,,,,0.1473,0.8471,0.0,1.0,3.0,1.0,3.0,0.0,0.0,0.0,1.0,0.0,0.0,,0.0,0.0,0.0,0.0,2.0,,,0.0,0.0,1.0,0.0,1.0,10.0,0.0,0.0,3.0,6.0,0.0,2.0,51481.0,1896.1694,,3133.5175,2743.0203,94.0,3.4622,26.0,0.9576,28.0,194.0,7.1455,42488,24494,902.1731,,40600.0,-0.182734,-3.22,,710.0,162.0,,,32.1179,14914.0,18986.0,343.0,15573.0,19101.0,356.0,-659.0,-115.0,-13.0,0.0,0.0,0.0,0.0,0.0,0.0,22731.0,29227.0,534.0,26266.0,30143.0,544.0,-3535.0,-916.0,-10.0,0.0,0.0,2.0,2.0,6.0,0.0,31981.0,39913.0,698.0,37863.0,42792.0,705.0,-5882.0,-2879.0,-7.0,2.0,5.0,8.0,8.0,19.0,2.0,39549.0,48558.0,838.0,49145.0,55337.0,866.0,-9596.0,-6779.0,-28.0,3.0,6.0,15.0,15.0,37.0,3.0
ESPORTSTMNT04_2693254,complete,,EM,2023,Summer,0,2023-08-15 19:43:44,1,13.14,1,Blue,top,Eyliph,oe:player:4b20700639bada36a5a58cc4a8e7135,Anorthosis Famagusta Esports,oe:team:5f1bc4a914b49c7b7ff4c2f1b8d8df9,Rumble,Braum,Tristana,Rakan,Lillia,Yasuo,,,,,,1627,1,1,1,7,13,3,0.0,0.0,0.0,0.0,0.0,0.0,0.0,0.0,0.4794,0.59,,,,,,,,,,,,,,,,,,,,,0.0,0.0,,,,,,,,0.0,0.0,17861.0,658.6724,0.265484,498.9551,471.0756,14.0,0.5163,3.0,0.1106,6.0,35.0,1.2907,10454,6859,252.9441,0.178351,9900.0,,,246.0,226.0,20.0,,,9.0719,3349.0,4993.0,87.0,3705.0,4959.0,79.0,-356.0,34.0,8.0,0.0,1.0,0.0,1.0,0.0,0.0,5288.0,8023.0,143.0,5447.0,7898.0,132.0,-159.0,125.0,11.0,0.0,1.0,0.0,1.0,0.0,0.0,7199.0,10320.0,189.0,7204.0,10073.0,163.0,-5.0,247.0,26.0,0.0,1.0,1.0,1.0,1.0,1.0,9388.0,13937.0,233.0,8102.0,11072.0,175.0,1286.0,2865.0,58.0,0.0,3.0,1.0,1.0,1.0,3.0
ESPORTSTMNT04_2693254,complete,,EM,2023,Summer,0,2023-08-15 19:43:44,1,13.14,2,Blue,jng,SPOOKY,oe:player:11389d6d8a29729807c3cf528a98050,Anorthosis Famagusta Esports,oe:team:5f1bc4a914b49c7b7ff4c2f1b8d8df9,Lee Sin,Braum,Tristana,Rakan,Lillia,Yasuo,,,,,,1627,1,1,1,10,13,3,0.0,0.0,0.0,0.0,0.0,0.0,0.0,1.0,0.4794,0.59,,,,,,,,,,,,,,,,,,,,,1.0,0.0,,,,,,,,0.0,0.0,8130.0,299.8156,0.120844,968.0025,1254.2102,16.0,0.59,5.0,0.1844,8.0,35.0,1.2907,10481,6886,253.9398,0.179053,9750.0,,,188.0,12.0,176.0,,,6.933,3160.0,3543.0,62.0,3047.0,3486.0,63.0,113.0,57.0,-1.0,0.0,1.0,1.0,0.0,1.0,1.0,4837.0,5776.0,102.0,4528.0,5597.0,97.0,309.0,179.0,5.0,0.0,1.0,1.0,0.0,1.0,1.0,7901.0,9552.0,156.0,6017.0,7739.0,126.0,1884.0,1813.0,30.0,1.0,3.0,1.0,0.0,1.0,2.0,9779.0,12637.0,184.0,6991.0,9569.0,141.0,2788.0,3068.0,43.0,1.0,5.0,1.0,0.0,1.0,3.0
ESPORTSTMNT04_2693254,complete,,EM,2023,Summer,0,2023-08-15 19:43:44,1,13.14,3,Blue,mid,HAWHAW,oe:player:ae06413dcf80aa496ab8448d8ea586f,Anorthosis Famagusta Esports,oe:team:5f1bc4a914b49c7b7ff4c2f1b8d8df9,LeBlanc,Braum,Tristana,Rakan,Lillia,Yasuo,,,,,,1627,1,5,0,6,13,3,0.0,0.0,0.0,0.0,0.0,0.0,0.0,0.0,0.4794,0.59,,,,,,,,,,,,,,,,,,,,,0.0,0.0,,,,,,,,1.0,0.0,17791.0,656.091,0.264444,634.8863,401.008,4.0,0.1475,9.0,0.3319,3.0,27.0,0.9957,13978,10383,382.901,0.26998,12758.0,,,269.0,265.0,4.0,,,9.9201,4132.0,4955.0,100.0,3444.0,4874.0,94.0,688.0,81.0,6.0,1.0,0.0,0.0,0.0,1.0,0.0,7096.0,8120.0,166.0,5344.0,7939.0,157.0,1752.0,181.0,9.0,1.0,0.0,0.0,0.0,1.0,0.0,10334.0,11697.0,225.0,8343.0,11840.0,223.0,1991.0,-143.0,2.0,2.0,1.0,0.0,1.0,1.0,0.0,12460.0,14736.0,253.0,9958.0,14020.0,264.0,2502.0,716.0,-11.0,3.0,3.0,0.0,1.0,1.0,0.0
ESPORTSTMNT04_2693254,complete,,EM,2023,Summer,0,2023-08-15 19:43:44,1,13.14,4,Blue,bot,GOLDENTO4ST,oe:player:5c58c2e986e8aec0ee6f2465823349a,Anorthosis Famagusta Esports,oe:team:5f1bc4a914b49c7b7ff4c2f1b8d8df9,Xayah,Braum,Tristana,Rakan,Lillia,Yasuo,,,,,,1627,1,6,0,4,13,3,2.0,0.0,0.0,0.0,0.0,0.0,0.0,0.0,0.4794,0.59,,,,,,,,,,,,,,,,,,,,,0.0,0.0,,,,,,,,1.0,0.0,19993.0,737.2956,0.297174,356.4229,245.6054,14.0,0.5163,10.0,0.3688,5.0,37.0,1.3645,13853,10258,378.2913,0.26673,12725.0,,,292.0,272.0,20.0,,,10.7683,3943.0,3583.0,96.0,3359.0,3441.0,88.0,584.0,142.0,8.0,1.0,0.0,0.0,0.0,0.0,0.0,6641.0,6025.0,156.0,5635.0,5967.0,146.0,1006.0,58.0,10.0,1.0,0.0,0.0,0.0,0.0,0.0,9370.0,8861.0,210.0,7429.0,7994.0,189.0,1941.0,867.0,21.0,2.0,0.0,0.0,0.0,0.0,1.0,12425.0,12080.0,269.0,9393.0,10456.0,244.0,3032.0,1624.0,25.0,4.0,1.0,0.0,0.0,0.0,1.0
ESPORTSTMNT04_2693254,complete,,EM,2023,Summer,0,2023-08-15 19:43:44,1,13.14,5,Blue,sup,iLEVI,oe:player:b226880189cb11f7da7a0c86544b556,Anorthosis Famagusta Esports,oe:team:5f1bc4a914b49c7b7ff4c2f1b8d8df9,Taric,Braum,Tristana,Rakan,Lillia,Yasuo,,,,,,1627,1,0,1,12,13,3,0.0,0.0,0.0,0.0,0.0,0.0,0.0,0.0,0.4794,0.59,,,,,,,,,,,,,,,,,,,,,0.0,0.0,,,,,,,,1.0,0.0,3502.0,129.1457,0.0520535,462.2987,553.1285,27.0,0.9957,10.0,0.3688,7.0,72.0,2.6552,7667,4072,150.1659,0.105886,7025.0,,,38.0,38.0,0.0,,,1.4014,2256.0,2479.0,12.0,2059.0,2295.0,14.0,197.0,184.0,-2.0,0.0,1.0,0.0,0.0,1.0,1.0,3635.0,4182.0,25.0,2927.0,3306.0,16.0,708.0,876.0,9.0,0.0,1.0,0.0,0.0,1.0,1.0,5439.0,5783.0,31.0,4059.0,4618.0,19.0,1380.0,1165.0,12.0,0.0,4.0,0.0,0.0,2.0,1.0,7012.0,8253.0,37.0,4761.0,6107.0,19.0,2251.0,2146.0,18.0,0.0,7.0,0.0,0.0,2.0,1.0
ESPORTSTMNT04_2693254,complete,,EM,2023,Summer,0,2023-08-15 19:43:44,1,13.14,6,Red,top,Lunddorf,oe:player:6cb2f925e1216835980ce1a01bb62f6,Partizan Esports,oe:team:e42ade212c09777da0f54bffe481f6d,Ornn,Ivern,Rell,Maokai,Poppy,Trundle,,,,,,1627,0,1,4,1,3,13,0.0,0.0,0.0,0.0,1.0,1.0,0.0,0.0,0.1106,0.59,,,,,,,,,,,,,,,,,,,,,0.0,0.0,,,,,,,,0.0,0.0,7991.0,294.6896,0.15982,911.8009,1080.0738,10.0,0.3688,2.0,0.0738,2.0,16.0,0.59,8584,4989,183.9828,0.196867,7950.0,,,179.0,179.0,0.0,,,6.6011,3705.0,4959.0,79.0,3349.0,4993.0,87.0,356.0,-34.0,-8.0,1.0,0.0,0.0,0.0,1.0,0.0,5447.0,7898.0,132.0,5288.0,8023.0,143.0,159.0,-125.0,-11.0,1.0,0.0,0.0,0.0,1.0,0.0,7204.0,10073.0,163.0,7199.0,10320.0,189.0,5.0,-247.0,-26.0,1.0,1.0,1.0,0.0,1.0,1.0,8102.0,11072.0,175.0,9388.0,13937.0,233.0,-1286.0,-2865.0,-58.0,1.0,1.0,3.0,0.0,3.0,1.0
ESPORTSTMNT04_2693254,complete,,EM,2023,Summer,0,2023-08-15 19:43:44,1,13.14,7,Red,jng,Sn1lle,oe:player:947d42fad1e2f3afeb911e5ae3888ce,Partizan Esports,oe:team:e42ade212c09777da0f54bffe481f6d,Kha'Zix,Ivern,Rell,Maokai,Poppy,Trundle,,,,,,1627,0,0,3,2,3,13,0.0,0.0,0.0,0.0,1.0,0.0,1.0,0.0,0.1106,0.59,,,,,,,,,,,,,,,,,,,,,0.0,1.0,,,,,,,,0.0,0.0,6021.0,222.0406,0.12042,876.6195,770.6331,5.0,0.1844,8.0,0.295,4.0,30.0,1.1063,7417,3822,140.9465,0.15082,6950.0,,,146.0,18.0,128.0,,,5.3841,3047.0,3486.0,63.0,3160.0,3543.0,62.0,-113.0,-57.0,1.0,0.0,1.0,1.0,0.0,1.0,1.0,4528.0,5597.0,97.0,4837.0,5776.0,102.0,-309.0,-179.0,-5.0,0.0,1.0,1.0,0.0,1.0,1.0,6017.0,7739.0,126.0,7901.0,9552.0,156.0,-1884.0,-1813.0,-30.0,0.0,1.0,2.0,1.0,3.0,1.0,6991.0,9569.0,141.0,9779.0,12637.0,184.0,-2788.0,-3068.0,-43.0,0.0,1.0,3.0,1.0,5.0,1.0
ESPORTSTMNT04_2693254,complete,,EM,2023,Summer,0,2023-08-15 19:43:44,1,13.14,8,Red,mid,Rylle,oe:player:aa11f28607376fa521dd2625569a656,Partizan Esports,oe:team:e42ade212c09777da0f54bffe481f6d,Kai'Sa,Ivern,Rell,Maokai,Poppy,Trundle,,,,,,1627,0,1,1,2,3,13,0.0,0.0,0.0,0.0,1.0,0.0,1.0,0.0,0.1106,0.59,,,,,,,,,,,,,,,,,,,,,0.0,0.0,,,,,,,,0.0,1.0,19393.0,715.169,0.38786,502.2741,315.8574,8.0,0.295,8.0,0.295,3.0,26.0,0.9588,11127,7532,277.7628,0.297208,11325.0,,,291.0,291.0,0.0,,,10.7314,3444.0,4874.0,94.0,4132.0,4955.0,100.0,-688.0,-81.0,-6.0,0.0,1.0,0.0,1.0,0.0,0.0,5344.0,7939.0,157.0,7096.0,8120.0,166.0,-1752.0,-181.0,-9.0,0.0,1.0,0.0,1.0,0.0,0.0,8343.0,11840.0,223.0,10334.0,11697.0,225.0,-1991.0,143.0,-2.0,1.0,1.0,0.0,2.0,1.0,0.0,9958.0,14020.0,264.0,12460.0,14736.0,253.0,-2502.0,-716.0,11.0,1.0,1.0,0.0,3.0,3.0,0.0
ESPORTSTMNT04_2693254,complete,,EM,2023,Summer,0,2023-08-15 19:43:44,1,13.14,9,Red,bot,Yakkey,oe:player:a272c3f80649036f8e168cb2f3df17c,Partizan Esports,oe:team:e42ade212c09777da0f54bffe481f6d,Zeri,Ivern,Rell,Maokai,Poppy,Trundle,,,,,,1627,0,1,2,0,3,13,0.0,0.0,0.0,0.0,0.0,0.0,0.0,0.0,0.1106,0.59,,,,,,,,,,,,,,,,,,,,,0.0,0.0,,,,,,,,0.0,1.0,12955.0,477.7505,0.2591,412.9195,192.5015,12.0,0.4425,2.0,0.0738,4.0,24.0,0.8851,11051,7456,274.96,0.294209,11100.0,,,281.0,277.0,4.0,,,10.3626,3359.0,3441.0,88.0,3943.0,3583.0,96.0,-584.0,-142.0,-8.0,0.0,0.0,0.0,1.0,0.0,0.0,5635.0,5967.0,146.0,6641.0,6025.0,156.0,-1006.0,-58.0,-10.0,0.0,0.0,0.0,1.0,0.0,0.0,7429.0,7994.0,189.0,9370.0,8861.0,210.0,-1941.0,-867.0,-21.0,0.0,0.0,1.0,2.0,0.0,0.0,9393.0,10456.0,244.0,12425.0,12080.0,269.0,-3032.0,-1624.0,-25.0,0.0,0.0,1.0,4.0,1.0,0.0
ESPORTSTMNT04_2693254,complete,,EM,2023,Summer,0,2023-08-15 19:43:44,1,13.14,10,Red,sup,Cl0x,oe:player:85b3b3e91202ccada9f1f5a24dc1bfb,Partizan Esports,oe:team:e42ade212c09777da0f54bffe481f6d,Alistar,Ivern,Rell,Maokai,Poppy,Trundle,,,,,,1627,0,0,3,3,3,13,0.0,0.0,0.0,0.0,1.0,0.0,1.0,0.0,0.1106,0.59,,,,,,,,,,,,,,,,,,,,,0.0,0.0,,,,,,,,0.0,1.0,3640.0,134.2348,0.0728,610.1045,790.6208,36.0,1.3276,3.0,0.1106,10.0,58.0,2.1389,5138,1543,56.9023,0.0608958,4800.0,,,21.0,21.0,0.0,,,0.7744,2059.0,2295.0,14.0,2256.0,2479.0,12.0,-197.0,-184.0,2.0,0.0,1.0,1.0,0.0,1.0,0.0,2927.0,3306.0,16.0,3635.0,4182.0,25.0,-708.0,-876.0,-9.0,0.0,1.0,1.0,0.0,1.0,0.0,4059.0,4618.0,19.0,5439.0,5783.0,31.0,-1380.0,-1165.0,-12.0,0.0,2.0,1.0,0.0,4.0,0.0,4761.0,6107.0,19.0,7012.0,8253.0,37.0,-2251.0,-2146.0,-18.0,0.0,2.0,1.0,0.0,7.0,0.0
ESPORTSTMNT04_2693254,complete,,EM,2023,Summer,0,2023-08-15 19:43:44,1,13.14,100,Blue,team,,,Anorthosis Famagusta Esports,oe:team:5f1bc4a914b49c7b7ff4c2f1b8d8df9,,Braum,Tristana,Rakan,Lillia,Yasuo,Rumble,Xayah,Taric,Lee Sin,LeBlanc,1627,1,13,3,39,13,3,2.0,0.0,0.0,0.0,0.0,,,,0.4794,0.59,1.0,4.0,0.0,4.0,0.0,1.0,0.0,2.0,0.0,1.0,0.0,,0.0,0.0,1.0,2.0,0.0,,,1.0,1.0,0.0,1.0,11.0,2.0,1.0,1.0,8.0,1.0,3.0,0.0,67277.0,2481.0203,,2920.5655,2925.0277,75.0,2.7658,37.0,1.3645,29.0,206.0,7.5968,56433,38460,1418.3159,,52158.0,0.212827,3.48,,813.0,220.0,,,38.0947,16840.0,19553.0,357.0,15614.0,19055.0,338.0,1226.0,498.0,19.0,2.0,3.0,1.0,1.0,3.0,2.0,27497.0,32126.0,592.0,23881.0,30707.0,548.0,3616.0,1419.0,44.0,2.0,3.0,1.0,1.0,3.0,2.0,40243.0,46213.0,811.0,33052.0,42264.0,720.0,7191.0,3949.0,91.0,5.0,9.0,2.0,2.0,5.0,5.0,51064.0,61643.0,976.0,39205.0,51224.0,843.0,11859.0,10419.0,133.0,8.0,19.0,2.0,2.0,5.0,8.0
ESPORTSTMNT04_2693254,complete,,EM,2023,Summer,0,2023-08-15 19:43:44,1,13.14,200,Red,team,,,Partizan Esports,oe:team:e42ade212c09777da0f54bffe481f6d,,Ivern,Rell,Maokai,Poppy,Trundle,Ornn,Alistar,Zeri,Kha'Zix,Kai'Sa,1627,0,3,13,8,3,13,0.0,0.0,0.0,0.0,1.0,,,,0.1106,0.59,0.0,0.0,4.0,0.0,4.0,0.0,0.0,0.0,0.0,0.0,0.0,,0.0,0.0,0.0,0.0,2.0,,,0.0,0.0,1.0,0.0,2.0,11.0,0.0,0.0,1.0,8.0,0.0,3.0,50000.0,1843.8844,,3313.7185,3149.6865,71.0,2.6183,23.0,0.8482,23.0,154.0,5.6792,43317,25344,934.6281,,42125.0,-0.212827,-3.48,,786.0,132.0,,,33.8537,15614.0,19055.0,338.0,16840.0,19553.0,357.0,-1226.0,-498.0,-19.0,1.0,3.0,2.0,2.0,3.0,1.0,23881.0,30707.0,548.0,27497.0,32126.0,592.0,-3616.0,-1419.0,-44.0,1.0,3.0,2.0,2.0,3.0,1.0,33052.0,42264.0,720.0,40243.0,46213.0,811.0,-7191.0,-3949.0,-91.0,2.0,5.0,5.0,5.0,9.0,2.0,39205.0,51224.0,843.0,51064.0,61643.0,976.0,-11859.0,-10419.0,-133.0,2.0,5.0,8.0,8.0,19.0,2.0
ESPORTSTMNT04_2693255,complete,,EM,2023,Summer,0,2023-08-15 19:46:03,1,13.14,1,Blue,top,Robba,oe:player:0a08034cdc4feac55c0bdfbc0f300db,KRC Genk Esports,oe:team:01a959b2a20ca77057e580ec051aa3e,Warwick,Kindred,Azir,Maokai,Xayah,Nautilus,,,,,,1447,0,1,4,1,13,14,0.0,0.0,0.0,0.0,0.0,0.0,0.0,0.0,0.539,1.1196,,,,,,,,,,,,,,,,,,,,,0.0,0.0,,,,,,,,0.0,0.0,12147.0,503.6766,0.227502,1073.7388,766.5653,5.0,0.2073,1.0,0.0415,0.0,9.0,0.3732,7714,4487,186.0539,0.158778,7400.0,,,173.0,170.0,3.0,,,7.1735,3154.0,3838.0,70.0,3174.0,4588.0,73.0,-20.0,-750.0,-3.0,1.0,0.0,0.0,0.0,0.0,0.0,4516.0,5899.0,107.0,5660.0,7195.0,121.0,-1144.0,-1296.0,-14.0,1.0,0.0,1.0,0.0,0.0,0.0,6169.0,8178.0,145.0,7335.0,9752.0,166.0,-1166.0,-1574.0,-21.0,1.0,1.0,2.0,0.0,1.0,0.0,7714.0,10223.0,173.0,8848.0,11649.0,177.0,-1134.0,-1426.0,-4.0,1.0,1.0,4.0,0.0,5.0,1.0
ESPORTSTMNT04_2693255,complete,,EM,2023,Summer,0,2023-08-15 19:46:03,1,13.14,2,Blue,jng,Guertas,oe:player:66dfc0444c571e87d4442178fee3ab4,KRC Genk Esports,oe:team:01a959b2a20ca77057e580ec051aa3e,Nocturne,Kindred,Azir,Maokai,Xayah,Nautilus,,,,,,1447,0,3,2,5,13,14,0.0,0.0,0.0,0.0,1.0,0.0,1.0,0.0,0.539,1.1196,,,,,,,,,,,,,,,,,,,,,0.0,0.0,,,,,,,,0.0,0.0,8234.0,341.4236,0.154215,975.0104,637.3186,5.0,0.2073,5.0,0.2073,5.0,24.0,0.9952,8519,5292,219.4333,0.187267,8375.0,,,137.0,17.0,120.0,,,5.6807,2919.0,2871.0,48.0,2783.0,2705.0,55.0,136.0,166.0,-7.0,0.0,2.0,0.0,0.0,0.0,1.0,4965.0,4894.0,80.0,4708.0,5031.0,86.0,257.0,-137.0,-6.0,2.0,2.0,0.0,0.0,0.0,2.0,7435.0,8081.0,125.0,6184.0,7179.0,111.0,1251.0,902.0,14.0,3.0,3.0,0.0,0.0,2.0,3.0,8519.0,9123.0,137.0,9090.0,10203.0,124.0,-571.0,-1080.0,13.0,3.0,5.0,2.0,1.0,10.0,3.0
ESPORTSTMNT04_2693255,complete,,EM,2023,Summer,0,2023-08-15 19:46:03,1,13.14,3,Blue,mid,Mikkel,oe:player:b2c05a26758d82a8643a27eec405dcb,KRC Genk Esports,oe:team:01a959b2a20ca77057e580ec051aa3e,Zed,Kindred,Azir,Maokai,Xayah,Nautilus,,,,,,1447,0,3,3,0,13,14,0.0,0.0,0.0,0.0,0.0,0.0,0.0,0.0,0.539,1.1196,,,,,,,,,,,,,,,,,,,,,0.0,0.0,,,,,,,,0.0,0.0,11573.0,479.8756,0.216751,670.1175,392.8404,2.0,0.0829,3.0,0.1244,1.0,14.0,0.5805,10024,6797,281.8383,0.240529,9475.0,,,231.0,217.0,14.0,,,9.5784,3881.0,4798.0,85.0,3645.0,4575.0,84.0,236.0,223.0,1.0,2.0,0.0,1.0,0.0,1.0,2.0,5904.0,7467.0,143.0,5854.0,7473.0,140.0,50.0,-6.0,3.0,2.0,0.0,1.0,0.0,2.0,2.0,7885.0,10430.0,200.0,7534.0,9934.0,185.0,351.0,496.0,15.0,2.0,0.0,2.0,0.0,2.0,2.0,10024.0,12430.0,231.0,9987.0,12666.0,208.0,37.0,-236.0,23.0,3.0,0.0,3.0,1.0,9.0,3.0
ESPORTSTMNT04_2693255,complete,,EM,2023,Summer,0,2023-08-15 19:46:03,1,13.14,4,Blue,bot,Orion,oe:player:915901c2ffafe3ee9245c3ef30ec5b4,KRC Genk Esports,oe:team:01a959b2a20ca77057e580ec051aa3e,Varus,Kindred,Azir,Maokai,Xayah,Nautilus,,,,,,1447,0,6,4,4,13,14,1.0,0.0,0.0,0.0,1.0,1.0,0.0,0.0,0.539,1.1196,,,,,,,,,,,,,,,,,,,,,0.0,1.0,,,,,,,,0.0,0.0,16340.0,677.5397,0.306033,574.0014,314.886,10.0,0.4147,8.0,0.3317,4.0,26.0,1.0781,11812,8585,355.9779,0.303806,11880.0,,,204.0,195.0,9.0,,,8.4589,4403.0,3597.0,80.0,3357.0,3286.0,79.0,1046.0,311.0,1.0,3.0,0.0,1.0,0.0,1.0,1.0,7958.0,6393.0,142.0,5082.0,5303.0,123.0,2876.0,1090.0,19.0,4.0,2.0,1.0,0.0,2.0,2.0,10609.0,8751.0,190.0,7655.0,8501.0,180.0,2954.0,250.0,10.0,5.0,3.0,1.0,1.0,2.0,2.0,11812.0,9796.0,204.0,12430.0,11633.0,204.0,-618.0,-1837.0,0.0,6.0,4.0,4.0,8.0,3.0,2.0
ESPORTSTMNT04_2693255,complete,,EM,2023,Summer,0,2023-08-15 19:46:03,1,13.14,5,Blue,sup,Robertoos,oe:player:3ecce3085c6886d516d2b8659880394,KRC Genk Esports,oe:team:01a959b2a20ca77057e580ec051aa3e,Janna,Kindred,Azir,Maokai,Xayah,Nautilus,,,,,,1447,0,0,1,12,13,14,0.0,0.0,0.0,0.0,1.0,0.0,1.0,0.0,0.539,1.1196,,,,,,,,,,,,,,,,,,,,,0.0,0.0,,,,,,,,0.0,1.0,5099.0,211.4305,0.0954994,266.2474,138.9081,28.0,1.161,3.0,0.1244,6.0,63.0,2.6123,6325,3098,128.4589,0.109621,5500.0,,,14.0,14.0,0.0,,,0.5805,3041.0,2925.0,8.0,2620.0,2309.0,12.0,421.0,616.0,-4.0,0.0,5.0,0.0,2.0,0.0,2.0,4368.0,4110.0,10.0,3897.0,3683.0,17.0,471.0,427.0,-7.0,0.0,8.0,0.0,3.0,0.0,3.0,5501.0,5157.0,13.0,5030.0,4819.0,19.0,471.0,338.0,-6.0,0.0,10.0,0.0,4.0,1.0,4.0,6325.0,6038.0,14.0,6918.0,7973.0,22.0,-593.0,-1935.0,-8.0,0.0,12.0,1.0,4.0,9.0,4.0
ESPORTSTMNT04_2693255,complete,,EM,2023,Summer,0,2023-08-15 19:46:03,1,13.14,6,Red,top,CPM,oe:player:cbdaba5605992f8e1635ad782152d65,GTZ Esports,oe:team:3659b5cb3434354530c31ce71461fc1,Ornn,Aatrox,Sejuani,Poppy,Braum,Rell,,,,,,1447,1,0,1,5,14,13,0.0,0.0,0.0,0.0,0.0,0.0,0.0,0.0,0.5805,1.1196,,,,,,,,,,,,,,,,,,,,,0.0,0.0,,,,,,,,0.0,0.0,11983.0,496.8763,0.221084,795.3421,1105.7498,8.0,0.3317,0.0,0.0,1.0,14.0,0.5805,8848,5621,233.0753,0.180517,8425.0,,,177.0,173.0,4.0,,,7.3393,3174.0,4588.0,73.0,3154.0,3838.0,70.0,20.0,750.0,3.0,0.0,0.0,0.0,1.0,0.0,0.0,5660.0,7195.0,121.0,4516.0,5899.0,107.0,1144.0,1296.0,14.0,0.0,0.0,0.0,1.0,0.0,1.0,7335.0,9752.0,166.0,6169.0,8178.0,145.0,1166.0,1574.0,21.0,0.0,1.0,0.0,1.0,1.0,2.0,8848.0,11649.0,177.0,7714.0,10223.0,173.0,1134.0,1426.0,4.0,0.0,5.0,1.0,1.0,1.0,4.0
ESPORTSTMNT04_2693255,complete,,EM,2023,Summer,0,2023-08-15 19:46:03,1,13.14,7,Red,jng,Time,oe:player:550fa477eff3885416f22c0b3f2fc88,GTZ Esports,oe:team:3659b5cb3434354530c31ce71461fc1,Lee Sin,Aatrox,Sejuani,Poppy,Braum,Rell,,,,,,1447,1,1,3,10,14,13,0.0,0.0,0.0,0.0,0.0,0.0,0.0,0.0,0.5805,1.1196,,,,,,,,,,,,,,,,,,,,,0.0,0.0,,,,,,,,0.0,0.0,7336.0,304.188,0.135348,839.7512,1004.2433,14.0,0.5805,3.0,0.1244,6.0,28.0,1.161,9090,5863,243.1099,0.18829,7200.0,,,124.0,15.0,109.0,,,5.1417,2783.0,2705.0,55.0,2919.0,2871.0,48.0,-136.0,-166.0,7.0,0.0,0.0,1.0,0.0,2.0,0.0,4708.0,5031.0,86.0,4965.0,4894.0,80.0,-257.0,137.0,6.0,0.0,0.0,2.0,2.0,2.0,0.0,6184.0,7179.0,111.0,7435.0,8081.0,125.0,-1251.0,-902.0,-14.0,0.0,2.0,3.0,3.0,3.0,0.0,9090.0,10203.0,124.0,8519.0,9123.0,137.0,571.0,1080.0,-13.0,1.0,10.0,3.0,3.0,5.0,2.0
ESPORTSTMNT04_2693255,complete,,EM,2023,Summer,0,2023-08-15 19:46:03,1,13.14,8,Red,mid,Heroic,oe:player:c71b4244f70372f8be07a3e83c58490,GTZ Esports,oe:team:3659b5cb3434354530c31ce71461fc1,Syndra,Aatrox,Sejuani,Poppy,Braum,Rell,,,,,,1447,1,1,3,9,14,13,0.0,0.0,0.0,0.0,0.0,0.0,0.0,0.0,0.5805,1.1196,,,,,,,,,,,,,,,,,,,,,0.0,0.0,,,,,,,,0.0,0.0,13696.0,567.906,0.252689,484.5197,348.9703,12.0,0.4976,2.0,0.0829,4.0,22.0,0.9122,9987,6760,280.3041,0.217099,8035.0,,,208.0,208.0,0.0,,,8.6247,3645.0,4575.0,84.0,3881.0,4798.0,85.0,-236.0,-223.0,-1.0,0.0,1.0,2.0,2.0,0.0,1.0,5854.0,7473.0,140.0,5904.0,7467.0,143.0,-50.0,6.0,-3.0,0.0,2.0,2.0,2.0,0.0,1.0,7534.0,9934.0,185.0,7885.0,10430.0,200.0,-351.0,-496.0,-15.0,0.0,2.0,2.0,2.0,0.0,2.0,9987.0,12666.0,208.0,10024.0,12430.0,231.0,-37.0,236.0,-23.0,1.0,9.0,3.0,3.0,0.0,3.0
ESPORTSTMNT04_2693255,complete,,EM,2023,Summer,0,2023-08-15 19:46:03,1,13.14,9,Red,bot,Avra,oe:player:1a38c55db5f8af06ebac94d8530ff71,GTZ Esports,oe:team:3659b5cb3434354530c31ce71461fc1,Samira,Aatrox,Sejuani,Poppy,Braum,Rell,,,,,,1447,1,8,2,3,14,13,2.0,2.0,1.0,0.0,0.0,0.0,0.0,0.0,0.5805,1.1196,,,,,,,,,,,,,,,,,,,,,1.0,0.0,,,,,,,,0.0,0.0,16235.0,673.1859,0.299533,537.056,330.5598,9.0,0.3732,5.0,0.2073,1.0,29.0,1.2025,12430,9203,381.6033,0.295563,9685.0,,,204.0,196.0,8.0,,,8.4589,3357.0,3286.0,79.0,4403.0,3597.0,80.0,-1046.0,-311.0,-1.0,0.0,1.0,1.0,3.0,0.0,1.0,5082.0,5303.0,123.0,7958.0,6393.0,142.0,-2876.0,-1090.0,-19.0,0.0,2.0,2.0,4.0,2.0,1.0,7655.0,8501.0,180.0,10609.0,8751.0,190.0,-2954.0,-250.0,-10.0,1.0,2.0,2.0,5.0,3.0,1.0,12430.0,11633.0,204.0,11812.0,9796.0,204.0,618.0,1837.0,0.0,8.0,3.0,2.0,6.0,4.0,4.0
ESPORTSTMNT04_2693255,complete,,EM,2023,Summer,0,2023-08-15 19:46:03,1,13.14,10,Red,sup,Nightmares,oe:player:fb20df3c2584739649c47e15bdd1e1e,GTZ Esports,oe:team:3659b5cb3434354530c31ce71461fc1,Alistar,Aatrox,Sejuani,Poppy,Braum,Rell,,,,,,1447,1,4,4,9,14,13,0.0,0.0,0.0,0.0,0.0,0.0,0.0,1.0,0.5805,1.1196,,,,,,,,,,,,,,,,,,,,,0.0,0.0,,,,,,,,1.0,0.0,4951.0,205.2937,0.0913452,619.2813,736.2543,31.0,1.2854,3.0,0.1244,7.0,55.0,2.2806,6918,3691,153.0477,0.118531,6525.0,,,22.0,22.0,0.0,,,0.9122,2620.0,2309.0,12.0,3041.0,2925.0,8.0,-421.0,-616.0,4.0,2.0,0.0,2.0,0.0,5.0,0.0,3897.0,3683.0,17.0,4368.0,4110.0,10.0,-471.0,-427.0,7.0,3.0,0.0,3.0,0.0,8.0,0.0,5030.0,4819.0,19.0,5501.0,5157.0,13.0,-471.0,-338.0,6.0,4.0,1.0,4.0,0.0,10.0,0.0,6918.0,7973.0,22.0,6325.0,6038.0,14.0,593.0,1935.0,8.0,4.0,9.0,4.0,0.0,12.0,1.0
ESPORTSTMNT04_2693255,complete,,EM,2023,Summer,0,2023-08-15 19:46:03,1,13.14,100,Blue,team,,,KRC Genk Esports,oe:team:01a959b2a20ca77057e580ec051aa3e,,Kindred,Azir,Maokai,Xayah,Nautilus,Varus,Warwick,Zed,Janna,Nocturne,1447,0,13,14,22,13,14,1.0,0.0,0.0,0.0,1.0,,,,0.539,1.1196,1.0,2.0,1.0,2.0,1.0,0.0,0.0,0.0,0.0,1.0,1.0,,0.0,0.0,0.0,1.0,1.0,,,0.0,0.0,1.0,0.0,5.0,6.0,1.0,1.0,6.0,7.0,0.0,1.0,53393.0,2213.9461,,3559.1154,2250.5183,50.0,2.0733,20.0,0.8293,16.0,136.0,5.6393,44394,28257,1171.6793,,42630.0,0.0669091,1.34,,613.0,146.0,,,31.472,17398.0,18029.0,291.0,15579.0,17463.0,303.0,1819.0,566.0,-12.0,6.0,7.0,2.0,2.0,2.0,6.0,27711.0,28763.0,482.0,25201.0,28685.0,487.0,2510.0,78.0,-5.0,9.0,12.0,3.0,3.0,4.0,9.0,37599.0,40597.0,673.0,33738.0,40185.0,661.0,3861.0,412.0,12.0,11.0,17.0,5.0,5.0,8.0,11.0,44394.0,47610.0,759.0,47273.0,54124.0,735.0,-2879.0,-6514.0,24.0,13.0,22.0,14.0,14.0,36.0,13.0
ESPORTSTMNT04_2693255,complete,,EM,2023,Summer,0,2023-08-15 19:46:03,1,13.14,200,Red,team,,,GTZ Esports,oe:team:3659b5cb3434354530c31ce71461fc1,,Aatrox,Sejuani,Poppy,Braum,Rell,Ornn,Syndra,Lee Sin,Alistar,Samira,1447,1,14,13,36,14,13,2.0,2.0,1.0,0.0,0.0,,,,0.5805,1.1196,0.0,1.0,2.0,1.0,2.0,0.0,0.0,0.0,1.0,0.0,0.0,,0.0,0.0,1.0,1.0,1.0,,,1.0,1.0,0.0,1.0,6.0,5.0,0.0,0.0,7.0,6.0,1.0,0.0,54201.0,2247.4499,,3275.9502,3525.7775,74.0,3.0684,13.0,0.539,19.0,148.0,6.1368,47273,31136,1291.0574,,39870.0,-0.0669091,-1.34,,614.0,121.0,,,30.4768,15579.0,17463.0,303.0,17398.0,18029.0,291.0,-1819.0,-566.0,12.0,2.0,2.0,6.0,6.0,7.0,2.0,25201.0,28685.0,487.0,27711.0,28763.0,482.0,-2510.0,-78.0,5.0,3.0,4.0,9.0,9.0,12.0,3.0,33738.0,40185.0,661.0,37599.0,40597.0,673.0,-3861.0,-412.0,-12.0,5.0,8.0,11.0,11.0,17.0,5.0,47273.0,54124.0,735.0,44394.0,47610.0,759.0,2879.0,6514.0,-24.0,14.0,36.0,13.0,13.0,22.0,14.0
ESPORTSTMNT04_2694237,complete,,EM,2023,Summer,0,2023-08-15 20:30:18,1,13.14,1,Blue,top,Kackos,oe:player:4841aa27ab85be0b9f45fed1d5e7b09,NORD Esports,oe:team:6ef01b22224b92f917d70dd9f33568b,Sejuani,Trundle,Aphelios,Alistar,Tristana,Sivir,,,,,,1465,0,0,4,3,4,15,0.0,0.0,0.0,0.0,0.0,0.0,0.0,0.0,0.1638,0.7782,,,,,,,,,,,,,,,,,,,,,0.0,0.0,,,,,,,,0.0,0.0,7769.0,318.1843,0.188953,673.5973,718.198,8.0,0.3276,4.0,0.1638,1.0,17.0,0.6962,7268,4004,163.9863,0.170767,7325.0,,,175.0,175.0,0.0,,,7.1672,3349.0,4843.0,92.0,3377.0,4883.0,84.0,-28.0,-40.0,8.0,0.0,0.0,0.0,0.0,0.0,0.0,4921.0,7243.0,136.0,5358.0,7610.0,131.0,-437.0,-367.0,5.0,0.0,0.0,1.0,0.0,2.0,0.0,6380.0,9034.0,163.0,7145.0,10068.0,176.0,-765.0,-1034.0,-13.0,0.0,1.0,2.0,0.0,2.0,1.0,7268.0,10163.0,175.0,10125.0,13756.0,210.0,-2857.0,-3593.0,-35.0,0.0,3.0,4.0,2.0,7.0,2.0
ESPORTSTMNT04_2694237,complete,,EM,2023,Summer,0,2023-08-15 20:30:18,1,13.14,2,Blue,jng,Indecision,oe:player:40ec21bf3a960cc7bfe0c38885bf906,NORD Esports,oe:team:6ef01b22224b92f917d70dd9f33568b,Viego,Trundle,Aphelios,Alistar,Tristana,Sivir,,,,,,1465,0,1,3,2,4,15,0.0,0.0,0.0,0.0,0.0,0.0,0.0,0.0,0.1638,0.7782,,,,,,,,,,,,,,,,,,,,,0.0,1.0,,,,,,,,0.0,0.0,5323.0,218.0068,0.129463,881.8976,684.4915,6.0,0.2457,9.0,0.3686,6.0,32.0,1.3106,8281,5017,205.4744,0.213973,8108.0,,,148.0,18.0,130.0,,,6.0614,3211.0,3531.0,60.0,3041.0,3046.0,60.0,170.0,485.0,0.0,0.0,0.0,0.0,0.0,1.0,0.0,4739.0,4918.0,83.0,5516.0,5814.0,100.0,-777.0,-896.0,-17.0,0.0,0.0,1.0,3.0,1.0,0.0,6331.0,7460.0,119.0,7216.0,8251.0,127.0,-885.0,-791.0,-8.0,0.0,0.0,1.0,3.0,2.0,0.0,8281.0,9727.0,148.0,9389.0,11618.0,149.0,-1108.0,-1891.0,-1.0,1.0,2.0,3.0,3.0,12.0,1.0
ESPORTSTMNT04_2694237,complete,,EM,2023,Summer,0,2023-08-15 20:30:18,1,13.14,3,Blue,mid,OMON,oe:player:e42fd90dea956c3986b69209b56ce16,NORD Esports,oe:team:6ef01b22224b92f917d70dd9f33568b,Swain,Trundle,Aphelios,Alistar,Tristana,Sivir,,,,,,1465,0,2,3,1,4,15,0.0,0.0,0.0,0.0,0.0,0.0,0.0,1.0,0.1638,0.7782,,,,,,,,,,,,,,,,,,,,,0.0,0.0,,,,,,,,0.0,0.0,12441.0,509.529,0.302583,734.8259,511.1672,9.0,0.3686,4.0,0.1638,4.0,23.0,0.942,9079,5815,238.157,0.248008,8600.0,,,219.0,219.0,0.0,,,8.9693,3251.0,4495.0,87.0,3763.0,4977.0,94.0,-512.0,-482.0,-7.0,0.0,0.0,1.0,1.0,0.0,0.0,5239.0,7373.0,148.0,5735.0,8327.0,151.0,-496.0,-954.0,-3.0,0.0,0.0,1.0,1.0,2.0,0.0,7248.0,10046.0,192.0,7889.0,11305.0,206.0,-641.0,-1259.0,-14.0,1.0,0.0,1.0,1.0,3.0,0.0,9079.0,12229.0,219.0,11586.0,15182.0,248.0,-2507.0,-2953.0,-29.0,2.0,1.0,3.0,4.0,9.0,0.0
ESPORTSTMNT04_2694237,complete,,EM,2023,Summer,0,2023-08-15 20:30:18,1,13.14,4,Blue,bot,Hid0,oe:player:97e228a45bb28f8d270f77deabd1282,NORD Esports,oe:team:6ef01b22224b92f917d70dd9f33568b,Zeri,Trundle,Aphelios,Alistar,Tristana,Sivir,,,,,,1465,0,0,3,3,4,15,0.0,0.0,0.0,0.0,0.0,0.0,0.0,0.0,0.1638,0.7782,,,,,,,,,,,,,,,,,,,,,0.0,0.0,,,,,,,,0.0,1.0,12933.0,529.6792,0.314549,380.2321,232.9147,8.0,0.3276,3.0,0.1229,2.0,22.0,0.901,9819,6555,268.4642,0.27957,9450.0,,,249.0,241.0,8.0,,,10.198,3542.0,3883.0,97.0,3653.0,3774.0,94.0,-111.0,109.0,3.0,0.0,0.0,0.0,0.0,0.0,0.0,5964.0,6441.0,155.0,6282.0,6235.0,149.0,-318.0,206.0,6.0,0.0,0.0,1.0,0.0,1.0,0.0,8341.0,9063.0,215.0,8635.0,8601.0,212.0,-294.0,462.0,3.0,0.0,1.0,1.0,0.0,2.0,0.0,9819.0,11226.0,249.0,12382.0,12385.0,259.0,-2563.0,-1159.0,-10.0,0.0,3.0,3.0,5.0,2.0,1.0
ESPORTSTMNT04_2694237,complete,,EM,2023,Summer,0,2023-08-15 20:30:18,1,13.14,5,Blue,sup,Seneca,oe:player:e3decbc40c573363c151a8300127922,NORD Esports,oe:team:6ef01b22224b92f917d70dd9f33568b,Rakan,Trundle,Aphelios,Alistar,Tristana,Sivir,,,,,,1465,0,1,2,2,4,15,0.0,0.0,0.0,0.0,0.0,0.0,0.0,0.0,0.1638,0.7782,,,,,,,,,,,,,,,,,,,,,0.0,0.0,,,,,,,,0.0,0.0,2650.0,108.5324,0.0644518,412.628,424.0546,30.0,1.2287,11.0,0.4505,8.0,65.0,2.6621,5320,2056,84.2048,0.0876823,4900.0,,,32.0,32.0,0.0,,,1.3106,2025.0,1897.0,13.0,2130.0,2144.0,14.0,-105.0,-247.0,-1.0,0.0,0.0,0.0,0.0,0.0,0.0,3038.0,3257.0,22.0,3441.0,3943.0,24.0,-403.0,-686.0,-2.0,0.0,0.0,0.0,0.0,3.0,0.0,4160.0,4743.0,31.0,4751.0,4987.0,29.0,-591.0,-244.0,2.0,0.0,0.0,0.0,1.0,3.0,0.0,5320.0,6159.0,32.0,6794.0,8438.0,32.0,-1474.0,-2279.0,0.0,1.0,2.0,2.0,1.0,11.0,0.0
ESPORTSTMNT04_2694237,complete,,EM,2023,Summer,0,2023-08-15 20:30:18,1,13.14,6,Red,top,Banderas,oe:player:57abe5a8958c15444e9103873f8565a,WLGaming Esports,oe:team:b19ab22267512e77945cd498106dcf1,Renekton,Xayah,Poppy,Kai'Sa,LeBlanc,Jax,,,,,,1465,1,2,2,7,15,4,1.0,0.0,0.0,0.0,0.0,0.0,0.0,0.0,0.6143,0.7782,,,,,,,,,,,,,,,,,,,,,0.0,0.0,,,,,,,,0.0,0.0,12785.0,523.6177,0.221424,1057.843,759.9317,9.0,0.3686,8.0,0.3276,5.0,36.0,1.4744,10125,6861,280.9966,0.202056,10100.0,,,210.0,206.0,4.0,,,8.6007,3377.0,4883.0,84.0,3349.0,4843.0,92.0,28.0,40.0,-8.0,0.0,0.0,0.0,0.0,0.0,0.0,5358.0,7610.0,131.0,4921.0,7243.0,136.0,437.0,367.0,-5.0,0.0,2.0,0.0,0.0,0.0,1.0,7145.0,10068.0,176.0,6380.0,9034.0,163.0,765.0,1034.0,13.0,0.0,2.0,1.0,0.0,1.0,2.0,10125.0,13756.0,210.0,7268.0,10163.0,175.0,2857.0,3593.0,35.0,2.0,7.0,2.0,0.0,3.0,4.0
ESPORTSTMNT04_2694237,complete,,EM,2023,Summer,0,2023-08-15 20:30:18,1,13.14,7,Red,jng,Bruness,oe:player:7471c21aed615dae3e49140eca8ce89,WLGaming Esports,oe:team:b19ab22267512e77945cd498106dcf1,Maokai,Xayah,Poppy,Kai'Sa,LeBlanc,Jax,,,,,,1465,1,3,1,12,15,4,1.0,0.0,0.0,0.0,1.0,0.0,1.0,0.0,0.6143,0.7782,,,,,,,,,,,,,,,,,,,,,1.0,0.0,,,,,,,,0.0,0.0,10993.0,450.2253,0.190388,979.0853,721.4744,8.0,0.3276,5.0,0.2048,6.0,31.0,1.2696,9389,6125,250.8532,0.18038,8550.0,,,149.0,14.0,135.0,,,6.1024,3041.0,3046.0,60.0,3211.0,3531.0,60.0,-170.0,-485.0,0.0,0.0,1.0,0.0,0.0,0.0,0.0,5516.0,5814.0,100.0,4739.0,4918.0,83.0,777.0,896.0,17.0,3.0,1.0,0.0,0.0,0.0,1.0,7216.0,8251.0,127.0,6331.0,7460.0,119.0,885.0,791.0,8.0,3.0,2.0,0.0,0.0,0.0,1.0,9389.0,11618.0,149.0,8281.0,9727.0,148.0,1108.0,1891.0,1.0,3.0,12.0,1.0,1.0,2.0,3.0
ESPORTSTMNT04_2694237,complete,,EM,2023,Summer,0,2023-08-15 20:30:18,1,13.14,8,Red,mid,ESCIK,oe:player:7e33124e33721ef8f70d2dd843b57da,WLGaming Esports,oe:team:b19ab22267512e77945cd498106dcf1,Ahri,Xayah,Poppy,Kai'Sa,LeBlanc,Jax,,,,,,1465,1,4,0,9,15,4,1.0,1.0,0.0,0.0,1.0,1.0,0.0,0.0,0.6143,0.7782,,,,,,,,,,,,,,,,,,,,,0.0,0.0,,,,,,,,0.0,0.0,18166.0,744.0,0.314617,360.8191,229.1058,13.0,0.5324,3.0,0.1229,7.0,31.0,1.2696,11586,8322,340.8328,0.245083,9710.0,,,248.0,248.0,0.0,,,10.157,3763.0,4977.0,94.0,3251.0,4495.0,87.0,512.0,482.0,7.0,1.0,0.0,0.0,0.0,0.0,1.0,5735.0,8327.0,151.0,5239.0,7373.0,148.0,496.0,954.0,3.0,1.0,2.0,0.0,0.0,0.0,1.0,7889.0,11305.0,206.0,7248.0,10046.0,192.0,641.0,1259.0,14.0,1.0,3.0,0.0,1.0,0.0,1.0,11586.0,15182.0,248.0,9079.0,12229.0,219.0,2507.0,2953.0,29.0,4.0,9.0,0.0,2.0,1.0,3.0
ESPORTSTMNT04_2694237,complete,,EM,2023,Summer,0,2023-08-15 20:30:18,1,13.14,9,Red,bot,Woolite,oe:player:40fa7615556f33971d67c95a702fbcc,WLGaming Esports,oe:team:b19ab22267512e77945cd498106dcf1,Jinx,Xayah,Poppy,Kai'Sa,LeBlanc,Jax,,,,,,1465,1,5,1,2,15,4,1.0,1.0,1.0,1.0,0.0,0.0,0.0,0.0,0.6143,0.7782,,,,,,,,,,,,,,,,,,,,,0.0,0.0,,,,,,,,1.0,0.0,11194.0,458.4573,0.193869,283.413,168.2048,11.0,0.4505,7.0,0.2867,3.0,36.0,1.4744,12382,9118,373.4334,0.268526,9725.0,,,259.0,236.0,23.0,,,10.6075,3653.0,3774.0,94.0,3542.0,3883.0,97.0,111.0,-109.0,-3.0,0.0,0.0,0.0,0.0,0.0,0.0,6282.0,6235.0,149.0,5964.0,6441.0,155.0,318.0,-206.0,-6.0,0.0,1.0,0.0,0.0,0.0,1.0,8635.0,8601.0,212.0,8341.0,9063.0,215.0,294.0,-462.0,-3.0,0.0,2.0,0.0,0.0,1.0,1.0,12382.0,12385.0,259.0,9819.0,11226.0,249.0,2563.0,1159.0,10.0,5.0,2.0,1.0,0.0,3.0,3.0
ESPORTSTMNT04_2694237,complete,,EM,2023,Summer,0,2023-08-15 20:30:18,1,13.14,10,Red,sup,Bananitoo,oe:player:148e116847c069d852ad0696d4180fe,WLGaming Esports,oe:team:b19ab22267512e77945cd498106dcf1,Nautilus,Xayah,Poppy,Kai'Sa,LeBlanc,Jax,,,,,,1465,1,1,0,11,15,4,0.0,0.0,0.0,0.0,0.0,0.0,0.0,0.0,0.6143,0.7782,,,,,,,,,,,,,,,,,,,,,0.0,0.0,,,,,,,,0.0,0.0,4602.0,188.4778,0.0797021,206.785,412.9147,31.0,1.2696,9.0,0.3686,7.0,61.0,2.4983,6794,3530,144.5734,0.103955,5625.0,,,32.0,32.0,0.0,,,1.3106,2130.0,2144.0,14.0,2025.0,1897.0,13.0,105.0,247.0,1.0,0.0,0.0,0.0,0.0,0.0,0.0,3441.0,3943.0,24.0,3038.0,3257.0,22.0,403.0,686.0,2.0,0.0,3.0,0.0,0.0,0.0,0.0,4751.0,4987.0,29.0,4160.0,4743.0,31.0,591.0,244.0,-2.0,1.0,3.0,0.0,0.0,0.0,0.0,6794.0,8438.0,32.0,5320.0,6159.0,32.0,1474.0,2279.0,0.0,1.0,11.0,0.0,1.0,2.0,2.0
ESPORTSTMNT04_2694237,complete,,EM,2023,Summer,0,2023-08-15 20:30:18,1,13.14,100,Blue,team,,,NORD Esports,oe:team:6ef01b22224b92f917d70dd9f33568b,,Trundle,Aphelios,Alistar,Tristana,Sivir,Rakan,Sejuani,Zeri,Swain,Viego,1465,0,4,15,11,4,15,0.0,0.0,0.0,0.0,0.0,,,,0.1638,0.7782,0.0,0.0,3.0,0.0,3.0,0.0,0.0,0.0,0.0,0.0,0.0,,0.0,0.0,1.0,1.0,1.0,,,0.0,0.0,1.0,0.0,1.0,8.0,0.0,0.0,3.0,5.0,0.0,1.0,41116.0,1683.9317,,3083.1809,2570.8259,61.0,2.4983,31.0,1.2696,21.0,159.0,6.5119,39767,23446,960.2457,,38383.0,-0.12978,-1.78,,685.0,138.0,,,33.7065,15378.0,18649.0,349.0,15964.0,18824.0,346.0,-586.0,-175.0,3.0,0.0,0.0,1.0,1.0,1.0,0.0,23901.0,29232.0,544.0,26332.0,31929.0,555.0,-2431.0,-2697.0,-11.0,0.0,0.0,4.0,4.0,9.0,0.0,32460.0,40346.0,720.0,35636.0,43212.0,750.0,-3176.0,-2866.0,-30.0,1.0,2.0,5.0,5.0,12.0,1.0,39767.0,49504.0,823.0,50276.0,61379.0,898.0,-10509.0,-11875.0,-75.0,4.0,11.0,15.0,15.0,41.0,4.0
ESPORTSTMNT04_2694237,complete,,EM,2023,Summer,0,2023-08-15 20:30:18,1,13.14,200,Red,team,,,WLGaming Esports,oe:team:b19ab22267512e77945cd498106dcf1,,Xayah,Poppy,Kai'Sa,LeBlanc,Jax,Maokai,Nautilus,Ahri,Renekton,Jinx,1465,1,15,4,41,15,4,4.0,2.0,1.0,1.0,1.0,,,,0.6143,0.7782,1.0,3.0,0.0,3.0,0.0,1.0,0.0,1.0,0.0,0.0,1.0,,0.0,0.0,0.0,1.0,1.0,,,1.0,1.0,0.0,1.0,8.0,1.0,1.0,1.0,5.0,3.0,1.0,0.0,57740.0,2364.7782,,2887.9454,2291.6314,72.0,2.9488,32.0,1.3106,28.0,195.0,7.9863,50276,33955,1390.6485,,43710.0,0.12978,1.78,,736.0,162.0,,,36.7782,15964.0,18824.0,346.0,15378.0,18649.0,349.0,586.0,175.0,-3.0,1.0,1.0,0.0,0.0,0.0,1.0,26332.0,31929.0,555.0,23901.0,29232.0,544.0,2431.0,2697.0,11.0,4.0,9.0,0.0,0.0,0.0,4.0,35636.0,43212.0,750.0,32460.0,40346.0,720.0,3176.0,2866.0,30.0,5.0,12.0,1.0,1.0,2.0,5.0,50276.0,61379.0,898.0,39767.0,49504.0,823.0,10509.0,11875.0,75.0,15.0,41.0,4.0,4.0,11.0,15.0
ESPORTSTMNT04_2693257,complete,,EM,2023,Summer,0,2023-08-15 20:32:31,1,13.14,1,Blue,top,Kektz,oe:player:f5ea6213c328518f2840a59bf48acec,Diamant Esports,oe:team:830f05a5024d0794bd8d5b598b2432b,Kennen,Ivern,LeBlanc,Sejuani,Nautilus,Zeri,,,,,,2335,0,0,5,5,6,23,0.0,0.0,0.0,0.0,0.0,0.0,0.0,0.0,0.1542,0.7452,,,,,,,,,,,,,,,,,,,,,0.0,0.0,,,,,,,,0.0,1.0,18962.0,487.2463,0.277783,672.3597,418.8951,16.0,0.4111,3.0,0.0771,5.0,30.0,0.7709,13326,8287,212.9422,0.218384,12975.0,,,305.0,293.0,12.0,,,7.8373,3206.0,5112.0,86.0,3085.0,5016.0,70.0,121.0,96.0,16.0,0.0,0.0,0.0,0.0,0.0,0.0,5270.0,7843.0,139.0,4661.0,7417.0,109.0,609.0,426.0,30.0,0.0,0.0,0.0,0.0,0.0,0.0,7103.0,10544.0,184.0,6549.0,10689.0,167.0,554.0,-145.0,17.0,0.0,1.0,0.0,0.0,0.0,0.0,8828.0,12806.0,214.0,8226.0,12797.0,196.0,602.0,9.0,18.0,0.0,4.0,2.0,1.0,1.0,1.0
ESPORTSTMNT04_2693257,complete,,EM,2023,Summer,0,2023-08-15 20:32:31,1,13.14,2,Blue,jng,Mafro,oe:player:cd521f662fbbec89f03a900e7d9bb63,Diamant Esports,oe:team:830f05a5024d0794bd8d5b598b2432b,Maokai,Ivern,LeBlanc,Sejuani,Nautilus,Zeri,,,,,,2335,0,0,5,5,6,23,0.0,0.0,0.0,0.0,0.0,0.0,0.0,1.0,0.1542,0.7452,,,,,,,,,,,,,,,,,,,,,0.0,2.0,,,,,,,,0.0,1.0,15730.0,404.197,0.230436,967.1949,716.2484,9.0,0.2313,10.0,0.257,7.0,49.0,1.2591,10625,5586,143.5375,0.147205,10025.0,,,161.0,22.0,139.0,,,4.137,3122.0,3491.0,65.0,3441.0,3506.0,68.0,-319.0,-15.0,-3.0,0.0,0.0,1.0,0.0,1.0,0.0,4709.0,5547.0,101.0,5239.0,5679.0,97.0,-530.0,-132.0,4.0,0.0,0.0,1.0,1.0,3.0,1.0,6342.0,7685.0,130.0,6771.0,7867.0,133.0,-429.0,-182.0,-3.0,0.0,1.0,2.0,1.0,4.0,2.0,7661.0,9584.0,145.0,8423.0,10153.0,153.0,-762.0,-569.0,-8.0,0.0,4.0,3.0,2.0,7.0,3.0
ESPORTSTMNT04_2693257,complete,,EM,2023,Summer,0,2023-08-15 20:32:31,1,13.14,3,Blue,mid,Diva,oe:player:72de20c106a52f0aaf21bd650af81bd,Diamant Esports,oe:team:830f05a5024d0794bd8d5b598b2432b,Tristana,Ivern,LeBlanc,Sejuani,Nautilus,Zeri,,,,,,2335,0,2,6,4,6,23,0.0,0.0,0.0,0.0,0.0,0.0,0.0,0.0,0.1542,0.7452,,,,,,,,,,,,,,,,,,,,,0.0,0.0,,,,,,,,0.0,1.0,11000.0,282.6552,0.161144,585.6103,385.7216,14.0,0.3597,13.0,0.334,0.0,49.0,1.2591,14523,9484,243.7002,0.249928,14600.0,,,324.0,279.0,45.0,,,8.3255,3263.0,4913.0,88.0,3864.0,5181.0,97.0,-601.0,-268.0,-9.0,0.0,0.0,0.0,1.0,0.0,0.0,5021.0,7452.0,132.0,6673.0,8044.0,157.0,-1652.0,-592.0,-25.0,0.0,1.0,1.0,3.0,0.0,0.0,6865.0,9898.0,180.0,8574.0,10352.0,195.0,-1709.0,-454.0,-15.0,0.0,2.0,1.0,4.0,0.0,0.0,9347.0,12692.0,228.0,11001.0,13560.0,247.0,-1654.0,-868.0,-19.0,1.0,4.0,2.0,5.0,3.0,0.0
ESPORTSTMNT04_2693257,complete,,EM,2023,Summer,0,2023-08-15 20:32:31,1,13.14,4,Blue,bot,Shy Carry,oe:player:af020342617bd4e5c5da5a4c31ff591,Diamant Esports,oe:team:830f05a5024d0794bd8d5b598b2432b,Sivir,Ivern,LeBlanc,Sejuani,Nautilus,Zeri,,,,,,2335,0,4,3,2,6,23,1.0,0.0,0.0,0.0,0.0,0.0,0.0,0.0,0.1542,0.7452,,,,,,,,,,,,,,,,,,,,,0.0,0.0,,,,,,,,0.0,1.0,19205.0,493.4904,0.281342,437.7302,214.1756,13.0,0.334,13.0,0.334,2.0,39.0,1.0021,16680,11641,299.1263,0.30677,15500.0,,,409.0,379.0,30.0,,,10.5096,3286.0,3120.0,82.0,3147.0,3383.0,86.0,139.0,-263.0,-4.0,0.0,0.0,0.0,0.0,0.0,0.0,5272.0,5296.0,130.0,5529.0,6161.0,142.0,-257.0,-865.0,-12.0,1.0,0.0,1.0,0.0,3.0,0.0,7522.0,7499.0,181.0,8021.0,8552.0,205.0,-499.0,-1053.0,-24.0,2.0,0.0,1.0,0.0,3.0,0.0,10591.0,10466.0,247.0,10306.0,10838.0,246.0,285.0,-372.0,1.0,4.0,1.0,1.0,1.0,5.0,1.0
ESPORTSTMNT04_2693257,complete,,EM,2023,Summer,0,2023-08-15 20:32:31,1,13.14,5,Blue,sup,Wojtus,oe:player:a93e0326b85f0312cf1b451e175a7a0,Diamant Esports,oe:team:830f05a5024d0794bd8d5b598b2432b,Alistar,Ivern,LeBlanc,Sejuani,Nautilus,Zeri,,,,,,2335,0,0,4,5,6,23,0.0,0.0,0.0,0.0,0.0,0.0,0.0,0.0,0.1542,0.7452,,,,,,,,,,,,,,,,,,,,,0.0,0.0,,,,,,,,0.0,0.0,3365.0,86.4668,0.0492954,791.7687,1009.8501,65.0,1.6702,15.0,0.3854,12.0,128.0,3.2891,7988,2949,75.7773,0.0777137,7650.0,,,42.0,42.0,0.0,,,1.0792,2248.0,2729.0,16.0,2047.0,2485.0,15.0,201.0,244.0,1.0,0.0,0.0,0.0,0.0,0.0,0.0,3467.0,3968.0,26.0,3291.0,4007.0,25.0,176.0,-39.0,1.0,0.0,1.0,1.0,0.0,2.0,0.0,4512.0,5332.0,33.0,4330.0,5218.0,27.0,182.0,114.0,6.0,0.0,2.0,1.0,0.0,3.0,0.0,5531.0,6928.0,35.0,5249.0,7017.0,29.0,282.0,-89.0,6.0,0.0,5.0,1.0,0.0,4.0,0.0
ESPORTSTMNT04_2693257,complete,,EM,2023,Summer,0,2023-08-15 20:32:31,1,13.14,6,Red,top,Juzu,oe:player:a61da83af5e3738845fa6dd56e1d41a,Anubis Gaming,oe:team:f2094ae60f9b1f3b6a17ad88ad75fc1,Rumble,Azir,Xayah,Rell,Ashe,Rakan,,,,,,2335,1,5,2,7,23,6,1.0,0.0,0.0,0.0,0.0,0.0,0.0,0.0,0.591,0.7452,,,,,,,,,,,,,,,,,,,,,0.0,0.0,,,,,,,,1.0,0.0,23006.0,591.1606,0.216676,502.0728,624.4882,12.0,0.3084,5.0,0.1285,7.0,41.0,1.0535,15490,10451,268.5482,0.207608,14475.0,,,286.0,275.0,11.0,,,7.349,3085.0,5016.0,70.0,3206.0,5112.0,86.0,-121.0,-96.0,-16.0,0.0,0.0,0.0,0.0,0.0,0.0,4661.0,7417.0,109.0,5270.0,7843.0,139.0,-609.0,-426.0,-30.0,0.0,0.0,0.0,0.0,0.0,0.0,6549.0,10689.0,167.0,7103.0,10544.0,184.0,-554.0,145.0,-17.0,0.0,0.0,0.0,0.0,1.0,0.0,8226.0,12797.0,196.0,8828.0,12806.0,214.0,-602.0,-9.0,-18.0,1.0,1.0,1.0,0.0,4.0,2.0
ESPORTSTMNT04_2693257,complete,,EM,2023,Summer,0,2023-08-15 20:32:31,1,13.14,7,Red,jng,Elramir,oe:player:de442faff7b7cdc0fba7d6d5caff5e1,Anubis Gaming,oe:team:f2094ae60f9b1f3b6a17ad88ad75fc1,Amumu,Azir,Xayah,Rell,Ashe,Rakan,,,,,,2335,1,2,3,10,23,6,0.0,0.0,0.0,0.0,1.0,0.0,1.0,0.0,0.591,0.7452,,,,,,,,,,,,,,,,,,,,,2.0,0.0,,,,,,,,1.0,0.0,7724.0,198.4754,0.0727464,1070.5439,1875.1606,19.0,0.4882,8.0,0.2056,18.0,61.0,1.5675,13421,8382,215.3833,0.166508,13100.0,,,223.0,19.0,204.0,,,5.7302,3441.0,3506.0,68.0,3122.0,3491.0,65.0,319.0,15.0,3.0,0.0,1.0,0.0,0.0,0.0,1.0,5239.0,5679.0,97.0,4709.0,5547.0,101.0,530.0,132.0,-4.0,1.0,3.0,1.0,0.0,0.0,1.0,6771.0,7867.0,133.0,6342.0,7685.0,130.0,429.0,182.0,3.0,1.0,4.0,2.0,0.0,1.0,2.0,8423.0,10153.0,153.0,7661.0,9584.0,145.0,762.0,569.0,8.0,2.0,7.0,3.0,0.0,4.0,3.0
ESPORTSTMNT04_2693257,complete,,EM,2023,Summer,0,2023-08-15 20:32:31,1,13.14,8,Red,mid,Cipher,oe:player:c8ef68c0fce4f4bfe0219809473d365,Anubis Gaming,oe:team:f2094ae60f9b1f3b6a17ad88ad75fc1,Jayce,Azir,Xayah,Rell,Ashe,Rakan,,,,,,2335,1,10,0,8,23,6,3.0,0.0,0.0,0.0,1.0,1.0,0.0,0.0,0.591,0.7452,,,,,,,,,,,,,,,,,,,,,0.0,0.0,,,,,,,,1.0,0.0,33903.0,871.1692,0.319306,462.6552,478.2527,21.0,0.5396,13.0,0.334,7.0,70.0,1.7987,18491,13452,345.6617,0.267223,15925.0,,,336.0,308.0,28.0,,,8.6338,3864.0,5181.0,97.0,3263.0,4913.0,88.0,601.0,268.0,9.0,1.0,0.0,0.0,0.0,0.0,0.0,6673.0,8044.0,157.0,5021.0,7452.0,132.0,1652.0,592.0,25.0,3.0,0.0,0.0,0.0,1.0,1.0,8574.0,10352.0,195.0,6865.0,9898.0,180.0,1709.0,454.0,15.0,4.0,0.0,0.0,0.0,2.0,1.0,11001.0,13560.0,247.0,9347.0,12692.0,228.0,1654.0,868.0,19.0,5.0,3.0,0.0,1.0,4.0,2.0
ESPORTSTMNT04_2693257,complete,,EM,2023,Summer,0,2023-08-15 20:32:31,1,13.14,9,Red,bot,san1,oe:player:f581f857e43aea4c5b241874f8a4394,Anubis Gaming,oe:team:f2094ae60f9b1f3b6a17ad88ad75fc1,Kai'Sa,Azir,Xayah,Rell,Ashe,Rakan,,,,,,2335,1,6,1,11,23,6,0.0,0.0,0.0,0.0,0.0,0.0,0.0,0.0,0.591,0.7452,,,,,,,,,,,,,,,,,,,,,0.0,0.0,,,,,,,,1.0,0.0,39362.0,1011.4433,0.370721,321.5846,339.6488,15.0,0.3854,8.0,0.2056,3.0,53.0,1.3619,19024,13985,359.3576,0.277811,18560.0,,,356.0,336.0,20.0,,,9.1478,3147.0,3383.0,86.0,3286.0,3120.0,82.0,-139.0,263.0,4.0,0.0,0.0,0.0,0.0,0.0,0.0,5529.0,6161.0,142.0,5272.0,5296.0,130.0,257.0,865.0,12.0,0.0,3.0,0.0,1.0,0.0,1.0,8021.0,8552.0,205.0,7522.0,7499.0,181.0,499.0,1053.0,24.0,0.0,3.0,0.0,2.0,0.0,1.0,10306.0,10838.0,246.0,10591.0,10466.0,247.0,-285.0,372.0,-1.0,1.0,5.0,1.0,4.0,1.0,1.0
ESPORTSTMNT04_2693257,complete,,EM,2023,Summer,0,2023-08-15 20:32:31,1,13.14,10,Red,sup,Mishal,oe:player:72afadf3f4701a666860c0c442b08f5,Anubis Gaming,oe:team:f2094ae60f9b1f3b6a17ad88ad75fc1,Leona,Azir,Xayah,Rell,Ashe,Rakan,,,,,,2335,1,0,0,9,23,6,0.0,0.0,0.0,0.0,0.0,0.0,0.0,0.0,0.591,0.7452,,,,,,,,,,,,,,,,,,,,,0.0,0.0,,,,,,,,0.0,0.0,2182.0,56.0685,0.0205506,316.9079,601.5931,70.0,1.7987,22.0,0.5653,21.0,151.0,3.8801,9109,4070,104.5824,0.0808502,8350.0,,,45.0,45.0,0.0,,,1.1563,2047.0,2485.0,15.0,2248.0,2729.0,16.0,-201.0,-244.0,-1.0,0.0,0.0,0.0,0.0,0.0,0.0,3291.0,4007.0,25.0,3467.0,3968.0,26.0,-176.0,39.0,-1.0,0.0,2.0,0.0,0.0,1.0,1.0,4330.0,5218.0,27.0,4512.0,5332.0,33.0,-182.0,-114.0,-6.0,0.0,3.0,0.0,0.0,2.0,1.0,5249.0,7017.0,29.0,5531.0,6928.0,35.0,-282.0,89.0,-6.0,0.0,4.0,0.0,0.0,5.0,1.0
ESPORTSTMNT04_2693257,complete,,EM,2023,Summer,0,2023-08-15 20:32:31,1,13.14,100,Blue,team,,,Diamant Esports,oe:team:830f05a5024d0794bd8d5b598b2432b,,Ivern,LeBlanc,Sejuani,Nautilus,Zeri,Maokai,Kennen,Tristana,Sivir,Alistar,2335,0,6,23,21,6,23,1.0,0.0,0.0,0.0,0.0,,,,0.1542,0.7452,0.0,1.0,4.0,1.0,4.0,0.0,1.0,0.0,0.0,0.0,0.0,,0.0,0.0,0.0,1.0,1.0,,,0.0,0.0,2.0,0.0,4.0,11.0,1.0,1.0,4.0,4.0,0.0,4.0,68262.0,1754.0557,,3454.6638,2744.8908,117.0,3.0064,54.0,1.3876,26.0,295.0,7.5803,63142,37947,975.0835,,60750.0,-0.147301,-1.69,,1015.0,226.0,,,31.8887,15125.0,19365.0,337.0,15584.0,19571.0,336.0,-459.0,-206.0,1.0,0.0,0.0,1.0,1.0,1.0,0.0,23739.0,30106.0,528.0,25393.0,31308.0,530.0,-1654.0,-1202.0,-2.0,1.0,2.0,4.0,4.0,8.0,1.0,32344.0,40958.0,708.0,34245.0,42678.0,727.0,-1901.0,-1720.0,-19.0,2.0,6.0,5.0,5.0,10.0,2.0,41958.0,52476.0,869.0,43205.0,54365.0,871.0,-1247.0,-1889.0,-2.0,5.0,18.0,9.0,9.0,20.0,5.0
ESPORTSTMNT04_2693257,complete,,EM,2023,Summer,0,2023-08-15 20:32:31,1,13.14,200,Red,team,,,Anubis Gaming,oe:team:f2094ae60f9b1f3b6a17ad88ad75fc1,,Azir,Xayah,Rell,Ashe,Rakan,Jayce,Rumble,Amumu,Kai'Sa,Leona,2335,1,23,6,45,23,6,4.0,0.0,0.0,0.0,1.0,,,,0.591,0.7452,1.0,4.0,1.0,4.0,1.0,0.0,2.0,0.0,1.0,0.0,1.0,,0.0,0.0,1.0,1.0,1.0,,,1.0,2.0,0.0,1.0,11.0,4.0,0.0,0.0,4.0,4.0,4.0,0.0,106177.0,2728.3169,,2673.7645,3919.1435,137.0,3.5203,56.0,1.439,56.0,376.0,9.6617,75535,50340,1293.5332,,70410.0,0.147301,1.69,,983.0,263.0,,,32.0171,15584.0,19571.0,336.0,15125.0,19365.0,337.0,459.0,206.0,-1.0,1.0,1.0,0.0,0.0,0.0,1.0,25393.0,31308.0,530.0,23739.0,30106.0,528.0,1654.0,1202.0,2.0,4.0,8.0,1.0,1.0,2.0,4.0,34245.0,42678.0,727.0,32344.0,40958.0,708.0,1901.0,1720.0,19.0,5.0,10.0,2.0,2.0,6.0,5.0,43205.0,54365.0,871.0,41958.0,52476.0,869.0,1247.0,1889.0,2.0,9.0,20.0,5.0,5.0,18.0,9.0
ESPORTSTMNT04_2693256,complete,,EM,2023,Summer,0,2023-08-15 20:34:32,1,13.14,1,Blue,top,Boda,oe:player:a600b912c936aadcc1337cc2a3c928e,Nigma Galaxy,oe:team:c6aa23f2afcbe6fc281c7bb9b96c843,K'Sante,Maokai,Rakan,Rumble,Jayce,Azir,,,,,,2145,0,3,2,2,10,20,0.0,0.0,0.0,0.0,0.0,0.0,0.0,1.0,0.2797,0.8392,,,,,,,,,,,,,,,,,,,,,0.0,0.0,,,,,,,,0.0,0.0,15270.0,427.1329,0.184921,742.014,1155.2448,14.0,0.3916,9.0,0.2517,7.0,40.0,1.1189,12163,7512,210.1259,0.215764,11575.0,,,229.0,229.0,0.0,,,6.4056,3590.0,4860.0,79.0,3510.0,4065.0,71.0,80.0,795.0,8.0,1.0,1.0,1.0,1.0,0.0,2.0,6283.0,7893.0,125.0,5407.0,6020.0,102.0,876.0,1873.0,23.0,2.0,1.0,1.0,3.0,0.0,3.0,7920.0,10117.0,165.0,7920.0,9736.0,166.0,0.0,381.0,-1.0,2.0,1.0,1.0,3.0,1.0,3.0,9174.0,11902.0,192.0,9647.0,11671.0,199.0,-473.0,231.0,-7.0,2.0,1.0,1.0,3.0,1.0,3.0
ESPORTSTMNT04_2693256,complete,,EM,2023,Summer,0,2023-08-15 20:34:32,1,13.14,2,Blue,jng,Pabu,oe:player:b0a4ae62486ca215c199e72698738b7,Nigma Galaxy,oe:team:c6aa23f2afcbe6fc281c7bb9b96c843,Lee Sin,Maokai,Rakan,Rumble,Jayce,Azir,,,,,,2145,0,4,7,2,10,20,0.0,0.0,0.0,0.0,0.0,0.0,0.0,0.0,0.2797,0.8392,,,,,,,,,,,,,,,,,,,,,0.0,2.0,,,,,,,,0.0,0.0,14881.0,416.2517,0.18021,1265.3427,1181.0629,21.0,0.5874,10.0,0.2797,12.0,49.0,1.3706,11678,7027,196.5594,0.201833,11500.0,,,208.0,18.0,190.0,,,5.8182,3443.0,3257.0,59.0,3048.0,3246.0,58.0,395.0,11.0,1.0,1.0,0.0,1.0,0.0,1.0,0.0,5508.0,5449.0,95.0,4455.0,5264.0,88.0,1053.0,185.0,7.0,2.0,0.0,1.0,0.0,3.0,0.0,7539.0,7343.0,125.0,6051.0,7257.0,114.0,1488.0,86.0,11.0,4.0,0.0,3.0,0.0,4.0,0.0,9165.0,9931.0,162.0,7242.0,8711.0,131.0,1923.0,1220.0,31.0,4.0,0.0,3.0,0.0,4.0,0.0
ESPORTSTMNT04_2693256,complete,,EM,2023,Summer,0,2023-08-15 20:34:32,1,13.14,3,Blue,mid,Dehaste,oe:player:5f4898a107d2948045588584562be3f,Nigma Galaxy,oe:team:c6aa23f2afcbe6fc281c7bb9b96c843,Syndra,Maokai,Rakan,Rumble,Jayce,Azir,,,,,,2145,0,1,3,4,10,20,0.0,0.0,0.0,0.0,0.0,0.0,0.0,0.0,0.2797,0.8392,,,,,,,,,,,,,,,,,,,,,0.0,0.0,,,,,,,,0.0,0.0,24928.0,697.2867,0.301879,338.6294,199.3566,16.0,0.4476,9.0,0.2517,4.0,49.0,1.3706,13016,8365,233.986,0.240265,12335.0,,,301.0,299.0,2.0,,,8.4196,3372.0,4796.0,86.0,3301.0,4804.0,75.0,71.0,-8.0,11.0,0.0,0.0,0.0,1.0,0.0,0.0,5338.0,7370.0,141.0,5071.0,7730.0,126.0,267.0,-360.0,15.0,0.0,0.0,0.0,1.0,1.0,0.0,7126.0,9758.0,185.0,8306.0,11483.0,178.0,-1180.0,-1725.0,7.0,0.0,1.0,1.0,5.0,2.0,0.0,9237.0,12255.0,231.0,9747.0,13344.0,211.0,-510.0,-1089.0,20.0,0.0,1.0,1.0,5.0,2.0,0.0
ESPORTSTMNT04_2693256,complete,,EM,2023,Summer,0,2023-08-15 20:34:32,1,13.14,4,Blue,bot,Rust,oe:player:f5e265d607cb720058fc166e00083fe,Nigma Galaxy,oe:team:c6aa23f2afcbe6fc281c7bb9b96c843,Kai'Sa,Maokai,Rakan,Rumble,Jayce,Azir,,,,,,2145,0,1,3,5,10,20,0.0,0.0,0.0,0.0,0.0,0.0,0.0,0.0,0.2797,0.8392,,,,,,,,,,,,,,,,,,,,,0.0,0.0,,,,,,,,0.0,1.0,22979.0,642.7692,0.278277,380.5035,247.7762,13.0,0.3636,8.0,0.2238,2.0,31.0,0.8671,13178,8527,238.5175,0.244919,12250.0,,,315.0,300.0,15.0,,,8.8112,2967.0,3253.0,72.0,3202.0,3510.0,83.0,-235.0,-257.0,-11.0,0.0,0.0,0.0,0.0,0.0,0.0,4836.0,5441.0,124.0,5007.0,5876.0,135.0,-171.0,-435.0,-11.0,0.0,1.0,1.0,0.0,2.0,0.0,6919.0,8143.0,177.0,7313.0,8797.0,191.0,-394.0,-654.0,-14.0,0.0,2.0,2.0,0.0,5.0,1.0,9015.0,10548.0,243.0,9293.0,11039.0,251.0,-278.0,-491.0,-8.0,0.0,2.0,2.0,0.0,5.0,1.0
ESPORTSTMNT04_2693256,complete,,EM,2023,Summer,0,2023-08-15 20:34:32,1,13.14,5,Blue,sup,Klownz,oe:player:1c6282fdf403e4e63f3b339d0bca034,Nigma Galaxy,oe:team:c6aa23f2afcbe6fc281c7bb9b96c843,Rell,Maokai,Rakan,Rumble,Jayce,Azir,,,,,,2145,0,1,5,6,10,20,0.0,0.0,0.0,0.0,0.0,0.0,0.0,0.0,0.2797,0.8392,,,,,,,,,,,,,,,,,,,,,0.0,0.0,,,,,,,,0.0,0.0,4518.0,126.3776,0.0547132,377.7063,619.4406,49.0,1.3706,16.0,0.4476,11.0,113.0,3.1608,8036,3385,94.6853,0.0972195,7575.0,,,39.0,39.0,0.0,,,1.0909,1982.0,2549.0,14.0,2031.0,2238.0,14.0,-49.0,311.0,0.0,0.0,0.0,0.0,0.0,0.0,0.0,3246.0,3533.0,25.0,3260.0,3978.0,30.0,-14.0,-445.0,-5.0,0.0,1.0,1.0,0.0,2.0,1.0,4539.0,4871.0,31.0,4482.0,5214.0,32.0,57.0,-343.0,-1.0,0.0,3.0,2.0,1.0,2.0,2.0,5521.0,6133.0,34.0,5394.0,6447.0,35.0,127.0,-314.0,-1.0,0.0,3.0,2.0,1.0,2.0,2.0
ESPORTSTMNT04_2693256,complete,,EM,2023,Summer,0,2023-08-15 20:34:32,1,13.14,6,Red,top,Empyros,oe:player:9db3f170213f562a9613fe4f99d7dfa,DSYRE,oe:team:3e3ca0895ded506fd637e723d6ae2a1,Jax,LeBlanc,Aatrox,Varus,Trundle,Lillia,,,,,,2145,1,8,4,3,20,10,1.0,0.0,0.0,0.0,1.0,1.0,0.0,0.0,0.5594,0.8392,,,,,,,,,,,,,,,,,,,,,0.0,0.0,,,,,,,,0.0,0.0,18349.0,513.2587,0.227449,930.6573,752.028,22.0,0.6154,10.0,0.2797,9.0,63.0,1.7622,16031,11380,318.3217,0.260331,13800.0,,,254.0,226.0,28.0,,,7.1049,3510.0,4065.0,71.0,3590.0,4860.0,79.0,-80.0,-795.0,-8.0,1.0,0.0,2.0,1.0,1.0,1.0,5407.0,6020.0,102.0,6283.0,7893.0,125.0,-876.0,-1873.0,-23.0,3.0,0.0,3.0,2.0,1.0,1.0,7920.0,9736.0,166.0,7920.0,10117.0,165.0,0.0,-381.0,1.0,3.0,1.0,3.0,2.0,1.0,1.0,9647.0,11671.0,199.0,9174.0,11902.0,192.0,473.0,-231.0,7.0,3.0,1.0,3.0,2.0,1.0,1.0
ESPORTSTMNT04_2693256,complete,,EM,2023,Summer,0,2023-08-15 20:34:32,1,13.14,7,Red,jng,Rhilech,oe:player:cbe20c64274a87a21e5bdac1ccc3e77,DSYRE,oe:team:3e3ca0895ded506fd637e723d6ae2a1,Sejuani,LeBlanc,Aatrox,Varus,Trundle,Lillia,,,,,,2145,1,0,0,12,20,10,0.0,0.0,0.0,0.0,0.0,0.0,0.0,0.0,0.5594,0.8392,,,,,,,,,,,,,,,,,,,,,2.0,0.0,,,,,,,,0.0,0.0,10324.0,288.7832,0.127973,880.979,1185.5664,14.0,0.3916,18.0,0.5035,13.0,65.0,1.8182,11326,6675,186.7133,0.152695,10725.0,,,166.0,20.0,146.0,,,4.6434,3048.0,3246.0,58.0,3443.0,3257.0,59.0,-395.0,-11.0,-1.0,0.0,1.0,0.0,1.0,0.0,1.0,4455.0,5264.0,88.0,5508.0,5449.0,95.0,-1053.0,-185.0,-7.0,0.0,3.0,0.0,2.0,0.0,1.0,6051.0,7257.0,114.0,7539.0,7343.0,125.0,-1488.0,-86.0,-11.0,0.0,4.0,0.0,4.0,0.0,3.0,7242.0,8711.0,131.0,9165.0,9931.0,162.0,-1923.0,-1220.0,-31.0,0.0,4.0,0.0,4.0,0.0,3.0
ESPORTSTMNT04_2693256,complete,,EM,2023,Summer,0,2023-08-15 20:34:32,1,13.14,8,Red,mid,XoNix,oe:player:be877a261fb0c3a320db45091bdefec,DSYRE,oe:team:3e3ca0895ded506fd637e723d6ae2a1,Ahri,LeBlanc,Aatrox,Varus,Trundle,Lillia,,,,,,2145,1,6,1,5,20,10,1.0,1.0,0.0,0.0,0.0,0.0,0.0,0.0,0.5594,0.8392,,,,,,,,,,,,,,,,,,,,,0.0,0.0,,,,,,,,0.0,0.0,19286.0,539.4685,0.239064,537.2587,411.6643,13.0,0.3636,5.0,0.1399,9.0,36.0,1.007,14166,9515,266.1538,0.217666,12875.0,,,266.0,262.0,4.0,,,7.4406,3301.0,4804.0,75.0,3372.0,4796.0,86.0,-71.0,8.0,-11.0,1.0,0.0,0.0,0.0,0.0,0.0,5071.0,7730.0,126.0,5338.0,7370.0,141.0,-267.0,360.0,-15.0,1.0,1.0,0.0,0.0,0.0,0.0,8306.0,11483.0,178.0,7126.0,9758.0,185.0,1180.0,1725.0,-7.0,5.0,2.0,0.0,0.0,1.0,1.0,9747.0,13344.0,211.0,9237.0,12255.0,231.0,510.0,1089.0,-20.0,5.0,2.0,0.0,0.0,1.0,1.0
ESPORTSTMNT04_2693256,complete,,EM,2023,Summer,0,2023-08-15 20:34:32,1,13.14,9,Red,bot,Aetinoth,oe:player:d47955c8bc06bf316f24ee15d45407b,DSYRE,oe:team:3e3ca0895ded506fd637e723d6ae2a1,Xayah,LeBlanc,Aatrox,Varus,Trundle,Lillia,,,,,,2145,1,5,1,9,20,10,1.0,0.0,0.0,0.0,0.0,0.0,0.0,0.0,0.5594,0.8392,,,,,,,,,,,,,,,,,,,,,0.0,0.0,,,,,,,,1.0,0.0,28846.0,806.8811,0.357567,408.7552,207.021,17.0,0.4755,10.0,0.2797,3.0,37.0,1.035,16852,12201,341.2867,0.279113,14825.0,,,375.0,329.0,46.0,,,10.4895,3202.0,3510.0,83.0,2967.0,3253.0,72.0,235.0,257.0,11.0,0.0,0.0,0.0,0.0,0.0,0.0,5007.0,5876.0,135.0,4836.0,5441.0,124.0,171.0,435.0,11.0,0.0,2.0,0.0,0.0,1.0,1.0,7313.0,8797.0,191.0,6919.0,8143.0,177.0,394.0,654.0,14.0,0.0,5.0,1.0,0.0,2.0,2.0,9293.0,11039.0,251.0,9015.0,10548.0,243.0,278.0,491.0,8.0,0.0,5.0,1.0,0.0,2.0,2.0
ESPORTSTMNT04_2693256,complete,,EM,2023,Summer,0,2023-08-15 20:34:32,1,13.14,10,Red,sup,Nash,oe:player:6b9f3420febdbc475dd3c1e4e0bcb5e,DSYRE,oe:team:3e3ca0895ded506fd637e723d6ae2a1,Nautilus,LeBlanc,Aatrox,Varus,Trundle,Lillia,,,,,,2145,1,1,4,8,20,10,0.0,0.0,0.0,0.0,0.0,0.0,0.0,0.0,0.5594,0.8392,,,,,,,,,,,,,,,,,,,,,0.0,0.0,,,,,,,,0.0,0.0,3868.0,108.1958,0.0479467,476.6713,613.4825,48.0,1.3427,13.0,0.3636,13.0,104.0,2.9091,8594,3943,110.2937,0.0901949,7485.0,,,40.0,40.0,0.0,,,1.1189,2031.0,2238.0,14.0,1982.0,2549.0,14.0,49.0,-311.0,0.0,0.0,0.0,0.0,0.0,0.0,0.0,3260.0,3978.0,30.0,3246.0,3533.0,25.0,14.0,445.0,5.0,0.0,2.0,1.0,0.0,1.0,1.0,4482.0,5214.0,32.0,4539.0,4871.0,31.0,-57.0,343.0,1.0,1.0,2.0,2.0,0.0,3.0,2.0,5394.0,6447.0,35.0,5521.0,6133.0,34.0,-127.0,314.0,1.0,1.0,2.0,2.0,0.0,3.0,2.0
ESPORTSTMNT04_2693256,complete,,EM,2023,Summer,0,2023-08-15 20:34:32,1,13.14,100,Blue,team,,,Nigma Galaxy,oe:team:c6aa23f2afcbe6fc281c7bb9b96c843,,Maokai,Rakan,Rumble,Jayce,Azir,Rell,Kai'Sa,K'Sante,Syndra,Lee Sin,2145,0,10,20,19,10,20,0.0,0.0,0.0,0.0,0.0,,,,0.2797,0.8392,0.0,1.0,4.0,1.0,4.0,0.0,1.0,0.0,0.0,0.0,0.0,,0.0,0.0,1.0,1.0,1.0,,,0.0,0.0,2.0,1.0,3.0,9.0,1.0,1.0,7.0,2.0,0.0,1.0,82576.0,2309.8182,,3104.1958,3402.8811,113.0,3.1608,52.0,1.4545,36.0,282.0,7.8881,58071,34814,973.8182,,55235.0,-0.0778633,0.05,,885.0,207.0,,,30.5455,15354.0,18715.0,310.0,15092.0,17863.0,301.0,262.0,852.0,9.0,2.0,1.0,2.0,2.0,1.0,2.0,25211.0,29686.0,510.0,23200.0,28868.0,481.0,2011.0,818.0,29.0,4.0,3.0,4.0,4.0,8.0,4.0,34043.0,40232.0,683.0,34072.0,42487.0,681.0,-29.0,-2255.0,2.0,6.0,7.0,9.0,9.0,14.0,6.0,42112.0,50769.0,862.0,41323.0,51212.0,827.0,789.0,-443.0,35.0,6.0,7.0,9.0,9.0,14.0,6.0
ESPORTSTMNT04_2693256,complete,,EM,2023,Summer,0,2023-08-15 20:34:32,1,13.14,200,Red,team,,,DSYRE,oe:team:3e3ca0895ded506fd637e723d6ae2a1,,LeBlanc,Aatrox,Varus,Trundle,Lillia,Jax,Xayah,Sejuani,Nautilus,Ahri,2145,1,20,10,37,20,10,3.0,1.0,0.0,0.0,1.0,,,,0.5594,0.8392,1.0,4.0,1.0,4.0,1.0,0.0,0.0,0.0,3.0,0.0,1.0,,0.0,0.0,0.0,1.0,1.0,,,1.0,2.0,0.0,0.0,9.0,3.0,0.0,0.0,2.0,7.0,1.0,0.0,80673.0,2256.5874,,3234.3217,3169.7622,114.0,3.1888,56.0,1.5664,47.0,305.0,8.5315,66969,43712,1222.7133,,59710.0,0.0778633,-0.05,,877.0,224.0,,,30.7972,15092.0,17863.0,301.0,15354.0,18715.0,310.0,-262.0,-852.0,-9.0,2.0,1.0,2.0,2.0,1.0,2.0,23200.0,28868.0,481.0,25211.0,29686.0,510.0,-2011.0,-818.0,-29.0,4.0,8.0,4.0,4.0,3.0,4.0,34072.0,42487.0,681.0,34043.0,40232.0,683.0,29.0,2255.0,-2.0,9.0,14.0,6.0,6.0,7.0,9.0,41323.0,51212.0,827.0,42112.0,50769.0,862.0,-789.0,443.0,-35.0,9.0,14.0,6.0,6.0,7.0,9.0
ESPORTSTMNT04_2692310,complete,,EM,2023,Summer,0,2023-08-17 15:01:23,1,13.14,1,Blue,top,CPM,oe:player:cbdaba5605992f8e1635ad782152d65,GTZ Esports,oe:team:3659b5cb3434354530c31ce71461fc1,Sion,Aatrox,Tristana,Sejuani,Ivern,Renekton,,,,,,1404,1,0,1,5,15,6,0.0,0.0,0.0,0.0,0.0,0.0,0.0,1.0,0.641,0.8974,,,,,,,,,,,,,,,,,,,,,0.0,0.0,,,,,,,,0.0,0.0,5770.0,246.5812,0.104679,571.8376,922.8205,6.0,0.2564,3.0,0.1282,1.0,14.0,0.5983,7668,4528,193.5043,0.165317,7225.0,,,158.0,158.0,0.0,,,6.7521,2784.0,4003.0,67.0,3454.0,4198.0,71.0,-670.0,-195.0,-4.0,0.0,0.0,1.0,1.0,1.0,0.0,4349.0,6707.0,102.0,5162.0,6766.0,117.0,-813.0,-59.0,-15.0,0.0,0.0,1.0,1.0,1.0,0.0,6000.0,9389.0,140.0,7288.0,9633.0,169.0,-1288.0,-244.0,-29.0,0.0,1.0,1.0,1.0,1.0,1.0,,,,,,,,,,,,,,,
ESPORTSTMNT04_2692310,complete,,EM,2023,Summer,0,2023-08-17 15:01:23,1,13.14,2,Blue,jng,Time,oe:player:550fa477eff3885416f22c0b3f2fc88,GTZ Esports,oe:team:3659b5cb3434354530c31ce71461fc1,Maokai,Aatrox,Tristana,Sejuani,Ivern,Renekton,,,,,,1404,1,3,2,7,15,6,0.0,0.0,0.0,0.0,0.0,0.0,0.0,0.0,0.641,0.8974,,,,,,,,,,,,,,,,,,,,,0.0,0.0,,,,,,,,0.0,0.0,10075.0,430.5556,0.18278,885.812,649.4017,4.0,0.1709,6.0,0.2564,2.0,28.0,1.1966,8094,4954,211.7094,0.18087,7300.0,,,122.0,22.0,100.0,,,5.2137,2623.0,2612.0,49.0,3224.0,3045.0,49.0,-601.0,-433.0,0.0,0.0,0.0,1.0,1.0,1.0,1.0,4678.0,4998.0,81.0,4716.0,5371.0,84.0,-38.0,-373.0,-3.0,2.0,0.0,1.0,1.0,2.0,2.0,6738.0,7479.0,113.0,6454.0,7182.0,109.0,284.0,297.0,4.0,3.0,3.0,2.0,1.0,3.0,2.0,,,,,,,,,,,,,,,
ESPORTSTMNT04_2692310,complete,,EM,2023,Summer,0,2023-08-17 15:01:23,1,13.14,3,Blue,mid,Heroic,oe:player:c71b4244f70372f8be07a3e83c58490,GTZ Esports,oe:team:3659b5cb3434354530c31ce71461fc1,Jayce,Aatrox,Tristana,Sejuani,Ivern,Renekton,,,,,,1404,1,6,2,8,15,6,0.0,0.0,0.0,0.0,0.0,0.0,0.0,0.0,0.641,0.8974,,,,,,,,,,,,,,,,,,,,,0.0,0.0,,,,,,,,0.0,0.0,18861.0,806.0256,0.342175,422.8632,308.9316,8.0,0.3419,3.0,0.1282,1.0,15.0,0.641,10585,7445,318.1624,0.271811,9075.0,,,194.0,180.0,14.0,,,8.2906,3153.0,3852.0,72.0,3119.0,4519.0,72.0,34.0,-667.0,0.0,1.0,0.0,1.0,0.0,2.0,0.0,5190.0,6021.0,109.0,5078.0,6965.0,117.0,112.0,-944.0,-8.0,2.0,2.0,2.0,0.0,3.0,1.0,8232.0,9585.0,169.0,7220.0,9469.0,165.0,1012.0,116.0,4.0,4.0,4.0,2.0,0.0,4.0,3.0,,,,,,,,,,,,,,,
ESPORTSTMNT04_2692310,complete,,EM,2023,Summer,0,2023-08-17 15:01:23,1,13.14,4,Blue,bot,Avra,oe:player:1a38c55db5f8af06ebac94d8530ff71,GTZ Esports,oe:team:3659b5cb3434354530c31ce71461fc1,Varus,Aatrox,Tristana,Sejuani,Ivern,Renekton,,,,,,1404,1,6,1,7,15,6,1.0,1.0,0.0,0.0,0.0,0.0,0.0,0.0,0.641,0.8974,,,,,,,,,,,,,,,,,,,,,1.0,0.0,,,,,,,,1.0,0.0,15726.0,672.0513,0.2853,252.4359,129.7863,10.0,0.4274,6.0,0.2564,3.0,25.0,1.0684,10479,7339,313.6325,0.267942,8235.0,,,194.0,190.0,4.0,,,8.2906,2909.0,2813.0,69.0,3122.0,3476.0,85.0,-213.0,-663.0,-16.0,0.0,1.0,0.0,0.0,0.0,0.0,5011.0,4825.0,110.0,5807.0,6025.0,141.0,-796.0,-1200.0,-31.0,1.0,3.0,1.0,2.0,0.0,1.0,7758.0,7314.0,170.0,7875.0,7896.0,189.0,-117.0,-582.0,-19.0,2.0,5.0,1.0,2.0,0.0,1.0,,,,,,,,,,,,,,,
ESPORTSTMNT04_2692310,complete,,EM,2023,Summer,0,2023-08-17 15:01:23,1,13.14,5,Blue,sup,Nightmares,oe:player:fb20df3c2584739649c47e15bdd1e1e,GTZ Esports,oe:team:3659b5cb3434354530c31ce71461fc1,Braum,Aatrox,Tristana,Sejuani,Ivern,Renekton,,,,,,1404,1,0,0,12,15,6,0.0,0.0,0.0,0.0,0.0,0.0,0.0,0.0,0.641,0.8974,,,,,,,,,,,,,,,,,,,,,0.0,0.0,,,,,,,,0.0,0.0,4689.0,200.3846,0.0850674,389.7863,343.8462,27.0,1.1538,4.0,0.1709,9.0,51.0,2.1795,6264,3124,133.5043,0.11406,5125.0,,,28.0,28.0,0.0,,,1.1966,2128.0,2239.0,13.0,2269.0,1840.0,11.0,-141.0,399.0,2.0,0.0,1.0,0.0,1.0,0.0,0.0,3405.0,3670.0,21.0,3476.0,3377.0,20.0,-71.0,293.0,1.0,0.0,4.0,0.0,1.0,2.0,1.0,4816.0,5874.0,27.0,5080.0,4957.0,26.0,-264.0,917.0,1.0,0.0,6.0,0.0,2.0,2.0,2.0,,,,,,,,,,,,,,,
ESPORTSTMNT04_2692310,complete,,EM,2023,Summer,0,2023-08-17 15:01:23,1,13.14,6,Red,top,Robocop,oe:player:bf0fcdb863d11c4f6e7802f434de734,Entropiq,oe:team:06554c70cfe8a6be14b004b3c18abe6,K'Sante,Ornn,Kindred,Azir,Alistar,Malphite,,,,,,1404,0,1,2,1,6,15,0.0,0.0,0.0,0.0,1.0,1.0,0.0,0.0,0.2564,0.8974,,,,,,,,,,,,,,,,,,,,,0.0,0.0,,,,,,,,0.0,0.0,7969.0,340.5556,0.216608,666.7521,844.359,12.0,0.5128,1.0,0.0427,4.0,24.0,1.0256,7961,4821,206.0256,0.212135,7600.0,,,176.0,176.0,0.0,,,7.5214,3454.0,4198.0,71.0,2784.0,4003.0,67.0,670.0,195.0,4.0,1.0,1.0,0.0,0.0,0.0,1.0,5162.0,6766.0,117.0,4349.0,6707.0,102.0,813.0,59.0,15.0,1.0,1.0,0.0,0.0,0.0,1.0,7288.0,9633.0,169.0,6000.0,9389.0,140.0,1288.0,244.0,29.0,1.0,1.0,1.0,0.0,1.0,1.0,,,,,,,,,,,,,,,
ESPORTSTMNT04_2692310,complete,,EM,2023,Summer,0,2023-08-17 15:01:23,1,13.14,7,Red,jng,Zicssi,oe:player:060e16e1c91434827c294bac52e8b47,Entropiq,oe:team:06554c70cfe8a6be14b004b3c18abe6,Rell,Ornn,Kindred,Azir,Alistar,Malphite,,,,,,1404,0,1,4,3,6,15,0.0,0.0,0.0,0.0,0.0,0.0,0.0,0.0,0.2564,0.8974,,,,,,,,,,,,,,,,,,,,,0.0,0.0,,,,,,,,0.0,0.0,4461.0,190.641,0.121256,732.1368,1136.3675,6.0,0.2564,5.0,0.2137,5.0,25.0,1.0684,7313,4173,178.3333,0.183623,6975.0,,,128.0,15.0,113.0,,,5.4701,3224.0,3045.0,49.0,2623.0,2612.0,49.0,601.0,433.0,0.0,1.0,1.0,1.0,0.0,0.0,1.0,4716.0,5371.0,84.0,4678.0,4998.0,81.0,38.0,373.0,3.0,1.0,2.0,2.0,2.0,0.0,1.0,6454.0,7182.0,109.0,6738.0,7479.0,113.0,-284.0,-297.0,-4.0,1.0,3.0,2.0,3.0,3.0,2.0,,,,,,,,,,,,,,,
ESPORTSTMNT04_2692310,complete,,EM,2023,Summer,0,2023-08-17 15:01:23,1,13.14,8,Red,mid,Jackies,oe:player:204746c853a12888ad72d8035cdf8c7,Entropiq,oe:team:06554c70cfe8a6be14b004b3c18abe6,Yone,Ornn,Kindred,Azir,Alistar,Malphite,,,,,,1404,0,0,5,4,6,15,0.0,0.0,0.0,0.0,0.0,0.0,0.0,0.0,0.2564,0.8974,,,,,,,,,,,,,,,,,,,,,0.0,0.0,,,,,,,,0.0,0.0,11236.0,480.1709,0.305409,690.7265,593.9316,9.0,0.3846,1.0,0.0427,3.0,14.0,0.5983,8485,5345,228.4188,0.235191,8275.0,,,175.0,173.0,2.0,,,7.4786,3119.0,4519.0,72.0,3153.0,3852.0,72.0,-34.0,667.0,0.0,0.0,2.0,0.0,1.0,0.0,1.0,5078.0,6965.0,117.0,5190.0,6021.0,109.0,-112.0,944.0,8.0,0.0,3.0,1.0,2.0,2.0,2.0,7220.0,9469.0,165.0,8232.0,9585.0,169.0,-1012.0,-116.0,-4.0,0.0,4.0,3.0,4.0,4.0,2.0,,,,,,,,,,,,,,,
ESPORTSTMNT04_2692310,complete,,EM,2023,Summer,0,2023-08-17 15:01:23,1,13.14,9,Red,bot,Khantos,oe:player:58cff57941b3605087bb9208b3d76d0,Entropiq,oe:team:06554c70cfe8a6be14b004b3c18abe6,Kai'Sa,Ornn,Kindred,Azir,Alistar,Malphite,,,,,,1404,0,2,1,0,6,15,0.0,0.0,0.0,0.0,0.0,0.0,0.0,0.0,0.2564,0.8974,,,,,,,,,,,,,,,,,,,,,0.0,1.0,,,,,,,,0.0,1.0,10919.0,466.6239,0.296793,345.9829,191.3248,11.0,0.4701,4.0,0.1709,4.0,23.0,0.9829,9025,5885,251.4957,0.258951,8735.0,,,220.0,216.0,4.0,,,9.4017,3122.0,3476.0,85.0,2909.0,2813.0,69.0,213.0,663.0,16.0,0.0,0.0,0.0,0.0,1.0,0.0,5807.0,6025.0,141.0,5011.0,4825.0,110.0,796.0,1200.0,31.0,2.0,0.0,1.0,1.0,3.0,1.0,7875.0,7896.0,189.0,7758.0,7314.0,170.0,117.0,582.0,19.0,2.0,0.0,1.0,2.0,5.0,1.0,,,,,,,,,,,,,,,
ESPORTSTMNT04_2692310,complete,,EM,2023,Summer,0,2023-08-17 15:01:23,1,13.14,10,Red,sup,denyk,oe:player:9adc23fff49c05d7b22cfd79ca1841d,Entropiq,oe:team:06554c70cfe8a6be14b004b3c18abe6,Rakan,Ornn,Kindred,Azir,Alistar,Malphite,,,,,,1404,0,2,3,2,6,15,0.0,0.0,0.0,0.0,0.0,0.0,0.0,0.0,0.2564,0.8974,,,,,,,,,,,,,,,,,,,,,0.0,0.0,,,,,,,,0.0,0.0,2205.0,94.2308,0.0599348,410.1709,393.2906,33.0,1.4103,3.0,0.1282,9.0,62.0,2.6496,5642,2502,106.9231,0.110099,5225.0,,,26.0,26.0,0.0,,,1.1111,2269.0,1840.0,11.0,2128.0,2239.0,13.0,141.0,-399.0,-2.0,1.0,0.0,0.0,0.0,1.0,0.0,3476.0,3377.0,20.0,3405.0,3670.0,21.0,71.0,-293.0,-1.0,1.0,2.0,1.0,0.0,4.0,0.0,5080.0,4957.0,26.0,4816.0,5874.0,27.0,264.0,-917.0,-1.0,2.0,2.0,2.0,0.0,6.0,0.0,,,,,,,,,,,,,,,
ESPORTSTMNT04_2692310,complete,,EM,2023,Summer,0,2023-08-17 15:01:23,1,13.14,100,Blue,team,,,GTZ Esports,oe:team:3659b5cb3434354530c31ce71461fc1,,Aatrox,Tristana,Sejuani,Ivern,Renekton,Maokai,Jayce,Varus,Sion,Braum,1404,1,15,6,39,15,6,1.0,1.0,0.0,0.0,0.0,,,,0.641,0.8974,1.0,3.0,0.0,3.0,0.0,0.0,0.0,1.0,0.0,1.0,1.0,,0.0,0.0,0.0,0.0,2.0,,,1.0,1.0,0.0,1.0,6.0,4.0,1.0,0.0,5.0,5.0,1.0,0.0,55121.0,2355.5983,,2522.735,2354.7863,55.0,2.3504,22.0,0.9402,16.0,133.0,5.6838,43090,27391,1170.5556,,36960.0,0.00406669,-0.87,,578.0,118.0,,,29.7436,13597.0,15519.0,270.0,15188.0,17078.0,288.0,-1591.0,-1559.0,-18.0,1.0,2.0,3.0,3.0,4.0,1.0,22633.0,26221.0,423.0,24239.0,28504.0,479.0,-1606.0,-2283.0,-56.0,5.0,9.0,5.0,5.0,8.0,5.0,33544.0,39641.0,619.0,33917.0,39137.0,658.0,-373.0,504.0,-39.0,9.0,19.0,6.0,6.0,10.0,9.0,,,,,,,,,,,,,,,
ESPORTSTMNT04_2692310,complete,,EM,2023,Summer,0,2023-08-17 15:01:23,1,13.14,200,Red,team,,,Entropiq,oe:team:06554c70cfe8a6be14b004b3c18abe6,,Ornn,Kindred,Azir,Alistar,Malphite,Rell,Kai'Sa,Yone,K'Sante,Rakan,1404,0,6,15,10,6,15,0.0,0.0,0.0,0.0,1.0,,,,0.2564,0.8974,0.0,0.0,3.0,0.0,3.0,0.0,0.0,0.0,0.0,0.0,0.0,,0.0,0.0,1.0,2.0,0.0,,,0.0,0.0,1.0,0.0,4.0,6.0,0.0,1.0,5.0,5.0,0.0,1.0,36790.0,1572.2222,,2845.7692,3159.2735,71.0,3.0342,14.0,0.5983,25.0,148.0,6.3248,38426,22727,971.2393,,36810.0,-0.00406669,0.87,,606.0,119.0,,,30.9829,15188.0,17078.0,288.0,13597.0,15519.0,270.0,1591.0,1559.0,18.0,3.0,4.0,1.0,1.0,2.0,3.0,24239.0,28504.0,479.0,22633.0,26221.0,423.0,1606.0,2283.0,56.0,5.0,8.0,5.0,5.0,9.0,5.0,33917.0,39137.0,658.0,33544.0,39641.0,619.0,373.0,-504.0,39.0,6.0,10.0,9.0,9.0,19.0,6.0,,,,,,,,,,,,,,,
ESPORTSTMNT04_2692309,complete,,EM,2023,Summer,0,2023-08-17 15:02:41,1,13.14,1,Blue,top,Ragner,oe:player:c0f78343a2ad4ba1463245d53a3b440,Team GO,oe:team:8d538207b9de9d20e1a525aae593515,Rumble,Xayah,Poppy,Rell,K'Sante,Renekton,,,,,,3056,1,5,2,11,17,14,1.0,0.0,0.0,0.0,0.0,0.0,0.0,0.0,0.3338,0.6086,,,,,,,,,,,,,,,,,,,,,0.0,0.0,,,,,,,,0.0,1.0,44744.0,878.4817,0.319092,513.2592,546.8325,22.0,0.4319,7.0,0.1374,3.0,53.0,1.0406,20138,13628,267.5654,0.241105,18325.0,,,388.0,358.0,30.0,,,7.6178,3419.0,5082.0,96.0,3088.0,5020.0,77.0,331.0,62.0,19.0,0.0,0.0,0.0,0.0,0.0,0.0,5132.0,7878.0,141.0,4851.0,8055.0,129.0,281.0,-177.0,12.0,0.0,1.0,0.0,0.0,0.0,1.0,6670.0,10015.0,173.0,6806.0,10944.0,185.0,-136.0,-929.0,-12.0,0.0,2.0,0.0,0.0,0.0,1.0,7523.0,10654.0,179.0,9906.0,14141.0,213.0,-2383.0,-3487.0,-34.0,0.0,2.0,1.0,3.0,1.0,1.0
ESPORTSTMNT04_2692309,complete,,EM,2023,Summer,0,2023-08-17 15:02:41,1,13.14,2,Blue,jng,Lyncas,oe:player:ca9701f085966dfca32e31b1b1e9d55,Team GO,oe:team:8d538207b9de9d20e1a525aae593515,Maokai,Xayah,Poppy,Rell,K'Sante,Renekton,,,,,,3056,1,0,4,11,17,14,0.0,0.0,0.0,0.0,0.0,0.0,0.0,1.0,0.3338,0.6086,,,,,,,,,,,,,,,,,,,,,2.0,2.0,,,,,,,,0.0,0.0,13422.0,263.5209,0.095719,1018.0366,1350.962,16.0,0.3141,14.0,0.2749,16.0,65.0,1.2762,12899,6389,125.4385,0.113035,11775.0,,,191.0,43.0,148.0,,,3.75,2929.0,3153.0,61.0,3227.0,3467.0,64.0,-298.0,-314.0,-3.0,0.0,0.0,0.0,0.0,0.0,0.0,4046.0,4467.0,82.0,4898.0,5575.0,100.0,-852.0,-1108.0,-18.0,0.0,0.0,1.0,0.0,1.0,0.0,5675.0,7222.0,114.0,6500.0,7767.0,140.0,-825.0,-545.0,-26.0,0.0,1.0,1.0,0.0,1.0,0.0,6657.0,8055.0,126.0,8721.0,11064.0,175.0,-2064.0,-3009.0,-49.0,0.0,1.0,2.0,0.0,6.0,0.0
ESPORTSTMNT04_2692309,complete,,EM,2023,Summer,0,2023-08-17 15:02:41,1,13.14,3,Blue,mid,Toucouille,oe:player:525ac233cf71bc36a611e27a324144f,Team GO,oe:team:8d538207b9de9d20e1a525aae593515,Tristana,Xayah,Poppy,Rell,K'Sante,Renekton,,,,,,3056,1,3,3,9,17,14,0.0,0.0,0.0,0.0,0.0,0.0,0.0,0.0,0.3338,0.6086,,,,,,,,,,,,,,,,,,,,,0.0,0.0,,,,,,,,0.0,0.0,30306.0,595.0131,0.216127,401.2893,450.6283,27.0,0.5301,11.0,0.216,9.0,59.0,1.1584,20951,14441,283.5275,0.255488,19225.0,,,473.0,439.0,34.0,,,9.2866,3338.0,5150.0,94.0,3405.0,4942.0,96.0,-67.0,208.0,-2.0,0.0,0.0,0.0,0.0,0.0,0.0,5408.0,8413.0,167.0,5454.0,7868.0,151.0,-46.0,545.0,16.0,0.0,0.0,0.0,0.0,1.0,0.0,8165.0,11929.0,234.0,6936.0,9617.0,187.0,1229.0,2312.0,47.0,1.0,0.0,0.0,0.0,1.0,1.0,9262.0,12988.0,253.0,9910.0,12707.0,224.0,-648.0,281.0,29.0,1.0,0.0,1.0,2.0,3.0,1.0
ESPORTSTMNT04_2692309,complete,,EM,2023,Summer,0,2023-08-17 15:02:41,1,13.14,4,Blue,bot,Jezu,oe:player:4817d93e8f26002377aec42233b3fc2,Team GO,oe:team:8d538207b9de9d20e1a525aae593515,Vayne,Xayah,Poppy,Rell,K'Sante,Renekton,,,,,,3056,1,9,0,6,17,14,1.0,1.0,0.0,0.0,0.0,0.0,0.0,0.0,0.3338,0.6086,,,,,,,,,,,,,,,,,,,,,0.0,0.0,,,,,,,,1.0,2.0,44721.0,878.0301,0.318928,687.2906,385.3076,23.0,0.4516,27.0,0.5301,7.0,81.0,1.5903,24139,17629,346.1191,0.311889,22108.0,,,473.0,424.0,49.0,,,9.2866,3324.0,2954.0,86.0,3067.0,2696.0,74.0,257.0,258.0,12.0,0.0,0.0,0.0,0.0,0.0,0.0,5389.0,5863.0,141.0,5526.0,4884.0,120.0,-137.0,979.0,21.0,1.0,0.0,0.0,1.0,0.0,0.0,7849.0,8266.0,205.0,7645.0,7236.0,170.0,204.0,1030.0,35.0,1.0,0.0,0.0,1.0,0.0,0.0,9834.0,10553.0,262.0,10369.0,10168.0,208.0,-535.0,385.0,54.0,1.0,0.0,0.0,1.0,5.0,0.0
ESPORTSTMNT04_2692309,complete,,EM,2023,Summer,0,2023-08-17 15:02:41,1,13.14,5,Blue,sup,kamilius,oe:player:7aa0aebd379414d25f1fcdc396407f1,Team GO,oe:team:8d538207b9de9d20e1a525aae593515,Alistar,Xayah,Poppy,Rell,K'Sante,Renekton,,,,,,3056,1,0,5,14,17,14,0.0,0.0,0.0,0.0,0.0,0.0,0.0,0.0,0.3338,0.6086,,,,,,,,,,,,,,,,,,,,,0.0,0.0,,,,,,,,0.0,0.0,7030.0,138.0236,0.0501344,683.5602,1152.7421,97.0,1.9045,13.0,0.2552,23.0,167.0,3.2788,10946,4436,87.0942,0.078483,9925.0,,,36.0,36.0,0.0,,,0.7068,2209.0,2892.0,14.0,2050.0,2607.0,13.0,159.0,285.0,1.0,0.0,0.0,0.0,0.0,0.0,0.0,3099.0,3759.0,19.0,3053.0,3662.0,19.0,46.0,97.0,0.0,0.0,0.0,0.0,0.0,1.0,0.0,4457.0,5254.0,24.0,4127.0,5093.0,26.0,330.0,161.0,-2.0,0.0,1.0,0.0,0.0,1.0,0.0,5228.0,5875.0,25.0,5717.0,7578.0,31.0,-489.0,-1703.0,-6.0,0.0,1.0,2.0,0.0,4.0,0.0
ESPORTSTMNT04_2692309,complete,,EM,2023,Summer,0,2023-08-17 15:02:41,1,13.14,6,Red,top,Banderas,oe:player:57abe5a8958c15444e9103873f8565a,WLGaming Esports,oe:team:b19ab22267512e77945cd498106dcf1,Aatrox,Kalista,LeBlanc,Ivern,Ornn,Jax,,,,,,3056,0,3,3,8,14,17,0.0,0.0,0.0,0.0,0.0,0.0,0.0,0.0,0.2749,0.6086,,,,,,,,,,,,,,,,,,,,,0.0,0.0,,,,,,,,1.0,0.0,21618.0,424.4372,0.174069,875.0262,893.5602,8.0,0.1571,22.0,0.4319,2.0,68.0,1.3351,20785,14275,280.2683,0.246677,21170.0,,,435.0,379.0,56.0,,,8.5406,3088.0,5020.0,77.0,3419.0,5082.0,96.0,-331.0,-62.0,-19.0,0.0,0.0,0.0,0.0,0.0,0.0,4851.0,8055.0,129.0,5132.0,7878.0,141.0,-281.0,177.0,-12.0,0.0,0.0,1.0,0.0,1.0,0.0,6806.0,10944.0,185.0,6670.0,10015.0,173.0,136.0,929.0,12.0,0.0,0.0,1.0,0.0,2.0,0.0,9906.0,14141.0,213.0,7523.0,10654.0,179.0,2383.0,3487.0,34.0,3.0,1.0,1.0,0.0,2.0,1.0
ESPORTSTMNT04_2692309,complete,,EM,2023,Summer,0,2023-08-17 15:02:41,1,13.14,7,Red,jng,Bruness,oe:player:7471c21aed615dae3e49140eca8ce89,WLGaming Esports,oe:team:b19ab22267512e77945cd498106dcf1,Sejuani,Kalista,LeBlanc,Ivern,Ornn,Jax,,,,,,3056,0,0,3,12,14,17,0.0,0.0,0.0,0.0,1.0,0.0,1.0,0.0,0.2749,0.6086,,,,,,,,,,,,,,,,,,,,,2.0,2.0,,,,,,,,0.0,0.0,11467.0,225.1374,0.0923328,840.4908,1802.3364,15.0,0.2945,20.0,0.3927,15.0,76.0,1.4921,15721,9211,180.8442,0.15917,15225.0,,,287.0,53.0,234.0,,,5.6348,3227.0,3467.0,64.0,2929.0,3153.0,61.0,298.0,314.0,3.0,0.0,0.0,0.0,0.0,0.0,0.0,4898.0,5575.0,100.0,4046.0,4467.0,82.0,852.0,1108.0,18.0,0.0,1.0,0.0,0.0,0.0,1.0,6500.0,7767.0,140.0,5675.0,7222.0,114.0,825.0,545.0,26.0,0.0,1.0,0.0,0.0,1.0,1.0,8721.0,11064.0,175.0,6657.0,8055.0,126.0,2064.0,3009.0,49.0,0.0,6.0,0.0,0.0,1.0,2.0
ESPORTSTMNT04_2692309,complete,,EM,2023,Summer,0,2023-08-17 15:02:41,1,13.14,8,Red,mid,ESCIK,oe:player:7e33124e33721ef8f70d2dd843b57da,WLGaming Esports,oe:team:b19ab22267512e77945cd498106dcf1,Ahri,Kalista,LeBlanc,Ivern,Ornn,Jax,,,,,,3056,0,3,4,7,14,17,0.0,0.0,0.0,0.0,1.0,0.0,1.0,0.0,0.2749,0.6086,,,,,,,,,,,,,,,,,,,,,0.0,0.0,,,,,,,,0.0,0.0,25770.0,505.9555,0.207501,474.9346,323.2068,38.0,0.7461,17.0,0.3338,11.0,88.0,1.7277,18955,12445,244.339,0.215054,18525.0,,,392.0,371.0,21.0,,,7.6963,3405.0,4942.0,96.0,3338.0,5150.0,94.0,67.0,-208.0,2.0,0.0,0.0,0.0,0.0,0.0,0.0,5454.0,7868.0,151.0,5408.0,8413.0,167.0,46.0,-545.0,-16.0,0.0,1.0,0.0,0.0,0.0,0.0,6936.0,9617.0,187.0,8165.0,11929.0,234.0,-1229.0,-2312.0,-47.0,0.0,1.0,1.0,1.0,0.0,0.0,9910.0,12707.0,224.0,9262.0,12988.0,253.0,648.0,-281.0,-29.0,2.0,3.0,1.0,1.0,0.0,1.0
ESPORTSTMNT04_2692309,complete,,EM,2023,Summer,0,2023-08-17 15:02:41,1,13.14,9,Red,bot,Woolite,oe:player:40fa7615556f33971d67c95a702fbcc,WLGaming Esports,oe:team:b19ab22267512e77945cd498106dcf1,Kai'Sa,Kalista,LeBlanc,Ivern,Ornn,Jax,,,,,,3056,0,8,2,6,14,17,1.0,1.0,0.0,0.0,1.0,1.0,0.0,0.0,0.2749,0.6086,,,,,,,,,,,,,,,,,,,,,0.0,0.0,,,,,,,,2.0,1.0,60551.0,1188.8285,0.48756,524.3325,367.9123,20.0,0.3927,19.0,0.373,3.0,65.0,1.2762,24199,17689,347.2971,0.305672,22725.0,,,441.0,367.0,74.0,,,8.6584,3067.0,2696.0,74.0,3324.0,2954.0,86.0,-257.0,-258.0,-12.0,0.0,0.0,0.0,0.0,0.0,0.0,5526.0,4884.0,120.0,5389.0,5863.0,141.0,137.0,-979.0,-21.0,1.0,0.0,0.0,1.0,0.0,0.0,7645.0,7236.0,170.0,7849.0,8266.0,205.0,-204.0,-1030.0,-35.0,1.0,0.0,0.0,1.0,0.0,0.0,10369.0,10168.0,208.0,9834.0,10553.0,262.0,535.0,-385.0,-54.0,1.0,5.0,0.0,1.0,0.0,0.0
ESPORTSTMNT04_2692309,complete,,EM,2023,Summer,0,2023-08-17 15:02:41,1,13.14,10,Red,sup,Bananitoo,oe:player:148e116847c069d852ad0696d4180fe,WLGaming Esports,oe:team:b19ab22267512e77945cd498106dcf1,Nautilus,Kalista,LeBlanc,Ivern,Ornn,Jax,,,,,,3056,0,0,5,10,14,17,0.0,0.0,0.0,0.0,1.0,0.0,1.0,0.0,0.2749,0.6086,,,,,,,,,,,,,,,,,,,,,0.0,0.0,,,,,,,,0.0,0.0,4786.0,93.966,0.0385371,637.873,913.3901,77.0,1.5118,10.0,0.1963,15.0,156.0,3.0628,10759,4249,83.4228,0.0734262,10275.0,,,34.0,34.0,0.0,,,0.6675,2050.0,2607.0,13.0,2209.0,2892.0,14.0,-159.0,-285.0,-1.0,0.0,0.0,0.0,0.0,0.0,0.0,3053.0,3662.0,19.0,3099.0,3759.0,19.0,-46.0,-97.0,0.0,0.0,1.0,0.0,0.0,0.0,0.0,4127.0,5093.0,26.0,4457.0,5254.0,24.0,-330.0,-161.0,2.0,0.0,1.0,0.0,0.0,1.0,0.0,5717.0,7578.0,31.0,5228.0,5875.0,25.0,489.0,1703.0,6.0,0.0,4.0,0.0,0.0,1.0,2.0
ESPORTSTMNT04_2692309,complete,,EM,2023,Summer,0,2023-08-17 15:02:41,1,13.14,100,Blue,team,,,Team GO,oe:team:8d538207b9de9d20e1a525aae593515,,Xayah,Poppy,Rell,K'Sante,Renekton,Maokai,Alistar,Tristana,Rumble,Vayne,3056,1,17,14,51,17,14,2.0,1.0,0.0,0.0,0.0,,,,0.3338,0.6086,1.0,4.0,3.0,4.0,2.0,0.0,0.0,3.0,0.0,1.0,0.0,,0.0,1.0,0.0,1.0,1.0,,,0.0,2.0,2.0,1.0,9.0,8.0,1.0,1.0,2.0,2.0,1.0,3.0,140223.0,2753.0694,,3303.4359,3886.4725,185.0,3.6322,72.0,1.4136,58.0,425.0,8.3442,89073,56524,1109.7644,,81358.0,-0.0775293,-0.7,,1300.0,261.0,,,30.6479,15219.0,19231.0,351.0,14837.0,18732.0,324.0,382.0,499.0,27.0,0.0,0.0,0.0,0.0,0.0,0.0,23074.0,30380.0,550.0,23782.0,30044.0,519.0,-708.0,336.0,31.0,1.0,1.0,1.0,1.0,3.0,1.0,32816.0,42686.0,750.0,32014.0,40657.0,708.0,802.0,2029.0,42.0,2.0,4.0,1.0,1.0,3.0,2.0,38504.0,48125.0,845.0,44623.0,55658.0,851.0,-6119.0,-7533.0,-6.0,2.0,4.0,6.0,6.0,19.0,2.0
ESPORTSTMNT04_2692309,complete,,EM,2023,Summer,0,2023-08-17 15:02:41,1,13.14,200,Red,team,,,WLGaming Esports,oe:team:b19ab22267512e77945cd498106dcf1,,Kalista,LeBlanc,Ivern,Ornn,Jax,Sejuani,Kai'Sa,Ahri,Nautilus,Aatrox,3056,0,14,17,43,14,17,1.0,1.0,0.0,0.0,1.0,,,,0.2749,0.6086,0.0,3.0,4.0,2.0,4.0,0.0,1.0,1.0,0.0,0.0,0.0,,1.0,0.0,1.0,1.0,1.0,,,1.0,2.0,2.0,0.0,8.0,9.0,0.0,0.0,2.0,2.0,3.0,1.0,124192.0,2438.3246,,3352.6571,4300.4058,158.0,3.1021,88.0,1.7277,46.0,453.0,8.894,90419,57870,1136.1911,,87920.0,0.0775293,0.7,,1204.0,385.0,,,31.1976,14837.0,18732.0,324.0,15219.0,19231.0,351.0,-382.0,-499.0,-27.0,0.0,0.0,0.0,0.0,0.0,0.0,23782.0,30044.0,519.0,23074.0,30380.0,550.0,708.0,-336.0,-31.0,1.0,3.0,1.0,1.0,1.0,1.0,32014.0,40657.0,708.0,32816.0,42686.0,750.0,-802.0,-2029.0,-42.0,1.0,3.0,2.0,2.0,4.0,1.0,44623.0,55658.0,851.0,38504.0,48125.0,845.0,6119.0,7533.0,6.0,6.0,19.0,2.0,2.0,4.0,6.0
ESPORTSTMNT04_2693278,complete,,EM,2023,Summer,0,2023-08-17 15:48:33,2,13.14,1,Blue,top,Robocop,oe:player:bf0fcdb863d11c4f6e7802f434de734,Entropiq,oe:team:06554c70cfe8a6be14b004b3c18abe6,Renekton,Ornn,Kindred,Azir,Viego,Nocturne,,,,,,1873,0,0,4,1,2,15,0.0,0.0,0.0,0.0,0.0,0.0,0.0,0.0,0.0641,0.5446,,,,,,,,,,,,,,,,,,,,,0.0,0.0,,,,,,,,0.0,0.0,6439.0,206.268,0.133208,913.0379,657.3091,18.0,0.5766,4.0,0.1281,8.0,39.0,1.2493,10021,5924,189.7704,0.220689,9800.0,,,240.0,236.0,4.0,,,7.6882,3592.0,5020.0,96.0,3185.0,4440.0,64.0,407.0,580.0,32.0,0.0,0.0,1.0,1.0,0.0,0.0,5329.0,7699.0,151.0,5373.0,7645.0,121.0,-44.0,54.0,30.0,0.0,0.0,1.0,1.0,0.0,0.0,7311.0,10010.0,198.0,7003.0,9712.0,157.0,308.0,298.0,41.0,0.0,0.0,1.0,1.0,0.0,0.0,8478.0,10601.0,211.0,8487.0,11276.0,169.0,-9.0,-675.0,42.0,0.0,0.0,3.0,1.0,6.0,0.0
ESPORTSTMNT04_2693278,complete,,EM,2023,Summer,0,2023-08-17 15:48:33,2,13.14,2,Blue,jng,Zicssi,oe:player:060e16e1c91434827c294bac52e8b47,Entropiq,oe:team:06554c70cfe8a6be14b004b3c18abe6,Sejuani,Ornn,Kindred,Azir,Viego,Nocturne,,,,,,1873,0,1,3,1,2,15,0.0,0.0,0.0,0.0,0.0,0.0,0.0,0.0,0.0641,0.5446,,,,,,,,,,,,,,,,,,,,,0.0,1.0,,,,,,,,0.0,1.0,9255.0,296.4762,0.191464,964.4207,1268.6492,7.0,0.2242,9.0,0.2883,8.0,39.0,1.2493,8952,4855,155.5259,0.180868,9000.0,,,166.0,14.0,152.0,,,5.3177,3536.0,3422.0,64.0,3265.0,3380.0,56.0,271.0,42.0,8.0,1.0,0.0,0.0,0.0,2.0,0.0,4923.0,5504.0,96.0,5075.0,5256.0,86.0,-152.0,248.0,10.0,1.0,0.0,1.0,1.0,2.0,0.0,6333.0,7376.0,125.0,7088.0,7849.0,117.0,-755.0,-473.0,8.0,1.0,0.0,1.0,2.0,2.0,0.0,7503.0,8360.0,143.0,8607.0,9783.0,141.0,-1104.0,-1423.0,2.0,1.0,0.0,2.0,2.0,7.0,0.0
ESPORTSTMNT04_2693278,complete,,EM,2023,Summer,0,2023-08-17 15:48:33,2,13.14,3,Blue,mid,Jackies,oe:player:204746c853a12888ad72d8035cdf8c7,Entropiq,oe:team:06554c70cfe8a6be14b004b3c18abe6,Jayce,Ornn,Kindred,Azir,Viego,Nocturne,,,,,,1873,0,0,3,1,2,15,0.0,0.0,0.0,0.0,0.0,0.0,0.0,0.0,0.0641,0.5446,,,,,,,,,,,,,,,,,,,,,0.0,0.0,,,,,,,,0.0,0.0,11614.0,372.0448,0.240266,499.9573,293.3369,15.0,0.4805,2.0,0.0641,6.0,34.0,1.0892,10287,6190,198.2915,0.230597,10200.0,,,246.0,219.0,27.0,,,7.8804,3152.0,5165.0,81.0,3648.0,4871.0,95.0,-496.0,294.0,-14.0,0.0,0.0,0.0,0.0,1.0,0.0,4907.0,7612.0,130.0,5708.0,7735.0,150.0,-801.0,-123.0,-20.0,0.0,0.0,0.0,0.0,2.0,0.0,6602.0,10104.0,171.0,7869.0,9982.0,195.0,-1267.0,122.0,-24.0,0.0,0.0,1.0,0.0,3.0,0.0,7924.0,11302.0,194.0,9936.0,11877.0,221.0,-2012.0,-575.0,-27.0,0.0,0.0,2.0,2.0,7.0,0.0
ESPORTSTMNT04_2693278,complete,,EM,2023,Summer,0,2023-08-17 15:48:33,2,13.14,4,Blue,bot,Khantos,oe:player:58cff57941b3605087bb9208b3d76d0,Entropiq,oe:team:06554c70cfe8a6be14b004b3c18abe6,Ezreal,Ornn,Kindred,Azir,Viego,Nocturne,,,,,,1873,0,0,1,1,2,15,0.0,0.0,0.0,0.0,0.0,0.0,0.0,0.0,0.0641,0.5446,,,,,,,,,,,,,,,,,,,,,0.0,0.0,,,,,,,,0.0,0.0,17661.0,565.7555,0.365365,365.4138,164.3673,11.0,0.3524,7.0,0.2242,3.0,25.0,0.8009,11654,7557,242.0822,0.281519,10958.0,,,306.0,294.0,12.0,,,9.8025,3476.0,3465.0,91.0,3783.0,2963.0,80.0,-307.0,502.0,11.0,0.0,1.0,0.0,2.0,0.0,1.0,5522.0,5882.0,148.0,5557.0,5225.0,135.0,-35.0,657.0,13.0,0.0,1.0,0.0,2.0,0.0,1.0,7179.0,7930.0,191.0,7500.0,7167.0,176.0,-321.0,763.0,15.0,0.0,1.0,0.0,2.0,0.0,1.0,9232.0,10604.0,247.0,10136.0,10033.0,222.0,-904.0,571.0,25.0,0.0,1.0,0.0,5.0,2.0,1.0
ESPORTSTMNT04_2693278,complete,,EM,2023,Summer,0,2023-08-17 15:48:33,2,13.14,5,Blue,sup,denyk,oe:player:9adc23fff49c05d7b22cfd79ca1841d,Entropiq,oe:team:06554c70cfe8a6be14b004b3c18abe6,Nautilus,Ornn,Kindred,Azir,Viego,Nocturne,,,,,,1873,0,1,4,0,2,15,0.0,0.0,0.0,0.0,0.0,0.0,0.0,1.0,0.0641,0.5446,,,,,,,,,,,,,,,,,,,,,0.0,0.0,,,,,,,,0.0,0.0,3369.0,107.9231,0.0696967,311.5964,376.1773,52.0,1.6658,10.0,0.3203,16.0,95.0,3.0432,6414,2317,74.2232,0.0863269,5700.0,,,38.0,38.0,0.0,,,1.2173,2053.0,2612.0,18.0,2316.0,2357.0,13.0,-263.0,255.0,5.0,0.0,0.0,2.0,0.0,2.0,0.0,3089.0,3553.0,25.0,3508.0,3730.0,22.0,-419.0,-177.0,3.0,0.0,0.0,2.0,0.0,3.0,0.0,4193.0,4462.0,33.0,4755.0,5166.0,28.0,-562.0,-704.0,5.0,0.0,0.0,2.0,0.0,3.0,0.0,5050.0,5120.0,36.0,6133.0,6615.0,30.0,-1083.0,-1495.0,6.0,0.0,0.0,4.0,1.0,8.0,0.0
ESPORTSTMNT04_2693278,complete,,EM,2023,Summer,0,2023-08-17 15:48:33,2,13.14,6,Red,top,CPM,oe:player:cbdaba5605992f8e1635ad782152d65,GTZ Esports,oe:team:3659b5cb3434354530c31ce71461fc1,Malphite,Aatrox,Tristana,Maokai,Kai'Sa,Xayah,,,,,,1873,1,2,0,9,15,2,0.0,0.0,0.0,0.0,0.0,0.0,0.0,0.0,0.4805,0.5446,,,,,,,,,,,,,,,,,,,,,0.0,0.0,,,,,,,,0.0,0.0,13200.0,422.851,0.177027,487.1757,1714.9172,4.0,0.1281,8.0,0.2563,1.0,27.0,0.8649,11666,7569,242.4666,0.205177,10575.0,,,230.0,226.0,4.0,,,7.3679,3185.0,4440.0,64.0,3592.0,5020.0,96.0,-407.0,-580.0,-32.0,1.0,0.0,0.0,0.0,0.0,1.0,5373.0,7645.0,121.0,5329.0,7699.0,151.0,44.0,-54.0,-30.0,1.0,0.0,0.0,0.0,0.0,1.0,7003.0,9712.0,157.0,7311.0,10010.0,198.0,-308.0,-298.0,-41.0,1.0,0.0,0.0,0.0,0.0,1.0,8487.0,11276.0,169.0,8478.0,10601.0,211.0,9.0,675.0,-42.0,1.0,6.0,0.0,0.0,0.0,3.0
ESPORTSTMNT04_2693278,complete,,EM,2023,Summer,0,2023-08-17 15:48:33,2,13.14,7,Red,jng,Time,oe:player:550fa477eff3885416f22c0b3f2fc88,GTZ Esports,oe:team:3659b5cb3434354530c31ce71461fc1,Poppy,Aatrox,Tristana,Maokai,Kai'Sa,Xayah,,,,,,1873,1,2,1,9,15,2,0.0,0.0,0.0,0.0,1.0,0.0,1.0,0.0,0.4805,0.5446,,,,,,,,,,,,,,,,,,,,,1.0,0.0,,,,,,,,1.0,0.0,8954.0,286.834,0.120083,661.5697,1082.7549,8.0,0.2563,15.0,0.4805,7.0,53.0,1.6978,10815,6718,215.2056,0.18211,9850.0,,,177.0,40.0,137.0,,,5.67,3265.0,3380.0,56.0,3536.0,3422.0,64.0,-271.0,-42.0,-8.0,0.0,2.0,0.0,1.0,0.0,0.0,5075.0,5256.0,86.0,4923.0,5504.0,96.0,152.0,-248.0,-10.0,1.0,2.0,0.0,1.0,0.0,1.0,7088.0,7849.0,117.0,6333.0,7376.0,125.0,755.0,473.0,-8.0,2.0,2.0,0.0,1.0,0.0,1.0,8607.0,9783.0,141.0,7503.0,8360.0,143.0,1104.0,1423.0,-2.0,2.0,7.0,0.0,1.0,0.0,2.0
ESPORTSTMNT04_2693278,complete,,EM,2023,Summer,0,2023-08-17 15:48:33,2,13.14,8,Red,mid,Heroic,oe:player:c71b4244f70372f8be07a3e83c58490,GTZ Esports,oe:team:3659b5cb3434354530c31ce71461fc1,Syndra,Aatrox,Tristana,Maokai,Kai'Sa,Xayah,,,,,,1873,1,4,0,9,15,2,1.0,0.0,0.0,0.0,0.0,0.0,0.0,0.0,0.4805,0.5446,,,,,,,,,,,,,,,,,,,,,0.0,0.0,,,,,,,,0.0,0.0,22658.0,725.8302,0.303869,306.0865,191.1159,12.0,0.3844,3.0,0.0961,1.0,27.0,0.8649,13852,9755,312.4933,0.264431,11260.0,,,273.0,261.0,12.0,,,8.7453,3648.0,4871.0,95.0,3152.0,5165.0,81.0,496.0,-294.0,14.0,0.0,1.0,0.0,0.0,0.0,0.0,5708.0,7735.0,150.0,4907.0,7612.0,130.0,801.0,123.0,20.0,0.0,2.0,0.0,0.0,0.0,0.0,7869.0,9982.0,195.0,6602.0,10104.0,171.0,1267.0,-122.0,24.0,0.0,3.0,0.0,0.0,0.0,1.0,9936.0,11877.0,221.0,7924.0,11302.0,194.0,2012.0,575.0,27.0,2.0,7.0,0.0,0.0,0.0,2.0
ESPORTSTMNT04_2693278,complete,,EM,2023,Summer,0,2023-08-17 15:48:33,2,13.14,9,Red,bot,Avra,oe:player:1a38c55db5f8af06ebac94d8530ff71,GTZ Esports,oe:team:3659b5cb3434354530c31ce71461fc1,Varus,Aatrox,Tristana,Maokai,Kai'Sa,Xayah,,,,,,1873,1,6,1,5,15,2,0.0,0.0,0.0,0.0,1.0,1.0,0.0,0.0,0.4805,0.5446,,,,,,,,,,,,,,,,,,,,,0.0,0.0,,,,,,,,0.0,0.0,24014.0,769.2686,0.322055,262.7443,153.3155,18.0,0.5766,14.0,0.4485,7.0,52.0,1.6658,13144,9047,289.8131,0.24524,11325.0,,,266.0,261.0,5.0,,,8.5211,3783.0,2963.0,80.0,3476.0,3465.0,91.0,307.0,-502.0,-11.0,2.0,0.0,1.0,0.0,1.0,0.0,5557.0,5225.0,135.0,5522.0,5882.0,148.0,35.0,-657.0,-13.0,2.0,0.0,1.0,0.0,1.0,0.0,7500.0,7167.0,176.0,7179.0,7930.0,191.0,321.0,-763.0,-15.0,2.0,0.0,1.0,0.0,1.0,0.0,10136.0,10033.0,222.0,9232.0,10604.0,247.0,904.0,-571.0,-25.0,5.0,2.0,1.0,0.0,1.0,0.0
ESPORTSTMNT04_2693278,complete,,EM,2023,Summer,0,2023-08-17 15:48:33,2,13.14,10,Red,sup,Nightmares,oe:player:fb20df3c2584739649c47e15bdd1e1e,GTZ Esports,oe:team:3659b5cb3434354530c31ce71461fc1,Braum,Aatrox,Tristana,Maokai,Kai'Sa,Xayah,,,,,,1873,1,1,0,12,15,2,0.0,0.0,0.0,0.0,1.0,0.0,1.0,0.0,0.4805,0.5446,,,,,,,,,,,,,,,,,,,,,0.0,0.0,,,,,,,,0.0,0.0,5739.0,183.8441,0.0769664,462.4132,608.6172,46.0,1.4736,10.0,0.3203,12.0,97.0,3.1073,7898,3801,121.7619,0.103042,7000.0,,,33.0,33.0,0.0,,,1.0571,2316.0,2357.0,13.0,2053.0,2612.0,18.0,263.0,-255.0,-5.0,0.0,2.0,0.0,0.0,0.0,2.0,3508.0,3730.0,22.0,3089.0,3553.0,25.0,419.0,177.0,-3.0,0.0,3.0,0.0,0.0,0.0,2.0,4755.0,5166.0,28.0,4193.0,4462.0,33.0,562.0,704.0,-5.0,0.0,3.0,0.0,0.0,0.0,2.0,6133.0,6615.0,30.0,5050.0,5120.0,36.0,1083.0,1495.0,-6.0,1.0,8.0,0.0,0.0,0.0,4.0
ESPORTSTMNT04_2693278,complete,,EM,2023,Summer,0,2023-08-17 15:48:33,2,13.14,100,Blue,team,,,Entropiq,oe:team:06554c70cfe8a6be14b004b3c18abe6,,Ornn,Kindred,Azir,Viego,Nocturne,Jayce,Sejuani,Renekton,Ezreal,Nautilus,1873,0,2,15,4,2,15,0.0,0.0,0.0,0.0,0.0,,,,0.0641,0.5446,0.0,0.0,4.0,0.0,4.0,0.0,0.0,0.0,0.0,0.0,0.0,,0.0,0.0,0.0,0.0,2.0,,,0.0,0.0,1.0,0.0,2.0,8.0,0.0,0.0,3.0,5.0,0.0,1.0,48338.0,1548.4677,,3054.4261,2759.8398,103.0,3.2995,32.0,1.0251,41.0,232.0,7.4319,47328,26845,859.9573,,45658.0,-0.0909813,-1.62,,801.0,195.0,,,31.906,15809.0,19684.0,350.0,16197.0,18011.0,308.0,-388.0,1673.0,42.0,1.0,1.0,3.0,3.0,5.0,1.0,23770.0,30250.0,550.0,25221.0,29591.0,514.0,-1451.0,659.0,36.0,1.0,1.0,4.0,4.0,7.0,1.0,31618.0,39882.0,718.0,34215.0,39876.0,673.0,-2597.0,6.0,45.0,1.0,1.0,5.0,5.0,8.0,1.0,38187.0,45987.0,831.0,43299.0,49584.0,783.0,-5112.0,-3597.0,48.0,1.0,1.0,11.0,11.0,30.0,1.0
ESPORTSTMNT04_2693278,complete,,EM,2023,Summer,0,2023-08-17 15:48:33,2,13.14,200,Red,team,,,GTZ Esports,oe:team:3659b5cb3434354530c31ce71461fc1,,Aatrox,Tristana,Maokai,Kai'Sa,Xayah,Varus,Syndra,Malphite,Poppy,Braum,1873,1,15,2,44,15,2,1.0,0.0,0.0,0.0,1.0,,,,0.4805,0.5446,1.0,4.0,0.0,4.0,0.0,2.0,1.0,0.0,1.0,0.0,0.0,,0.0,0.0,1.0,2.0,0.0,,,1.0,1.0,0.0,1.0,8.0,2.0,1.0,1.0,5.0,3.0,1.0,0.0,74565.0,2388.6279,,2179.9893,3750.7208,88.0,2.819,50.0,1.6017,28.0,256.0,8.2007,57375,36892,1181.8046,,50010.0,0.0909813,1.62,,821.0,158.0,,,31.3615,16197.0,18011.0,308.0,15809.0,19684.0,350.0,388.0,-1673.0,-42.0,3.0,5.0,1.0,1.0,1.0,3.0,25221.0,29591.0,514.0,23770.0,30250.0,550.0,1451.0,-659.0,-36.0,4.0,7.0,1.0,1.0,1.0,4.0,34215.0,39876.0,673.0,31618.0,39882.0,718.0,2597.0,-6.0,-45.0,5.0,8.0,1.0,1.0,1.0,5.0,43299.0,49584.0,783.0,38187.0,45987.0,831.0,5112.0,3597.0,-48.0,11.0,30.0,1.0,1.0,1.0,11.0
ESPORTSTMNT04_2692312,complete,,EM,2023,Summer,0,2023-08-17 16:29:44,2,13.14,1,Blue,top,Ragner,oe:player:c0f78343a2ad4ba1463245d53a3b440,Team GO,oe:team:8d538207b9de9d20e1a525aae593515,Aatrox,Poppy,Rell,Xayah,Ahri,K'Sante,,,,,,1499,1,7,2,4,24,11,2.0,0.0,0.0,0.0,0.0,0.0,0.0,0.0,0.9606,1.4009,,,,,,,,,,,,,,,,,,,,,0.0,0.0,,,,,,,,2.0,0.0,20358.0,814.8632,0.262789,718.1187,512.1414,12.0,0.4803,2.0,0.0801,4.0,28.0,1.1207,11940,8606,344.4696,0.225552,11200.0,,,189.0,159.0,30.0,,,7.565,3538.0,4958.0,83.0,3151.0,4524.0,84.0,387.0,434.0,-1.0,0.0,0.0,0.0,0.0,0.0,0.0,5704.0,7418.0,125.0,5046.0,7289.0,129.0,658.0,129.0,-4.0,1.0,1.0,1.0,1.0,1.0,0.0,8453.0,9554.0,152.0,6704.0,9865.0,176.0,1749.0,-311.0,-24.0,3.0,2.0,1.0,1.0,1.0,1.0,11940.0,13680.0,189.0,9638.0,13406.0,215.0,2302.0,274.0,-26.0,7.0,4.0,2.0,3.0,3.0,2.0
ESPORTSTMNT04_2692312,complete,,EM,2023,Summer,0,2023-08-17 16:29:44,2,13.14,2,Blue,jng,Lyncas,oe:player:ca9701f085966dfca32e31b1b1e9d55,Team GO,oe:team:8d538207b9de9d20e1a525aae593515,Maokai,Poppy,Rell,Xayah,Ahri,K'Sante,,,,,,1499,1,3,2,16,24,11,1.0,1.0,0.0,0.0,0.0,0.0,0.0,0.0,0.9606,1.4009,,,,,,,,,,,,,,,,,,,,,0.0,0.0,,,,,,,,0.0,0.0,13149.0,526.3109,0.169732,942.9887,772.9953,13.0,0.5203,4.0,0.1601,4.0,34.0,1.3609,10854,7520,301.0007,0.197091,10150.0,,,111.0,19.0,92.0,,,4.443,4305.0,3028.0,54.0,3766.0,3223.0,63.0,539.0,-195.0,-9.0,3.0,1.0,0.0,2.0,0.0,1.0,6368.0,5333.0,84.0,6060.0,5200.0,87.0,308.0,133.0,-3.0,3.0,5.0,1.0,4.0,2.0,2.0,8548.0,7175.0,98.0,7096.0,6960.0,104.0,1452.0,215.0,-6.0,3.0,7.0,1.0,4.0,2.0,3.0,10854.0,10953.0,111.0,10014.0,9221.0,117.0,840.0,1732.0,-6.0,3.0,16.0,2.0,6.0,4.0,6.0
ESPORTSTMNT04_2692312,complete,,EM,2023,Summer,0,2023-08-17 16:29:44,2,13.14,3,Blue,mid,Toucouille,oe:player:525ac233cf71bc36a611e27a324144f,Team GO,oe:team:8d538207b9de9d20e1a525aae593515,Syndra,Poppy,Rell,Xayah,Ahri,K'Sante,,,,,,1499,1,6,3,6,24,11,0.0,0.0,0.0,0.0,0.0,0.0,0.0,0.0,0.9606,1.4009,,,,,,,,,,,,,,,,,,,,,0.0,0.0,,,,,,,,0.0,0.0,16791.0,672.0881,0.216745,484.8032,256.4109,13.0,0.5203,2.0,0.0801,4.0,26.0,1.0407,11095,7761,310.6471,0.203407,9500.0,,,208.0,208.0,0.0,,,8.3256,3580.0,5174.0,96.0,3030.0,4705.0,81.0,550.0,469.0,15.0,0.0,0.0,0.0,0.0,0.0,0.0,6050.0,7393.0,132.0,5431.0,7730.0,130.0,619.0,-337.0,2.0,4.0,1.0,1.0,1.0,3.0,1.0,9185.0,10655.0,197.0,6754.0,9575.0,167.0,2431.0,1080.0,30.0,5.0,1.0,1.0,1.0,3.0,2.0,11095.0,12826.0,208.0,8715.0,12329.0,204.0,2380.0,497.0,4.0,6.0,6.0,3.0,2.0,5.0,5.0
ESPORTSTMNT04_2692312,complete,,EM,2023,Summer,0,2023-08-17 16:29:44,2,13.14,4,Blue,bot,Jezu,oe:player:4817d93e8f26002377aec42233b3fc2,Team GO,oe:team:8d538207b9de9d20e1a525aae593515,Ashe,Poppy,Rell,Xayah,Ahri,K'Sante,,,,,,1499,1,8,2,10,24,11,1.0,0.0,0.0,0.0,0.0,0.0,0.0,1.0,0.9606,1.4009,,,,,,,,,,,,,,,,,,,,,1.0,0.0,,,,,,,,2.0,0.0,21279.0,851.7278,0.274678,411.7145,251.0073,10.0,0.4003,8.0,0.3202,3.0,34.0,1.3609,13483,10149,406.2308,0.26599,13208.0,,,237.0,222.0,15.0,,,9.4863,3865.0,3290.0,84.0,3431.0,2863.0,72.0,434.0,427.0,12.0,2.0,2.0,1.0,0.0,2.0,1.0,6624.0,6029.0,147.0,5078.0,5056.0,124.0,1546.0,973.0,23.0,2.0,3.0,1.0,0.0,2.0,2.0,9559.0,8616.0,195.0,6550.0,6596.0,160.0,3009.0,2020.0,35.0,3.0,5.0,1.0,0.0,2.0,3.0,13483.0,12667.0,237.0,8838.0,9865.0,208.0,4645.0,2802.0,29.0,8.0,10.0,2.0,0.0,5.0,5.0
ESPORTSTMNT04_2692312,complete,,EM,2023,Summer,0,2023-08-17 16:29:44,2,13.14,5,Blue,sup,kamilius,oe:player:7aa0aebd379414d25f1fcdc396407f1,Team GO,oe:team:8d538207b9de9d20e1a525aae593515,Braum,Poppy,Rell,Xayah,Ahri,K'Sante,,,,,,1499,1,0,2,21,24,11,0.0,0.0,0.0,0.0,0.0,0.0,0.0,0.0,0.9606,1.4009,,,,,,,,,,,,,,,,,,,,,0.0,0.0,,,,,,,,0.0,0.0,5892.0,235.8372,0.0760562,493.529,568.0987,30.0,1.2008,9.0,0.3602,9.0,73.0,2.9219,7453,4119,164.8699,0.10796,6175.0,,,34.0,34.0,0.0,,,1.3609,2544.0,2646.0,15.0,2134.0,2313.0,11.0,410.0,333.0,4.0,0.0,5.0,1.0,0.0,2.0,3.0,3793.0,3911.0,23.0,3215.0,3799.0,19.0,578.0,112.0,4.0,0.0,8.0,2.0,0.0,5.0,5.0,5659.0,5503.0,31.0,4094.0,4857.0,25.0,1565.0,646.0,6.0,0.0,12.0,2.0,0.0,5.0,5.0,7453.0,9170.0,34.0,5169.0,7153.0,30.0,2284.0,2017.0,4.0,0.0,21.0,2.0,0.0,7.0,6.0
ESPORTSTMNT04_2692312,complete,,EM,2023,Summer,0,2023-08-17 16:29:44,2,13.14,6,Red,top,Banderas,oe:player:57abe5a8958c15444e9103873f8565a,WLGaming Esports,oe:team:b19ab22267512e77945cd498106dcf1,Fiora,Kalista,LeBlanc,Ivern,Rumble,Renekton,,,,,,1499,0,3,2,3,11,24,0.0,0.0,0.0,0.0,0.0,0.0,0.0,0.0,0.4403,1.4009,,,,,,,,,,,,,,,,,,,,,0.0,0.0,,,,,,,,0.0,2.0,12963.0,518.8659,0.26259,835.2368,738.2522,7.0,0.2802,1.0,0.04,2.0,16.0,0.6404,9638,6304,252.3282,0.24525,9350.0,,,215.0,211.0,4.0,,,8.6057,3151.0,4524.0,84.0,3538.0,4958.0,83.0,-387.0,-434.0,1.0,0.0,0.0,0.0,0.0,0.0,0.0,5046.0,7289.0,129.0,5704.0,7418.0,125.0,-658.0,-129.0,4.0,1.0,1.0,0.0,1.0,1.0,1.0,6704.0,9865.0,176.0,8453.0,9554.0,152.0,-1749.0,311.0,24.0,1.0,1.0,1.0,3.0,2.0,1.0,9638.0,13406.0,215.0,11940.0,13680.0,189.0,-2302.0,-274.0,26.0,3.0,3.0,2.0,7.0,4.0,2.0
ESPORTSTMNT04_2692312,complete,,EM,2023,Summer,0,2023-08-17 16:29:44,2,13.14,7,Red,jng,Bruness,oe:player:7471c21aed615dae3e49140eca8ce89,WLGaming Esports,oe:team:b19ab22267512e77945cd498106dcf1,Lee Sin,Kalista,LeBlanc,Ivern,Rumble,Renekton,,,,,,1499,0,6,6,4,11,24,1.0,0.0,0.0,0.0,1.0,1.0,0.0,0.0,0.4403,1.4009,,,,,,,,,,,,,,,,,,,,,0.0,0.0,,,,,,,,0.0,0.0,9434.0,377.6117,0.191103,1050.1801,994.463,16.0,0.6404,5.0,0.2001,8.0,32.0,1.2809,10014,6680,267.3783,0.259877,8500.0,,,117.0,13.0,104.0,,,4.6831,3766.0,3223.0,63.0,4305.0,3028.0,54.0,-539.0,195.0,9.0,2.0,0.0,1.0,3.0,1.0,0.0,6060.0,5200.0,87.0,6368.0,5333.0,84.0,-308.0,-133.0,3.0,4.0,2.0,2.0,3.0,5.0,1.0,7096.0,6960.0,104.0,8548.0,7175.0,98.0,-1452.0,-215.0,6.0,4.0,2.0,3.0,3.0,7.0,1.0,10014.0,9221.0,117.0,10854.0,10953.0,111.0,-840.0,-1732.0,6.0,6.0,4.0,6.0,3.0,16.0,2.0
ESPORTSTMNT04_2692312,complete,,EM,2023,Summer,0,2023-08-17 16:29:44,2,13.14,8,Red,mid,ESCIK,oe:player:7e33124e33721ef8f70d2dd843b57da,WLGaming Esports,oe:team:b19ab22267512e77945cd498106dcf1,Azir,Kalista,LeBlanc,Ivern,Rumble,Renekton,,,,,,1499,0,2,5,5,11,24,0.0,0.0,0.0,0.0,0.0,0.0,0.0,0.0,0.4403,1.4009,,,,,,,,,,,,,,,,,,,,,0.0,0.0,,,,,,,,0.0,0.0,11372.0,455.1835,0.230361,655.3569,418.6391,12.0,0.4803,5.0,0.2001,5.0,25.0,1.0007,8715,5381,215.3836,0.209344,8875.0,,,204.0,204.0,0.0,,,8.1654,3030.0,4705.0,81.0,3580.0,5174.0,96.0,-550.0,-469.0,-15.0,0.0,0.0,0.0,0.0,0.0,0.0,5431.0,7730.0,130.0,6050.0,7393.0,132.0,-619.0,337.0,-2.0,1.0,3.0,1.0,4.0,1.0,1.0,6754.0,9575.0,167.0,9185.0,10655.0,197.0,-2431.0,-1080.0,-30.0,1.0,3.0,2.0,5.0,1.0,1.0,8715.0,12329.0,204.0,11095.0,12826.0,208.0,-2380.0,-497.0,-4.0,2.0,5.0,5.0,6.0,6.0,3.0
ESPORTSTMNT04_2692312,complete,,EM,2023,Summer,0,2023-08-17 16:29:44,2,13.14,9,Red,bot,Woolite,oe:player:40fa7615556f33971d67c95a702fbcc,WLGaming Esports,oe:team:b19ab22267512e77945cd498106dcf1,Kai'Sa,Kalista,LeBlanc,Ivern,Rumble,Renekton,,,,,,1499,0,0,5,5,11,24,0.0,0.0,0.0,0.0,1.0,0.0,1.0,0.0,0.4403,1.4009,,,,,,,,,,,,,,,,,,,,,0.0,1.0,,,,,,,,0.0,2.0,12403.0,496.451,0.251246,614.3296,315.8906,9.0,0.3602,6.0,0.2402,2.0,21.0,0.8406,8838,5504,220.3069,0.214129,8700.0,,,208.0,204.0,4.0,,,8.3256,3431.0,2863.0,72.0,3865.0,3290.0,84.0,-434.0,-427.0,-12.0,0.0,2.0,1.0,2.0,2.0,1.0,5078.0,5056.0,124.0,6624.0,6029.0,147.0,-1546.0,-973.0,-23.0,0.0,2.0,2.0,2.0,3.0,1.0,6550.0,6596.0,160.0,9559.0,8616.0,195.0,-3009.0,-2020.0,-35.0,0.0,2.0,3.0,3.0,5.0,1.0,8838.0,9865.0,208.0,13483.0,12667.0,237.0,-4645.0,-2802.0,-29.0,0.0,5.0,5.0,8.0,10.0,2.0
ESPORTSTMNT04_2692312,complete,,EM,2023,Summer,0,2023-08-17 16:29:44,2,13.14,10,Red,sup,Bananitoo,oe:player:148e116847c069d852ad0696d4180fe,WLGaming Esports,oe:team:b19ab22267512e77945cd498106dcf1,Alistar,Kalista,LeBlanc,Ivern,Rumble,Renekton,,,,,,1499,0,0,6,7,11,24,0.0,0.0,0.0,0.0,1.0,0.0,1.0,0.0,0.4403,1.4009,,,,,,,,,,,,,,,,,,,,,0.0,0.0,,,,,,,,0.0,0.0,3194.0,127.8452,0.0647004,788.966,801.5744,20.0,0.8005,3.0,0.1201,8.0,33.0,1.3209,5169,1835,73.449,0.0714007,4725.0,,,30.0,30.0,0.0,,,1.2008,2134.0,2313.0,11.0,2544.0,2646.0,15.0,-410.0,-333.0,-4.0,0.0,2.0,3.0,0.0,5.0,1.0,3215.0,3799.0,19.0,3793.0,3911.0,23.0,-578.0,-112.0,-4.0,0.0,5.0,5.0,0.0,8.0,2.0,4094.0,4857.0,25.0,5659.0,5503.0,31.0,-1565.0,-646.0,-6.0,0.0,5.0,5.0,0.0,12.0,2.0,5169.0,7153.0,30.0,7453.0,9170.0,34.0,-2284.0,-2017.0,-4.0,0.0,7.0,6.0,0.0,21.0,2.0
ESPORTSTMNT04_2692312,complete,,EM,2023,Summer,0,2023-08-17 16:29:44,2,13.14,100,Blue,team,,,Team GO,oe:team:8d538207b9de9d20e1a525aae593515,,Poppy,Rell,Xayah,Ahri,K'Sante,Maokai,Ashe,Braum,Syndra,Aatrox,1499,1,24,11,57,24,11,4.0,1.0,0.0,0.0,0.0,,,,0.9606,1.4009,1.0,2.0,0.0,2.0,0.0,0.0,1.0,0.0,1.0,0.0,0.0,,0.0,0.0,1.0,2.0,0.0,,,1.0,1.0,0.0,1.0,11.0,0.0,1.0,1.0,10.0,3.0,4.0,0.0,77469.0,3100.8272,,3051.1541,2360.6538,78.0,3.1221,25.0,1.0007,24.0,195.0,7.8052,54825,38157,1527.2982,,50233.0,0.223117,4.03,,642.0,137.0,,,31.1808,17832.0,19096.0,332.0,15512.0,17628.0,311.0,2320.0,1468.0,21.0,5.0,8.0,2.0,2.0,4.0,5.0,28539.0,30084.0,511.0,24830.0,29074.0,489.0,3709.0,1010.0,22.0,10.0,18.0,6.0,6.0,13.0,10.0,41404.0,41503.0,673.0,31198.0,37853.0,632.0,10206.0,3650.0,41.0,14.0,27.0,6.0,6.0,13.0,14.0,54825.0,59296.0,779.0,42374.0,51974.0,774.0,12451.0,7322.0,5.0,24.0,57.0,11.0,11.0,24.0,24.0
ESPORTSTMNT04_2692312,complete,,EM,2023,Summer,0,2023-08-17 16:29:44,2,13.14,200,Red,team,,,WLGaming Esports,oe:team:b19ab22267512e77945cd498106dcf1,,Kalista,LeBlanc,Ivern,Rumble,Renekton,Kai'Sa,Alistar,Lee Sin,Azir,Fiora,1499,0,11,24,24,11,24,1.0,0.0,0.0,0.0,1.0,,,,0.4403,1.4009,0.0,0.0,2.0,0.0,2.0,0.0,0.0,0.0,0.0,0.0,0.0,,0.0,0.0,0.0,0.0,2.0,,,0.0,0.0,1.0,0.0,0.0,11.0,0.0,0.0,3.0,10.0,0.0,4.0,49366.0,1975.9573,,3944.0694,3268.8192,64.0,2.5617,20.0,0.8005,25.0,127.0,5.0834,42374,25706,1028.926,,40150.0,-0.223117,-4.03,,662.0,112.0,,,30.9807,15512.0,17628.0,311.0,17832.0,19096.0,332.0,-2320.0,-1468.0,-21.0,2.0,4.0,5.0,5.0,8.0,2.0,24830.0,29074.0,489.0,28539.0,30084.0,511.0,-3709.0,-1010.0,-22.0,6.0,13.0,10.0,10.0,18.0,6.0,31198.0,37853.0,632.0,41404.0,41503.0,673.0,-10206.0,-3650.0,-41.0,6.0,13.0,14.0,14.0,27.0,6.0,42374.0,51974.0,774.0,54825.0,59296.0,779.0,-12451.0,-7322.0,-5.0,11.0,24.0,24.0,24.0,57.0,11.0
ESPORTSTMNT04_2694266,complete,,EM,2023,Summer,0,2023-08-17 18:01:39,1,13.14,1,Blue,top,StarScreen,oe:player:1bc0756ba9102abb5a7cd13d2b618aa,FUT Esports,oe:team:8df5e2c8825f60f136b2cbed5633a81,Aatrox,Xayah,Jax,Maokai,Varus,Lillia,,,,,,1695,1,2,3,5,31,14,0.0,0.0,0.0,0.0,0.0,0.0,0.0,0.0,1.0973,1.5929,,,,,,,,,,,,,,,,,,,,,0.0,0.0,,,,,,,,0.0,0.0,17801.0,630.1239,0.189288,971.646,700.8142,6.0,0.2124,11.0,0.3894,3.0,41.0,1.4513,11275,7542,266.9735,0.184807,9175.0,,,215.0,179.0,36.0,,,7.6106,2933.0,4835.0,71.0,3192.0,4704.0,87.0,-259.0,131.0,-16.0,0.0,0.0,0.0,0.0,0.0,0.0,5664.0,7898.0,120.0,5542.0,7122.0,111.0,122.0,776.0,9.0,1.0,0.0,1.0,2.0,1.0,2.0,8444.0,10612.0,174.0,7920.0,9738.0,159.0,524.0,874.0,15.0,1.0,2.0,2.0,3.0,2.0,3.0,10010.0,12999.0,198.0,10342.0,11819.0,184.0,-332.0,1180.0,14.0,1.0,4.0,3.0,5.0,6.0,3.0
ESPORTSTMNT04_2694266,complete,,EM,2023,Summer,0,2023-08-17 18:01:39,1,13.14,2,Blue,jng,Mojito,oe:player:d92b0904aa4f08f128aa8c6d2775056,FUT Esports,oe:team:8df5e2c8825f60f136b2cbed5633a81,Poppy,Xayah,Jax,Maokai,Varus,Lillia,,,,,,1695,1,5,2,11,31,14,0.0,0.0,0.0,0.0,1.0,0.0,1.0,0.0,1.0973,1.5929,,,,,,,,,,,,,,,,,,,,,1.0,0.0,,,,,,,,0.0,0.0,7688.0,272.1416,0.0817507,836.5664,1174.9027,10.0,0.354,9.0,0.3186,9.0,45.0,1.5929,10218,6485,229.5575,0.158905,9175.0,,,120.0,21.0,99.0,,,4.2478,3990.0,2959.0,46.0,2798.0,2812.0,45.0,1192.0,147.0,1.0,3.0,2.0,0.0,0.0,1.0,3.0,5380.0,4723.0,70.0,4689.0,5007.0,73.0,691.0,-284.0,-3.0,3.0,7.0,0.0,1.0,2.0,4.0,7642.0,7704.0,101.0,6358.0,7005.0,91.0,1284.0,699.0,10.0,4.0,7.0,0.0,2.0,3.0,4.0,9271.0,9930.0,116.0,8361.0,9375.0,108.0,910.0,555.0,8.0,4.0,11.0,2.0,4.0,5.0,6.0
ESPORTSTMNT04_2694266,complete,,EM,2023,Summer,0,2023-08-17 18:01:39,1,13.14,3,Blue,mid,Tempt,oe:player:2861898294dd867b05fd28dca284e57,FUT Esports,oe:team:8df5e2c8825f60f136b2cbed5633a81,LeBlanc,Xayah,Jax,Maokai,Varus,Lillia,,,,,,1695,1,12,1,5,31,14,1.0,1.0,0.0,0.0,0.0,0.0,0.0,0.0,1.0973,1.5929,,,,,,,,,,,,,,,,,,,,,0.0,0.0,,,,,,,,1.0,0.0,38289.0,1355.3628,0.407148,881.9469,461.4159,7.0,0.2478,7.0,0.2478,4.0,29.0,1.0265,14231,10498,371.6106,0.257244,12410.0,,,260.0,252.0,8.0,,,9.2035,3974.0,5209.0,89.0,3812.0,4648.0,88.0,162.0,561.0,1.0,2.0,1.0,0.0,1.0,0.0,2.0,6526.0,8111.0,140.0,6397.0,7479.0,136.0,129.0,632.0,4.0,5.0,2.0,1.0,2.0,1.0,2.0,9592.0,11454.0,188.0,8396.0,9532.0,180.0,1196.0,1922.0,8.0,8.0,2.0,1.0,2.0,2.0,4.0,12294.0,14479.0,224.0,11233.0,12044.0,216.0,1061.0,2435.0,8.0,11.0,4.0,1.0,4.0,6.0,4.0
ESPORTSTMNT04_2694266,complete,,EM,2023,Summer,0,2023-08-17 18:01:39,1,13.14,4,Blue,bot,Kaori,oe:player:c63c7e0755b31f1effbdf2e1f831e7d,FUT Esports,oe:team:8df5e2c8825f60f136b2cbed5633a81,Samira,Xayah,Jax,Maokai,Varus,Lillia,,,,,,1695,1,10,5,11,31,14,2.0,0.0,0.0,0.0,1.0,1.0,0.0,0.0,1.0973,1.5929,,,,,,,,,,,,,,,,,,,,,0.0,0.0,,,,,,,,2.0,0.0,24235.0,857.8761,0.257704,746.9027,372.708,9.0,0.3186,9.0,0.3186,3.0,35.0,1.2389,14552,10819,382.9735,0.26511,12775.0,,,227.0,211.0,16.0,,,8.0354,4834.0,3201.0,68.0,2545.0,2254.0,53.0,2289.0,947.0,15.0,4.0,5.0,1.0,0.0,0.0,4.0,7867.0,5203.0,113.0,3710.0,3221.0,72.0,4157.0,1982.0,41.0,8.0,8.0,3.0,0.0,2.0,7.0,10535.0,7540.0,164.0,5473.0,5703.0,110.0,5062.0,1837.0,54.0,8.0,8.0,3.0,0.0,2.0,7.0,13031.0,9893.0,195.0,6888.0,7726.0,130.0,6143.0,2167.0,65.0,10.0,10.0,5.0,0.0,2.0,8.0
ESPORTSTMNT04_2694266,complete,,EM,2023,Summer,0,2023-08-17 18:01:39,1,13.14,5,Blue,sup,Asper,oe:player:29e873916dcb14c9feb6b85d253cb87,FUT Esports,oe:team:8df5e2c8825f60f136b2cbed5633a81,Rell,Xayah,Jax,Maokai,Varus,Lillia,,,,,,1695,1,2,3,21,31,14,0.0,0.0,0.0,0.0,1.0,0.0,1.0,0.0,1.0973,1.5929,,,,,,,,,,,,,,,,,,,,,0.0,0.0,,,,,,,,0.0,0.0,6029.0,213.4159,0.0641097,588.4248,748.177,36.0,1.2743,11.0,0.3894,13.0,82.0,2.9027,9199,5466,193.4867,0.133935,8535.0,,,39.0,39.0,0.0,,,1.3805,3293.0,2542.0,15.0,2073.0,2248.0,18.0,1220.0,294.0,-3.0,2.0,6.0,0.0,0.0,0.0,2.0,4921.0,4086.0,25.0,3060.0,3357.0,24.0,1861.0,729.0,1.0,2.0,13.0,0.0,0.0,2.0,4.0,6787.0,5420.0,31.0,4440.0,5179.0,34.0,2347.0,241.0,-3.0,2.0,15.0,1.0,0.0,3.0,5.0,8383.0,7684.0,39.0,5662.0,7411.0,37.0,2721.0,273.0,2.0,2.0,19.0,2.0,0.0,9.0,7.0
ESPORTSTMNT04_2694266,complete,,EM,2023,Summer,0,2023-08-17 18:01:39,1,13.14,6,Red,top,Empyros,oe:player:9db3f170213f562a9613fe4f99d7dfa,DSYRE,oe:team:3e3ca0895ded506fd637e723d6ae2a1,Rumble,Kai'Sa,Tristana,Sejuani,Ahri,Azir,,,,,,1695,0,5,3,7,14,31,0.0,0.0,0.0,0.0,0.0,0.0,0.0,0.0,0.4956,1.5929,,,,,,,,,,,,,,,,,,,,,0.0,0.0,,,,,,,,0.0,0.0,26154.0,925.8053,0.319868,669.2389,679.292,12.0,0.4248,2.0,0.0708,4.0,25.0,0.885,11463,7730,273.6283,0.259313,11150.0,,,211.0,203.0,8.0,,,7.469,3192.0,4704.0,87.0,2933.0,4835.0,71.0,259.0,-131.0,16.0,0.0,0.0,0.0,0.0,0.0,0.0,5542.0,7122.0,111.0,5664.0,7898.0,120.0,-122.0,-776.0,-9.0,2.0,1.0,2.0,1.0,0.0,1.0,7920.0,9738.0,159.0,8444.0,10612.0,174.0,-524.0,-874.0,-15.0,3.0,2.0,3.0,1.0,2.0,2.0,10342.0,11819.0,184.0,10010.0,12999.0,198.0,332.0,-1180.0,-14.0,5.0,6.0,3.0,1.0,4.0,3.0
ESPORTSTMNT04_2694266,complete,,EM,2023,Summer,0,2023-08-17 18:01:39,1,13.14,7,Red,jng,Rhilech,oe:player:cbe20c64274a87a21e5bdac1ccc3e77,DSYRE,oe:team:3e3ca0895ded506fd637e723d6ae2a1,Trundle,Kai'Sa,Tristana,Sejuani,Ahri,Azir,,,,,,1695,0,4,7,6,14,31,0.0,0.0,0.0,0.0,0.0,0.0,0.0,0.0,0.4956,1.5929,,,,,,,,,,,,,,,,,,,,,0.0,1.0,,,,,,,,0.0,0.0,15441.0,546.5841,0.188846,1328.8496,1104.4248,6.0,0.2124,6.0,0.2124,6.0,25.0,0.885,9289,5556,196.6726,0.186379,8850.0,,,125.0,21.0,104.0,,,4.4248,2798.0,2812.0,45.0,3990.0,2959.0,46.0,-1192.0,-147.0,-1.0,0.0,1.0,3.0,3.0,2.0,0.0,4689.0,5007.0,73.0,5380.0,4723.0,70.0,-691.0,284.0,3.0,1.0,2.0,4.0,3.0,7.0,0.0,6358.0,7005.0,91.0,7642.0,7704.0,101.0,-1284.0,-699.0,-10.0,2.0,3.0,4.0,4.0,7.0,0.0,8361.0,9375.0,108.0,9271.0,9930.0,116.0,-910.0,-555.0,-8.0,4.0,5.0,6.0,4.0,11.0,2.0
ESPORTSTMNT04_2694266,complete,,EM,2023,Summer,0,2023-08-17 18:01:39,1,13.14,8,Red,mid,XoNix,oe:player:be877a261fb0c3a320db45091bdefec,DSYRE,oe:team:3e3ca0895ded506fd637e723d6ae2a1,Jayce,Kai'Sa,Tristana,Sejuani,Ahri,Azir,,,,,,1695,0,4,6,6,14,31,0.0,0.0,0.0,0.0,0.0,0.0,0.0,0.0,0.4956,1.5929,,,,,,,,,,,,,,,,,,,,,0.0,0.0,,,,,,,,0.0,1.0,25850.0,915.0442,0.31615,684.4248,404.3894,5.0,0.177,4.0,0.1416,1.0,18.0,0.6372,12122,8389,296.9558,0.281421,12075.0,,,230.0,221.0,9.0,,,8.1416,3812.0,4648.0,88.0,3974.0,5209.0,89.0,-162.0,-561.0,-1.0,1.0,0.0,2.0,2.0,1.0,0.0,6397.0,7479.0,136.0,6526.0,8111.0,140.0,-129.0,-632.0,-4.0,2.0,1.0,2.0,5.0,2.0,1.0,8396.0,9532.0,180.0,9592.0,11454.0,188.0,-1196.0,-1922.0,-8.0,2.0,2.0,4.0,8.0,2.0,1.0,11233.0,12044.0,216.0,12294.0,14479.0,224.0,-1061.0,-2435.0,-8.0,4.0,6.0,4.0,11.0,4.0,1.0
ESPORTSTMNT04_2694266,complete,,EM,2023,Summer,0,2023-08-17 18:01:39,1,13.14,9,Red,bot,Aetinoth,oe:player:d47955c8bc06bf316f24ee15d45407b,DSYRE,oe:team:3e3ca0895ded506fd637e723d6ae2a1,Draven,Kai'Sa,Tristana,Sejuani,Ahri,Azir,,,,,,1695,0,1,8,2,14,31,0.0,0.0,0.0,0.0,0.0,0.0,0.0,1.0,0.4956,1.5929,,,,,,,,,,,,,,,,,,,,,0.0,0.0,,,,,,,,0.0,2.0,8979.0,317.8407,0.109815,603.5752,230.8319,10.0,0.354,1.0,0.0354,0.0,14.0,0.4956,9301,5568,197.0973,0.186782,9400.0,,,168.0,168.0,0.0,,,5.9469,2545.0,2254.0,53.0,4834.0,3201.0,68.0,-2289.0,-947.0,-15.0,0.0,0.0,4.0,4.0,5.0,1.0,3710.0,3221.0,72.0,7867.0,5203.0,113.0,-4157.0,-1982.0,-41.0,0.0,2.0,7.0,8.0,8.0,3.0,5473.0,5703.0,110.0,10535.0,7540.0,164.0,-5062.0,-1837.0,-54.0,0.0,2.0,7.0,8.0,8.0,3.0,6888.0,7726.0,130.0,13031.0,9893.0,195.0,-6143.0,-2167.0,-65.0,0.0,2.0,8.0,10.0,10.0,5.0
ESPORTSTMNT04_2694266,complete,,EM,2023,Summer,0,2023-08-17 18:01:39,1,13.14,10,Red,sup,Nash,oe:player:6b9f3420febdbc475dd3c1e4e0bcb5e,DSYRE,oe:team:3e3ca0895ded506fd637e723d6ae2a1,Rakan,Kai'Sa,Tristana,Sejuani,Ahri,Azir,,,,,,1695,0,0,7,10,14,31,0.0,0.0,0.0,0.0,0.0,0.0,0.0,0.0,0.4956,1.5929,,,,,,,,,,,,,,,,,,,,,0.0,0.0,,,,,,,,0.0,0.0,5341.0,189.0619,0.0653213,679.4336,782.1947,49.0,1.7345,11.0,0.3894,8.0,85.0,3.0088,6300,2567,90.8673,0.0861044,6100.0,,,42.0,42.0,0.0,,,1.4867,2073.0,2248.0,18.0,3293.0,2542.0,15.0,-1220.0,-294.0,3.0,0.0,0.0,2.0,2.0,6.0,0.0,3060.0,3357.0,24.0,4921.0,4086.0,25.0,-1861.0,-729.0,-1.0,0.0,2.0,4.0,2.0,13.0,0.0,4440.0,5179.0,34.0,6787.0,5420.0,31.0,-2347.0,-241.0,3.0,0.0,3.0,5.0,2.0,15.0,1.0,5662.0,7411.0,37.0,8383.0,7684.0,39.0,-2721.0,-273.0,-2.0,0.0,9.0,7.0,2.0,19.0,2.0
ESPORTSTMNT04_2694266,complete,,EM,2023,Summer,0,2023-08-17 18:01:39,1,13.14,100,Blue,team,,,FUT Esports,oe:team:8df5e2c8825f60f136b2cbed5633a81,,Xayah,Jax,Maokai,Varus,Lillia,Aatrox,Poppy,Rell,LeBlanc,Samira,1695,1,31,14,53,31,14,3.0,1.0,0.0,0.0,1.0,,,,1.0973,1.5929,1.0,3.0,0.0,3.0,0.0,1.0,0.0,0.0,1.0,1.0,0.0,,0.0,0.0,1.0,2.0,0.0,,,1.0,1.0,0.0,1.0,11.0,1.0,1.0,1.0,11.0,2.0,3.0,0.0,94042.0,3328.9204,,4025.4867,3458.0177,68.0,2.4071,47.0,1.6637,32.0,232.0,8.2124,59475,40808,1444.531,,52070.0,0.0902203,5.37,,702.0,159.0,,,30.4779,19024.0,18746.0,289.0,14420.0,16666.0,291.0,4604.0,2080.0,-2.0,11.0,14.0,1.0,1.0,1.0,11.0,30358.0,30021.0,468.0,23398.0,26186.0,416.0,6960.0,3835.0,52.0,19.0,30.0,5.0,5.0,8.0,19.0,43000.0,42730.0,658.0,32587.0,37157.0,574.0,10413.0,5573.0,84.0,23.0,34.0,7.0,7.0,12.0,23.0,52989.0,54985.0,772.0,42486.0,48375.0,675.0,10503.0,6610.0,97.0,28.0,48.0,13.0,13.0,28.0,28.0
ESPORTSTMNT04_2694266,complete,,EM,2023,Summer,0,2023-08-17 18:01:39,1,13.14,200,Red,team,,,DSYRE,oe:team:3e3ca0895ded506fd637e723d6ae2a1,,Kai'Sa,Tristana,Sejuani,Ahri,Azir,Rumble,Rakan,Jayce,Trundle,Draven,1695,0,14,31,31,14,31,0.0,0.0,0.0,0.0,0.0,,,,0.4956,1.5929,0.0,0.0,3.0,0.0,3.0,0.0,0.0,0.0,0.0,0.0,0.0,,0.0,0.0,0.0,0.0,2.0,,,0.0,0.0,1.0,0.0,1.0,11.0,0.0,0.0,2.0,11.0,0.0,3.0,81765.0,2894.3363,,3965.5221,3201.1327,82.0,2.9027,24.0,0.8496,19.0,167.0,5.9115,48475,29808,1055.1504,,47575.0,-0.0902203,-5.37,,655.0,121.0,,,27.469,14420.0,16666.0,291.0,19024.0,18746.0,289.0,-4604.0,-2080.0,2.0,1.0,1.0,11.0,11.0,14.0,1.0,23398.0,26186.0,416.0,30358.0,30021.0,468.0,-6960.0,-3835.0,-52.0,5.0,8.0,19.0,19.0,30.0,5.0,32587.0,37157.0,574.0,43000.0,42730.0,658.0,-10413.0,-5573.0,-84.0,7.0,12.0,23.0,23.0,34.0,7.0,42486.0,48375.0,675.0,52989.0,54985.0,772.0,-10503.0,-6610.0,-97.0,13.0,28.0,28.0,28.0,48.0,13.0
ESPORTSTMNT04_2693281,complete,,EM,2023,Summer,0,2023-08-17 18:03:12,1,13.14,1,Blue,top,Eyliph,oe:player:4b20700639bada36a5a58cc4a8e7135,Anorthosis Famagusta Esports,oe:team:5f1bc4a914b49c7b7ff4c2f1b8d8df9,Renekton,Sejuani,Varus,Maokai,Braum,Rakan,,,,,,2116,1,2,1,7,19,10,0.0,0.0,0.0,0.0,0.0,0.0,0.0,0.0,0.5388,0.8223,,,,,,,,,,,,,,,,,,,,,0.0,0.0,,,,,,,,0.0,0.0,14929.0,423.3176,0.167416,1033.2987,1223.9319,8.0,0.2268,8.0,0.2268,3.0,30.0,0.8507,14240,9648,273.5728,0.218667,12275.0,,,326.0,323.0,3.0,,,9.2439,3378.0,4503.0,79.0,3000.0,4750.0,75.0,378.0,-247.0,4.0,1.0,0.0,0.0,0.0,0.0,0.0,5519.0,7662.0,142.0,5111.0,7692.0,118.0,408.0,-30.0,24.0,1.0,0.0,0.0,1.0,1.0,0.0,7141.0,9926.0,189.0,8163.0,10496.0,158.0,-1022.0,-570.0,31.0,1.0,1.0,0.0,2.0,2.0,0.0,9119.0,13184.0,241.0,9581.0,12156.0,189.0,-462.0,1028.0,52.0,1.0,3.0,0.0,2.0,2.0,1.0
ESPORTSTMNT04_2693281,complete,,EM,2023,Summer,0,2023-08-17 18:03:12,1,13.14,2,Blue,jng,SPOOKY,oe:player:11389d6d8a29729807c3cf528a98050,Anorthosis Famagusta Esports,oe:team:5f1bc4a914b49c7b7ff4c2f1b8d8df9,Rengar,Sejuani,Varus,Maokai,Braum,Rakan,,,,,,2116,1,4,3,12,19,10,0.0,0.0,0.0,0.0,1.0,0.0,1.0,0.0,0.5388,0.8223,,,,,,,,,,,,,,,,,,,,,1.0,1.0,,,,,,,,1.0,0.0,19392.0,549.8677,0.217465,1059.811,1144.1399,9.0,0.2552,11.0,0.3119,8.0,51.0,1.4461,13014,8422,238.8091,0.19088,11600.0,,,201.0,27.0,174.0,,,5.6994,3023.0,3415.0,58.0,3358.0,3937.0,73.0,-335.0,-522.0,-15.0,0.0,1.0,1.0,0.0,1.0,0.0,4438.0,5587.0,91.0,5423.0,5670.0,101.0,-985.0,-83.0,-10.0,0.0,1.0,2.0,0.0,5.0,0.0,6408.0,7950.0,125.0,7132.0,7374.0,127.0,-724.0,576.0,-2.0,1.0,3.0,2.0,0.0,6.0,1.0,8513.0,10758.0,156.0,8712.0,9803.0,165.0,-199.0,955.0,-9.0,2.0,6.0,2.0,0.0,6.0,2.0
ESPORTSTMNT04_2693281,complete,,EM,2023,Summer,0,2023-08-17 18:03:12,1,13.14,3,Blue,mid,HAWHAW,oe:player:ae06413dcf80aa496ab8448d8ea586f,Anorthosis Famagusta Esports,oe:team:5f1bc4a914b49c7b7ff4c2f1b8d8df9,Ivern,Sejuani,Varus,Maokai,Braum,Rakan,,,,,,2116,1,1,2,15,19,10,0.0,0.0,0.0,0.0,0.0,0.0,0.0,0.0,0.5388,0.8223,,,,,,,,,,,,,,,,,,,,,0.0,0.0,,,,,,,,0.0,0.0,19032.0,539.6597,0.213428,400.6616,435.482,13.0,0.3686,6.0,0.1701,3.0,34.0,0.9641,12984,8392,237.9584,0.1902,10875.0,,,228.0,224.0,4.0,,,6.465,3074.0,4512.0,74.0,4048.0,4507.0,92.0,-974.0,5.0,-18.0,0.0,1.0,0.0,1.0,0.0,1.0,4553.0,6725.0,114.0,6543.0,6912.0,138.0,-1990.0,-187.0,-24.0,0.0,1.0,1.0,2.0,1.0,1.0,6297.0,8852.0,143.0,8706.0,9609.0,183.0,-2409.0,-757.0,-40.0,0.0,3.0,2.0,3.0,3.0,1.0,7911.0,11431.0,169.0,10513.0,11982.0,230.0,-2602.0,-551.0,-61.0,0.0,7.0,2.0,3.0,3.0,2.0
ESPORTSTMNT04_2693281,complete,,EM,2023,Summer,0,2023-08-17 18:03:12,1,13.14,4,Blue,bot,GOLDENTO4ST,oe:player:5c58c2e986e8aec0ee6f2465823349a,Anorthosis Famagusta Esports,oe:team:5f1bc4a914b49c7b7ff4c2f1b8d8df9,Tristana,Sejuani,Varus,Maokai,Braum,Rakan,,,,,,2116,1,11,1,6,19,10,2.0,1.0,0.0,0.0,1.0,1.0,0.0,0.0,0.5388,0.8223,,,,,,,,,,,,,,,,,,,,,0.0,0.0,,,,,,,,1.0,0.0,29828.0,845.7845,0.334496,440.3308,415.7183,16.0,0.4537,19.0,0.5388,5.0,59.0,1.673,18241,13649,387.0227,0.30935,16225.0,,,351.0,311.0,40.0,,,9.9527,3929.0,3421.0,93.0,3300.0,3416.0,90.0,629.0,5.0,3.0,1.0,0.0,0.0,0.0,0.0,1.0,5610.0,5627.0,140.0,5585.0,5905.0,142.0,25.0,-278.0,-2.0,1.0,0.0,1.0,1.0,1.0,1.0,7992.0,7949.0,182.0,7867.0,7649.0,187.0,125.0,300.0,-5.0,3.0,1.0,1.0,2.0,1.0,1.0,11323.0,11038.0,242.0,9591.0,10036.0,237.0,1732.0,1002.0,5.0,6.0,2.0,1.0,2.0,1.0,2.0
ESPORTSTMNT04_2693281,complete,,EM,2023,Summer,0,2023-08-17 18:03:12,1,13.14,5,Blue,sup,iLEVI,oe:player:b226880189cb11f7da7a0c86544b556,Anorthosis Famagusta Esports,oe:team:5f1bc4a914b49c7b7ff4c2f1b8d8df9,Alistar,Sejuani,Varus,Maokai,Braum,Rakan,,,,,,2116,1,1,3,11,19,10,0.0,0.0,0.0,0.0,1.0,0.0,1.0,0.0,0.5388,0.8223,,,,,,,,,,,,,,,,,,,,,0.0,0.0,,,,,,,,0.0,0.0,5992.0,169.9055,0.0671952,679.3951,743.535,53.0,1.5028,7.0,0.1985,12.0,101.0,2.8639,8603,4011,113.7335,0.0909041,7750.0,,,31.0,31.0,0.0,,,0.879,2301.0,2579.0,14.0,2121.0,2527.0,18.0,180.0,52.0,-4.0,0.0,1.0,0.0,0.0,1.0,0.0,3178.0,3453.0,19.0,3732.0,4169.0,28.0,-554.0,-716.0,-9.0,0.0,1.0,1.0,1.0,3.0,0.0,4350.0,4662.0,26.0,5136.0,5724.0,38.0,-786.0,-1062.0,-12.0,0.0,3.0,3.0,1.0,4.0,2.0,5307.0,5421.0,30.0,5943.0,6517.0,41.0,-636.0,-1096.0,-11.0,0.0,3.0,3.0,1.0,4.0,2.0
ESPORTSTMNT04_2693281,complete,,EM,2023,Summer,0,2023-08-17 18:03:12,1,13.14,6,Red,top,Juzu,oe:player:a61da83af5e3738845fa6dd56e1d41a,Anubis Gaming,oe:team:f2094ae60f9b1f3b6a17ad88ad75fc1,Jax,Xayah,Rell,Rumble,Sivir,Jinx,,,,,,2116,0,2,2,4,10,19,0.0,0.0,0.0,0.0,0.0,0.0,0.0,0.0,0.2836,0.8223,,,,,,,,,,,,,,,,,,,,,0.0,0.0,,,,,,,,0.0,0.0,19120.0,542.155,0.210304,783.6011,841.9565,15.0,0.4253,5.0,0.1418,6.0,33.0,0.9357,13749,9157,259.6503,0.239431,13200.0,,,273.0,264.0,9.0,,,7.741,3000.0,4750.0,75.0,3378.0,4503.0,79.0,-378.0,247.0,-4.0,0.0,0.0,0.0,1.0,0.0,0.0,5111.0,7692.0,118.0,5519.0,7662.0,142.0,-408.0,30.0,-24.0,1.0,1.0,0.0,1.0,0.0,0.0,8163.0,10496.0,158.0,7141.0,9926.0,189.0,1022.0,570.0,-31.0,2.0,2.0,0.0,1.0,1.0,0.0,9581.0,12156.0,189.0,9119.0,13184.0,241.0,462.0,-1028.0,-52.0,2.0,2.0,1.0,1.0,3.0,0.0
ESPORTSTMNT04_2693281,complete,,EM,2023,Summer,0,2023-08-17 18:03:12,1,13.14,7,Red,jng,Elramir,oe:player:de442faff7b7cdc0fba7d6d5caff5e1,Anubis Gaming,oe:team:f2094ae60f9b1f3b6a17ad88ad75fc1,Poppy,Xayah,Rell,Rumble,Sivir,Jinx,,,,,,2116,0,0,4,8,10,19,0.0,0.0,0.0,0.0,0.0,0.0,0.0,0.0,0.2836,0.8223,,,,,,,,,,,,,,,,,,,,,1.0,1.0,,,,,,,,0.0,1.0,11188.0,317.2401,0.123059,810.7656,1803.6862,18.0,0.5104,10.0,0.2836,17.0,59.0,1.673,11498,6906,195.8223,0.180572,11175.0,,,205.0,25.0,180.0,,,5.8129,3358.0,3937.0,73.0,3023.0,3415.0,58.0,335.0,522.0,15.0,0.0,1.0,0.0,0.0,1.0,1.0,5423.0,5670.0,101.0,4438.0,5587.0,91.0,985.0,83.0,10.0,0.0,5.0,0.0,0.0,1.0,2.0,7132.0,7374.0,127.0,6408.0,7950.0,125.0,724.0,-576.0,2.0,0.0,6.0,1.0,1.0,3.0,2.0,8712.0,9803.0,165.0,8513.0,10758.0,156.0,199.0,-955.0,9.0,0.0,6.0,2.0,2.0,6.0,2.0
ESPORTSTMNT04_2693281,complete,,EM,2023,Summer,0,2023-08-17 18:03:12,1,13.14,8,Red,mid,Cipher,oe:player:c8ef68c0fce4f4bfe0219809473d365,Anubis Gaming,oe:team:f2094ae60f9b1f3b6a17ad88ad75fc1,LeBlanc,Xayah,Rell,Rumble,Sivir,Jinx,,,,,,2116,0,3,4,5,10,19,0.0,0.0,0.0,0.0,0.0,0.0,0.0,0.0,0.2836,0.8223,,,,,,,,,,,,,,,,,,,,,0.0,0.0,,,,,,,,0.0,0.0,27958.0,792.7599,0.307515,664.4518,438.7429,9.0,0.2552,14.0,0.397,6.0,49.0,1.3894,13515,8923,253.0151,0.233313,12425.0,,,285.0,281.0,4.0,,,8.0813,4048.0,4507.0,92.0,3074.0,4512.0,74.0,974.0,-5.0,18.0,1.0,0.0,1.0,0.0,1.0,0.0,6543.0,6912.0,138.0,4553.0,6725.0,114.0,1990.0,187.0,24.0,2.0,1.0,1.0,0.0,1.0,1.0,8706.0,9609.0,183.0,6297.0,8852.0,143.0,2409.0,757.0,40.0,3.0,3.0,1.0,0.0,3.0,2.0,10513.0,11982.0,230.0,7911.0,11431.0,169.0,2602.0,551.0,61.0,3.0,3.0,2.0,0.0,7.0,2.0
ESPORTSTMNT04_2693281,complete,,EM,2023,Summer,0,2023-08-17 18:03:12,1,13.14,9,Red,bot,san1,oe:player:f581f857e43aea4c5b241874f8a4394,Anubis Gaming,oe:team:f2094ae60f9b1f3b6a17ad88ad75fc1,Kai'Sa,Xayah,Rell,Rumble,Sivir,Jinx,,,,,,2116,0,4,4,1,10,19,0.0,0.0,0.0,0.0,0.0,0.0,0.0,1.0,0.2836,0.8223,,,,,,,,,,,,,,,,,,,,,0.0,0.0,,,,,,,,0.0,1.0,26096.0,739.9622,0.287034,445.7183,333.2892,13.0,0.3686,5.0,0.1418,3.0,34.0,0.9641,14501,9909,280.9735,0.259095,13775.0,,,303.0,292.0,11.0,,,8.5917,3300.0,3416.0,90.0,3929.0,3421.0,93.0,-629.0,-5.0,-3.0,0.0,0.0,1.0,1.0,0.0,0.0,5585.0,5905.0,142.0,5610.0,5627.0,140.0,-25.0,278.0,2.0,1.0,1.0,1.0,1.0,0.0,1.0,7867.0,7649.0,187.0,7992.0,7949.0,182.0,-125.0,-300.0,5.0,2.0,1.0,1.0,3.0,1.0,1.0,9591.0,10036.0,237.0,11323.0,11038.0,242.0,-1732.0,-1002.0,-5.0,2.0,1.0,2.0,6.0,2.0,1.0
ESPORTSTMNT04_2693281,complete,,EM,2023,Summer,0,2023-08-17 18:03:12,1,13.14,10,Red,sup,Mishal,oe:player:72afadf3f4701a666860c0c442b08f5,Anubis Gaming,oe:team:f2094ae60f9b1f3b6a17ad88ad75fc1,Nautilus,Xayah,Rell,Rumble,Sivir,Jinx,,,,,,2116,0,1,5,6,10,19,0.0,0.0,0.0,0.0,0.0,0.0,0.0,0.0,0.2836,0.8223,,,,,,,,,,,,,,,,,,,,,0.0,0.0,,,,,,,,0.0,0.0,6554.0,185.8412,0.0720885,409.5936,637.0321,57.0,1.6163,10.0,0.2836,13.0,106.0,3.0057,7942,3350,94.9905,0.0875896,6725.0,,,43.0,43.0,0.0,,,1.2193,2121.0,2527.0,18.0,2301.0,2579.0,14.0,-180.0,-52.0,4.0,0.0,1.0,0.0,0.0,1.0,0.0,3732.0,4169.0,28.0,3178.0,3453.0,19.0,554.0,716.0,9.0,1.0,3.0,0.0,0.0,1.0,1.0,5136.0,5724.0,38.0,4350.0,4662.0,26.0,786.0,1062.0,12.0,1.0,4.0,2.0,0.0,3.0,3.0,5943.0,6517.0,41.0,5307.0,5421.0,30.0,636.0,1096.0,11.0,1.0,4.0,2.0,0.0,3.0,3.0
ESPORTSTMNT04_2693281,complete,,EM,2023,Summer,0,2023-08-17 18:03:12,1,13.14,100,Blue,team,,,Anorthosis Famagusta Esports,oe:team:5f1bc4a914b49c7b7ff4c2f1b8d8df9,,Sejuani,Varus,Maokai,Braum,Rakan,Ivern,Alistar,Rengar,Tristana,Renekton,2116,1,19,10,51,19,10,2.0,1.0,0.0,0.0,1.0,,,,0.5388,0.8223,0.0,2.0,3.0,2.0,3.0,0.0,0.0,2.0,0.0,0.0,0.0,,0.0,0.0,0.0,0.0,2.0,,,1.0,1.0,1.0,0.0,10.0,5.0,0.0,0.0,6.0,7.0,2.0,0.0,89173.0,2528.535,,3613.4972,3962.8072,99.0,2.8072,51.0,1.4461,31.0,275.0,7.7977,67082,44121,1251.0681,,58725.0,0.0245637,-0.63,,916.0,221.0,,,32.2401,15705.0,18430.0,318.0,15827.0,19137.0,348.0,-122.0,-707.0,-30.0,2.0,3.0,1.0,1.0,2.0,2.0,23298.0,29054.0,506.0,26394.0,30348.0,527.0,-3096.0,-1294.0,-21.0,2.0,3.0,5.0,5.0,11.0,2.0,32188.0,39339.0,665.0,37004.0,40852.0,693.0,-4816.0,-1513.0,-28.0,5.0,11.0,8.0,8.0,16.0,5.0,42173.0,51832.0,838.0,44340.0,50494.0,862.0,-2167.0,1338.0,-24.0,9.0,21.0,8.0,8.0,16.0,9.0
ESPORTSTMNT04_2693281,complete,,EM,2023,Summer,0,2023-08-17 18:03:12,1,13.14,200,Red,team,,,Anubis Gaming,oe:team:f2094ae60f9b1f3b6a17ad88ad75fc1,,Xayah,Rell,Rumble,Sivir,Jinx,Kai'Sa,LeBlanc,Poppy,Nautilus,Jax,2116,0,10,19,24,10,19,0.0,0.0,0.0,0.0,0.0,,,,0.2836,0.8223,1.0,3.0,2.0,3.0,2.0,0.0,1.0,1.0,0.0,1.0,0.0,,0.0,0.0,1.0,2.0,0.0,,,0.0,1.0,1.0,1.0,5.0,10.0,1.0,1.0,7.0,6.0,0.0,2.0,90916.0,2577.9584,,3114.1304,4054.707,112.0,3.1758,44.0,1.2476,45.0,281.0,7.9679,61205,38244,1084.4234,,57300.0,-0.0245637,0.63,,905.0,204.0,,,31.4461,15827.0,19137.0,348.0,15705.0,18430.0,318.0,122.0,707.0,30.0,1.0,2.0,2.0,2.0,3.0,1.0,26394.0,30348.0,527.0,23298.0,29054.0,506.0,3096.0,1294.0,21.0,5.0,11.0,2.0,2.0,3.0,5.0,37004.0,40852.0,693.0,32188.0,39339.0,665.0,4816.0,1513.0,28.0,8.0,16.0,5.0,5.0,11.0,8.0,44340.0,50494.0,862.0,42173.0,51832.0,838.0,2167.0,-1338.0,24.0,8.0,16.0,9.0,9.0,21.0,8.0
ESPORTSTMNT04_2694268,complete,,EM,2023,Summer,0,2023-08-17 18:52:58,2,13.14,1,Blue,top,Empyros,oe:player:9db3f170213f562a9613fe4f99d7dfa,DSYRE,oe:team:3e3ca0895ded506fd637e723d6ae2a1,Rumble,LeBlanc,Poppy,Jayce,Aphelios,Ezreal,,,,,,2380,1,3,4,10,20,15,0.0,0.0,0.0,0.0,1.0,1.0,0.0,0.0,0.5042,0.8824,,,,,,,,,,,,,,,,,,,,,0.0,0.0,,,,,,,,0.0,0.0,26891.0,677.9244,0.231504,539.0168,610.3109,17.0,0.4286,6.0,0.1513,5.0,34.0,0.8571,17413,12282,309.6303,0.245467,17575.0,,,316.0,280.0,36.0,,,7.9664,4271.0,4970.0,93.0,2924.0,4710.0,76.0,1347.0,260.0,17.0,2.0,1.0,0.0,0.0,0.0,1.0,6753.0,7956.0,147.0,4643.0,7502.0,116.0,2110.0,454.0,31.0,2.0,1.0,1.0,0.0,3.0,1.0,9334.0,10805.0,201.0,6168.0,9633.0,151.0,3166.0,1172.0,50.0,2.0,3.0,2.0,0.0,3.0,2.0,10760.0,12581.0,229.0,7502.0,11743.0,182.0,3258.0,838.0,47.0,2.0,3.0,2.0,0.0,4.0,2.0
ESPORTSTMNT04_2694268,complete,,EM,2023,Summer,0,2023-08-17 18:52:58,2,13.14,2,Blue,jng,Rhilech,oe:player:cbe20c64274a87a21e5bdac1ccc3e77,DSYRE,oe:team:3e3ca0895ded506fd637e723d6ae2a1,Nocturne,LeBlanc,Poppy,Jayce,Aphelios,Ezreal,,,,,,2380,1,2,3,9,20,15,0.0,0.0,0.0,0.0,0.0,0.0,0.0,0.0,0.5042,0.8824,,,,,,,,,,,,,,,,,,,,,1.0,1.0,,,,,,,,1.0,0.0,12559.0,316.6134,0.10812,963.6807,791.395,35.0,0.8824,20.0,0.5042,9.0,96.0,2.4202,14089,8958,225.8319,0.179035,13125.0,,,245.0,38.0,207.0,,,6.1765,3698.0,3927.0,80.0,3452.0,3570.0,66.0,246.0,357.0,14.0,0.0,1.0,0.0,1.0,0.0,1.0,5187.0,5621.0,111.0,5254.0,5587.0,88.0,-67.0,34.0,23.0,0.0,1.0,1.0,2.0,3.0,1.0,7496.0,8487.0,150.0,6863.0,7983.0,119.0,633.0,504.0,31.0,0.0,2.0,1.0,2.0,4.0,1.0,8684.0,10383.0,175.0,8141.0,9395.0,139.0,543.0,988.0,36.0,0.0,2.0,1.0,2.0,5.0,1.0
ESPORTSTMNT04_2694268,complete,,EM,2023,Summer,0,2023-08-17 18:52:58,2,13.14,3,Blue,mid,XoNix,oe:player:be877a261fb0c3a320db45091bdefec,DSYRE,oe:team:3e3ca0895ded506fd637e723d6ae2a1,Ahri,LeBlanc,Poppy,Jayce,Aphelios,Ezreal,,,,,,2380,1,7,0,8,20,15,0.0,0.0,0.0,0.0,0.0,0.0,0.0,0.0,0.5042,0.8824,,,,,,,,,,,,,,,,,,,,,0.0,0.0,,,,,,,,0.0,0.0,30301.0,763.8908,0.26086,505.7647,278.3193,12.0,0.3025,14.0,0.3529,7.0,50.0,1.2605,16720,11589,292.1597,0.231617,15625.0,,,342.0,335.0,7.0,,,8.6218,3906.0,5059.0,88.0,3107.0,4404.0,81.0,799.0,655.0,7.0,2.0,1.0,0.0,0.0,0.0,2.0,6106.0,8322.0,152.0,5040.0,7610.0,143.0,1066.0,712.0,9.0,2.0,1.0,0.0,0.0,0.0,2.0,9015.0,11774.0,209.0,7590.0,11191.0,212.0,1425.0,583.0,-3.0,4.0,1.0,0.0,0.0,0.0,2.0,10457.0,13534.0,247.0,9494.0,13067.0,250.0,963.0,467.0,-3.0,4.0,1.0,0.0,1.0,0.0,2.0
ESPORTSTMNT04_2694268,complete,,EM,2023,Summer,0,2023-08-17 18:52:58,2,13.14,4,Blue,bot,Aetinoth,oe:player:d47955c8bc06bf316f24ee15d45407b,DSYRE,oe:team:3e3ca0895ded506fd637e723d6ae2a1,Xayah,LeBlanc,Poppy,Jayce,Aphelios,Ezreal,,,,,,2380,1,7,3,5,20,15,1.0,1.0,1.0,0.0,0.0,0.0,0.0,0.0,0.5042,0.8824,,,,,,,,,,,,,,,,,,,,,0.0,0.0,,,,,,,,0.0,0.0,41561.0,1047.7563,0.357797,446.0672,243.0252,14.0,0.3529,6.0,0.1513,0.0,24.0,0.605,17726,12595,317.521,0.251723,14850.0,,,374.0,334.0,40.0,,,9.4286,3328.0,3420.0,78.0,3610.0,3209.0,86.0,-282.0,211.0,-8.0,1.0,0.0,1.0,1.0,1.0,0.0,5178.0,5596.0,122.0,6201.0,5536.0,129.0,-1023.0,60.0,-7.0,2.0,0.0,2.0,4.0,1.0,1.0,7398.0,8343.0,184.0,8960.0,8248.0,190.0,-1562.0,95.0,-6.0,2.0,0.0,2.0,5.0,1.0,2.0,9332.0,10346.0,237.0,11028.0,10207.0,254.0,-1696.0,139.0,-17.0,2.0,0.0,2.0,5.0,2.0,2.0
ESPORTSTMNT04_2694268,complete,,EM,2023,Summer,0,2023-08-17 18:52:58,2,13.14,5,Blue,sup,Nash,oe:player:6b9f3420febdbc475dd3c1e4e0bcb5e,DSYRE,oe:team:3e3ca0895ded506fd637e723d6ae2a1,Rakan,LeBlanc,Poppy,Jayce,Aphelios,Ezreal,,,,,,2380,1,1,5,11,20,15,0.0,0.0,0.0,0.0,0.0,0.0,0.0,0.0,0.5042,0.8824,,,,,,,,,,,,,,,,,,,,,0.0,0.0,,,,,,,,0.0,0.0,4846.0,122.1681,0.041719,436.084,737.6471,101.0,2.5462,26.0,0.6555,10.0,177.0,4.4622,9742,4611,116.2437,0.0921576,8875.0,,,57.0,57.0,0.0,,,1.437,2330.0,2472.0,17.0,2291.0,2748.0,16.0,39.0,-276.0,1.0,0.0,2.0,1.0,0.0,1.0,1.0,3551.0,3418.0,26.0,3481.0,4108.0,26.0,70.0,-690.0,0.0,0.0,3.0,2.0,0.0,4.0,1.0,4967.0,5264.0,36.0,4632.0,5775.0,35.0,335.0,-511.0,1.0,1.0,3.0,2.0,0.0,5.0,2.0,5831.0,6467.0,39.0,5406.0,7288.0,39.0,425.0,-821.0,0.0,1.0,3.0,3.0,0.0,5.0,2.0
ESPORTSTMNT04_2694268,complete,,EM,2023,Summer,0,2023-08-17 18:52:58,2,13.14,6,Red,top,StarScreen,oe:player:1bc0756ba9102abb5a7cd13d2b618aa,FUT Esports,oe:team:8df5e2c8825f60f136b2cbed5633a81,Ornn,Jax,Kai'Sa,Tristana,Maokai,Trundle,,,,,,2380,0,1,4,10,15,20,0.0,0.0,0.0,0.0,0.0,0.0,0.0,1.0,0.3782,0.8824,,,,,,,,,,,,,,,,,,,,,0.0,0.0,,,,,,,,0.0,0.0,9982.0,251.6471,0.121235,1050.0,1237.6891,15.0,0.3782,9.0,0.2269,9.0,43.0,1.084,11551,6420,161.8487,0.157208,11275.0,,,228.0,220.0,8.0,,,5.7479,2924.0,4710.0,76.0,4271.0,4970.0,93.0,-1347.0,-260.0,-17.0,0.0,0.0,1.0,2.0,1.0,0.0,4643.0,7502.0,116.0,6753.0,7956.0,147.0,-2110.0,-454.0,-31.0,0.0,3.0,1.0,2.0,1.0,1.0,6168.0,9633.0,151.0,9334.0,10805.0,201.0,-3166.0,-1172.0,-50.0,0.0,3.0,2.0,2.0,3.0,2.0,7502.0,11743.0,182.0,10760.0,12581.0,229.0,-3258.0,-838.0,-47.0,0.0,4.0,2.0,2.0,3.0,2.0
ESPORTSTMNT04_2694268,complete,,EM,2023,Summer,0,2023-08-17 18:52:58,2,13.14,7,Red,jng,Mojito,oe:player:d92b0904aa4f08f128aa8c6d2775056,FUT Esports,oe:team:8df5e2c8825f60f136b2cbed5633a81,Sejuani,Jax,Kai'Sa,Tristana,Maokai,Trundle,,,,,,2380,0,3,4,9,15,20,0.0,0.0,0.0,0.0,0.0,0.0,0.0,0.0,0.3782,0.8824,,,,,,,,,,,,,,,,,,,,,1.0,1.0,,,,,,,,0.0,1.0,9991.0,251.8739,0.121344,1043.8235,1678.3866,14.0,0.3529,22.0,0.5546,12.0,65.0,1.6387,11997,6866,173.0924,0.168129,11500.0,,,181.0,30.0,151.0,,,4.563,3452.0,3570.0,66.0,3698.0,3927.0,80.0,-246.0,-357.0,-14.0,1.0,0.0,1.0,0.0,1.0,0.0,5254.0,5587.0,88.0,5187.0,5621.0,111.0,67.0,-34.0,-23.0,2.0,3.0,1.0,0.0,1.0,1.0,6863.0,7983.0,119.0,7496.0,8487.0,150.0,-633.0,-504.0,-31.0,2.0,4.0,1.0,0.0,2.0,1.0,8141.0,9395.0,139.0,8684.0,10383.0,175.0,-543.0,-988.0,-36.0,2.0,5.0,1.0,0.0,2.0,1.0
ESPORTSTMNT04_2694268,complete,,EM,2023,Summer,0,2023-08-17 18:52:58,2,13.14,8,Red,mid,Tempt,oe:player:2861898294dd867b05fd28dca284e57,FUT Esports,oe:team:8df5e2c8825f60f136b2cbed5633a81,Azir,Jax,Kai'Sa,Tristana,Maokai,Trundle,,,,,,2380,0,4,5,0,15,20,0.0,0.0,0.0,0.0,0.0,0.0,0.0,0.0,0.3782,0.8824,,,,,,,,,,,,,,,,,,,,,0.0,0.0,,,,,,,,0.0,0.0,20717.0,522.2773,0.251615,523.084,326.8487,18.0,0.4538,22.0,0.5546,5.0,64.0,1.6134,15514,10383,261.7563,0.254247,16025.0,,,361.0,341.0,20.0,,,9.1008,3107.0,4404.0,81.0,3906.0,5059.0,88.0,-799.0,-655.0,-7.0,0.0,0.0,2.0,2.0,1.0,0.0,5040.0,7610.0,143.0,6106.0,8322.0,152.0,-1066.0,-712.0,-9.0,0.0,0.0,2.0,2.0,1.0,0.0,7590.0,11191.0,212.0,9015.0,11774.0,209.0,-1425.0,-583.0,3.0,0.0,0.0,2.0,4.0,1.0,0.0,9494.0,13067.0,250.0,10457.0,13534.0,247.0,-963.0,-467.0,3.0,1.0,0.0,2.0,4.0,1.0,0.0
ESPORTSTMNT04_2694268,complete,,EM,2023,Summer,0,2023-08-17 18:52:58,2,13.14,9,Red,bot,Kaori,oe:player:c63c7e0755b31f1effbdf2e1f831e7d,FUT Esports,oe:team:8df5e2c8825f60f136b2cbed5633a81,Zeri,Jax,Kai'Sa,Tristana,Maokai,Trundle,,,,,,2380,0,7,3,7,15,20,0.0,0.0,0.0,0.0,0.0,0.0,0.0,0.0,0.3782,0.8824,,,,,,,,,,,,,,,,,,,,,0.0,0.0,,,,,,,,0.0,0.0,36916.0,930.6555,0.448358,526.437,456.8319,15.0,0.3782,24.0,0.605,5.0,47.0,1.1849,18661,13530,341.0924,0.331306,17775.0,,,415.0,379.0,36.0,,,10.4622,3610.0,3209.0,86.0,3328.0,3420.0,78.0,282.0,-211.0,8.0,1.0,1.0,0.0,1.0,0.0,1.0,6201.0,5536.0,129.0,5178.0,5596.0,122.0,1023.0,-60.0,7.0,4.0,1.0,1.0,2.0,0.0,2.0,8960.0,8248.0,190.0,7398.0,8343.0,184.0,1562.0,-95.0,6.0,5.0,1.0,2.0,2.0,0.0,2.0,11028.0,10207.0,254.0,9332.0,10346.0,237.0,1696.0,-139.0,17.0,5.0,2.0,2.0,2.0,0.0,2.0
ESPORTSTMNT04_2694268,complete,,EM,2023,Summer,0,2023-08-17 18:52:58,2,13.14,10,Red,sup,Asper,oe:player:29e873916dcb14c9feb6b85d253cb87,FUT Esports,oe:team:8df5e2c8825f60f136b2cbed5633a81,Rell,Jax,Kai'Sa,Tristana,Maokai,Trundle,,,,,,2380,0,0,4,11,15,20,0.0,0.0,0.0,0.0,0.0,0.0,0.0,0.0,0.3782,0.8824,,,,,,,,,,,,,,,,,,,,,0.0,0.0,,,,,,,,0.0,0.0,4730.0,119.2437,0.0574475,454.7143,555.0252,69.0,1.7395,30.0,0.7563,24.0,139.0,3.5042,8770,3639,91.7395,0.0891109,11395.0,,,55.0,51.0,4.0,,,1.3866,2291.0,2748.0,16.0,2330.0,2472.0,17.0,-39.0,276.0,-1.0,0.0,1.0,1.0,0.0,2.0,1.0,3481.0,4108.0,26.0,3551.0,3418.0,26.0,-70.0,690.0,0.0,0.0,4.0,1.0,0.0,3.0,2.0,4632.0,5775.0,35.0,4967.0,5264.0,36.0,-335.0,511.0,-1.0,0.0,5.0,2.0,1.0,3.0,2.0,5406.0,7288.0,39.0,5831.0,6467.0,39.0,-425.0,821.0,0.0,0.0,5.0,2.0,1.0,3.0,3.0
ESPORTSTMNT04_2694268,complete,,EM,2023,Summer,0,2023-08-17 18:52:58,2,13.14,100,Blue,team,,,DSYRE,oe:team:3e3ca0895ded506fd637e723d6ae2a1,,LeBlanc,Poppy,Jayce,Aphelios,Ezreal,Rumble,Xayah,Rakan,Nocturne,Ahri,2380,1,20,15,43,20,15,1.0,1.0,1.0,0.0,1.0,,,,0.5042,0.8824,0.0,2.0,4.0,2.0,4.0,2.0,0.0,0.0,0.0,0.0,0.0,,0.0,0.0,1.0,2.0,0.0,,,0.0,1.0,1.0,1.0,9.0,3.0,0.0,1.0,2.0,3.0,1.0,0.0,116158.0,2928.3529,,2890.6134,2660.6975,179.0,4.5126,72.0,1.8151,31.0,381.0,9.605,75690,50036,1261.4118,,70050.0,0.0301406,1.77,,1044.0,290.0,,,33.6303,17533.0,19848.0,356.0,15384.0,18641.0,325.0,2149.0,1207.0,31.0,5.0,5.0,2.0,2.0,2.0,5.0,26775.0,30913.0,558.0,24619.0,30343.0,502.0,2156.0,570.0,56.0,6.0,6.0,6.0,6.0,11.0,6.0,38210.0,44673.0,780.0,34213.0,42830.0,707.0,3997.0,1843.0,73.0,9.0,9.0,7.0,7.0,13.0,9.0,45064.0,53311.0,927.0,41571.0,51700.0,864.0,3493.0,1611.0,63.0,9.0,9.0,8.0,8.0,16.0,9.0
ESPORTSTMNT04_2694268,complete,,EM,2023,Summer,0,2023-08-17 18:52:58,2,13.14,200,Red,team,,,FUT Esports,oe:team:8df5e2c8825f60f136b2cbed5633a81,,Jax,Kai'Sa,Tristana,Maokai,Trundle,Sejuani,Ornn,Rell,Zeri,Azir,2380,0,15,20,37,15,20,0.0,0.0,0.0,0.0,0.0,,,,0.3782,0.8824,1.0,4.0,2.0,4.0,2.0,2.0,0.0,0.0,1.0,1.0,0.0,,0.0,0.0,0.0,0.0,2.0,,,1.0,1.0,1.0,0.0,3.0,9.0,1.0,0.0,3.0,2.0,0.0,1.0,82336.0,2075.6975,,3598.0588,4254.7815,131.0,3.3025,107.0,2.6975,55.0,358.0,9.0252,66493,40839,1029.5546,,67970.0,-0.0301406,-1.77,,1021.0,219.0,,,31.2605,15384.0,18641.0,325.0,17533.0,19848.0,356.0,-2149.0,-1207.0,-31.0,2.0,2.0,5.0,5.0,5.0,2.0,24619.0,30343.0,502.0,26775.0,30913.0,558.0,-2156.0,-570.0,-56.0,6.0,11.0,6.0,6.0,6.0,6.0,34213.0,42830.0,707.0,38210.0,44673.0,780.0,-3997.0,-1843.0,-73.0,7.0,13.0,9.0,9.0,9.0,7.0,41571.0,51700.0,864.0,45064.0,53311.0,927.0,-3493.0,-1611.0,-63.0,8.0,16.0,9.0,9.0,9.0,8.0
ESPORTSTMNT04_2693284,complete,,EM,2023,Summer,0,2023-08-17 19:01:59,2,13.14,1,Blue,top,Eyliph,oe:player:4b20700639bada36a5a58cc4a8e7135,Anorthosis Famagusta Esports,oe:team:5f1bc4a914b49c7b7ff4c2f1b8d8df9,Kled,Sejuani,Varus,Maokai,Poppy,LeBlanc,,,,,,1585,1,5,2,5,30,8,1.0,0.0,0.0,0.0,0.0,0.0,0.0,0.0,1.1356,1.4385,,,,,,,,,,,,,,,,,,,,,0.0,0.0,,,,,,,,0.0,0.0,8633.0,326.8013,0.107578,738.9274,643.836,7.0,0.265,7.0,0.265,3.0,31.0,1.1735,10724,7215,273.123,0.183588,9425.0,,,198.0,194.0,4.0,,,7.4953,3460.0,4451.0,71.0,3557.0,4899.0,76.0,-97.0,-448.0,-5.0,1.0,1.0,0.0,1.0,0.0,1.0,5821.0,6987.0,115.0,5205.0,6606.0,109.0,616.0,381.0,6.0,3.0,2.0,0.0,2.0,0.0,2.0,7521.0,9265.0,160.0,7205.0,9101.0,152.0,316.0,164.0,8.0,3.0,2.0,1.0,2.0,0.0,3.0,9607.0,11948.0,180.0,8941.0,11211.0,189.0,666.0,737.0,-9.0,4.0,5.0,2.0,3.0,0.0,4.0
ESPORTSTMNT04_2693284,complete,,EM,2023,Summer,0,2023-08-17 19:01:59,2,13.14,2,Blue,jng,SPOOKY,oe:player:11389d6d8a29729807c3cf528a98050,Anorthosis Famagusta Esports,oe:team:5f1bc4a914b49c7b7ff4c2f1b8d8df9,Rengar,Sejuani,Varus,Maokai,Poppy,LeBlanc,,,,,,1585,1,10,2,13,30,8,1.0,0.0,0.0,0.0,1.0,1.0,0.0,0.0,1.1356,1.4385,,,,,,,,,,,,,,,,,,,,,0.0,0.0,,,,,,,,0.0,0.0,19609.0,742.2965,0.244352,1049.5268,889.5142,5.0,0.1893,20.0,0.7571,4.0,51.0,1.9306,13436,9927,375.7855,0.252595,11800.0,,,155.0,32.0,123.0,,,5.8675,4556.0,3724.0,65.0,3193.0,3641.0,67.0,1363.0,83.0,-2.0,3.0,2.0,1.0,0.0,1.0,2.0,6801.0,5338.0,82.0,4391.0,5060.0,87.0,2410.0,278.0,-5.0,4.0,8.0,1.0,0.0,2.0,4.0,9743.0,8244.0,125.0,6311.0,7362.0,119.0,3432.0,882.0,6.0,6.0,8.0,1.0,1.0,3.0,4.0,12830.0,11274.0,147.0,7517.0,8828.0,134.0,5313.0,2446.0,13.0,10.0,11.0,1.0,1.0,5.0,6.0
ESPORTSTMNT04_2693284,complete,,EM,2023,Summer,0,2023-08-17 19:01:59,2,13.14,3,Blue,mid,HAWHAW,oe:player:ae06413dcf80aa496ab8448d8ea586f,Anorthosis Famagusta Esports,oe:team:5f1bc4a914b49c7b7ff4c2f1b8d8df9,Ivern,Sejuani,Varus,Maokai,Poppy,LeBlanc,,,,,,1585,1,1,0,22,30,8,0.0,0.0,0.0,0.0,0.0,0.0,0.0,0.0,1.1356,1.4385,,,,,,,,,,,,,,,,,,,,,0.0,0.0,,,,,,,,0.0,0.0,12409.0,469.7413,0.154631,394.3722,309.3123,10.0,0.3785,6.0,0.2271,4.0,25.0,0.9464,9624,6115,231.4826,0.155598,8450.0,,,151.0,147.0,4.0,,,5.7161,3137.0,5028.0,76.0,3517.0,4807.0,97.0,-380.0,221.0,-21.0,0.0,1.0,0.0,0.0,0.0,0.0,5038.0,7828.0,114.0,5038.0,7001.0,139.0,0.0,827.0,-25.0,0.0,7.0,0.0,0.0,1.0,1.0,6717.0,9802.0,135.0,7499.0,9449.0,184.0,-782.0,353.0,-49.0,0.0,10.0,0.0,1.0,1.0,2.0,8775.0,12777.0,147.0,8738.0,10789.0,203.0,37.0,1988.0,-56.0,1.0,17.0,0.0,1.0,2.0,4.0
ESPORTSTMNT04_2693284,complete,,EM,2023,Summer,0,2023-08-17 19:01:59,2,13.14,4,Blue,bot,GOLDENTO4ST,oe:player:5c58c2e986e8aec0ee6f2465823349a,Anorthosis Famagusta Esports,oe:team:5f1bc4a914b49c7b7ff4c2f1b8d8df9,Tristana,Sejuani,Varus,Maokai,Poppy,LeBlanc,,,,,,1585,1,13,0,8,30,8,2.0,1.0,0.0,0.0,1.0,0.0,1.0,0.0,1.1356,1.4385,,,,,,,,,,,,,,,,,,,,,1.0,0.0,,,,,,,,1.0,0.0,30358.0,1149.1987,0.378298,326.0063,359.1672,13.0,0.4921,6.0,0.2271,6.0,29.0,1.0978,15087,11578,438.2839,0.294606,13250.0,,,232.0,216.0,16.0,,,8.7823,4535.0,3474.0,85.0,2982.0,3593.0,77.0,1553.0,-119.0,8.0,2.0,2.0,0.0,0.0,0.0,2.0,8118.0,5817.0,124.0,4533.0,5646.0,118.0,3585.0,171.0,6.0,6.0,3.0,0.0,0.0,1.0,3.0,10571.0,8146.0,176.0,6475.0,8008.0,168.0,4096.0,138.0,8.0,7.0,5.0,0.0,0.0,2.0,3.0,13147.0,11021.0,211.0,7941.0,9105.0,187.0,5206.0,1916.0,24.0,9.0,7.0,0.0,1.0,2.0,5.0
ESPORTSTMNT04_2693284,complete,,EM,2023,Summer,0,2023-08-17 19:01:59,2,13.14,5,Blue,sup,iLEVI,oe:player:b226880189cb11f7da7a0c86544b556,Anorthosis Famagusta Esports,oe:team:5f1bc4a914b49c7b7ff4c2f1b8d8df9,Alistar,Sejuani,Varus,Maokai,Poppy,LeBlanc,,,,,,1585,1,1,4,22,30,8,0.0,0.0,0.0,0.0,1.0,0.0,1.0,0.0,1.1356,1.4385,,,,,,,,,,,,,,,,,,,,,0.0,0.0,,,,,,,,0.0,0.0,9240.0,349.7792,0.115142,746.9905,946.4479,34.0,1.2871,7.0,0.265,9.0,71.0,2.6877,7974,4465,169.0221,0.113613,7025.0,,,30.0,30.0,0.0,,,1.1356,2689.0,2539.0,13.0,1906.0,1835.0,10.0,783.0,704.0,3.0,1.0,4.0,0.0,0.0,0.0,2.0,4357.0,4026.0,19.0,2874.0,3047.0,18.0,1483.0,979.0,1.0,1.0,10.0,1.0,0.0,1.0,4.0,5777.0,5304.0,25.0,4009.0,4604.0,23.0,1768.0,700.0,2.0,1.0,13.0,2.0,0.0,2.0,5.0,7324.0,7489.0,28.0,5043.0,5957.0,27.0,2281.0,1532.0,1.0,1.0,18.0,3.0,0.0,4.0,6.0
ESPORTSTMNT04_2693284,complete,,EM,2023,Summer,0,2023-08-17 19:01:59,2,13.14,6,Red,top,Juzu,oe:player:a61da83af5e3738845fa6dd56e1d41a,Anubis Gaming,oe:team:f2094ae60f9b1f3b6a17ad88ad75fc1,Aatrox,Xayah,Rell,Rumble,Renekton,Sivir,,,,,,1585,0,3,5,2,8,30,0.0,0.0,0.0,0.0,0.0,0.0,0.0,0.0,0.3028,1.4385,,,,,,,,,,,,,,,,,,,,,0.0,0.0,,,,,,,,0.0,0.0,12265.0,464.2902,0.234396,764.0631,615.8233,6.0,0.2271,4.0,0.1514,2.0,22.0,0.8328,9559,6050,229.0221,0.252599,9700.0,,,202.0,190.0,12.0,,,7.6467,3557.0,4899.0,76.0,3460.0,4451.0,71.0,97.0,448.0,5.0,1.0,0.0,1.0,1.0,1.0,0.0,5205.0,6606.0,109.0,5821.0,6987.0,115.0,-616.0,-381.0,-6.0,2.0,0.0,2.0,3.0,2.0,0.0,7205.0,9101.0,152.0,7521.0,9265.0,160.0,-316.0,-164.0,-8.0,2.0,0.0,3.0,3.0,2.0,1.0,8941.0,11211.0,189.0,9607.0,11948.0,180.0,-666.0,-737.0,9.0,3.0,0.0,4.0,4.0,5.0,2.0
ESPORTSTMNT04_2693284,complete,,EM,2023,Summer,0,2023-08-17 19:01:59,2,13.14,7,Red,jng,Elramir,oe:player:de442faff7b7cdc0fba7d6d5caff5e1,Anubis Gaming,oe:team:f2094ae60f9b1f3b6a17ad88ad75fc1,Trundle,Xayah,Rell,Rumble,Renekton,Sivir,,,,,,1585,0,1,7,7,8,30,0.0,0.0,0.0,0.0,0.0,0.0,0.0,0.0,0.3028,1.4385,,,,,,,,,,,,,,,,,,,,,0.0,0.0,,,,,,,,0.0,0.0,7572.0,286.6372,0.144708,1202.0063,1163.8107,13.0,0.4921,8.0,0.3028,12.0,41.0,1.5521,7798,4289,162.3596,0.179074,7200.0,,,134.0,18.0,116.0,,,5.0726,3193.0,3641.0,67.0,4556.0,3724.0,65.0,-1363.0,-83.0,2.0,0.0,1.0,2.0,3.0,2.0,1.0,4391.0,5060.0,87.0,6801.0,5338.0,82.0,-2410.0,-278.0,5.0,0.0,2.0,4.0,4.0,8.0,1.0,6311.0,7362.0,119.0,9743.0,8244.0,125.0,-3432.0,-882.0,-6.0,1.0,3.0,4.0,6.0,8.0,1.0,7517.0,8828.0,134.0,12830.0,11274.0,147.0,-5313.0,-2446.0,-13.0,1.0,5.0,6.0,10.0,11.0,1.0
ESPORTSTMNT04_2693284,complete,,EM,2023,Summer,0,2023-08-17 19:01:59,2,13.14,8,Red,mid,Cipher,oe:player:c8ef68c0fce4f4bfe0219809473d365,Anubis Gaming,oe:team:f2094ae60f9b1f3b6a17ad88ad75fc1,Syndra,Xayah,Rell,Rumble,Renekton,Sivir,,,,,,1585,0,2,5,3,8,30,0.0,0.0,0.0,0.0,0.0,0.0,0.0,0.0,0.3028,1.4385,,,,,,,,,,,,,,,,,,,,,0.0,0.0,,,,,,,,0.0,0.0,15469.0,585.5773,0.295627,570.4732,330.7382,11.0,0.4164,1.0,0.0379,3.0,25.0,0.9464,10102,6593,249.5773,0.27527,9485.0,,,205.0,205.0,0.0,,,7.7603,3517.0,4807.0,97.0,3137.0,5028.0,76.0,380.0,-221.0,21.0,0.0,0.0,0.0,0.0,1.0,0.0,5038.0,7001.0,139.0,5038.0,7828.0,114.0,0.0,-827.0,25.0,0.0,1.0,1.0,0.0,7.0,0.0,7499.0,9449.0,184.0,6717.0,9802.0,135.0,782.0,-353.0,49.0,1.0,1.0,2.0,0.0,10.0,0.0,8738.0,10789.0,203.0,8775.0,12777.0,147.0,-37.0,-1988.0,56.0,1.0,2.0,4.0,1.0,17.0,0.0
ESPORTSTMNT04_2693284,complete,,EM,2023,Summer,0,2023-08-17 19:01:59,2,13.14,9,Red,bot,san1,oe:player:f581f857e43aea4c5b241874f8a4394,Anubis Gaming,oe:team:f2094ae60f9b1f3b6a17ad88ad75fc1,Kai'Sa,Xayah,Rell,Rumble,Renekton,Sivir,,,,,,1585,0,2,6,3,8,30,0.0,0.0,0.0,0.0,0.0,0.0,0.0,0.0,0.3028,1.4385,,,,,,,,,,,,,,,,,,,,,0.0,1.0,,,,,,,,0.0,1.0,14186.0,537.0095,0.271108,595.6845,334.0694,11.0,0.4164,2.0,0.0757,3.0,18.0,0.6814,8663,5154,195.1041,0.215189,7110.0,,,194.0,194.0,0.0,,,7.3438,2982.0,3593.0,77.0,4535.0,3474.0,85.0,-1553.0,119.0,-8.0,0.0,0.0,2.0,2.0,2.0,0.0,4533.0,5646.0,118.0,8118.0,5817.0,124.0,-3585.0,-171.0,-6.0,0.0,1.0,3.0,6.0,3.0,0.0,6475.0,8008.0,168.0,10571.0,8146.0,176.0,-4096.0,-138.0,-8.0,0.0,2.0,3.0,7.0,5.0,0.0,7941.0,9105.0,187.0,13147.0,11021.0,211.0,-5206.0,-1916.0,-24.0,1.0,2.0,5.0,9.0,7.0,0.0
ESPORTSTMNT04_2693284,complete,,EM,2023,Summer,0,2023-08-17 19:01:59,2,13.14,10,Red,sup,Mishal,oe:player:72afadf3f4701a666860c0c442b08f5,Anubis Gaming,oe:team:f2094ae60f9b1f3b6a17ad88ad75fc1,Rakan,Xayah,Rell,Rumble,Renekton,Sivir,,,,,,1585,0,0,7,5,8,30,0.0,0.0,0.0,0.0,0.0,0.0,0.0,1.0,0.3028,1.4385,,,,,,,,,,,,,,,,,,,,,0.0,0.0,,,,,,,,0.0,0.0,2834.0,107.2808,0.0541605,541.4763,539.4322,43.0,1.6278,6.0,0.2271,13.0,67.0,2.5363,5374,1865,70.5994,0.0778673,4975.0,,,29.0,29.0,0.0,,,1.0978,1906.0,1835.0,10.0,2689.0,2539.0,13.0,-783.0,-704.0,-3.0,0.0,0.0,2.0,1.0,4.0,0.0,2874.0,3047.0,18.0,4357.0,4026.0,19.0,-1483.0,-979.0,-1.0,0.0,1.0,4.0,1.0,10.0,1.0,4009.0,4604.0,23.0,5777.0,5304.0,25.0,-1768.0,-700.0,-2.0,0.0,2.0,5.0,1.0,13.0,2.0,5043.0,5957.0,27.0,7324.0,7489.0,28.0,-2281.0,-1532.0,-1.0,0.0,4.0,6.0,1.0,18.0,3.0
ESPORTSTMNT04_2693284,complete,,EM,2023,Summer,0,2023-08-17 19:01:59,2,13.14,100,Blue,team,,,Anorthosis Famagusta Esports,oe:team:5f1bc4a914b49c7b7ff4c2f1b8d8df9,,Sejuani,Varus,Maokai,Poppy,LeBlanc,Ivern,Rengar,Alistar,Tristana,Kled,1585,1,30,8,70,30,8,4.0,1.0,0.0,0.0,1.0,,,,1.1356,1.4385,0.0,1.0,2.0,1.0,2.0,0.0,1.0,0.0,0.0,0.0,0.0,,0.0,0.0,1.0,2.0,0.0,,,1.0,1.0,0.0,1.0,10.0,1.0,1.0,1.0,8.0,2.0,2.0,0.0,80249.0,3037.817,,3255.8233,3148.2776,69.0,2.612,46.0,1.7413,26.0,207.0,7.836,56845,39300,1487.6972,,49950.0,0.25967,5.45,,619.0,147.0,,,28.9968,18377.0,19216.0,310.0,15155.0,18775.0,327.0,3222.0,441.0,-17.0,7.0,10.0,1.0,1.0,1.0,7.0,30135.0,29996.0,454.0,22041.0,27360.0,471.0,8094.0,2636.0,-17.0,14.0,30.0,2.0,2.0,5.0,14.0,40329.0,40761.0,621.0,31499.0,38524.0,646.0,8830.0,2237.0,-25.0,17.0,38.0,4.0,4.0,8.0,17.0,51683.0,54509.0,713.0,38180.0,45890.0,740.0,13503.0,8619.0,-27.0,25.0,58.0,6.0,6.0,13.0,25.0
ESPORTSTMNT04_2693284,complete,,EM,2023,Summer,0,2023-08-17 19:01:59,2,13.14,200,Red,team,,,Anubis Gaming,oe:team:f2094ae60f9b1f3b6a17ad88ad75fc1,,Xayah,Rell,Rumble,Renekton,Sivir,Aatrox,Kai'Sa,Rakan,Syndra,Trundle,1585,0,8,30,20,8,30,0.0,0.0,0.0,0.0,0.0,,,,0.3028,1.4385,1.0,2.0,1.0,2.0,1.0,1.0,0.0,0.0,1.0,0.0,0.0,,0.0,0.0,0.0,0.0,2.0,,,0.0,0.0,1.0,0.0,1.0,10.0,0.0,0.0,2.0,8.0,0.0,2.0,52326.0,1980.795,,3673.7035,2983.8738,84.0,3.1798,21.0,0.795,33.0,173.0,6.5489,41496,23951,906.6625,,38470.0,-0.25967,-5.45,,636.0,128.0,,,28.9211,15155.0,18775.0,327.0,18377.0,19216.0,310.0,-3222.0,-441.0,17.0,1.0,1.0,7.0,7.0,10.0,1.0,22041.0,27360.0,471.0,30135.0,29996.0,454.0,-8094.0,-2636.0,17.0,2.0,5.0,14.0,14.0,30.0,2.0,31499.0,38524.0,646.0,40329.0,40761.0,621.0,-8830.0,-2237.0,25.0,4.0,8.0,17.0,17.0,38.0,4.0,38180.0,45890.0,740.0,51683.0,54509.0,713.0,-13503.0,-8619.0,27.0,6.0,13.0,25.0,25.0,58.0,6.0
ESPORTSTMNT04_2694269,complete,,EM,2023,Summer,0,2023-08-17 19:54:51,3,13.14,1,Blue,top,StarScreen,oe:player:1bc0756ba9102abb5a7cd13d2b618aa,FUT Esports,oe:team:8df5e2c8825f60f136b2cbed5633a81,Aatrox,Jax,Rumble,Rakan,Xayah,Varus,,,,,,1712,0,1,5,2,10,20,0.0,0.0,0.0,0.0,1.0,1.0,0.0,0.0,0.3505,1.0514,,,,,,,,,,,,,,,,,,,,,0.0,0.0,,,,,,,,0.0,1.0,17266.0,605.1168,0.217259,985.5491,705.8411,7.0,0.2453,5.0,0.1752,3.0,21.0,0.736,9952,6184,216.729,0.198472,9125.0,,,217.0,213.0,4.0,,,7.6051,3594.0,5061.0,81.0,3490.0,4981.0,98.0,104.0,80.0,-17.0,1.0,0.0,0.0,0.0,1.0,1.0,5315.0,7925.0,135.0,6060.0,8431.0,157.0,-745.0,-506.0,-22.0,1.0,0.0,0.0,2.0,1.0,1.0,7276.0,10104.0,171.0,7762.0,10445.0,187.0,-486.0,-341.0,-16.0,1.0,1.0,1.0,2.0,3.0,2.0,8954.0,11875.0,200.0,10201.0,13718.0,222.0,-1247.0,-1843.0,-22.0,1.0,2.0,3.0,3.0,6.0,2.0
ESPORTSTMNT04_2694269,complete,,EM,2023,Summer,0,2023-08-17 19:54:51,3,13.14,2,Blue,jng,Mojito,oe:player:d92b0904aa4f08f128aa8c6d2775056,FUT Esports,oe:team:8df5e2c8825f60f136b2cbed5633a81,Amumu,Jax,Rumble,Rakan,Xayah,Varus,,,,,,1712,0,1,5,4,10,20,0.0,0.0,0.0,0.0,1.0,0.0,1.0,0.0,0.3505,1.0514,,,,,,,,,,,,,,,,,,,,,0.0,2.0,,,,,,,,0.0,0.0,9394.0,329.229,0.118205,1205.7827,1150.3738,10.0,0.3505,5.0,0.1752,8.0,39.0,1.3668,8771,5003,175.3388,0.160568,8300.0,,,159.0,19.0,140.0,,,5.5724,3356.0,3284.0,65.0,3258.0,3292.0,58.0,98.0,-8.0,7.0,0.0,2.0,1.0,1.0,1.0,1.0,5599.0,6311.0,109.0,5540.0,6091.0,99.0,59.0,220.0,10.0,1.0,3.0,2.0,2.0,2.0,1.0,6831.0,7795.0,127.0,7662.0,8325.0,126.0,-831.0,-530.0,1.0,1.0,4.0,3.0,3.0,4.0,1.0,8012.0,10077.0,145.0,9680.0,10328.0,135.0,-1668.0,-251.0,10.0,1.0,4.0,4.0,4.0,6.0,1.0
ESPORTSTMNT04_2694269,complete,,EM,2023,Summer,0,2023-08-17 19:54:51,3,13.14,3,Blue,mid,Tempt,oe:player:2861898294dd867b05fd28dca284e57,FUT Esports,oe:team:8df5e2c8825f60f136b2cbed5633a81,Jayce,Jax,Rumble,Rakan,Xayah,Varus,,,,,,1712,0,3,5,1,10,20,0.0,0.0,0.0,0.0,0.0,0.0,0.0,0.0,0.3505,1.0514,,,,,,,,,,,,,,,,,,,,,0.0,0.0,,,,,,,,0.0,1.0,21681.0,759.8481,0.272813,582.5117,399.6729,15.0,0.5257,9.0,0.3154,6.0,28.0,0.9813,12548,8780,307.7103,0.281791,12550.0,,,290.0,286.0,4.0,,,10.1636,3452.0,4500.0,93.0,3912.0,4562.0,87.0,-460.0,-62.0,6.0,0.0,1.0,1.0,2.0,1.0,0.0,5040.0,6441.0,135.0,5843.0,7088.0,140.0,-803.0,-647.0,-5.0,0.0,1.0,3.0,2.0,1.0,1.0,7493.0,9694.0,202.0,9181.0,11280.0,192.0,-1688.0,-1586.0,10.0,1.0,1.0,4.0,4.0,3.0,1.0,10664.0,12120.0,243.0,11535.0,13875.0,225.0,-871.0,-1755.0,18.0,3.0,1.0,4.0,5.0,5.0,2.0
ESPORTSTMNT04_2694269,complete,,EM,2023,Summer,0,2023-08-17 19:54:51,3,13.14,4,Blue,bot,Kaori,oe:player:c63c7e0755b31f1effbdf2e1f831e7d,FUT Esports,oe:team:8df5e2c8825f60f136b2cbed5633a81,Kai'Sa,Jax,Rumble,Rakan,Xayah,Varus,,,,,,1712,0,5,3,3,10,20,0.0,0.0,0.0,0.0,0.0,0.0,0.0,0.0,0.3505,1.0514,,,,,,,,,,,,,,,,,,,,,0.0,0.0,,,,,,,,0.0,1.0,24487.0,858.1893,0.308121,479.4042,281.1449,21.0,0.736,6.0,0.2103,5.0,46.0,1.6121,12631,8863,310.6192,0.284455,11375.0,,,288.0,264.0,24.0,,,10.0935,3728.0,3711.0,92.0,3363.0,3654.0,92.0,365.0,57.0,0.0,1.0,0.0,0.0,0.0,0.0,0.0,6167.0,6504.0,139.0,5278.0,5834.0,129.0,889.0,670.0,10.0,3.0,1.0,1.0,1.0,0.0,2.0,8991.0,9219.0,197.0,8350.0,8650.0,187.0,641.0,569.0,10.0,4.0,2.0,2.0,2.0,0.0,2.0,10978.0,11580.0,252.0,11237.0,12079.0,240.0,-259.0,-499.0,12.0,4.0,3.0,2.0,3.0,3.0,3.0
ESPORTSTMNT04_2694269,complete,,EM,2023,Summer,0,2023-08-17 19:54:51,3,13.14,5,Blue,sup,Asper,oe:player:29e873916dcb14c9feb6b85d253cb87,FUT Esports,oe:team:8df5e2c8825f60f136b2cbed5633a81,Gragas,Jax,Rumble,Rakan,Xayah,Varus,,,,,,1712,0,0,2,3,10,20,0.0,0.0,0.0,0.0,0.0,0.0,0.0,0.0,0.3505,1.0514,,,,,,,,,,,,,,,,,,,,,0.0,0.0,,,,,,,,0.0,0.0,6644.0,232.8505,0.0836018,481.1215,404.1238,50.0,1.7523,13.0,0.4556,15.0,103.0,3.6098,6096,2328,81.5888,0.0747144,6175.0,,,35.0,35.0,0.0,,,1.2266,2130.0,2357.0,14.0,2406.0,2642.0,15.0,-276.0,-285.0,-1.0,0.0,0.0,1.0,0.0,3.0,0.0,3479.0,4092.0,27.0,3940.0,4607.0,27.0,-461.0,-515.0,0.0,0.0,2.0,1.0,0.0,6.0,0.0,4588.0,6040.0,29.0,5561.0,5517.0,37.0,-973.0,523.0,-8.0,0.0,3.0,1.0,0.0,7.0,1.0,5490.0,7790.0,31.0,7386.0,7875.0,39.0,-1896.0,-85.0,-8.0,0.0,3.0,2.0,0.0,11.0,1.0
ESPORTSTMNT04_2694269,complete,,EM,2023,Summer,0,2023-08-17 19:54:51,3,13.14,6,Red,top,Empyros,oe:player:9db3f170213f562a9613fe4f99d7dfa,DSYRE,oe:team:3e3ca0895ded506fd637e723d6ae2a1,Renekton,LeBlanc,Tristana,Poppy,Nautilus,Alistar,,,,,,1712,1,4,2,10,20,10,0.0,0.0,0.0,0.0,0.0,0.0,0.0,1.0,0.7009,1.0514,,,,,,,,,,,,,,,,,,,,,0.0,0.0,,,,,,,,1.0,0.0,20234.0,709.1355,0.268025,1150.479,865.6542,14.0,0.4907,4.0,0.1402,5.0,36.0,1.2617,11973,8205,287.5584,0.207391,10800.0,,,235.0,235.0,0.0,,,8.236,3490.0,4981.0,98.0,3594.0,5061.0,81.0,-104.0,-80.0,17.0,0.0,1.0,1.0,1.0,0.0,0.0,6060.0,8431.0,157.0,5315.0,7925.0,135.0,745.0,506.0,22.0,2.0,1.0,1.0,1.0,0.0,0.0,7762.0,10445.0,187.0,7276.0,10104.0,171.0,486.0,341.0,16.0,2.0,3.0,2.0,1.0,1.0,1.0,10201.0,13718.0,222.0,8954.0,11875.0,200.0,1247.0,1843.0,22.0,3.0,6.0,2.0,1.0,2.0,3.0
ESPORTSTMNT04_2694269,complete,,EM,2023,Summer,0,2023-08-17 19:54:51,3,13.14,7,Red,jng,Rhilech,oe:player:cbe20c64274a87a21e5bdac1ccc3e77,DSYRE,oe:team:3e3ca0895ded506fd637e723d6ae2a1,Maokai,LeBlanc,Tristana,Poppy,Nautilus,Alistar,,,,,,1712,1,4,1,10,20,10,0.0,0.0,0.0,0.0,0.0,0.0,0.0,0.0,0.7009,1.0514,,,,,,,,,,,,,,,,,,,,,2.0,0.0,,,,,,,,0.0,0.0,14507.0,508.4229,0.192164,993.3995,1074.1472,7.0,0.2453,8.0,0.2804,6.0,31.0,1.0864,10936,7168,251.215,0.181179,10150.0,,,145.0,24.0,121.0,,,5.0818,3258.0,3292.0,58.0,3356.0,3284.0,65.0,-98.0,8.0,-7.0,1.0,1.0,1.0,0.0,2.0,1.0,5540.0,6091.0,99.0,5599.0,6311.0,109.0,-59.0,-220.0,-10.0,2.0,2.0,1.0,1.0,3.0,2.0,7662.0,8325.0,126.0,6831.0,7795.0,127.0,831.0,530.0,-1.0,3.0,4.0,1.0,1.0,4.0,3.0,9680.0,10328.0,135.0,8012.0,10077.0,145.0,1668.0,251.0,-10.0,4.0,6.0,1.0,1.0,4.0,4.0
ESPORTSTMNT04_2694269,complete,,EM,2023,Summer,0,2023-08-17 19:54:51,3,13.14,8,Red,mid,XoNix,oe:player:be877a261fb0c3a320db45091bdefec,DSYRE,oe:team:3e3ca0895ded506fd637e723d6ae2a1,Ahri,LeBlanc,Tristana,Poppy,Nautilus,Alistar,,,,,,1712,1,8,2,7,20,10,1.0,0.0,0.0,0.0,0.0,0.0,0.0,0.0,0.7009,1.0514,,,,,,,,,,,,,,,,,,,,,0.0,0.0,,,,,,,,1.0,0.0,20278.0,710.6776,0.268608,753.3645,375.771,12.0,0.4206,4.0,0.1402,5.0,29.0,1.0164,13655,9887,346.507,0.249906,12175.0,,,230.0,218.0,12.0,,,8.0607,3912.0,4562.0,87.0,3452.0,4500.0,93.0,460.0,62.0,-6.0,2.0,1.0,0.0,0.0,1.0,1.0,5843.0,7088.0,140.0,5040.0,6441.0,135.0,803.0,647.0,5.0,2.0,1.0,1.0,0.0,1.0,3.0,9181.0,11280.0,192.0,7493.0,9694.0,202.0,1688.0,1586.0,-10.0,4.0,3.0,1.0,1.0,1.0,4.0,11535.0,13875.0,225.0,10664.0,12120.0,243.0,871.0,1755.0,-18.0,5.0,5.0,2.0,3.0,1.0,4.0
ESPORTSTMNT04_2694269,complete,,EM,2023,Summer,0,2023-08-17 19:54:51,3,13.14,9,Red,bot,Aetinoth,oe:player:d47955c8bc06bf316f24ee15d45407b,DSYRE,oe:team:3e3ca0895ded506fd637e723d6ae2a1,Sivir,LeBlanc,Tristana,Poppy,Nautilus,Alistar,,,,,,1712,1,4,3,6,20,10,0.0,0.0,0.0,0.0,0.0,0.0,0.0,0.0,0.7009,1.0514,,,,,,,,,,,,,,,,,,,,,0.0,0.0,,,,,,,,1.0,0.0,15231.0,533.7967,0.201754,392.5935,184.1355,15.0,0.5257,12.0,0.4206,5.0,30.0,1.0514,13394,9626,337.3598,0.243309,11675.0,,,263.0,253.0,10.0,,,9.2173,3363.0,3654.0,92.0,3728.0,3711.0,92.0,-365.0,-57.0,0.0,0.0,0.0,0.0,1.0,0.0,0.0,5278.0,5834.0,129.0,6167.0,6504.0,139.0,-889.0,-670.0,-10.0,1.0,0.0,2.0,3.0,1.0,1.0,8350.0,8650.0,187.0,8991.0,9219.0,197.0,-641.0,-569.0,-10.0,2.0,0.0,2.0,4.0,2.0,2.0,11237.0,12079.0,240.0,10978.0,11580.0,252.0,259.0,499.0,-12.0,3.0,3.0,3.0,4.0,3.0,2.0
ESPORTSTMNT04_2694269,complete,,EM,2023,Summer,0,2023-08-17 19:54:51,3,13.14,10,Red,sup,Nash,oe:player:6b9f3420febdbc475dd3c1e4e0bcb5e,DSYRE,oe:team:3e3ca0895ded506fd637e723d6ae2a1,Rell,LeBlanc,Tristana,Poppy,Nautilus,Alistar,,,,,,1712,1,0,2,14,20,10,0.0,0.0,0.0,0.0,0.0,0.0,0.0,0.0,0.7009,1.0514,,,,,,,,,,,,,,,,,,,,,0.0,0.0,,,,,,,,0.0,0.0,5243.0,183.75,0.0694501,572.3481,657.6519,33.0,1.1565,9.0,0.3154,9.0,82.0,2.8738,8445,4677,163.9136,0.118216,7425.0,,,41.0,37.0,4.0,,,1.4369,2406.0,2642.0,15.0,2130.0,2357.0,14.0,276.0,285.0,1.0,0.0,3.0,0.0,0.0,0.0,1.0,3940.0,4607.0,27.0,3479.0,4092.0,27.0,461.0,515.0,0.0,0.0,6.0,0.0,0.0,2.0,1.0,5561.0,5517.0,37.0,4588.0,6040.0,29.0,973.0,-523.0,8.0,0.0,7.0,1.0,0.0,3.0,1.0,7386.0,7875.0,39.0,5490.0,7790.0,31.0,1896.0,85.0,8.0,0.0,11.0,1.0,0.0,3.0,2.0
ESPORTSTMNT04_2694269,complete,,EM,2023,Summer,0,2023-08-17 19:54:51,3,13.14,100,Blue,team,,,FUT Esports,oe:team:8df5e2c8825f60f136b2cbed5633a81,,Jax,Rumble,Rakan,Xayah,Varus,Kai'Sa,Jayce,Amumu,Aatrox,Gragas,1712,0,10,20,13,10,20,0.0,0.0,0.0,0.0,1.0,,,,0.3505,1.0514,0.0,0.0,3.0,0.0,3.0,0.0,0.0,0.0,0.0,0.0,0.0,,0.0,0.0,0.0,0.0,2.0,,,0.0,0.0,2.0,0.0,2.0,11.0,0.0,0.0,0.0,3.0,0.0,3.0,79472.0,2785.2336,,3734.3692,2941.1565,103.0,3.6098,38.0,1.3318,37.0,237.0,8.3061,49998,31158,1091.986,,47525.0,-0.0942356,-1.25,,817.0,172.0,,,34.6612,16260.0,18913.0,345.0,16429.0,19131.0,350.0,-169.0,-218.0,-5.0,2.0,3.0,3.0,3.0,6.0,2.0,25600.0,31273.0,545.0,26661.0,32051.0,552.0,-1061.0,-778.0,-7.0,5.0,7.0,7.0,7.0,10.0,5.0,35179.0,42852.0,726.0,38516.0,44217.0,729.0,-3337.0,-1365.0,-3.0,7.0,11.0,11.0,11.0,17.0,7.0,44098.0,53442.0,871.0,50039.0,57875.0,861.0,-5941.0,-4433.0,10.0,9.0,13.0,15.0,15.0,31.0,9.0
ESPORTSTMNT04_2694269,complete,,EM,2023,Summer,0,2023-08-17 19:54:51,3,13.14,200,Red,team,,,DSYRE,oe:team:3e3ca0895ded506fd637e723d6ae2a1,,LeBlanc,Tristana,Poppy,Nautilus,Alistar,Maokai,Rell,Ahri,Sivir,Renekton,1712,1,20,10,47,20,10,1.0,0.0,0.0,0.0,0.0,,,,0.7009,1.0514,1.0,3.0,0.0,3.0,0.0,1.0,1.0,0.0,1.0,0.0,0.0,,0.0,0.0,1.0,2.0,0.0,,,1.0,2.0,0.0,1.0,11.0,2.0,1.0,1.0,3.0,0.0,3.0,0.0,75493.0,2645.7827,,3862.1846,3157.3598,81.0,2.8388,37.0,1.2967,30.0,208.0,7.2897,58403,39563,1386.5537,,52225.0,0.0942356,1.25,,767.0,147.0,,,32.0327,16429.0,19131.0,350.0,16260.0,18913.0,345.0,169.0,218.0,5.0,3.0,6.0,2.0,2.0,3.0,3.0,26661.0,32051.0,552.0,25600.0,31273.0,545.0,1061.0,778.0,7.0,7.0,10.0,5.0,5.0,7.0,7.0,38516.0,44217.0,729.0,35179.0,42852.0,726.0,3337.0,1365.0,3.0,11.0,17.0,7.0,7.0,11.0,11.0,50039.0,57875.0,861.0,44098.0,53442.0,871.0,5941.0,4433.0,-10.0,15.0,31.0,9.0,9.0,13.0,15.0
ESPORTSTMNT05_3241469,complete,,EM,2023,Summer,0,2023-08-21 15:10:40,1,13.15,1,Blue,top,Destroy,oe:player:21846207612858fb49a468b43e56dd3,İstanbul Wildcats,oe:team:a65adb2808377018a2a7832eb2bd7f4,Gwen,Maokai,Xayah,Ivern,Jax,Fiora,,,,,,1718,1,3,2,10,25,11,0.0,0.0,0.0,0.0,0.0,0.0,0.0,1.0,0.8731,1.2573,,,,,,,,,,,,,,,,,,,,,0.0,0.0,,,,,,,,1.0,0.0,18710.0,653.4342,0.219802,595.9488,527.2177,8.0,0.2794,5.0,0.1746,3.0,26.0,0.908,11496,7716,269.4761,0.184747,10875.0,,,231.0,223.0,8.0,,,8.0675,3171.0,4271.0,77.0,3846.0,4500.0,76.0,-675.0,-229.0,1.0,0.0,1.0,2.0,2.0,0.0,1.0,4497.0,6590.0,108.0,5713.0,7179.0,119.0,-1216.0,-589.0,-11.0,0.0,2.0,2.0,3.0,0.0,1.0,7325.0,10430.0,167.0,8465.0,10839.0,183.0,-1140.0,-409.0,-16.0,1.0,5.0,2.0,3.0,0.0,1.0,9613.0,14425.0,220.0,10449.0,12965.0,217.0,-836.0,1460.0,3.0,1.0,9.0,2.0,4.0,0.0,3.0
ESPORTSTMNT05_3241469,complete,,EM,2023,Summer,0,2023-08-21 15:10:40,1,13.15,2,Blue,jng,Ferret,oe:player:92b76c3a9967d6322741aa6d2ba4a2b,İstanbul Wildcats,oe:team:a65adb2808377018a2a7832eb2bd7f4,Nocturne,Maokai,Xayah,Ivern,Jax,Fiora,,,,,,1718,1,6,0,16,25,11,0.0,0.0,0.0,0.0,0.0,0.0,0.0,0.0,0.8731,1.2573,,,,,,,,,,,,,,,,,,,,,2.0,0.0,,,,,,,,0.0,0.0,11598.0,405.0524,0.136251,936.4261,1188.3702,21.0,0.7334,9.0,0.3143,8.0,58.0,2.0256,12819,9039,315.681,0.216426,11600.0,,,185.0,20.0,165.0,,,6.461,3832.0,4124.0,78.0,3370.0,3550.0,66.0,462.0,574.0,12.0,1.0,0.0,0.0,0.0,2.0,0.0,5976.0,6258.0,107.0,4799.0,5352.0,95.0,1177.0,906.0,12.0,2.0,3.0,0.0,0.0,3.0,1.0,8333.0,8771.0,140.0,6677.0,7406.0,129.0,1656.0,1365.0,11.0,3.0,6.0,0.0,1.0,3.0,2.0,10778.0,12465.0,165.0,7900.0,9031.0,145.0,2878.0,3434.0,20.0,5.0,10.0,0.0,1.0,4.0,4.0
ESPORTSTMNT05_3241469,complete,,EM,2023,Summer,0,2023-08-21 15:10:40,1,13.15,3,Blue,mid,Kofte,oe:player:db0cbdc72184ad44ab905be61fc0756,İstanbul Wildcats,oe:team:a65adb2808377018a2a7832eb2bd7f4,Jayce,Maokai,Xayah,Ivern,Jax,Fiora,,,,,,1718,1,8,0,13,25,11,1.0,0.0,0.0,0.0,0.0,0.0,0.0,0.0,0.8731,1.2573,,,,,,,,,,,,,,,,,,,,,0.0,0.0,,,,,,,,0.0,0.0,27852.0,972.7125,0.327201,446.1583,364.4703,14.0,0.4889,3.0,0.1048,5.0,31.0,1.0827,15271,11491,401.3155,0.275138,14185.0,,,251.0,233.0,18.0,,,8.766,3566.0,4989.0,95.0,3295.0,4876.0,88.0,271.0,113.0,7.0,0.0,0.0,0.0,0.0,0.0,0.0,6287.0,8250.0,151.0,4997.0,7806.0,138.0,1290.0,444.0,13.0,2.0,0.0,0.0,0.0,1.0,1.0,9427.0,10612.0,192.0,6268.0,9273.0,163.0,3159.0,1339.0,29.0,3.0,2.0,0.0,0.0,2.0,2.0,13053.0,13986.0,226.0,7846.0,11792.0,191.0,5207.0,2194.0,35.0,7.0,6.0,0.0,0.0,5.0,3.0
ESPORTSTMNT05_3241469,complete,,EM,2023,Summer,0,2023-08-21 15:10:40,1,13.15,4,Blue,bot,BAO,oe:player:6c1d0c529e73fe4c8b9a5306867c4bf,İstanbul Wildcats,oe:team:a65adb2808377018a2a7832eb2bd7f4,Zeri,Maokai,Xayah,Ivern,Jax,Fiora,,,,,,1718,1,5,4,16,25,11,1.0,0.0,0.0,0.0,0.0,0.0,0.0,0.0,0.8731,1.2573,,,,,,,,,,,,,,,,,,,,,0.0,0.0,,,,,,,,0.0,0.0,22413.0,782.759,0.263304,492.3632,368.5565,15.0,0.5239,12.0,0.4191,4.0,48.0,1.6764,12789,9009,314.6333,0.215708,12700.0,,,258.0,248.0,10.0,,,9.0105,3272.0,2947.0,88.0,3707.0,3227.0,85.0,-435.0,-280.0,3.0,0.0,0.0,0.0,1.0,0.0,0.0,5292.0,4771.0,133.0,5722.0,5475.0,137.0,-430.0,-704.0,-4.0,1.0,2.0,1.0,2.0,0.0,1.0,7766.0,8165.0,203.0,8050.0,7216.0,184.0,-284.0,949.0,19.0,1.0,5.0,1.0,2.0,1.0,2.0,10830.0,11736.0,243.0,10440.0,9593.0,234.0,390.0,2143.0,9.0,3.0,10.0,3.0,3.0,3.0,3.0
ESPORTSTMNT05_3241469,complete,,EM,2023,Summer,0,2023-08-21 15:10:40,1,13.15,5,Blue,sup,Parus,oe:player:a9cfbc13e22eefdd22af7b346ce2af4,İstanbul Wildcats,oe:team:a65adb2808377018a2a7832eb2bd7f4,Rell,Maokai,Xayah,Ivern,Jax,Fiora,,,,,,1718,1,3,5,14,25,11,0.0,0.0,0.0,0.0,0.0,0.0,0.0,0.0,0.8731,1.2573,,,,,,,,,,,,,,,,,,,,,0.0,0.0,,,,,,,,0.0,0.0,4549.0,158.8708,0.0534409,581.4203,821.0012,47.0,1.6414,9.0,0.3143,11.0,97.0,3.3877,8290,4510,157.5087,0.107982,7225.0,,,31.0,31.0,0.0,,,1.0827,2167.0,2588.0,15.0,2294.0,2785.0,15.0,-127.0,-197.0,0.0,0.0,0.0,1.0,0.0,1.0,0.0,3329.0,3661.0,21.0,3456.0,4083.0,27.0,-127.0,-422.0,-6.0,0.0,1.0,2.0,0.0,2.0,1.0,4852.0,4528.0,26.0,4520.0,5273.0,31.0,332.0,-745.0,-5.0,1.0,1.0,3.0,0.0,3.0,2.0,6430.0,6939.0,29.0,5707.0,6421.0,31.0,723.0,518.0,-2.0,1.0,8.0,4.0,1.0,4.0,4.0
ESPORTSTMNT05_3241469,complete,,EM,2023,Summer,0,2023-08-21 15:10:40,1,13.15,6,Red,top,pr1me,oe:player:f3f1edfba7200c65b417d359a6f9c82,Orbit Anonymo Esports,oe:team:f9f16e15a84c85d050aa09b4a21c757,Camille,Poppy,Rumble,Kai'Sa,Kennen,Trundle,,,,,,1718,0,4,5,0,11,25,0.0,0.0,0.0,0.0,1.0,1.0,0.0,0.0,0.3842,1.2573,,,,,,,,,,,,,,,,,,,,,0.0,0.0,,,,,,,,0.0,1.0,12737.0,444.8312,0.221714,876.5658,682.142,9.0,0.3143,2.0,0.0698,0.0,15.0,0.5239,11324,7544,263.4692,0.259586,10925.0,,,234.0,230.0,4.0,,,8.1723,3846.0,4500.0,76.0,3171.0,4271.0,77.0,675.0,229.0,-1.0,2.0,0.0,1.0,0.0,1.0,2.0,5713.0,7179.0,119.0,4497.0,6590.0,108.0,1216.0,589.0,11.0,3.0,0.0,1.0,0.0,2.0,2.0,8465.0,10839.0,183.0,7325.0,10430.0,167.0,1140.0,409.0,16.0,3.0,0.0,1.0,1.0,5.0,2.0,10449.0,12965.0,217.0,9613.0,14425.0,220.0,836.0,-1460.0,-3.0,4.0,0.0,3.0,1.0,9.0,2.0
ESPORTSTMNT05_3241469,complete,,EM,2023,Summer,0,2023-08-21 15:10:40,1,13.15,7,Red,jng,Savero,oe:player:565edcb58e76115e571f38521946e41,Orbit Anonymo Esports,oe:team:f9f16e15a84c85d050aa09b4a21c757,Sejuani,Poppy,Rumble,Kai'Sa,Kennen,Trundle,,,,,,1718,0,1,6,5,11,25,0.0,0.0,0.0,0.0,1.0,0.0,1.0,0.0,0.3842,1.2573,,,,,,,,,,,,,,,,,,,,,0.0,2.0,,,,,,,,0.0,0.0,7699.0,268.8824,0.134017,1110.2095,1512.7474,5.0,0.1746,9.0,0.3143,5.0,33.0,1.1525,8811,5031,175.7043,0.173111,8575.0,,,157.0,17.0,140.0,,,5.4831,3370.0,3550.0,66.0,3832.0,4124.0,78.0,-462.0,-574.0,-12.0,0.0,2.0,0.0,1.0,0.0,0.0,4799.0,5352.0,95.0,5976.0,6258.0,107.0,-1177.0,-906.0,-12.0,0.0,3.0,1.0,2.0,3.0,0.0,6677.0,7406.0,129.0,8333.0,8771.0,140.0,-1656.0,-1365.0,-11.0,1.0,3.0,2.0,3.0,6.0,0.0,7900.0,9031.0,145.0,10778.0,12465.0,165.0,-2878.0,-3434.0,-20.0,1.0,4.0,4.0,5.0,10.0,0.0
ESPORTSTMNT05_3241469,complete,,EM,2023,Summer,0,2023-08-21 15:10:40,1,13.15,8,Red,mid,Roison,oe:player:1428134d4ece3f00321b6b870ca2152,Orbit Anonymo Esports,oe:team:f9f16e15a84c85d050aa09b4a21c757,Seraphine,Poppy,Rumble,Kai'Sa,Kennen,Trundle,,,,,,1718,0,1,4,6,11,25,0.0,0.0,0.0,0.0,0.0,0.0,0.0,0.0,0.3842,1.2573,,,,,,,,,,,,,,,,,,,,,0.0,0.0,,,,,,,,0.0,0.0,13524.0,472.3166,0.235413,595.4598,333.1083,7.0,0.2445,7.0,0.2445,0.0,15.0,0.5239,9368,5588,195.1572,0.192278,8785.0,,,218.0,214.0,4.0,,,7.6135,3295.0,4876.0,88.0,3566.0,4989.0,95.0,-271.0,-113.0,-7.0,0.0,0.0,0.0,0.0,0.0,0.0,4997.0,7806.0,138.0,6287.0,8250.0,151.0,-1290.0,-444.0,-13.0,0.0,1.0,1.0,2.0,0.0,0.0,6268.0,9273.0,163.0,9427.0,10612.0,192.0,-3159.0,-1339.0,-29.0,0.0,2.0,2.0,3.0,2.0,0.0,7846.0,11792.0,191.0,13053.0,13986.0,226.0,-5207.0,-2194.0,-35.0,0.0,5.0,3.0,7.0,6.0,0.0
ESPORTSTMNT05_3241469,complete,,EM,2023,Summer,0,2023-08-21 15:10:40,1,13.15,9,Red,bot,Neramin,oe:player:c032df73970ffb2f2b585d912f6b20d,Orbit Anonymo Esports,oe:team:f9f16e15a84c85d050aa09b4a21c757,Tristana,Poppy,Rumble,Kai'Sa,Kennen,Trundle,,,,,,1718,0,4,4,3,11,25,0.0,0.0,0.0,0.0,0.0,0.0,0.0,0.0,0.3842,1.2573,,,,,,,,,,,,,,,,,,,,,0.0,0.0,,,,,,,,0.0,0.0,18126.0,633.0384,0.31552,693.8417,370.6519,8.0,0.2794,13.0,0.454,1.0,28.0,0.9779,11965,8185,285.8556,0.281644,11525.0,,,268.0,255.0,13.0,,,9.3597,3707.0,3227.0,85.0,3272.0,2947.0,88.0,435.0,280.0,-3.0,1.0,0.0,0.0,0.0,0.0,0.0,5722.0,5475.0,137.0,5292.0,4771.0,133.0,430.0,704.0,4.0,2.0,0.0,1.0,1.0,2.0,1.0,8050.0,7216.0,184.0,7766.0,8165.0,203.0,284.0,-949.0,-19.0,2.0,1.0,2.0,1.0,5.0,1.0,10440.0,9593.0,234.0,10830.0,11736.0,243.0,-390.0,-2143.0,-9.0,3.0,3.0,3.0,3.0,10.0,3.0
ESPORTSTMNT05_3241469,complete,,EM,2023,Summer,0,2023-08-21 15:10:40,1,13.15,10,Red,sup,Czypsy,oe:player:df5866d3078c786ce03084b78b1f5d9,Orbit Anonymo Esports,oe:team:f9f16e15a84c85d050aa09b4a21c757,Nautilus,Poppy,Rumble,Kai'Sa,Kennen,Trundle,,,,,,1718,0,1,6,5,11,25,0.0,0.0,0.0,0.0,0.0,0.0,0.0,0.0,0.3842,1.2573,,,,,,,,,,,,,,,,,,,,,0.0,0.0,,,,,,,,0.0,0.0,5362.0,187.2643,0.0933366,520.0582,942.8172,48.0,1.6764,10.0,0.3492,10.0,86.0,3.0035,6494,2714,94.7846,0.0933807,6000.0,,,35.0,35.0,0.0,,,1.2224,2294.0,2785.0,15.0,2167.0,2588.0,15.0,127.0,197.0,0.0,0.0,1.0,0.0,0.0,0.0,1.0,3456.0,4083.0,27.0,3329.0,3661.0,21.0,127.0,422.0,6.0,0.0,2.0,1.0,0.0,1.0,2.0,4520.0,5273.0,31.0,4852.0,4528.0,26.0,-332.0,745.0,5.0,0.0,3.0,2.0,1.0,1.0,3.0,5707.0,6421.0,31.0,6430.0,6939.0,29.0,-723.0,-518.0,2.0,1.0,4.0,4.0,1.0,8.0,4.0
ESPORTSTMNT05_3241469,complete,,EM,2023,Summer,0,2023-08-21 15:10:40,1,13.15,100,Blue,team,,,İstanbul Wildcats,oe:team:a65adb2808377018a2a7832eb2bd7f4,,Maokai,Xayah,Ivern,Jax,Fiora,Rell,Jayce,Zeri,Gwen,Nocturne,1718,1,25,11,69,25,11,2.0,0.0,0.0,0.0,0.0,,,,0.8731,1.2573,0.0,1.0,3.0,1.0,3.0,0.0,1.0,0.0,0.0,0.0,0.0,,0.0,0.0,1.0,2.0,0.0,,,1.0,2.0,0.0,0.0,9.0,3.0,1.0,1.0,5.0,3.0,1.0,0.0,85122.0,2972.8289,,3052.3166,3269.6158,105.0,3.6671,38.0,1.3271,31.0,260.0,9.0803,60665,41763,1458.5448,,56585.0,0.21046,1.42,,755.0,201.0,,,33.3877,16008.0,18919.0,353.0,16512.0,18938.0,330.0,-504.0,-19.0,23.0,1.0,1.0,3.0,3.0,3.0,1.0,25381.0,29530.0,520.0,24687.0,29895.0,516.0,694.0,-365.0,4.0,5.0,8.0,5.0,5.0,6.0,5.0,37703.0,42506.0,728.0,33980.0,40007.0,690.0,3723.0,2499.0,38.0,9.0,19.0,6.0,6.0,9.0,9.0,50704.0,59551.0,883.0,42342.0,49802.0,818.0,8362.0,9749.0,65.0,17.0,43.0,9.0,9.0,16.0,17.0
ESPORTSTMNT05_3241469,complete,,EM,2023,Summer,0,2023-08-21 15:10:40,1,13.15,200,Red,team,,,Orbit Anonymo Esports,oe:team:f9f16e15a84c85d050aa09b4a21c757,,Poppy,Rumble,Kai'Sa,Kennen,Trundle,Sejuani,Tristana,Nautilus,Seraphine,Camille,1718,0,11,25,19,11,25,0.0,0.0,0.0,0.0,1.0,,,,0.3842,1.2573,1.0,3.0,1.0,3.0,1.0,0.0,1.0,0.0,1.0,1.0,0.0,,0.0,0.0,0.0,0.0,2.0,,,0.0,0.0,2.0,1.0,3.0,9.0,0.0,0.0,3.0,5.0,0.0,1.0,57448.0,2006.3329,,3796.135,3841.4668,77.0,2.6892,41.0,1.4319,16.0,177.0,6.1816,47962,29060,1014.901,,45810.0,-0.21046,-1.42,,751.0,161.0,,,31.851,16512.0,18938.0,330.0,16008.0,18919.0,353.0,504.0,19.0,-23.0,3.0,3.0,1.0,1.0,1.0,3.0,24687.0,29895.0,516.0,25381.0,29530.0,520.0,-694.0,365.0,-4.0,5.0,6.0,5.0,5.0,8.0,5.0,33980.0,40007.0,690.0,37703.0,42506.0,728.0,-3723.0,-2499.0,-38.0,6.0,9.0,9.0,9.0,19.0,6.0,42342.0,49802.0,818.0,50704.0,59551.0,883.0,-8362.0,-9749.0,-65.0,9.0,16.0,17.0,17.0,43.0,9.0
ESPORTSTMNT05_3240447,complete,,EM,2023,Summer,0,2023-08-21 15:11:09,1,13.15,1,Blue,top,Cabochard,oe:player:010c1b0d37c2b7459b215dae7ffeeac,Karmine Corp,oe:team:f3aa9bbd924ce3af42ac53f8326bc7c,Tryndamere,Gangplank,Kled,Ivern,Zeri,Alistar,,,,,,2228,0,2,3,0,11,14,0.0,0.0,0.0,0.0,0.0,0.0,0.0,0.0,0.2962,0.6732,,,,,,,,,,,,,,,,,,,,,0.0,0.0,,,,,,,,2.0,0.0,10713.0,288.5009,0.121302,989.3268,1557.5763,10.0,0.2693,10.0,0.2693,6.0,47.0,1.2657,15527,10706,288.3124,0.254618,15000.0,,,357.0,326.0,31.0,,,9.614,3477.0,4857.0,86.0,3329.0,4857.0,87.0,148.0,0.0,-1.0,1.0,0.0,0.0,0.0,0.0,1.0,6138.0,8047.0,143.0,4676.0,7073.0,126.0,1462.0,974.0,17.0,2.0,0.0,0.0,0.0,0.0,2.0,8334.0,10533.0,194.0,6418.0,9441.0,167.0,1916.0,1092.0,27.0,2.0,0.0,0.0,0.0,0.0,2.0,10435.0,12311.0,232.0,8290.0,11746.0,182.0,2145.0,565.0,50.0,2.0,0.0,1.0,0.0,4.0,3.0
ESPORTSTMNT05_3240447,complete,,EM,2023,Summer,0,2023-08-21 15:11:09,1,13.15,2,Blue,jng,Cinkrof,oe:player:6b3481654facc1e7fe3e312883ea8f3,Karmine Corp,oe:team:f3aa9bbd924ce3af42ac53f8326bc7c,Sejuani,Gangplank,Kled,Ivern,Zeri,Alistar,,,,,,2228,0,0,3,6,11,14,0.0,0.0,0.0,0.0,1.0,0.0,1.0,0.0,0.2962,0.6732,,,,,,,,,,,,,,,,,,,,,0.0,2.0,,,,,,,,0.0,0.0,9460.0,254.7576,0.107114,832.5673,1273.9767,16.0,0.4309,27.0,0.7271,15.0,94.0,2.5314,10850,6029,162.3609,0.143389,10555.0,,,195.0,41.0,154.0,,,5.2513,3119.0,3143.0,59.0,3368.0,3184.0,64.0,-249.0,-41.0,-5.0,0.0,2.0,0.0,0.0,1.0,1.0,4829.0,5493.0,97.0,5063.0,5390.0,103.0,-234.0,103.0,-6.0,0.0,3.0,0.0,0.0,1.0,1.0,6500.0,7282.0,123.0,6269.0,6801.0,119.0,231.0,481.0,4.0,0.0,3.0,0.0,0.0,2.0,1.0,7773.0,8893.0,140.0,8087.0,9752.0,138.0,-314.0,-859.0,2.0,0.0,6.0,1.0,0.0,5.0,1.0
ESPORTSTMNT05_3240447,complete,,EM,2023,Summer,0,2023-08-21 15:11:09,1,13.15,3,Blue,mid,SAKEN,oe:player:1d43b8dc600eba61cd7dd2cd8d6baf6,Karmine Corp,oe:team:f3aa9bbd924ce3af42ac53f8326bc7c,Jayce,Gangplank,Kled,Ivern,Zeri,Alistar,,,,,,2228,0,4,2,3,11,14,1.0,0.0,0.0,0.0,1.0,1.0,0.0,0.0,0.2962,0.6732,,,,,,,,,,,,,,,,,,,,,0.0,0.0,,,,,,,,0.0,0.0,27164.0,731.526,0.307574,366.5171,271.5889,7.0,0.1885,9.0,0.2424,6.0,43.0,1.158,14749,9928,267.3609,0.236116,14880.0,,,302.0,263.0,39.0,,,8.1329,3342.0,4153.0,71.0,3766.0,4717.0,87.0,-424.0,-564.0,-16.0,1.0,1.0,1.0,1.0,0.0,1.0,6388.0,7565.0,132.0,6066.0,7161.0,136.0,322.0,404.0,-4.0,3.0,1.0,1.0,1.0,1.0,2.0,9057.0,10421.0,186.0,8297.0,9419.0,188.0,760.0,1002.0,-2.0,3.0,1.0,1.0,2.0,1.0,2.0,10667.0,11678.0,209.0,12556.0,13571.0,235.0,-1889.0,-1893.0,-26.0,4.0,3.0,2.0,6.0,1.0,2.0
ESPORTSTMNT05_3240447,complete,,EM,2023,Summer,0,2023-08-21 15:11:09,1,13.15,4,Blue,bot,Caliste,oe:player:e2af2b779499aa25ab9a9c10c9a5ffd,Karmine Corp,oe:team:f3aa9bbd924ce3af42ac53f8326bc7c,Kai'Sa,Gangplank,Kled,Ivern,Zeri,Alistar,,,,,,2228,0,4,3,4,11,14,0.0,0.0,0.0,0.0,0.0,0.0,0.0,0.0,0.2962,0.6732,,,,,,,,,,,,,,,,,,,,,0.0,1.0,,,,,,,,0.0,1.0,33566.0,903.9318,0.380063,421.8043,351.3285,28.0,0.754,6.0,0.1616,4.0,48.0,1.2926,16374,11553,311.1221,0.274761,16100.0,,,360.0,348.0,12.0,,,9.6948,4532.0,3399.0,83.0,3345.0,3278.0,81.0,1187.0,121.0,2.0,3.0,0.0,0.0,0.0,0.0,2.0,6884.0,6330.0,140.0,5072.0,5947.0,131.0,1812.0,383.0,9.0,3.0,2.0,1.0,0.0,1.0,3.0,9035.0,8600.0,188.0,6930.0,7937.0,168.0,2105.0,663.0,20.0,3.0,2.0,2.0,1.0,1.0,3.0,11419.0,11401.0,236.0,10372.0,11529.0,228.0,1047.0,-128.0,8.0,4.0,4.0,3.0,2.0,4.0,3.0
ESPORTSTMNT05_3240447,complete,,EM,2023,Summer,0,2023-08-21 15:11:09,1,13.15,5,Blue,sup,Targamas,oe:player:eaf899c6268995f9b1e40d1932c6888,Karmine Corp,oe:team:f3aa9bbd924ce3af42ac53f8326bc7c,Rakan,Gangplank,Kled,Ivern,Zeri,Alistar,,,,,,2228,0,1,3,8,11,14,0.0,0.0,0.0,0.0,0.0,0.0,0.0,0.0,0.2962,0.6732,,,,,,,,,,,,,,,,,,,,,0.0,0.0,,,,,,,,0.0,0.0,7414.0,199.6589,0.0839476,533.7253,611.553,59.0,1.5889,26.0,0.7002,12.0,144.0,3.8779,8652,3831,103.1688,0.091116,8350.0,,,48.0,48.0,0.0,,,1.2926,2534.0,2670.0,15.0,2138.0,2378.0,15.0,396.0,292.0,0.0,0.0,4.0,0.0,0.0,0.0,0.0,3664.0,3832.0,22.0,3840.0,3591.0,24.0,-176.0,241.0,-2.0,0.0,6.0,0.0,1.0,0.0,0.0,5081.0,4546.0,32.0,4854.0,5033.0,27.0,227.0,-487.0,5.0,0.0,6.0,1.0,1.0,1.0,0.0,6492.0,6129.0,41.0,6499.0,6587.0,29.0,-7.0,-458.0,12.0,1.0,8.0,2.0,1.0,3.0,2.0
ESPORTSTMNT05_3240447,complete,,EM,2023,Summer,0,2023-08-21 15:11:09,1,13.15,6,Red,top,ACD,oe:player:72c5cc0e2586935d16539f31a2a4fec,Macko Esports,oe:team:a2e63aee03585f0b37ff4cad936e349,Rumble,Taliyah,Azir,LeBlanc,Renekton,K'Sante,,,,,,2228,1,1,3,7,14,11,0.0,0.0,0.0,0.0,0.0,0.0,0.0,0.0,0.377,0.6732,,,,,,,,,,,,,,,,,,,,,0.0,0.0,,,,,,,,0.0,2.0,22839.0,615.0539,0.275474,544.0934,707.8007,23.0,0.6194,3.0,0.0808,9.0,53.0,1.4273,12837,8016,215.8707,0.165895,11975.0,,,237.0,229.0,8.0,,,6.3824,3329.0,4857.0,87.0,3477.0,4857.0,86.0,-148.0,0.0,1.0,0.0,0.0,1.0,1.0,0.0,0.0,4676.0,7073.0,126.0,6138.0,8047.0,143.0,-1462.0,-974.0,-17.0,0.0,0.0,2.0,2.0,0.0,0.0,6418.0,9441.0,167.0,8334.0,10533.0,194.0,-1916.0,-1092.0,-27.0,0.0,0.0,2.0,2.0,0.0,0.0,8290.0,11746.0,182.0,10435.0,12311.0,232.0,-2145.0,-565.0,-50.0,0.0,4.0,3.0,2.0,0.0,1.0
ESPORTSTMNT05_3240447,complete,,EM,2023,Summer,0,2023-08-21 15:11:09,1,13.15,7,Red,jng,Cboi,oe:player:702efc23873d774e479682ef680d911,Macko Esports,oe:team:a2e63aee03585f0b37ff4cad936e349,Maokai,Taliyah,Azir,LeBlanc,Renekton,K'Sante,,,,,,2228,1,0,1,9,14,11,0.0,0.0,0.0,0.0,0.0,0.0,0.0,0.0,0.377,0.6732,,,,,,,,,,,,,,,,,,,,,2.0,0.0,,,,,,,,0.0,0.0,8825.0,237.6571,0.106443,1020.4309,1657.3788,14.0,0.377,13.0,0.3501,12.0,55.0,1.4811,11940,7119,191.7145,0.147332,10750.0,,,168.0,24.0,144.0,,,4.5242,3368.0,3184.0,64.0,3119.0,3143.0,59.0,249.0,41.0,5.0,0.0,1.0,1.0,0.0,2.0,0.0,5063.0,5390.0,103.0,4829.0,5493.0,97.0,234.0,-103.0,6.0,0.0,1.0,1.0,0.0,3.0,0.0,6269.0,6801.0,119.0,6500.0,7282.0,123.0,-231.0,-481.0,-4.0,0.0,2.0,1.0,0.0,3.0,0.0,8087.0,9752.0,138.0,7773.0,8893.0,140.0,314.0,859.0,-2.0,0.0,5.0,1.0,0.0,6.0,1.0
ESPORTSTMNT05_3240447,complete,,EM,2023,Summer,0,2023-08-21 15:11:09,1,13.15,8,Red,mid,Six10,oe:player:325397710b4294aeb7a18881c34f33b,Macko Esports,oe:team:a2e63aee03585f0b37ff4cad936e349,Tristana,Taliyah,Azir,LeBlanc,Renekton,K'Sante,,,,,,2228,1,9,2,2,14,11,2.0,0.0,0.0,0.0,0.0,0.0,0.0,1.0,0.377,0.6732,,,,,,,,,,,,,,,,,,,,,0.0,0.0,,,,,,,,0.0,0.0,29545.0,795.6463,0.356359,607.1364,586.6427,15.0,0.4039,10.0,0.2693,6.0,35.0,0.9425,20254,15433,415.6104,0.319388,19450.0,,,388.0,356.0,32.0,,,10.4488,3766.0,4717.0,87.0,3342.0,4153.0,71.0,424.0,564.0,16.0,1.0,0.0,1.0,1.0,1.0,1.0,6066.0,7161.0,136.0,6388.0,7565.0,132.0,-322.0,-404.0,4.0,1.0,1.0,2.0,3.0,1.0,1.0,8297.0,9419.0,188.0,9057.0,10421.0,186.0,-760.0,-1002.0,2.0,2.0,1.0,2.0,3.0,1.0,1.0,12556.0,13571.0,235.0,10667.0,11678.0,209.0,1889.0,1893.0,26.0,6.0,1.0,2.0,4.0,3.0,2.0
ESPORTSTMNT05_3240447,complete,,EM,2023,Summer,0,2023-08-21 15:11:09,1,13.15,9,Red,bot,Vzz,oe:player:ba6e76e259419420ddff269bb6ef074,Macko Esports,oe:team:a2e63aee03585f0b37ff4cad936e349,Xayah,Taliyah,Azir,LeBlanc,Renekton,K'Sante,,,,,,2228,1,3,3,7,14,11,0.0,0.0,0.0,0.0,0.0,0.0,0.0,0.0,0.377,0.6732,,,,,,,,,,,,,,,,,,,,,1.0,0.0,,,,,,,,1.0,0.0,17909.0,482.289,0.216011,620.9515,335.8977,15.0,0.4039,18.0,0.4847,5.0,38.0,1.0233,17464,12643,340.4758,0.26165,15225.0,,,374.0,321.0,53.0,,,10.0718,3345.0,3278.0,81.0,4532.0,3399.0,83.0,-1187.0,-121.0,-2.0,0.0,0.0,2.0,3.0,0.0,0.0,5072.0,5947.0,131.0,6884.0,6330.0,140.0,-1812.0,-383.0,-9.0,0.0,1.0,3.0,3.0,2.0,1.0,6930.0,7937.0,168.0,9035.0,8600.0,188.0,-2105.0,-663.0,-20.0,1.0,1.0,3.0,3.0,2.0,2.0,10372.0,11529.0,228.0,11419.0,11401.0,236.0,-1047.0,128.0,-8.0,2.0,4.0,3.0,4.0,4.0,3.0
ESPORTSTMNT05_3240447,complete,,EM,2023,Summer,0,2023-08-21 15:11:09,1,13.15,10,Red,sup,Click,oe:player:1e249a5688255bde7f7213b5d257b3c,Macko Esports,oe:team:a2e63aee03585f0b37ff4cad936e349,Rell,Taliyah,Azir,LeBlanc,Renekton,K'Sante,,,,,,2228,1,1,2,7,14,11,0.0,0.0,0.0,0.0,0.0,0.0,0.0,0.0,0.377,0.6732,,,,,,,,,,,,,,,,,,,,,0.0,0.0,,,,,,,,0.0,0.0,3790.0,102.0646,0.0457133,450.4309,567.7917,77.0,2.0736,10.0,0.2693,20.0,128.0,3.447,9930,5109,137.5853,0.105735,8350.0,,,35.0,35.0,0.0,,,0.9425,2138.0,2378.0,15.0,2534.0,2670.0,15.0,-396.0,-292.0,0.0,0.0,0.0,0.0,0.0,4.0,0.0,3840.0,3591.0,24.0,3664.0,3832.0,22.0,176.0,-241.0,2.0,1.0,0.0,0.0,0.0,6.0,0.0,4854.0,5033.0,27.0,5081.0,4546.0,32.0,-227.0,487.0,-5.0,1.0,1.0,0.0,0.0,6.0,1.0,6499.0,6587.0,29.0,6492.0,6129.0,41.0,7.0,458.0,-12.0,1.0,3.0,2.0,1.0,8.0,2.0
ESPORTSTMNT05_3240447,complete,,EM,2023,Summer,0,2023-08-21 15:11:09,1,13.15,100,Blue,team,,,Karmine Corp,oe:team:f3aa9bbd924ce3af42ac53f8326bc7c,,Gangplank,Kled,Ivern,Zeri,Alistar,Sejuani,Kai'Sa,Jayce,Tryndamere,Rakan,2228,0,11,14,21,11,14,1.0,0.0,0.0,0.0,1.0,,,,0.2962,0.6732,1.0,1.0,5.0,1.0,4.0,0.0,0.0,1.0,0.0,0.0,0.0,,0.0,1.0,0.0,1.0,1.0,,,0.0,0.0,3.0,1.0,8.0,8.0,1.0,1.0,8.0,5.0,2.0,1.0,88317.0,2378.3752,,3143.9408,4066.0233,120.0,3.2316,78.0,2.1005,43.0,376.0,10.1257,66152,42048,1132.3519,,64885.0,-0.013243,0.92,,1026.0,236.0,,,33.9856,17004.0,18222.0,314.0,15946.0,18414.0,334.0,1058.0,-192.0,-20.0,5.0,7.0,1.0,1.0,1.0,5.0,27903.0,31267.0,534.0,24717.0,29162.0,520.0,3186.0,2105.0,14.0,8.0,12.0,2.0,2.0,3.0,8.0,38007.0,41382.0,723.0,32768.0,38631.0,669.0,5239.0,2751.0,54.0,8.0,12.0,4.0,4.0,5.0,8.0,46786.0,50412.0,858.0,45804.0,53185.0,812.0,982.0,-2773.0,46.0,11.0,21.0,9.0,9.0,17.0,11.0
ESPORTSTMNT05_3240447,complete,,EM,2023,Summer,0,2023-08-21 15:11:09,1,13.15,200,Red,team,,,Macko Esports,oe:team:a2e63aee03585f0b37ff4cad936e349,,Taliyah,Azir,LeBlanc,Renekton,K'Sante,Tristana,Rumble,Maokai,Xayah,Rell,2228,1,14,11,32,14,11,2.0,0.0,0.0,0.0,0.0,,,,0.377,0.6732,0.0,5.0,1.0,4.0,1.0,0.0,1.0,0.0,0.0,3.0,0.0,,1.0,0.0,1.0,1.0,1.0,,,1.0,3.0,0.0,0.0,8.0,8.0,0.0,0.0,5.0,8.0,1.0,2.0,82908.0,2232.711,,3243.0431,3855.5117,144.0,3.8779,54.0,1.4542,52.0,309.0,8.3214,72425,48321,1301.2837,,65750.0,0.013243,-0.92,,965.0,237.0,,,32.3698,15946.0,18414.0,334.0,17004.0,18222.0,314.0,-1058.0,192.0,20.0,1.0,1.0,5.0,5.0,7.0,1.0,24717.0,29162.0,520.0,27903.0,31267.0,534.0,-3186.0,-2105.0,-14.0,2.0,3.0,8.0,8.0,12.0,2.0,32768.0,38631.0,669.0,38007.0,41382.0,723.0,-5239.0,-2751.0,-54.0,4.0,5.0,8.0,8.0,12.0,4.0,45804.0,53185.0,812.0,46786.0,50412.0,858.0,-982.0,2773.0,-46.0,9.0,17.0,11.0,11.0,21.0,9.0
ESPORTSTMNT05_3241482,complete,,EM,2023,Summer,0,2023-08-21 15:58:53,1,13.15,1,Blue,top,Myrwn,oe:player:ede24d5e0911d7a4f6ec514a67802ff,BISONS ECLUB,oe:team:b346309564f4fc7f30ac14403e93010,Irelia,Varus,Ornn,Poppy,Kindred,Viego,,,,,,2052,0,3,4,1,15,18,0.0,0.0,0.0,0.0,1.0,1.0,0.0,0.0,0.4386,0.9649,,,,,,,,,,,,,,,,,,,,,0.0,0.0,,,,,,,,0.0,0.0,22560.0,659.6491,0.29012,874.3567,1068.2456,8.0,0.2339,4.0,0.117,1.0,22.0,0.6433,13148,8686,253.9766,0.232238,12608.0,,,307.0,272.0,35.0,,,8.9766,3945.0,5032.0,98.0,3048.0,4728.0,75.0,897.0,304.0,23.0,1.0,0.0,0.0,0.0,0.0,0.0,6367.0,8008.0,154.0,5142.0,7548.0,115.0,1225.0,460.0,39.0,2.0,0.0,1.0,1.0,0.0,0.0,8171.0,9978.0,190.0,6504.0,9361.0,146.0,1667.0,617.0,44.0,2.0,0.0,1.0,1.0,0.0,0.0,9783.0,12006.0,235.0,8059.0,12268.0,167.0,1724.0,-262.0,68.0,2.0,0.0,2.0,1.0,2.0,0.0
ESPORTSTMNT05_3241482,complete,,EM,2023,Summer,0,2023-08-21 15:58:53,1,13.15,2,Blue,jng,NoName,oe:player:6d2795b5d0550bbbae88cb973b287b0,BISONS ECLUB,oe:team:b346309564f4fc7f30ac14403e93010,Ivern,Varus,Ornn,Poppy,Kindred,Viego,,,,,,2052,0,0,2,8,15,18,0.0,0.0,0.0,0.0,1.0,0.0,1.0,0.0,0.4386,0.9649,,,,,,,,,,,,,,,,,,,,,0.0,2.0,,,,,,,,0.0,0.0,3956.0,115.6725,0.0508738,270.0585,208.3918,9.0,0.2632,14.0,0.4094,4.0,54.0,1.5789,10090,5628,164.5614,0.150479,8450.0,,,155.0,17.0,138.0,,,4.5322,3188.0,2929.0,50.0,2768.0,2669.0,53.0,420.0,260.0,-3.0,0.0,2.0,0.0,0.0,0.0,2.0,4885.0,5180.0,80.0,4297.0,4705.0,82.0,588.0,475.0,-2.0,0.0,3.0,0.0,0.0,1.0,3.0,6316.0,7120.0,105.0,6082.0,7956.0,115.0,234.0,-836.0,-10.0,0.0,4.0,0.0,0.0,3.0,3.0,7648.0,8826.0,126.0,7711.0,10524.0,131.0,-63.0,-1698.0,-5.0,0.0,4.0,0.0,0.0,6.0,3.0
ESPORTSTMNT05_3241482,complete,,EM,2023,Summer,0,2023-08-21 15:58:53,1,13.15,3,Blue,mid,Random,oe:player:64663f4646781c9c0110838b905daa2,BISONS ECLUB,oe:team:b346309564f4fc7f30ac14403e93010,Yone,Varus,Ornn,Poppy,Kindred,Viego,,,,,,2052,0,1,6,0,15,18,0.0,0.0,0.0,0.0,0.0,0.0,0.0,0.0,0.4386,0.9649,,,,,,,,,,,,,,,,,,,,,0.0,0.0,,,,,,,,0.0,1.0,8794.0,257.1345,0.11309,628.9181,556.1111,15.0,0.4386,5.0,0.1462,5.0,35.0,1.0234,12690,8228,240.5848,0.219993,11575.0,,,292.0,284.0,8.0,,,8.538,3344.0,4744.0,93.0,3156.0,4549.0,80.0,188.0,195.0,13.0,0.0,0.0,0.0,0.0,0.0,0.0,5018.0,7542.0,142.0,4972.0,7287.0,131.0,46.0,255.0,11.0,0.0,0.0,1.0,0.0,0.0,0.0,6953.0,9013.0,167.0,6570.0,9051.0,159.0,383.0,-38.0,8.0,1.0,0.0,2.0,1.0,0.0,1.0,8564.0,11047.0,206.0,8370.0,11295.0,187.0,194.0,-248.0,19.0,1.0,0.0,3.0,1.0,0.0,1.0
ESPORTSTMNT05_3241482,complete,,EM,2023,Summer,0,2023-08-21 15:58:53,1,13.15,4,Blue,bot,Legolas,oe:player:5cfc41b7eccda649db08ead84343554,BISONS ECLUB,oe:team:b346309564f4fc7f30ac14403e93010,Kai'Sa,Varus,Ornn,Poppy,Kindred,Viego,,,,,,2052,0,9,4,2,15,18,2.0,1.0,0.0,0.0,0.0,0.0,0.0,0.0,0.4386,0.9649,,,,,,,,,,,,,,,,,,,,,0.0,0.0,,,,,,,,0.0,0.0,37763.0,1104.1813,0.485629,539.3275,335.731,13.0,0.3801,13.0,0.3801,2.0,33.0,0.9649,16372,11910,348.2456,0.318436,14550.0,,,312.0,304.0,8.0,,,9.1228,4703.0,4046.0,94.0,3465.0,3170.0,88.0,1238.0,876.0,6.0,4.0,0.0,0.0,0.0,0.0,2.0,7112.0,5979.0,146.0,7297.0,5452.0,141.0,-185.0,527.0,5.0,5.0,0.0,1.0,2.0,0.0,3.0,9473.0,8686.0,204.0,9684.0,8026.0,198.0,-211.0,660.0,6.0,5.0,2.0,2.0,3.0,1.0,4.0,11258.0,10522.0,246.0,13182.0,10690.0,241.0,-1924.0,-168.0,5.0,5.0,2.0,3.0,6.0,1.0,4.0
ESPORTSTMNT05_3241482,complete,,EM,2023,Summer,0,2023-08-21 15:58:53,1,13.15,5,Blue,sup,Oscure,oe:player:cc51227ea88c71dabc8f6e601b0ec41,BISONS ECLUB,oe:team:b346309564f4fc7f30ac14403e93010,Alistar,Varus,Ornn,Poppy,Kindred,Viego,,,,,,2052,0,2,2,7,15,18,0.0,0.0,0.0,0.0,0.0,0.0,0.0,0.0,0.4386,0.9649,,,,,,,,,,,,,,,,,,,,,0.0,0.0,,,,,,,,0.0,0.0,4688.0,137.076,0.0602873,442.4269,744.0058,68.0,1.9883,2.0,0.0585,20.0,95.0,2.7778,7411,2949,86.2281,0.0788533,7100.0,,,23.0,23.0,0.0,,,0.6725,2754.0,2365.0,11.0,2040.0,2292.0,15.0,714.0,73.0,-4.0,1.0,4.0,0.0,0.0,0.0,2.0,3775.0,3501.0,16.0,3562.0,4601.0,25.0,213.0,-1100.0,-9.0,1.0,5.0,0.0,0.0,2.0,2.0,5105.0,4990.0,21.0,4577.0,5717.0,31.0,528.0,-727.0,-10.0,2.0,6.0,0.0,0.0,2.0,2.0,6003.0,5471.0,23.0,5974.0,8014.0,36.0,29.0,-2543.0,-13.0,2.0,6.0,0.0,0.0,5.0,2.0
ESPORTSTMNT05_3241482,complete,,EM,2023,Summer,0,2023-08-21 15:58:53,1,13.15,6,Red,top,CPM,oe:player:cbdaba5605992f8e1635ad782152d65,GTZ Esports,oe:team:3659b5cb3434354530c31ce71461fc1,Sion,Gwen,Tristana,Taliyah,Nautilus,K'Sante,,,,,,2052,1,2,1,8,18,15,0.0,0.0,0.0,0.0,0.0,0.0,0.0,0.0,0.5263,0.9649,,,,,,,,,,,,,,,,,,,,,0.0,0.0,,,,,,,,0.0,0.0,13810.0,403.8012,0.182397,912.807,1957.6901,5.0,0.1462,4.0,0.117,0.0,14.0,0.4094,12017,7555,220.9064,0.177357,11050.0,,,217.0,217.0,0.0,,,6.345,3048.0,4728.0,75.0,3945.0,5032.0,98.0,-897.0,-304.0,-23.0,0.0,0.0,0.0,1.0,0.0,0.0,5142.0,7548.0,115.0,6367.0,8008.0,154.0,-1225.0,-460.0,-39.0,1.0,0.0,0.0,2.0,0.0,1.0,6504.0,9361.0,146.0,8171.0,9978.0,190.0,-1667.0,-617.0,-44.0,1.0,0.0,0.0,2.0,0.0,1.0,8059.0,12268.0,167.0,9783.0,12006.0,235.0,-1724.0,262.0,-68.0,1.0,2.0,0.0,2.0,0.0,2.0
ESPORTSTMNT05_3241482,complete,,EM,2023,Summer,0,2023-08-21 15:58:53,1,13.15,7,Red,jng,Time,oe:player:550fa477eff3885416f22c0b3f2fc88,GTZ Esports,oe:team:3659b5cb3434354530c31ce71461fc1,Jarvan IV,Gwen,Tristana,Taliyah,Nautilus,K'Sante,,,,,,2052,1,1,4,14,18,15,0.0,0.0,0.0,0.0,0.0,0.0,0.0,1.0,0.5263,0.9649,,,,,,,,,,,,,,,,,,,,,2.0,0.0,,,,,,,,0.0,0.0,5852.0,171.1111,0.0772909,790.2632,1240.7018,13.0,0.3801,8.0,0.2339,13.0,52.0,1.5205,11008,6546,191.4035,0.153671,10875.0,,,158.0,17.0,141.0,,,4.6199,2768.0,2669.0,53.0,3188.0,2929.0,50.0,-420.0,-260.0,3.0,0.0,0.0,2.0,0.0,2.0,0.0,4297.0,4705.0,82.0,4885.0,5180.0,80.0,-588.0,-475.0,2.0,0.0,1.0,3.0,0.0,3.0,0.0,6082.0,7956.0,115.0,6316.0,7120.0,105.0,-234.0,836.0,10.0,0.0,3.0,3.0,0.0,4.0,0.0,7711.0,10524.0,131.0,7648.0,8826.0,126.0,63.0,1698.0,5.0,0.0,6.0,3.0,0.0,4.0,0.0
ESPORTSTMNT05_3241482,complete,,EM,2023,Summer,0,2023-08-21 15:58:53,1,13.15,8,Red,mid,Heroic,oe:player:c71b4244f70372f8be07a3e83c58490,GTZ Esports,oe:team:3659b5cb3434354530c31ce71461fc1,Syndra,Gwen,Tristana,Taliyah,Nautilus,K'Sante,,,,,,2052,1,6,2,3,18,15,1.0,0.0,0.0,0.0,0.0,0.0,0.0,0.0,0.5263,0.9649,,,,,,,,,,,,,,,,,,,,,0.0,0.0,,,,,,,,1.0,0.0,23156.0,677.076,0.305835,378.5673,194.6491,14.0,0.4094,0.0,0.0,1.0,19.0,0.5556,13957,9495,277.6316,0.222897,12220.0,,,240.0,238.0,2.0,,,7.0175,3156.0,4549.0,80.0,3344.0,4744.0,93.0,-188.0,-195.0,-13.0,0.0,0.0,0.0,0.0,0.0,0.0,4972.0,7287.0,131.0,5018.0,7542.0,142.0,-46.0,-255.0,-11.0,0.0,0.0,0.0,0.0,0.0,1.0,6570.0,9051.0,159.0,6953.0,9013.0,167.0,-383.0,38.0,-8.0,1.0,0.0,1.0,1.0,0.0,2.0,8370.0,11295.0,187.0,8564.0,11047.0,206.0,-194.0,248.0,-19.0,1.0,0.0,1.0,1.0,0.0,3.0
ESPORTSTMNT05_3241482,complete,,EM,2023,Summer,0,2023-08-21 15:58:53,1,13.15,9,Red,bot,Avra,oe:player:1a38c55db5f8af06ebac94d8530ff71,GTZ Esports,oe:team:3659b5cb3434354530c31ce71461fc1,Zeri,Gwen,Tristana,Taliyah,Nautilus,K'Sante,,,,,,2052,1,9,4,6,18,15,1.0,0.0,0.0,0.0,0.0,0.0,0.0,0.0,0.5263,0.9649,,,,,,,,,,,,,,,,,,,,,0.0,0.0,,,,,,,,0.0,0.0,26027.0,761.0234,0.343754,366.7544,351.0526,47.0,1.3743,25.0,0.731,10.0,116.0,3.3918,19567,15105,441.6667,0.354588,16775.0,,,372.0,340.0,32.0,,,10.8772,3465.0,3170.0,88.0,4703.0,4046.0,94.0,-1238.0,-876.0,-6.0,0.0,0.0,2.0,4.0,0.0,0.0,7297.0,5452.0,141.0,7112.0,5979.0,146.0,185.0,-527.0,-5.0,2.0,0.0,3.0,5.0,0.0,1.0,9684.0,8026.0,198.0,9473.0,8686.0,204.0,211.0,-660.0,-6.0,3.0,1.0,4.0,5.0,2.0,2.0,13182.0,10690.0,241.0,11258.0,10522.0,246.0,1924.0,168.0,-5.0,6.0,1.0,4.0,5.0,2.0,3.0
ESPORTSTMNT05_3241482,complete,,EM,2023,Summer,0,2023-08-21 15:58:53,1,13.15,10,Red,sup,Nightmares,oe:player:fb20df3c2584739649c47e15bdd1e1e,GTZ Esports,oe:team:3659b5cb3434354530c31ce71461fc1,Braum,Gwen,Tristana,Taliyah,Nautilus,K'Sante,,,,,,2052,1,0,4,12,18,15,0.0,0.0,0.0,0.0,0.0,0.0,0.0,0.0,0.5263,0.9649,,,,,,,,,,,,,,,,,,,,,0.0,0.0,,,,,,,,0.0,0.0,6869.0,200.848,0.090723,532.924,549.4152,46.0,1.345,8.0,0.2339,13.0,90.0,2.6316,8359,3897,113.9474,0.0914872,7625.0,,,38.0,38.0,0.0,,,1.1111,2040.0,2292.0,15.0,2754.0,2365.0,11.0,-714.0,-73.0,4.0,0.0,0.0,2.0,1.0,4.0,0.0,3562.0,4601.0,25.0,3775.0,3501.0,16.0,-213.0,1100.0,9.0,0.0,2.0,2.0,1.0,5.0,0.0,4577.0,5717.0,31.0,5105.0,4990.0,21.0,-528.0,727.0,10.0,0.0,2.0,2.0,2.0,6.0,0.0,5974.0,8014.0,36.0,6003.0,5471.0,23.0,-29.0,2543.0,13.0,0.0,5.0,2.0,2.0,6.0,0.0
ESPORTSTMNT05_3241482,complete,,EM,2023,Summer,0,2023-08-21 15:58:53,1,13.15,100,Blue,team,,,BISONS ECLUB,oe:team:b346309564f4fc7f30ac14403e93010,,Varus,Ornn,Poppy,Kindred,Viego,Ivern,Yone,Kai'Sa,Irelia,Alistar,2052,0,15,18,18,15,18,2.0,1.0,0.0,0.0,1.0,,,,0.4386,0.9649,1.0,2.0,2.0,2.0,2.0,1.0,0.0,0.0,1.0,0.0,0.0,,0.0,0.0,1.0,2.0,0.0,,,0.0,0.0,2.0,0.0,4.0,7.0,1.0,1.0,5.0,3.0,0.0,1.0,77761.0,2273.7135,,2755.0877,2912.4854,113.0,3.3041,38.0,1.1111,32.0,239.0,6.9883,59711,37403,1093.655,,54283.0,-0.0755486,1.37,,900.0,189.0,,,31.8421,17934.0,19116.0,346.0,14477.0,17408.0,311.0,3457.0,1708.0,35.0,6.0,6.0,0.0,0.0,0.0,6.0,27157.0,30210.0,538.0,25270.0,29593.0,494.0,1887.0,617.0,44.0,8.0,8.0,3.0,3.0,3.0,8.0,36018.0,39787.0,687.0,33417.0,40111.0,649.0,2601.0,-324.0,38.0,10.0,12.0,5.0,5.0,6.0,10.0,43256.0,47872.0,836.0,43296.0,52791.0,762.0,-40.0,-4919.0,74.0,10.0,12.0,8.0,8.0,14.0,10.0
ESPORTSTMNT05_3241482,complete,,EM,2023,Summer,0,2023-08-21 15:58:53,1,13.15,200,Red,team,,,GTZ Esports,oe:team:3659b5cb3434354530c31ce71461fc1,,Gwen,Tristana,Taliyah,Nautilus,K'Sante,Syndra,Zeri,Sion,Jarvan IV,Braum,2052,1,18,15,43,18,15,2.0,0.0,0.0,0.0,0.0,,,,0.5263,0.9649,0.0,2.0,2.0,2.0,2.0,1.0,0.0,1.0,0.0,0.0,0.0,,0.0,0.0,0.0,0.0,2.0,,,1.0,2.0,0.0,1.0,7.0,4.0,0.0,0.0,3.0,5.0,1.0,0.0,75714.0,2213.8596,,2981.3158,4293.5088,125.0,3.655,45.0,1.3158,37.0,291.0,8.5088,64908,42600,1245.614,,58545.0,0.0755486,-1.37,,850.0,175.0,,,29.9708,14477.0,17408.0,311.0,17934.0,19116.0,346.0,-3457.0,-1708.0,-35.0,0.0,0.0,6.0,6.0,6.0,0.0,25270.0,29593.0,494.0,27157.0,30210.0,538.0,-1887.0,-617.0,-44.0,3.0,3.0,8.0,8.0,8.0,3.0,33417.0,40111.0,649.0,36018.0,39787.0,687.0,-2601.0,324.0,-38.0,5.0,6.0,10.0,10.0,12.0,5.0,43296.0,52791.0,762.0,43256.0,47872.0,836.0,40.0,4919.0,-74.0,8.0,14.0,10.0,10.0,12.0,8.0
ESPORTSTMNT05_3239445,complete,,EM,2023,Summer,0,2023-08-21 16:18:53,1,13.15,1,Blue,top,Shikari,oe:player:41f0dede57989f2777d3cfe2dbf6bac,Nativz,oe:team:a73a242584df96b35d6e606d93608f8,Ornn,Ivern,LeBlanc,Rell,Jayce,Yone,,,,,,1989,1,1,0,6,12,4,0.0,0.0,0.0,0.0,1.0,0.0,1.0,0.0,0.362,0.4827,,,,,,,,,,,,,,,,,,,,,0.0,0.0,,,,,,,,1.0,0.0,8748.0,263.8914,0.147601,766.6365,1212.368,16.0,0.4827,0.0,0.0,3.0,34.0,1.0256,12713,8380,252.7903,0.197651,11475.0,,,251.0,251.0,0.0,,,7.5716,3341.0,4662.0,76.0,2795.0,4369.0,63.0,546.0,293.0,13.0,0.0,1.0,0.0,0.0,0.0,1.0,5181.0,7806.0,133.0,4765.0,7327.0,116.0,416.0,479.0,17.0,0.0,1.0,0.0,0.0,0.0,1.0,7500.0,10860.0,185.0,6953.0,9985.0,171.0,547.0,875.0,14.0,0.0,1.0,0.0,0.0,0.0,2.0,9187.0,13419.0,209.0,9679.0,12726.0,219.0,-492.0,693.0,-10.0,0.0,2.0,0.0,0.0,0.0,2.0
ESPORTSTMNT05_3239445,complete,,EM,2023,Summer,0,2023-08-21 16:18:53,1,13.15,2,Blue,jng,Stefan,oe:player:752b048c76633399b04f6e87a8b211c,Nativz,oe:team:a73a242584df96b35d6e606d93608f8,Sejuani,Ivern,LeBlanc,Rell,Jayce,Yone,,,,,,1989,1,4,0,5,12,4,0.0,0.0,0.0,0.0,1.0,1.0,0.0,0.0,0.362,0.4827,,,,,,,,,,,,,,,,,,,,,2.0,0.0,,,,,,,,0.0,0.0,8435.0,254.4495,0.14232,902.5943,1427.5716,12.0,0.362,15.0,0.4525,8.0,59.0,1.7798,12302,7969,240.3922,0.187957,11700.0,,,202.0,24.0,178.0,,,6.0935,3642.0,3721.0,72.0,3243.0,3803.0,74.0,399.0,-82.0,-2.0,1.0,0.0,0.0,0.0,0.0,0.0,5235.0,5829.0,109.0,5004.0,5795.0,112.0,231.0,34.0,-3.0,1.0,0.0,0.0,0.0,0.0,0.0,7290.0,8309.0,140.0,7163.0,9020.0,157.0,127.0,-711.0,-17.0,2.0,0.0,0.0,1.0,1.0,0.0,9756.0,11574.0,178.0,8852.0,10870.0,185.0,904.0,704.0,-7.0,4.0,1.0,0.0,1.0,1.0,2.0
ESPORTSTMNT05_3239445,complete,,EM,2023,Summer,0,2023-08-21 16:18:53,1,13.15,3,Blue,mid,Vladi,oe:player:367fecc4cb53a8234abbd9f283b7997,Nativz,oe:team:a73a242584df96b35d6e606d93608f8,Azir,Ivern,LeBlanc,Rell,Jayce,Yone,,,,,,1989,1,3,1,4,12,4,0.0,0.0,0.0,0.0,0.0,0.0,0.0,0.0,0.362,0.4827,,,,,,,,,,,,,,,,,,,,,0.0,0.0,,,,,,,,1.0,0.0,18439.0,556.2293,0.311112,409.4118,429.5626,17.0,0.5128,4.0,0.1207,7.0,28.0,0.8446,15389,11056,333.5143,0.260768,14325.0,,,346.0,314.0,32.0,,,10.4374,3494.0,5112.0,100.0,3590.0,4994.0,97.0,-96.0,118.0,3.0,0.0,0.0,0.0,0.0,0.0,0.0,5778.0,8476.0,167.0,5337.0,7677.0,151.0,441.0,799.0,16.0,1.0,0.0,0.0,0.0,0.0,1.0,8951.0,11728.0,231.0,7550.0,11144.0,214.0,1401.0,584.0,17.0,1.0,1.0,0.0,0.0,1.0,1.0,11511.0,15225.0,287.0,9249.0,13111.0,250.0,2262.0,2114.0,37.0,2.0,2.0,0.0,0.0,1.0,1.0
ESPORTSTMNT05_3239445,complete,,EM,2023,Summer,0,2023-08-21 16:18:53,1,13.15,4,Blue,bot,DenVoksne,oe:player:ccfb5c69ebcc2008b1dca4ef5c56142,Nativz,oe:team:a73a242584df96b35d6e606d93608f8,Aphelios,Ivern,LeBlanc,Rell,Jayce,Yone,,,,,,1989,1,4,2,3,12,4,1.0,0.0,0.0,0.0,0.0,0.0,0.0,0.0,0.362,0.4827,,,,,,,,,,,,,,,,,,,,,0.0,0.0,,,,,,,,2.0,0.0,22249.0,671.1614,0.375396,484.1327,536.5611,12.0,0.362,7.0,0.2112,3.0,44.0,1.3273,15189,10856,327.4811,0.256051,13375.0,,,319.0,297.0,22.0,,,9.6229,3400.0,3372.0,90.0,3331.0,3431.0,94.0,69.0,-59.0,-4.0,0.0,0.0,0.0,0.0,0.0,0.0,5731.0,6418.0,150.0,5115.0,5715.0,147.0,616.0,703.0,3.0,0.0,0.0,0.0,0.0,0.0,0.0,7923.0,8857.0,198.0,7328.0,8420.0,202.0,595.0,437.0,-4.0,1.0,0.0,1.0,1.0,1.0,0.0,10311.0,12356.0,246.0,9475.0,10734.0,255.0,836.0,1622.0,-9.0,1.0,2.0,1.0,1.0,1.0,0.0
ESPORTSTMNT05_3239445,complete,,EM,2023,Summer,0,2023-08-21 16:18:53,1,13.15,5,Blue,sup,Twiizt,oe:player:ae20b1872a922cdc5b8707fbe66c4f0,Nativz,oe:team:a73a242584df96b35d6e606d93608f8,Zilean,Ivern,LeBlanc,Rell,Jayce,Yone,,,,,,1989,1,0,1,9,12,4,0.0,0.0,0.0,0.0,0.0,0.0,0.0,0.0,0.362,0.4827,,,,,,,,,,,,,,,,,,,,,0.0,0.0,,,,,,,,0.0,0.0,1397.0,42.1418,0.0235709,336.5309,175.264,48.0,1.448,15.0,0.4525,13.0,119.0,3.5897,8470,4137,124.7964,0.0975734,7925.0,,,34.0,34.0,0.0,,,1.0256,2233.0,2888.0,15.0,2205.0,2886.0,16.0,28.0,2.0,-1.0,0.0,0.0,0.0,0.0,0.0,0.0,3294.0,4176.0,24.0,3382.0,4356.0,26.0,-88.0,-180.0,-2.0,0.0,0.0,0.0,0.0,0.0,0.0,4707.0,5951.0,28.0,4274.0,5573.0,30.0,433.0,378.0,-2.0,0.0,2.0,1.0,0.0,0.0,1.0,6223.0,8456.0,32.0,5376.0,6200.0,34.0,847.0,2256.0,-2.0,0.0,5.0,1.0,0.0,0.0,2.0
ESPORTSTMNT05_3239445,complete,,EM,2023,Summer,0,2023-08-21 16:18:53,1,13.15,6,Red,top,Eyliph,oe:player:4b20700639bada36a5a58cc4a8e7135,Anorthosis Famagusta Esports,oe:team:5f1bc4a914b49c7b7ff4c2f1b8d8df9,Shyvana,Tristana,Rumble,Maokai,Alistar,Nautilus,,,,,,1989,0,0,3,1,4,12,0.0,0.0,0.0,0.0,0.0,0.0,0.0,1.0,0.1207,0.4827,,,,,,,,,,,,,,,,,,,,,0.0,0.0,,,,,,,,0.0,1.0,9521.0,287.2097,0.136639,673.1825,668.6576,15.0,0.4525,5.0,0.1508,4.0,32.0,0.9653,13955,9622,290.2564,0.264502,13783.0,,,296.0,288.0,8.0,,,8.9291,2795.0,4369.0,63.0,3341.0,4662.0,76.0,-546.0,-293.0,-13.0,0.0,0.0,1.0,0.0,1.0,0.0,4765.0,7327.0,116.0,5181.0,7806.0,133.0,-416.0,-479.0,-17.0,0.0,0.0,1.0,0.0,1.0,0.0,6953.0,9985.0,171.0,7500.0,10860.0,185.0,-547.0,-875.0,-14.0,0.0,0.0,2.0,0.0,1.0,0.0,9679.0,12726.0,219.0,9187.0,13419.0,209.0,492.0,-693.0,10.0,0.0,0.0,2.0,0.0,2.0,0.0
ESPORTSTMNT05_3239445,complete,,EM,2023,Summer,0,2023-08-21 16:18:53,1,13.15,7,Red,jng,SPOOKY,oe:player:11389d6d8a29729807c3cf528a98050,Anorthosis Famagusta Esports,oe:team:5f1bc4a914b49c7b7ff4c2f1b8d8df9,Lillia,Tristana,Rumble,Maokai,Alistar,Nautilus,,,,,,1989,0,2,3,2,4,12,0.0,0.0,0.0,0.0,0.0,0.0,0.0,0.0,0.1207,0.4827,,,,,,,,,,,,,,,,,,,,,0.0,2.0,,,,,,,,0.0,0.0,21649.0,653.0618,0.310692,981.086,985.279,7.0,0.2112,9.0,0.2715,5.0,36.0,1.086,11832,7499,226.2142,0.206141,11310.0,,,224.0,30.0,194.0,,,6.7572,3243.0,3803.0,74.0,3642.0,3721.0,72.0,-399.0,82.0,2.0,0.0,0.0,0.0,1.0,0.0,0.0,5004.0,5795.0,112.0,5235.0,5829.0,109.0,-231.0,-34.0,3.0,0.0,0.0,0.0,1.0,0.0,0.0,7163.0,9020.0,157.0,7290.0,8309.0,140.0,-127.0,711.0,17.0,1.0,1.0,0.0,2.0,0.0,0.0,8852.0,10870.0,185.0,9756.0,11574.0,178.0,-904.0,-704.0,7.0,1.0,1.0,2.0,4.0,1.0,0.0
ESPORTSTMNT05_3239445,complete,,EM,2023,Summer,0,2023-08-21 16:18:53,1,13.15,8,Red,mid,HAWHAW,oe:player:ae06413dcf80aa496ab8448d8ea586f,Anorthosis Famagusta Esports,oe:team:5f1bc4a914b49c7b7ff4c2f1b8d8df9,Xerath,Tristana,Rumble,Maokai,Alistar,Nautilus,,,,,,1989,0,0,2,2,4,12,0.0,0.0,0.0,0.0,0.0,0.0,0.0,0.0,0.1207,0.4827,,,,,,,,,,,,,,,,,,,,,0.0,0.0,,,,,,,,0.0,1.0,24677.0,744.4042,0.354148,213.2127,119.0649,12.0,0.362,4.0,0.1207,3.0,36.0,1.086,12148,7815,235.7466,0.214828,11475.0,,,293.0,289.0,4.0,,,8.8386,3590.0,4994.0,97.0,3494.0,5112.0,100.0,96.0,-118.0,-3.0,0.0,0.0,0.0,0.0,0.0,0.0,5337.0,7677.0,151.0,5778.0,8476.0,167.0,-441.0,-799.0,-16.0,0.0,0.0,1.0,1.0,0.0,0.0,7550.0,11144.0,214.0,8951.0,11728.0,231.0,-1401.0,-584.0,-17.0,0.0,1.0,1.0,1.0,1.0,0.0,9249.0,13111.0,250.0,11511.0,15225.0,287.0,-2262.0,-2114.0,-37.0,0.0,1.0,1.0,2.0,2.0,0.0
ESPORTSTMNT05_3239445,complete,,EM,2023,Summer,0,2023-08-21 16:18:53,1,13.15,9,Red,bot,GOLDENTO4ST,oe:player:5c58c2e986e8aec0ee6f2465823349a,Anorthosis Famagusta Esports,oe:team:5f1bc4a914b49c7b7ff4c2f1b8d8df9,Xayah,Tristana,Rumble,Maokai,Alistar,Nautilus,,,,,,1989,0,2,1,2,4,12,0.0,0.0,0.0,0.0,0.0,0.0,0.0,0.0,0.1207,0.4827,,,,,,,,,,,,,,,,,,,,,0.0,0.0,,,,,,,,0.0,2.0,11745.0,354.2986,0.168556,355.3544,193.1222,18.0,0.543,9.0,0.2715,8.0,40.0,1.2066,13248,8915,268.9291,0.245067,12850.0,,,331.0,311.0,20.0,,,9.9849,3331.0,3431.0,94.0,3400.0,3372.0,90.0,-69.0,59.0,4.0,0.0,0.0,0.0,0.0,0.0,0.0,5115.0,5715.0,147.0,5731.0,6418.0,150.0,-616.0,-703.0,-3.0,0.0,0.0,0.0,0.0,0.0,0.0,7328.0,8420.0,202.0,7923.0,8857.0,198.0,-595.0,-437.0,4.0,1.0,1.0,0.0,1.0,0.0,1.0,9475.0,10734.0,255.0,10311.0,12356.0,246.0,-836.0,-1622.0,9.0,1.0,1.0,0.0,1.0,2.0,1.0
ESPORTSTMNT05_3239445,complete,,EM,2023,Summer,0,2023-08-21 16:18:53,1,13.15,10,Red,sup,iLEVI,oe:player:b226880189cb11f7da7a0c86544b556,Anorthosis Famagusta Esports,oe:team:5f1bc4a914b49c7b7ff4c2f1b8d8df9,Rakan,Tristana,Rumble,Maokai,Alistar,Nautilus,,,,,,1989,0,0,3,2,4,12,0.0,0.0,0.0,0.0,0.0,0.0,0.0,0.0,0.1207,0.4827,,,,,,,,,,,,,,,,,,,,,0.0,0.0,,,,,,,,0.0,0.0,2088.0,62.9864,0.0299656,427.2398,466.2142,52.0,1.5686,12.0,0.362,10.0,95.0,2.8658,6860,2527,76.2293,0.0694622,6100.0,,,36.0,36.0,0.0,,,1.086,2205.0,2886.0,16.0,2233.0,2888.0,15.0,-28.0,-2.0,1.0,0.0,0.0,0.0,0.0,0.0,0.0,3382.0,4356.0,26.0,3294.0,4176.0,24.0,88.0,180.0,2.0,0.0,0.0,0.0,0.0,0.0,0.0,4274.0,5573.0,30.0,4707.0,5951.0,28.0,-433.0,-378.0,2.0,0.0,0.0,1.0,0.0,2.0,1.0,5376.0,6200.0,34.0,6223.0,8456.0,32.0,-847.0,-2256.0,2.0,0.0,0.0,2.0,0.0,5.0,1.0
ESPORTSTMNT05_3239445,complete,,EM,2023,Summer,0,2023-08-21 16:18:53,1,13.15,100,Blue,team,,,Nativz,oe:team:a73a242584df96b35d6e606d93608f8,,Ivern,LeBlanc,Rell,Jayce,Yone,Sejuani,Aphelios,Azir,Ornn,Zilean,1989,1,12,4,27,12,4,1.0,0.0,0.0,0.0,1.0,,,,0.362,0.4827,0.0,3.0,2.0,3.0,2.0,0.0,2.0,0.0,0.0,0.0,1.0,,0.0,0.0,0.0,1.0,1.0,,,1.0,2.0,0.0,1.0,11.0,5.0,1.0,1.0,5.0,4.0,4.0,0.0,59268.0,1787.8733,,2899.3062,3781.3273,105.0,3.1674,41.0,1.2368,34.0,284.0,8.5671,64063,42397,1278.9442,,58800.0,0.0574188,1.53,,920.0,232.0,,,34.7511,16110.0,19755.0,353.0,15164.0,19483.0,344.0,946.0,272.0,9.0,1.0,1.0,0.0,0.0,0.0,1.0,25219.0,32705.0,583.0,23603.0,30870.0,552.0,1616.0,1835.0,31.0,2.0,1.0,0.0,0.0,0.0,2.0,36371.0,45705.0,782.0,33268.0,44142.0,774.0,3103.0,1563.0,8.0,4.0,4.0,2.0,2.0,3.0,4.0,46988.0,61030.0,952.0,42631.0,53641.0,943.0,4357.0,7389.0,9.0,7.0,12.0,2.0,2.0,3.0,7.0
ESPORTSTMNT05_3239445,complete,,EM,2023,Summer,0,2023-08-21 16:18:53,1,13.15,200,Red,team,,,Anorthosis Famagusta Esports,oe:team:5f1bc4a914b49c7b7ff4c2f1b8d8df9,,Tristana,Rumble,Maokai,Alistar,Nautilus,Xayah,Rakan,Lillia,Xerath,Shyvana,1989,0,4,12,9,4,12,0.0,0.0,0.0,0.0,0.0,,,,0.1207,0.4827,1.0,2.0,3.0,2.0,3.0,0.0,1.0,0.0,0.0,1.0,0.0,,0.0,0.0,1.0,1.0,1.0,,,0.0,0.0,2.0,0.0,5.0,11.0,0.0,0.0,4.0,5.0,0.0,4.0,69680.0,2101.9608,,2650.0754,2432.3379,104.0,3.1373,39.0,1.1765,30.0,239.0,7.2097,58043,36377,1097.3454,,55518.0,-0.0574188,-1.53,,954.0,226.0,,,35.5958,15164.0,19483.0,344.0,16110.0,19755.0,353.0,-946.0,-272.0,-9.0,0.0,0.0,1.0,1.0,1.0,0.0,23603.0,30870.0,552.0,25219.0,32705.0,583.0,-1616.0,-1835.0,-31.0,0.0,0.0,2.0,2.0,1.0,0.0,33268.0,44142.0,774.0,36371.0,45705.0,782.0,-3103.0,-1563.0,-8.0,2.0,3.0,4.0,4.0,4.0,2.0,42631.0,53641.0,943.0,46988.0,61030.0,952.0,-4357.0,-7389.0,-9.0,2.0,3.0,7.0,7.0,12.0,2.0
ESPORTSTMNT05_3240457,complete,,EM,2023,Summer,0,2023-08-21 16:57:29,1,13.15,1,Blue,top,pr1me,oe:player:f3f1edfba7200c65b417d359a6f9c82,Orbit Anonymo Esports,oe:team:f9f16e15a84c85d050aa09b4a21c757,Aatrox,Varus,Maokai,Ornn,Kindred,Poppy,,,,,,1913,0,0,4,1,3,18,0.0,0.0,0.0,0.0,0.0,0.0,0.0,0.0,0.0941,0.6587,,,,,,,,,,,,,,,,,,,,,0.0,0.0,,,,,,,,0.0,0.0,10935.0,342.9692,0.155422,1050.8625,691.0193,11.0,0.345,3.0,0.0941,0.0,21.0,0.6587,10246,6068,190.3189,0.210746,10200.0,,,258.0,251.0,7.0,,,8.092,3445.0,4956.0,92.0,3167.0,5058.0,82.0,278.0,-102.0,10.0,0.0,0.0,0.0,0.0,0.0,0.0,4728.0,7049.0,125.0,4899.0,7470.0,123.0,-171.0,-421.0,2.0,0.0,0.0,0.0,0.0,0.0,0.0,6881.0,10529.0,190.0,6638.0,10155.0,167.0,243.0,374.0,23.0,0.0,0.0,0.0,0.0,0.0,0.0,8381.0,12218.0,216.0,9412.0,13297.0,192.0,-1031.0,-1079.0,24.0,0.0,0.0,2.0,3.0,3.0,0.0
ESPORTSTMNT05_3240457,complete,,EM,2023,Summer,0,2023-08-21 16:57:29,1,13.15,2,Blue,jng,Savero,oe:player:565edcb58e76115e571f38521946e41,Orbit Anonymo Esports,oe:team:f9f16e15a84c85d050aa09b4a21c757,Vi,Varus,Maokai,Ornn,Kindred,Poppy,,,,,,1913,0,1,6,2,3,18,0.0,0.0,0.0,0.0,0.0,0.0,0.0,1.0,0.0941,0.6587,,,,,,,,,,,,,,,,,,,,,0.0,1.0,,,,,,,,0.0,1.0,6081.0,190.7266,0.0864306,827.1406,1255.7031,4.0,0.1255,6.0,0.1882,4.0,20.0,0.6273,8530,4352,136.4976,0.151147,8150.0,,,141.0,11.0,130.0,,,4.4224,2708.0,2747.0,49.0,3314.0,3508.0,76.0,-606.0,-761.0,-27.0,0.0,0.0,1.0,0.0,0.0,0.0,4534.0,5537.0,84.0,5261.0,5890.0,123.0,-727.0,-353.0,-39.0,1.0,0.0,1.0,0.0,1.0,0.0,5931.0,7499.0,108.0,6971.0,8487.0,162.0,-1040.0,-988.0,-54.0,1.0,0.0,2.0,0.0,2.0,0.0,7014.0,8417.0,118.0,9547.0,11491.0,182.0,-2533.0,-3074.0,-64.0,1.0,1.0,4.0,2.0,6.0,0.0
ESPORTSTMNT05_3240457,complete,,EM,2023,Summer,0,2023-08-21 16:57:29,1,13.15,3,Blue,mid,Roison,oe:player:1428134d4ece3f00321b6b870ca2152,Orbit Anonymo Esports,oe:team:f9f16e15a84c85d050aa09b4a21c757,Ziggs,Varus,Maokai,Ornn,Kindred,Poppy,,,,,,1913,0,0,2,2,3,18,0.0,0.0,0.0,0.0,0.0,0.0,0.0,0.0,0.0941,0.6587,,,,,,,,,,,,,,,,,,,,,0.0,0.0,,,,,,,,0.0,0.0,25490.0,799.4773,0.362295,442.9901,211.8035,8.0,0.2509,2.0,0.0627,0.0,17.0,0.5332,10296,6118,191.8871,0.212482,9650.0,,,235.0,229.0,6.0,,,7.3706,3451.0,4445.0,90.0,3385.0,4536.0,95.0,66.0,-91.0,-5.0,0.0,0.0,0.0,0.0,0.0,0.0,5263.0,7052.0,138.0,4964.0,6792.0,135.0,299.0,260.0,3.0,0.0,1.0,0.0,0.0,0.0,1.0,6774.0,9083.0,174.0,6425.0,8099.0,162.0,349.0,984.0,12.0,0.0,1.0,0.0,0.0,1.0,1.0,7921.0,10452.0,196.0,9609.0,12500.0,221.0,-1688.0,-2048.0,-25.0,0.0,1.0,2.0,1.0,3.0,1.0
ESPORTSTMNT05_3240457,complete,,EM,2023,Summer,0,2023-08-21 16:57:29,1,13.15,4,Blue,bot,Neramin,oe:player:c032df73970ffb2f2b585d912f6b20d,Orbit Anonymo Esports,oe:team:f9f16e15a84c85d050aa09b4a21c757,Xayah,Varus,Maokai,Ornn,Kindred,Poppy,,,,,,1913,0,2,3,0,3,18,0.0,0.0,0.0,0.0,0.0,0.0,0.0,0.0,0.0941,0.6587,,,,,,,,,,,,,,,,,,,,,0.0,1.0,,,,,,,,0.0,1.0,23692.0,743.0842,0.33674,655.7031,336.9786,9.0,0.2823,8.0,0.2509,0.0,23.0,0.7214,14494,10316,323.5546,0.358285,14250.0,,,337.0,305.0,32.0,,,10.5698,3770.0,3722.0,97.0,3908.0,3466.0,96.0,-138.0,256.0,1.0,0.0,0.0,0.0,1.0,0.0,0.0,5323.0,5326.0,135.0,7156.0,5562.0,149.0,-1833.0,-236.0,-14.0,0.0,0.0,1.0,3.0,0.0,0.0,7304.0,7734.0,189.0,9593.0,7670.0,198.0,-2289.0,64.0,-9.0,0.0,0.0,2.0,5.0,0.0,0.0,9790.0,9435.0,226.0,12408.0,11297.0,246.0,-2618.0,-1862.0,-20.0,1.0,0.0,3.0,7.0,5.0,1.0
ESPORTSTMNT05_3240457,complete,,EM,2023,Summer,0,2023-08-21 16:57:29,1,13.15,5,Blue,sup,Czypsy,oe:player:df5866d3078c786ce03084b78b1f5d9,Orbit Anonymo Esports,oe:team:f9f16e15a84c85d050aa09b4a21c757,Rakan,Varus,Maokai,Ornn,Kindred,Poppy,,,,,,1913,0,0,3,1,3,18,0.0,0.0,0.0,0.0,0.0,0.0,0.0,0.0,0.0941,0.6587,,,,,,,,,,,,,,,,,,,,,0.0,0.0,,,,,,,,0.0,1.0,4159.0,130.4443,0.0591128,494.0512,544.0774,58.0,1.8191,10.0,0.3136,11.0,98.0,3.0737,6117,1939,60.8155,0.06734,5925.0,,,37.0,37.0,0.0,,,1.1605,2122.0,2664.0,15.0,2290.0,2922.0,15.0,-168.0,-258.0,0.0,0.0,0.0,0.0,0.0,1.0,0.0,3175.0,3372.0,23.0,4001.0,4553.0,23.0,-826.0,-1181.0,0.0,0.0,0.0,1.0,0.0,3.0,0.0,4227.0,4702.0,30.0,5244.0,6317.0,30.0,-1017.0,-1615.0,0.0,0.0,0.0,1.0,0.0,5.0,0.0,5044.0,5099.0,34.0,6880.0,9441.0,32.0,-1836.0,-4342.0,2.0,0.0,0.0,2.0,0.0,12.0,0.0
ESPORTSTMNT05_3240457,complete,,EM,2023,Summer,0,2023-08-21 16:57:29,1,13.15,6,Red,top,CPM,oe:player:cbdaba5605992f8e1635ad782152d65,GTZ Esports,oe:team:3659b5cb3434354530c31ce71461fc1,Sion,Fiora,Camille,Rumble,Jax,Irelia,,,,,,1913,1,3,1,8,18,3,1.0,0.0,0.0,0.0,0.0,0.0,0.0,0.0,0.5646,0.6587,,,,,,,,,,,,,,,,,,,,,0.0,0.0,,,,,,,,0.0,0.0,17081.0,535.7344,0.190826,916.0899,1813.518,8.0,0.2509,4.0,0.1255,3.0,31.0,0.9723,11955,7777,243.9205,0.180023,11125.0,,,214.0,214.0,0.0,,,6.712,3167.0,5058.0,82.0,3445.0,4956.0,92.0,-278.0,102.0,-10.0,0.0,0.0,0.0,0.0,0.0,0.0,4899.0,7470.0,123.0,4728.0,7049.0,125.0,171.0,421.0,-2.0,0.0,0.0,0.0,0.0,0.0,0.0,6638.0,10155.0,167.0,6881.0,10529.0,190.0,-243.0,-374.0,-23.0,0.0,0.0,0.0,0.0,0.0,0.0,9412.0,13297.0,192.0,8381.0,12218.0,216.0,1031.0,1079.0,-24.0,3.0,3.0,0.0,0.0,0.0,2.0
ESPORTSTMNT05_3240457,complete,,EM,2023,Summer,0,2023-08-21 16:57:29,1,13.15,7,Red,jng,Time,oe:player:550fa477eff3885416f22c0b3f2fc88,GTZ Esports,oe:team:3659b5cb3434354530c31ce71461fc1,Nocturne,Fiora,Camille,Rumble,Jax,Irelia,,,,,,1913,1,4,0,9,18,3,1.0,0.0,0.0,0.0,0.0,0.0,0.0,0.0,0.5646,0.6587,,,,,,,,,,,,,,,,,,,,,1.0,0.0,,,,,,,,1.0,0.0,14613.0,458.3272,0.163254,967.1824,1161.955,27.0,0.8468,12.0,0.3764,10.0,85.0,2.666,13013,8835,277.104,0.204514,11750.0,,,227.0,60.0,167.0,,,7.1197,3314.0,3508.0,76.0,2708.0,2747.0,49.0,606.0,761.0,27.0,0.0,0.0,0.0,0.0,0.0,1.0,5261.0,5890.0,123.0,4534.0,5537.0,84.0,727.0,353.0,39.0,0.0,1.0,0.0,1.0,0.0,1.0,6971.0,8487.0,162.0,5931.0,7499.0,108.0,1040.0,988.0,54.0,0.0,2.0,0.0,1.0,0.0,2.0,9547.0,11491.0,182.0,7014.0,8417.0,118.0,2533.0,3074.0,64.0,2.0,6.0,0.0,1.0,1.0,4.0
ESPORTSTMNT05_3240457,complete,,EM,2023,Summer,0,2023-08-21 16:57:29,1,13.15,8,Red,mid,Heroic,oe:player:c71b4244f70372f8be07a3e83c58490,GTZ Esports,oe:team:3659b5cb3434354530c31ce71461fc1,Syndra,Fiora,Camille,Rumble,Jax,Irelia,,,,,,1913,1,4,1,3,18,3,1.0,0.0,0.0,0.0,0.0,0.0,0.0,0.0,0.5646,0.6587,,,,,,,,,,,,,,,,,,,,,0.0,0.0,,,,,,,,0.0,0.0,20981.0,658.0554,0.234396,355.1385,188.7507,16.0,0.5018,1.0,0.0314,4.0,31.0,0.9723,13196,9018,282.8437,0.20875,12200.0,,,265.0,249.0,16.0,,,8.3116,3385.0,4536.0,95.0,3451.0,4445.0,90.0,-66.0,91.0,5.0,0.0,0.0,0.0,0.0,0.0,0.0,4964.0,6792.0,135.0,5263.0,7052.0,138.0,-299.0,-260.0,-3.0,0.0,0.0,1.0,0.0,1.0,0.0,6425.0,8099.0,162.0,6774.0,9083.0,174.0,-349.0,-984.0,-12.0,0.0,1.0,1.0,0.0,1.0,0.0,9609.0,12500.0,221.0,7921.0,10452.0,196.0,1688.0,2048.0,25.0,1.0,3.0,1.0,0.0,1.0,2.0
ESPORTSTMNT05_3240457,complete,,EM,2023,Summer,0,2023-08-21 16:57:29,1,13.15,9,Red,bot,Avra,oe:player:1a38c55db5f8af06ebac94d8530ff71,GTZ Esports,oe:team:3659b5cb3434354530c31ce71461fc1,Zeri,Fiora,Camille,Rumble,Jax,Irelia,,,,,,1913,1,7,1,9,18,3,1.0,0.0,0.0,0.0,1.0,1.0,0.0,0.0,0.5646,0.6587,,,,,,,,,,,,,,,,,,,,,1.0,0.0,,,,,,,,1.0,0.0,33662.0,1055.7867,0.376066,459.8014,427.6529,13.0,0.4077,17.0,0.5332,4.0,55.0,1.725,16790,12612,395.5672,0.291946,15550.0,,,329.0,289.0,40.0,,,10.3189,3908.0,3466.0,96.0,3770.0,3722.0,97.0,138.0,-256.0,-1.0,1.0,0.0,0.0,0.0,0.0,0.0,7156.0,5562.0,149.0,5323.0,5326.0,135.0,1833.0,236.0,14.0,3.0,0.0,0.0,0.0,0.0,1.0,9593.0,7670.0,198.0,7304.0,7734.0,189.0,2289.0,-64.0,9.0,5.0,0.0,0.0,0.0,0.0,2.0,12408.0,11297.0,246.0,9790.0,9435.0,226.0,2618.0,1862.0,20.0,7.0,5.0,1.0,1.0,0.0,3.0
ESPORTSTMNT05_3240457,complete,,EM,2023,Summer,0,2023-08-21 16:57:29,1,13.15,10,Red,sup,Nightmares,oe:player:fb20df3c2584739649c47e15bdd1e1e,GTZ Esports,oe:team:3659b5cb3434354530c31ce71461fc1,Lulu,Fiora,Camille,Rumble,Jax,Irelia,,,,,,1913,1,0,0,17,18,3,0.0,0.0,0.0,0.0,1.0,0.0,1.0,0.0,0.5646,0.6587,,,,,,,,,,,,,,,,,,,,,0.0,0.0,,,,,,,,1.0,0.0,3174.0,99.5504,0.0354593,403.0633,191.8557,36.0,1.1291,5.0,0.1568,9.0,76.0,2.3837,9136,4958,155.5044,0.114767,8235.0,,,32.0,32.0,0.0,,,1.0037,2290.0,2922.0,15.0,2122.0,2664.0,15.0,168.0,258.0,0.0,0.0,1.0,0.0,0.0,0.0,0.0,4001.0,4553.0,23.0,3175.0,3372.0,23.0,826.0,1181.0,0.0,0.0,3.0,0.0,0.0,0.0,1.0,5244.0,6317.0,30.0,4227.0,4702.0,30.0,1017.0,1615.0,0.0,0.0,5.0,0.0,0.0,0.0,1.0,6880.0,9441.0,32.0,5044.0,5099.0,34.0,1836.0,4342.0,-2.0,0.0,12.0,0.0,0.0,0.0,2.0
ESPORTSTMNT05_3240457,complete,,EM,2023,Summer,0,2023-08-21 16:57:29,1,13.15,100,Blue,team,,,Orbit Anonymo Esports,oe:team:f9f16e15a84c85d050aa09b4a21c757,,Varus,Maokai,Ornn,Kindred,Poppy,Xayah,Rakan,Ziggs,Aatrox,Vi,1913,0,3,18,6,3,18,0.0,0.0,0.0,0.0,0.0,,,,0.0941,0.6587,0.0,1.0,3.0,1.0,3.0,0.0,0.0,1.0,0.0,0.0,0.0,,0.0,0.0,0.0,1.0,1.0,,,0.0,0.0,2.0,0.0,2.0,11.0,0.0,0.0,4.0,6.0,0.0,3.0,70357.0,2206.7015,,3470.7475,3039.5818,90.0,2.8228,29.0,0.9096,15.0,179.0,5.6142,49683,28792,903.0423,,48175.0,-0.199654,-2.82,,833.0,175.0,,,31.6153,15496.0,18534.0,343.0,16064.0,19490.0,364.0,-568.0,-956.0,-21.0,0.0,0.0,1.0,1.0,1.0,0.0,23023.0,28336.0,505.0,26281.0,30267.0,553.0,-3258.0,-1931.0,-48.0,1.0,1.0,3.0,3.0,4.0,1.0,31117.0,39547.0,691.0,34871.0,40728.0,719.0,-3754.0,-1181.0,-28.0,1.0,1.0,5.0,5.0,8.0,1.0,38150.0,45621.0,790.0,47856.0,58026.0,873.0,-9706.0,-12405.0,-83.0,2.0,2.0,13.0,13.0,29.0,2.0
ESPORTSTMNT05_3240457,complete,,EM,2023,Summer,0,2023-08-21 16:57:29,1,13.15,200,Red,team,,,GTZ Esports,oe:team:3659b5cb3434354530c31ce71461fc1,,Fiora,Camille,Rumble,Jax,Irelia,Syndra,Zeri,Sion,Lulu,Nocturne,1913,1,18,3,46,18,3,4.0,0.0,0.0,0.0,1.0,,,,0.5646,0.6587,1.0,3.0,1.0,3.0,1.0,0.0,1.0,1.0,0.0,0.0,1.0,,0.0,0.0,1.0,1.0,1.0,,,1.0,2.0,0.0,1.0,11.0,2.0,1.0,1.0,6.0,4.0,3.0,0.0,89511.0,2807.4543,,3101.2755,3783.7324,100.0,3.1364,39.0,1.2232,30.0,278.0,8.7193,64090,43199,1354.9085,,58860.0,0.199654,2.82,,844.0,223.0,,,33.4658,16064.0,19490.0,364.0,15496.0,18534.0,343.0,568.0,956.0,21.0,1.0,1.0,0.0,0.0,0.0,1.0,26281.0,30267.0,553.0,23023.0,28336.0,505.0,3258.0,1931.0,48.0,3.0,4.0,1.0,1.0,1.0,3.0,34871.0,40728.0,719.0,31117.0,39547.0,691.0,3754.0,1181.0,28.0,5.0,8.0,1.0,1.0,1.0,5.0,47856.0,58026.0,873.0,38150.0,45621.0,790.0,9706.0,12405.0,83.0,13.0,29.0,2.0,2.0,2.0,13.0
ESPORTSTMNT05_3240458,complete,,EM,2023,Summer,0,2023-08-21 17:16:05,1,13.15,1,Blue,top,ACD,oe:player:72c5cc0e2586935d16539f31a2a4fec,Macko Esports,oe:team:a2e63aee03585f0b37ff4cad936e349,K'Sante,Rell,Rakan,Rumble,Braum,Nautilus,,,,,,1692,1,2,2,5,12,8,0.0,0.0,0.0,0.0,0.0,0.0,0.0,0.0,0.4255,0.7092,,,,,,,,,,,,,,,,,,,,,0.0,0.0,,,,,,,,0.0,0.0,10679.0,378.6879,0.169918,703.9362,805.8511,12.0,0.4255,3.0,0.1064,2.0,30.0,1.0638,12068,8341,295.7801,0.23557,11800.0,,,246.0,246.0,0.0,,,8.7234,3531.0,5212.0,92.0,3197.0,4941.0,79.0,334.0,271.0,13.0,0.0,0.0,0.0,0.0,0.0,0.0,5456.0,8211.0,143.0,5237.0,7678.0,129.0,219.0,533.0,14.0,0.0,0.0,0.0,0.0,0.0,0.0,7462.0,11070.0,191.0,7613.0,11244.0,184.0,-151.0,-174.0,7.0,0.0,0.0,1.0,1.0,0.0,0.0,10052.0,13874.0,228.0,9152.0,13224.0,220.0,900.0,650.0,8.0,0.0,1.0,1.0,1.0,1.0,0.0
ESPORTSTMNT05_3240458,complete,,EM,2023,Summer,0,2023-08-21 17:16:05,1,13.15,2,Blue,jng,Cboi,oe:player:702efc23873d774e479682ef680d911,Macko Esports,oe:team:a2e63aee03585f0b37ff4cad936e349,Maokai,Rell,Rakan,Rumble,Braum,Nautilus,,,,,,1692,1,1,2,7,12,8,0.0,0.0,0.0,0.0,0.0,0.0,0.0,0.0,0.4255,0.7092,,,,,,,,,,,,,,,,,,,,,0.0,0.0,,,,,,,,0.0,0.0,7313.0,259.3262,0.11636,1169.7872,1424.6809,9.0,0.3191,4.0,0.1418,8.0,33.0,1.1702,9307,5580,197.8723,0.15759,9000.0,,,156.0,22.0,134.0,,,5.5319,3137.0,3557.0,70.0,3389.0,3720.0,76.0,-252.0,-163.0,-6.0,0.0,0.0,0.0,0.0,0.0,0.0,4611.0,5501.0,108.0,4797.0,5317.0,103.0,-186.0,184.0,5.0,0.0,1.0,0.0,0.0,0.0,0.0,6394.0,7655.0,139.0,6186.0,7292.0,126.0,208.0,363.0,13.0,0.0,1.0,0.0,0.0,2.0,0.0,8189.0,9447.0,146.0,7021.0,8211.0,137.0,1168.0,1236.0,9.0,1.0,1.0,0.0,0.0,2.0,1.0
ESPORTSTMNT05_3240458,complete,,EM,2023,Summer,0,2023-08-21 17:16:05,1,13.15,3,Blue,mid,Six10,oe:player:325397710b4294aeb7a18881c34f33b,Macko Esports,oe:team:a2e63aee03585f0b37ff4cad936e349,Ahri,Rell,Rakan,Rumble,Braum,Nautilus,,,,,,1692,1,6,0,4,12,8,1.0,1.0,0.0,0.0,0.0,0.0,0.0,0.0,0.4255,0.7092,,,,,,,,,,,,,,,,,,,,,0.0,0.0,,,,,,,,1.0,0.0,23489.0,832.9433,0.373743,543.7234,324.3972,23.0,0.8156,19.0,0.6738,5.0,62.0,2.1986,13373,9646,342.0567,0.272427,10725.0,,,292.0,285.0,7.0,,,10.3546,3669.0,5126.0,101.0,3540.0,4761.0,92.0,129.0,365.0,9.0,0.0,0.0,0.0,0.0,0.0,0.0,5593.0,8359.0,164.0,5830.0,7590.0,148.0,-237.0,769.0,16.0,0.0,1.0,0.0,0.0,0.0,0.0,8067.0,11728.0,228.0,9285.0,10487.0,206.0,-1218.0,1241.0,22.0,0.0,1.0,0.0,2.0,0.0,0.0,10317.0,14914.0,275.0,11016.0,12331.0,246.0,-699.0,2583.0,29.0,0.0,2.0,0.0,2.0,1.0,0.0
ESPORTSTMNT05_3240458,complete,,EM,2023,Summer,0,2023-08-21 17:16:05,1,13.15,4,Blue,bot,Vzz,oe:player:ba6e76e259419420ddff269bb6ef074,Macko Esports,oe:team:a2e63aee03585f0b37ff4cad936e349,Xayah,Rell,Rakan,Rumble,Braum,Nautilus,,,,,,1692,1,3,2,6,12,8,0.0,0.0,0.0,0.0,1.0,1.0,0.0,0.0,0.4255,0.7092,,,,,,,,,,,,,,,,,,,,,1.0,0.0,,,,,,,,0.0,0.0,17648.0,625.8156,0.280804,539.7163,222.1631,9.0,0.3191,4.0,0.1418,5.0,28.0,0.9929,12193,8466,300.2128,0.2391,10760.0,,,257.0,231.0,26.0,,,9.1135,3670.0,3089.0,87.0,3195.0,3300.0,83.0,475.0,-211.0,4.0,1.0,0.0,0.0,0.0,0.0,1.0,5848.0,5162.0,136.0,4673.0,4981.0,124.0,1175.0,181.0,12.0,2.0,0.0,0.0,0.0,0.0,1.0,8060.0,7352.0,194.0,6793.0,7226.0,178.0,1267.0,126.0,16.0,2.0,0.0,1.0,0.0,2.0,1.0,10396.0,9662.0,239.0,8961.0,9292.0,227.0,1435.0,370.0,12.0,2.0,1.0,1.0,1.0,2.0,1.0
ESPORTSTMNT05_3240458,complete,,EM,2023,Summer,0,2023-08-21 17:16:05,1,13.15,5,Blue,sup,Click,oe:player:1e249a5688255bde7f7213b5d257b3c,Macko Esports,oe:team:a2e63aee03585f0b37ff4cad936e349,Alistar,Rell,Rakan,Rumble,Braum,Nautilus,,,,,,1692,1,0,2,10,12,8,0.0,0.0,0.0,0.0,1.0,0.0,1.0,0.0,0.4255,0.7092,,,,,,,,,,,,,,,,,,,,,0.0,0.0,,,,,,,,0.0,0.0,3719.0,131.8794,0.0591745,443.7234,572.5887,43.0,1.5248,4.0,0.1418,12.0,74.0,2.6241,7102,3375,119.6809,0.0953133,5900.0,,,27.0,27.0,0.0,,,0.9574,2292.0,2470.0,15.0,2017.0,2471.0,11.0,275.0,-1.0,4.0,0.0,1.0,0.0,0.0,0.0,0.0,3467.0,4145.0,24.0,2969.0,3448.0,17.0,498.0,697.0,7.0,0.0,2.0,0.0,0.0,0.0,1.0,4437.0,4984.0,24.0,4241.0,5322.0,27.0,196.0,-338.0,-3.0,0.0,2.0,1.0,0.0,2.0,1.0,5904.0,6901.0,25.0,5078.0,6916.0,29.0,826.0,-15.0,-4.0,0.0,3.0,2.0,0.0,2.0,1.0
ESPORTSTMNT05_3240458,complete,,EM,2023,Summer,0,2023-08-21 17:16:05,1,13.15,6,Red,top,Shikari,oe:player:41f0dede57989f2777d3cfe2dbf6bac,Nativz,oe:team:a73a242584df96b35d6e606d93608f8,Gwen,LeBlanc,Kled,Tristana,Gangplank,Zeri,,,,,,1692,0,2,2,2,8,12,0.0,0.0,0.0,0.0,0.0,0.0,0.0,0.0,0.2837,0.7092,,,,,,,,,,,,,,,,,,,,,0.0,0.0,,,,,,,,0.0,0.0,14966.0,530.7092,0.260664,852.3404,709.2553,17.0,0.6028,4.0,0.1418,7.0,39.0,1.383,9940,6213,220.3191,0.218461,9460.0,,,223.0,203.0,20.0,,,7.9078,3197.0,4941.0,79.0,3531.0,5212.0,92.0,-334.0,-271.0,-13.0,0.0,0.0,0.0,0.0,0.0,0.0,5237.0,7678.0,129.0,5456.0,8211.0,143.0,-219.0,-533.0,-14.0,0.0,0.0,0.0,0.0,0.0,0.0,7613.0,11244.0,184.0,7462.0,11070.0,191.0,151.0,174.0,-7.0,1.0,0.0,0.0,0.0,0.0,1.0,9152.0,13224.0,220.0,10052.0,13874.0,228.0,-900.0,-650.0,-8.0,1.0,1.0,0.0,0.0,1.0,1.0
ESPORTSTMNT05_3240458,complete,,EM,2023,Summer,0,2023-08-21 17:16:05,1,13.15,7,Red,jng,Stefan,oe:player:752b048c76633399b04f6e87a8b211c,Nativz,oe:team:a73a242584df96b35d6e606d93608f8,Sejuani,LeBlanc,Kled,Tristana,Gangplank,Zeri,,,,,,1692,0,1,3,4,8,12,0.0,0.0,0.0,0.0,0.0,0.0,0.0,0.0,0.2837,0.7092,,,,,,,,,,,,,,,,,,,,,0.0,0.0,,,,,,,,0.0,0.0,7921.0,280.8865,0.13796,827.5887,1144.5035,8.0,0.2837,14.0,0.4965,4.0,35.0,1.2411,8019,4292,152.1986,0.150912,7500.0,,,147.0,24.0,123.0,,,5.2128,3389.0,3720.0,76.0,3137.0,3557.0,70.0,252.0,163.0,6.0,0.0,0.0,0.0,0.0,0.0,0.0,4797.0,5317.0,103.0,4611.0,5501.0,108.0,186.0,-184.0,-5.0,0.0,0.0,0.0,0.0,1.0,0.0,6186.0,7292.0,126.0,6394.0,7655.0,139.0,-208.0,-363.0,-13.0,0.0,2.0,0.0,0.0,1.0,0.0,7021.0,8211.0,137.0,8189.0,9447.0,146.0,-1168.0,-1236.0,-9.0,0.0,2.0,1.0,1.0,1.0,0.0
ESPORTSTMNT05_3240458,complete,,EM,2023,Summer,0,2023-08-21 17:16:05,1,13.15,8,Red,mid,Vladi,oe:player:367fecc4cb53a8234abbd9f283b7997,Nativz,oe:team:a73a242584df96b35d6e606d93608f8,Jayce,LeBlanc,Kled,Tristana,Gangplank,Zeri,,,,,,1692,0,4,1,3,8,12,1.0,0.0,0.0,0.0,0.0,0.0,0.0,0.0,0.2837,0.7092,,,,,,,,,,,,,,,,,,,,,0.0,0.0,,,,,,,,0.0,1.0,20732.0,735.1773,0.36109,466.2766,301.9504,5.0,0.1773,8.0,0.2837,3.0,22.0,0.7801,13441,9714,344.4681,0.341568,12575.0,,,263.0,259.0,4.0,,,9.3262,3540.0,4761.0,92.0,3669.0,5126.0,101.0,-129.0,-365.0,-9.0,0.0,0.0,0.0,0.0,0.0,0.0,5830.0,7590.0,148.0,5593.0,8359.0,164.0,237.0,-769.0,-16.0,0.0,0.0,0.0,0.0,1.0,0.0,9285.0,10487.0,206.0,8067.0,11728.0,228.0,1218.0,-1241.0,-22.0,2.0,0.0,0.0,0.0,1.0,0.0,11016.0,12331.0,246.0,10317.0,14914.0,275.0,699.0,-2583.0,-29.0,2.0,1.0,0.0,0.0,2.0,0.0
ESPORTSTMNT05_3240458,complete,,EM,2023,Summer,0,2023-08-21 17:16:05,1,13.15,9,Red,bot,DenVoksne,oe:player:ccfb5c69ebcc2008b1dca4ef5c56142,Nativz,oe:team:a73a242584df96b35d6e606d93608f8,Kai'Sa,LeBlanc,Kled,Tristana,Gangplank,Zeri,,,,,,1692,0,1,4,4,8,12,0.0,0.0,0.0,0.0,0.0,0.0,0.0,1.0,0.2837,0.7092,,,,,,,,,,,,,,,,,,,,,0.0,1.0,,,,,,,,0.0,0.0,9778.0,346.7376,0.170304,452.3759,302.8369,8.0,0.2837,9.0,0.3191,0.0,25.0,0.8865,10113,6386,226.4539,0.224544,10025.0,,,251.0,227.0,24.0,,,8.9007,3195.0,3300.0,83.0,3670.0,3089.0,87.0,-475.0,211.0,-4.0,0.0,0.0,1.0,1.0,0.0,0.0,4673.0,4981.0,124.0,5848.0,5162.0,136.0,-1175.0,-181.0,-12.0,0.0,0.0,1.0,2.0,0.0,0.0,6793.0,7226.0,178.0,8060.0,7352.0,194.0,-1267.0,-126.0,-16.0,0.0,2.0,1.0,2.0,0.0,1.0,8961.0,9292.0,227.0,10396.0,9662.0,239.0,-1435.0,-370.0,-12.0,1.0,2.0,1.0,2.0,1.0,1.0
ESPORTSTMNT05_3240458,complete,,EM,2023,Summer,0,2023-08-21 17:16:05,1,13.15,10,Red,sup,Twiizt,oe:player:ae20b1872a922cdc5b8707fbe66c4f0,Nativz,oe:team:a73a242584df96b35d6e606d93608f8,Leona,LeBlanc,Kled,Tristana,Gangplank,Zeri,,,,,,1692,0,0,2,2,8,12,0.0,0.0,0.0,0.0,0.0,0.0,0.0,0.0,0.2837,0.7092,,,,,,,,,,,,,,,,,,,,,0.0,0.0,,,,,,,,0.0,0.0,4018.0,142.4823,0.0699817,394.1489,416.0993,36.0,1.2766,7.0,0.2482,11.0,73.0,2.5887,5562,1835,65.0709,0.0645151,5175.0,,,30.0,30.0,0.0,,,1.0638,2017.0,2471.0,11.0,2292.0,2470.0,15.0,-275.0,1.0,-4.0,0.0,0.0,0.0,0.0,1.0,0.0,2969.0,3448.0,17.0,3467.0,4145.0,24.0,-498.0,-697.0,-7.0,0.0,0.0,1.0,0.0,2.0,0.0,4241.0,5322.0,27.0,4437.0,4984.0,24.0,-196.0,338.0,3.0,0.0,2.0,1.0,0.0,2.0,1.0,5078.0,6916.0,29.0,5904.0,6901.0,25.0,-826.0,15.0,4.0,0.0,2.0,1.0,0.0,3.0,2.0
ESPORTSTMNT05_3240458,complete,,EM,2023,Summer,0,2023-08-21 17:16:05,1,13.15,100,Blue,team,,,Macko Esports,oe:team:a2e63aee03585f0b37ff4cad936e349,,Rell,Rakan,Rumble,Braum,Nautilus,Maokai,Ahri,Alistar,K'Sante,Xayah,1692,1,12,8,32,12,8,1.0,1.0,0.0,0.0,1.0,,,,0.4255,0.7092,1.0,2.0,2.0,2.0,2.0,0.0,0.0,1.0,1.0,0.0,0.0,,0.0,0.0,0.0,1.0,1.0,,,1.0,1.0,0.0,0.0,10.0,2.0,0.0,1.0,5.0,5.0,1.0,0.0,62848.0,2228.6525,,3400.8865,3349.6809,96.0,3.4043,34.0,1.2057,32.0,227.0,8.0496,54043,35407,1255.5674,,48185.0,0.0742574,1.11,,811.0,167.0,,,34.6809,16299.0,19454.0,365.0,15338.0,19193.0,341.0,961.0,261.0,24.0,1.0,1.0,0.0,0.0,0.0,1.0,24975.0,31378.0,575.0,23506.0,29014.0,521.0,1469.0,2364.0,54.0,2.0,4.0,0.0,0.0,0.0,2.0,34420.0,42789.0,776.0,34118.0,41571.0,721.0,302.0,1218.0,55.0,2.0,4.0,3.0,3.0,6.0,2.0,44858.0,54798.0,913.0,41228.0,49974.0,859.0,3630.0,4824.0,54.0,3.0,8.0,4.0,4.0,8.0,3.0
ESPORTSTMNT05_3240458,complete,,EM,2023,Summer,0,2023-08-21 17:16:05,1,13.15,200,Red,team,,,Nativz,oe:team:a73a242584df96b35d6e606d93608f8,,LeBlanc,Kled,Tristana,Gangplank,Zeri,Jayce,Sejuani,Kai'Sa,Leona,Gwen,1692,0,8,12,15,8,12,1.0,0.0,0.0,0.0,0.0,,,,0.2837,0.7092,0.0,2.0,2.0,2.0,2.0,2.0,0.0,0.0,0.0,0.0,0.0,,0.0,0.0,1.0,1.0,1.0,,,0.0,0.0,1.0,1.0,2.0,10.0,1.0,0.0,5.0,5.0,0.0,1.0,57415.0,2035.9929,,2992.7305,2874.6454,74.0,2.6241,42.0,1.4894,25.0,194.0,6.8794,47075,28439,1008.4752,,44735.0,-0.0742574,-1.11,,743.0,171.0,,,32.4113,15338.0,19193.0,341.0,16299.0,19454.0,365.0,-961.0,-261.0,-24.0,0.0,0.0,1.0,1.0,1.0,0.0,23506.0,29014.0,521.0,24975.0,31378.0,575.0,-1469.0,-2364.0,-54.0,0.0,0.0,2.0,2.0,4.0,0.0,34118.0,41571.0,721.0,34420.0,42789.0,776.0,-302.0,-1218.0,-55.0,3.0,6.0,2.0,2.0,4.0,3.0,41228.0,49974.0,859.0,44858.0,54798.0,913.0,-3630.0,-4824.0,-54.0,4.0,8.0,3.0,3.0,8.0,4.0
ESPORTSTMNT05_3241485,complete,,EM,2023,Summer,0,2023-08-21 17:50:25,1,13.15,1,Blue,top,Destroy,oe:player:21846207612858fb49a468b43e56dd3,İstanbul Wildcats,oe:team:a65adb2808377018a2a7832eb2bd7f4,Aatrox,Ivern,Rell,Sejuani,K'Sante,Zeri,,,,,,1921,1,2,1,5,17,12,0.0,0.0,0.0,0.0,0.0,0.0,0.0,0.0,0.531,0.9058,,,,,,,,,,,,,,,,,,,,,0.0,0.0,,,,,,,,0.0,0.0,15530.0,485.0599,0.182185,1043.7376,761.291,11.0,0.3436,13.0,0.406,8.0,39.0,1.2181,13053,8859,276.6996,0.19646,11850.0,,,275.0,264.0,11.0,,,8.5893,3270.0,4991.0,87.0,3308.0,5144.0,91.0,-38.0,-153.0,-4.0,0.0,0.0,0.0,0.0,0.0,0.0,5237.0,8261.0,141.0,5073.0,7961.0,146.0,164.0,300.0,-5.0,0.0,1.0,0.0,0.0,0.0,1.0,6646.0,10089.0,177.0,7461.0,11308.0,192.0,-815.0,-1219.0,-15.0,0.0,1.0,1.0,1.0,0.0,1.0,8959.0,13821.0,219.0,8778.0,13065.0,216.0,181.0,756.0,3.0,1.0,3.0,1.0,1.0,2.0,2.0
ESPORTSTMNT05_3241485,complete,,EM,2023,Summer,0,2023-08-21 17:50:25,1,13.15,2,Blue,jng,Ferret,oe:player:92b76c3a9967d6322741aa6d2ba4a2b,İstanbul Wildcats,oe:team:a65adb2808377018a2a7832eb2bd7f4,Maokai,Ivern,Rell,Sejuani,K'Sante,Zeri,,,,,,1921,1,2,3,10,17,12,0.0,0.0,0.0,0.0,0.0,0.0,0.0,0.0,0.531,0.9058,,,,,,,,,,,,,,,,,,,,,2.0,0.0,,,,,,,,0.0,0.0,23166.0,723.5606,0.271764,1276.8037,1207.1838,11.0,0.3436,9.0,0.2811,9.0,44.0,1.3743,12450,8256,257.8657,0.183087,10875.0,,,153.0,19.0,134.0,,,4.7788,3231.0,3397.0,62.0,3299.0,4077.0,81.0,-68.0,-680.0,-19.0,0.0,0.0,0.0,0.0,0.0,0.0,5799.0,5723.0,86.0,4965.0,5567.0,104.0,834.0,156.0,-18.0,1.0,3.0,0.0,1.0,1.0,1.0,7781.0,8087.0,119.0,6262.0,6851.0,119.0,1519.0,1236.0,0.0,1.0,4.0,0.0,1.0,1.0,1.0,10042.0,10890.0,135.0,7498.0,8743.0,135.0,2544.0,2147.0,0.0,2.0,8.0,1.0,1.0,4.0,3.0
ESPORTSTMNT05_3241485,complete,,EM,2023,Summer,0,2023-08-21 17:50:25,1,13.15,3,Blue,mid,Kofte,oe:player:db0cbdc72184ad44ab905be61fc0756,İstanbul Wildcats,oe:team:a65adb2808377018a2a7832eb2bd7f4,Tristana,Ivern,Rell,Sejuani,K'Sante,Zeri,,,,,,1921,1,6,2,7,17,12,1.0,1.0,1.0,0.0,0.0,0.0,0.0,0.0,0.531,0.9058,,,,,,,,,,,,,,,,,,,,,0.0,0.0,,,,,,,,1.0,0.0,18942.0,591.6294,0.222212,617.9906,520.76,16.0,0.4997,19.0,0.5934,5.0,44.0,1.3743,15679,11485,358.7194,0.254699,12375.0,,,324.0,302.0,22.0,,,10.1197,3485.0,4814.0,89.0,3314.0,5144.0,93.0,171.0,-330.0,-4.0,0.0,0.0,0.0,0.0,0.0,0.0,5702.0,8294.0,152.0,5354.0,7922.0,144.0,348.0,372.0,8.0,0.0,2.0,0.0,1.0,0.0,1.0,7732.0,11425.0,210.0,7291.0,10317.0,191.0,441.0,1108.0,19.0,0.0,2.0,0.0,1.0,0.0,1.0,10286.0,15029.0,258.0,9505.0,11581.0,205.0,781.0,3448.0,53.0,1.0,6.0,1.0,3.0,1.0,3.0
ESPORTSTMNT05_3241485,complete,,EM,2023,Summer,0,2023-08-21 17:50:25,1,13.15,4,Blue,bot,BAO,oe:player:6c1d0c529e73fe4c8b9a5306867c4bf,İstanbul Wildcats,oe:team:a65adb2808377018a2a7832eb2bd7f4,Xayah,Ivern,Rell,Sejuani,K'Sante,Zeri,,,,,,1921,1,7,3,5,17,12,2.0,1.0,0.0,0.0,0.0,0.0,0.0,0.0,0.531,0.9058,,,,,,,,,,,,,,,,,,,,,0.0,0.0,,,,,,,,0.0,0.0,24190.0,755.544,0.283777,562.3321,285.57,17.0,0.531,15.0,0.4685,5.0,46.0,1.4368,16561,12367,386.2676,0.274259,15575.0,,,351.0,311.0,40.0,,,10.963,3505.0,3468.0,92.0,3122.0,3110.0,80.0,383.0,358.0,12.0,0.0,0.0,0.0,0.0,0.0,0.0,6656.0,6179.0,149.0,5207.0,5880.0,133.0,1449.0,299.0,16.0,3.0,0.0,0.0,0.0,2.0,0.0,9267.0,9102.0,216.0,7275.0,8768.0,194.0,1992.0,334.0,22.0,4.0,0.0,0.0,0.0,2.0,0.0,12594.0,13080.0,279.0,9459.0,11124.0,238.0,3135.0,1956.0,41.0,7.0,1.0,1.0,1.0,4.0,1.0
ESPORTSTMNT05_3241485,complete,,EM,2023,Summer,0,2023-08-21 17:50:25,1,13.15,5,Blue,sup,Parus,oe:player:a9cfbc13e22eefdd22af7b346ce2af4,İstanbul Wildcats,oe:team:a65adb2808377018a2a7832eb2bd7f4,Milio,Ivern,Rell,Sejuani,K'Sante,Zeri,,,,,,1921,1,0,3,15,17,12,0.0,0.0,0.0,0.0,0.0,0.0,0.0,1.0,0.531,0.9058,,,,,,,,,,,,,,,,,,,,,0.0,0.0,,,,,,,,0.0,0.0,3415.0,106.6632,0.0400619,327.7043,128.1208,44.0,1.3743,15.0,0.4685,12.0,97.0,3.0297,8320,4126,128.8704,0.0914945,6950.0,,,16.0,16.0,0.0,,,0.4997,2384.0,2636.0,1.0,2140.0,2380.0,15.0,244.0,256.0,-14.0,0.0,0.0,0.0,0.0,0.0,0.0,3547.0,3803.0,4.0,3175.0,3354.0,20.0,372.0,449.0,-16.0,0.0,3.0,2.0,0.0,2.0,1.0,4624.0,4528.0,7.0,4144.0,3903.0,25.0,480.0,625.0,-18.0,0.0,4.0,2.0,0.0,2.0,2.0,6168.0,7814.0,13.0,5220.0,6091.0,31.0,948.0,1723.0,-18.0,0.0,10.0,2.0,0.0,4.0,2.0
ESPORTSTMNT05_3241485,complete,,EM,2023,Summer,0,2023-08-21 17:50:25,1,13.15,6,Red,top,Myrwn,oe:player:ede24d5e0911d7a4f6ec514a67802ff,BISONS ECLUB,oe:team:b346309564f4fc7f30ac14403e93010,Gwen,Poppy,Rumble,Kai'Sa,Nautilus,Leona,,,,,,1921,0,4,3,3,12,17,1.0,1.0,0.0,0.0,0.0,0.0,0.0,0.0,0.3748,0.9058,,,,,,,,,,,,,,,,,,,,,0.0,0.0,,,,,,,,0.0,0.0,33497.0,1046.2363,0.368002,797.5221,814.4508,12.0,0.3748,10.0,0.3123,2.0,35.0,1.0932,13298,9104,284.3519,0.263582,13300.0,,,275.0,267.0,8.0,,,8.5893,3308.0,5144.0,91.0,3270.0,4991.0,87.0,38.0,153.0,4.0,0.0,0.0,0.0,0.0,0.0,0.0,5073.0,7961.0,146.0,5237.0,8261.0,141.0,-164.0,-300.0,5.0,0.0,0.0,1.0,0.0,1.0,0.0,7461.0,11308.0,192.0,6646.0,10089.0,177.0,815.0,1219.0,15.0,1.0,0.0,1.0,0.0,1.0,1.0,8778.0,13065.0,216.0,8959.0,13821.0,219.0,-181.0,-756.0,-3.0,1.0,2.0,2.0,1.0,3.0,1.0
ESPORTSTMNT05_3241485,complete,,EM,2023,Summer,0,2023-08-21 17:50:25,1,13.15,7,Red,jng,NoName,oe:player:6d2795b5d0550bbbae88cb973b287b0,BISONS ECLUB,oe:team:b346309564f4fc7f30ac14403e93010,Jarvan IV,Poppy,Rumble,Kai'Sa,Nautilus,Leona,,,,,,1921,0,1,4,10,12,17,0.0,0.0,0.0,0.0,1.0,1.0,0.0,0.0,0.3748,0.9058,,,,,,,,,,,,,,,,,,,,,0.0,2.0,,,,,,,,0.0,0.0,13304.0,415.5336,0.146159,962.3425,1352.0146,8.0,0.2499,8.0,0.2499,7.0,38.0,1.1869,9629,5435,169.7553,0.157351,9275.0,,,159.0,10.0,149.0,,,4.9662,3299.0,4077.0,81.0,3231.0,3397.0,62.0,68.0,680.0,19.0,0.0,0.0,0.0,0.0,0.0,0.0,4965.0,5567.0,104.0,5799.0,5723.0,86.0,-834.0,-156.0,18.0,1.0,1.0,1.0,1.0,3.0,0.0,6262.0,6851.0,119.0,7781.0,8087.0,119.0,-1519.0,-1236.0,0.0,1.0,1.0,1.0,1.0,4.0,0.0,7498.0,8743.0,135.0,10042.0,10890.0,135.0,-2544.0,-2147.0,0.0,1.0,4.0,3.0,2.0,8.0,1.0
ESPORTSTMNT05_3241485,complete,,EM,2023,Summer,0,2023-08-21 17:50:25,1,13.15,8,Red,mid,Random,oe:player:64663f4646781c9c0110838b905daa2,BISONS ECLUB,oe:team:b346309564f4fc7f30ac14403e93010,Azir,Poppy,Rumble,Kai'Sa,Nautilus,Leona,,,,,,1921,0,4,4,6,12,17,1.0,0.0,0.0,0.0,0.0,0.0,0.0,0.0,0.3748,0.9058,,,,,,,,,,,,,,,,,,,,,0.0,0.0,,,,,,,,0.0,1.0,18529.0,578.7298,0.203562,488.2457,369.9011,13.0,0.406,0.0,0.0,1.0,17.0,0.531,12844,8650,270.1718,0.250437,12475.0,,,261.0,261.0,0.0,,,8.152,3314.0,5144.0,93.0,3485.0,4814.0,89.0,-171.0,330.0,4.0,0.0,0.0,0.0,0.0,0.0,0.0,5354.0,7922.0,144.0,5702.0,8294.0,152.0,-348.0,-372.0,-8.0,1.0,0.0,1.0,0.0,2.0,0.0,7291.0,10317.0,191.0,7732.0,11425.0,210.0,-441.0,-1108.0,-19.0,1.0,0.0,1.0,0.0,2.0,0.0,9505.0,11581.0,205.0,10286.0,15029.0,258.0,-781.0,-3448.0,-53.0,3.0,1.0,3.0,1.0,6.0,1.0
ESPORTSTMNT05_3241485,complete,,EM,2023,Summer,0,2023-08-21 17:50:25,1,13.15,9,Red,bot,Legolas,oe:player:5cfc41b7eccda649db08ead84343554,BISONS ECLUB,oe:team:b346309564f4fc7f30ac14403e93010,Ashe,Poppy,Rumble,Kai'Sa,Nautilus,Leona,,,,,,1921,0,3,3,6,12,17,0.0,0.0,0.0,0.0,1.0,0.0,1.0,0.0,0.3748,0.9058,,,,,,,,,,,,,,,,,,,,,0.0,0.0,,,,,,,,0.0,0.0,21103.0,659.1255,0.23184,550.0573,384.7996,10.0,0.3123,16.0,0.4997,3.0,50.0,1.5617,12991,8797,274.7631,0.254694,12808.0,,,302.0,292.0,10.0,,,9.4326,3122.0,3110.0,80.0,3505.0,3468.0,92.0,-383.0,-358.0,-12.0,0.0,0.0,0.0,0.0,0.0,0.0,5207.0,5880.0,133.0,6656.0,6179.0,149.0,-1449.0,-299.0,-16.0,0.0,2.0,0.0,3.0,0.0,0.0,7275.0,8768.0,194.0,9267.0,9102.0,216.0,-1992.0,-334.0,-22.0,0.0,2.0,0.0,4.0,0.0,0.0,9459.0,11124.0,238.0,12594.0,13080.0,279.0,-3135.0,-1956.0,-41.0,1.0,4.0,1.0,7.0,1.0,1.0
ESPORTSTMNT05_3241485,complete,,EM,2023,Summer,0,2023-08-21 17:50:25,1,13.15,10,Red,sup,Oscure,oe:player:cc51227ea88c71dabc8f6e601b0ec41,BISONS ECLUB,oe:team:b346309564f4fc7f30ac14403e93010,Rakan,Poppy,Rumble,Kai'Sa,Nautilus,Leona,,,,,,1921,0,0,3,9,12,17,0.0,0.0,0.0,0.0,1.0,0.0,1.0,0.0,0.3748,0.9058,,,,,,,,,,,,,,,,,,,,,0.0,0.0,,,,,,,,0.0,0.0,4591.0,143.3941,0.0504372,489.9011,541.6554,93.0,2.9047,13.0,0.406,22.0,137.0,4.279,6748,2554,79.771,0.0739352,6500.0,,,36.0,36.0,0.0,,,1.1244,2140.0,2380.0,15.0,2384.0,2636.0,1.0,-244.0,-256.0,14.0,0.0,0.0,0.0,0.0,0.0,0.0,3175.0,3354.0,20.0,3547.0,3803.0,4.0,-372.0,-449.0,16.0,0.0,2.0,1.0,0.0,3.0,2.0,4144.0,3903.0,25.0,4624.0,4528.0,7.0,-480.0,-625.0,18.0,0.0,2.0,2.0,0.0,4.0,2.0,5220.0,6091.0,31.0,6168.0,7814.0,13.0,-948.0,-1723.0,18.0,0.0,4.0,2.0,0.0,10.0,2.0
ESPORTSTMNT05_3241485,complete,,EM,2023,Summer,0,2023-08-21 17:50:25,1,13.15,100,Blue,team,,,İstanbul Wildcats,oe:team:a65adb2808377018a2a7832eb2bd7f4,,Ivern,Rell,Sejuani,K'Sante,Zeri,Maokai,Tristana,Xayah,Aatrox,Milio,1921,1,17,12,42,17,12,3.0,2.0,1.0,0.0,0.0,,,,0.531,0.9058,0.0,3.0,2.0,3.0,2.0,0.0,0.0,0.0,3.0,0.0,0.0,,0.0,0.0,1.0,1.0,1.0,,,1.0,2.0,0.0,1.0,9.0,3.0,1.0,1.0,7.0,1.0,1.0,0.0,85243.0,2662.4571,,3828.5685,2902.9256,99.0,3.0921,71.0,2.2176,39.0,270.0,8.4331,66063,45091,1408.3602,,57625.0,0.0583481,2.2,,912.0,207.0,,,34.9505,15875.0,19306.0,331.0,15183.0,19855.0,360.0,692.0,-549.0,-29.0,0.0,0.0,0.0,0.0,0.0,0.0,26941.0,32260.0,532.0,23774.0,30684.0,547.0,3167.0,1576.0,-15.0,4.0,9.0,2.0,2.0,5.0,4.0,36050.0,43231.0,729.0,32433.0,41147.0,721.0,3617.0,2084.0,8.0,5.0,11.0,3.0,3.0,5.0,5.0,48049.0,60634.0,904.0,40460.0,50604.0,825.0,7589.0,10030.0,79.0,11.0,28.0,6.0,6.0,15.0,11.0
ESPORTSTMNT05_3241485,complete,,EM,2023,Summer,0,2023-08-21 17:50:25,1,13.15,200,Red,team,,,BISONS ECLUB,oe:team:b346309564f4fc7f30ac14403e93010,,Poppy,Rumble,Kai'Sa,Nautilus,Leona,Rakan,Azir,Jarvan IV,Ashe,Gwen,1921,0,12,17,34,12,17,2.0,1.0,0.0,0.0,1.0,,,,0.3748,0.9058,1.0,2.0,3.0,2.0,3.0,1.0,0.0,0.0,0.0,0.0,1.0,,0.0,0.0,0.0,1.0,1.0,,,0.0,0.0,2.0,0.0,3.0,9.0,0.0,0.0,1.0,7.0,0.0,1.0,91024.0,2843.0193,,3288.0687,3462.8214,136.0,4.2478,47.0,1.468,35.0,277.0,8.6517,55510,34538,1078.7507,,54358.0,-0.0583481,-2.2,,866.0,167.0,,,32.2644,15183.0,19855.0,360.0,15875.0,19306.0,331.0,-692.0,549.0,29.0,0.0,0.0,0.0,0.0,0.0,0.0,23774.0,30684.0,547.0,26941.0,32260.0,532.0,-3167.0,-1576.0,15.0,2.0,5.0,4.0,4.0,9.0,2.0,32433.0,41147.0,721.0,36050.0,43231.0,729.0,-3617.0,-2084.0,-8.0,3.0,5.0,5.0,5.0,11.0,3.0,40460.0,50604.0,825.0,48049.0,60634.0,904.0,-7589.0,-10030.0,-79.0,6.0,15.0,11.0,11.0,28.0,6.0
ESPORTSTMNT05_3239449,complete,,EM,2023,Summer,0,2023-08-21 18:05:13,1,13.15,1,Blue,top,Eyliph,oe:player:4b20700639bada36a5a58cc4a8e7135,Anorthosis Famagusta Esports,oe:team:5f1bc4a914b49c7b7ff4c2f1b8d8df9,K'Sante,Azir,Sejuani,Braum,,,,,,,,1351,0,0,4,2,7,17,0.0,0.0,0.0,0.0,0.0,0.0,0.0,0.0,0.3109,1.0659,,,,,,,,,,,,,,,,,,,,,0.0,0.0,,,,,,,,0.0,0.0,6044.0,268.4234,0.16704,523.3901,495.2332,10.0,0.4441,1.0,0.0444,3.0,16.0,0.7106,6719,3687,163.7454,0.170555,6625.0,,,148.0,148.0,0.0,,,6.5729,2862.0,4341.0,61.0,3222.0,4779.0,82.0,-360.0,-438.0,-21.0,0.0,1.0,1.0,0.0,1.0,1.0,4398.0,6530.0,96.0,5178.0,7306.0,117.0,-780.0,-776.0,-21.0,0.0,2.0,2.0,1.0,1.0,2.0,6000.0,8835.0,132.0,7617.0,10441.0,167.0,-1617.0,-1606.0,-35.0,0.0,2.0,3.0,1.0,5.0,2.0,,,,,,,,,,,,,,,
ESPORTSTMNT05_3239449,complete,,EM,2023,Summer,0,2023-08-21 18:05:13,1,13.15,2,Blue,jng,SPOOKY,oe:player:11389d6d8a29729807c3cf528a98050,Anorthosis Famagusta Esports,oe:team:5f1bc4a914b49c7b7ff4c2f1b8d8df9,Trundle,Azir,Sejuani,Braum,,,,,,,,1351,0,3,4,2,7,17,0.0,0.0,0.0,0.0,0.0,0.0,0.0,0.0,0.3109,1.0659,,,,,,,,,,,,,,,,,,,,,0.0,1.0,,,,,,,,0.0,0.0,6410.0,284.678,0.177155,1068.2309,858.4308,9.0,0.3997,4.0,0.1776,4.0,29.0,1.2879,8085,5053,224.4115,0.233738,6900.0,,,118.0,6.0,112.0,,,5.2406,3585.0,3285.0,53.0,3111.0,3013.0,50.0,474.0,272.0,3.0,2.0,0.0,0.0,1.0,1.0,0.0,5531.0,5303.0,75.0,5289.0,4948.0,76.0,242.0,355.0,-1.0,3.0,1.0,1.0,3.0,1.0,0.0,7457.0,7484.0,106.0,6966.0,7527.0,96.0,491.0,-43.0,10.0,3.0,1.0,3.0,3.0,6.0,0.0,,,,,,,,,,,,,,,
ESPORTSTMNT05_3239449,complete,,EM,2023,Summer,0,2023-08-21 18:05:13,1,13.15,3,Blue,mid,HAWHAW,oe:player:ae06413dcf80aa496ab8448d8ea586f,Anorthosis Famagusta Esports,oe:team:5f1bc4a914b49c7b7ff4c2f1b8d8df9,Akshan,Azir,Sejuani,Braum,,,,,,,,1351,0,0,1,1,7,17,0.0,0.0,0.0,0.0,0.0,0.0,0.0,0.0,0.3109,1.0659,,,,,,,,,,,,,,,,,,,,,0.0,0.0,,,,,,,,0.0,1.0,8345.0,370.6144,0.230633,379.9852,224.0563,9.0,0.3997,3.0,0.1332,1.0,16.0,0.7106,8442,5410,240.2665,0.25025,7675.0,,,211.0,211.0,0.0,,,9.3708,3293.0,5151.0,89.0,3382.0,5092.0,98.0,-89.0,59.0,-9.0,0.0,0.0,0.0,0.0,0.0,0.0,5182.0,7960.0,142.0,5509.0,8204.0,163.0,-327.0,-244.0,-21.0,0.0,0.0,0.0,0.0,1.0,0.0,7735.0,10661.0,195.0,8503.0,11134.0,218.0,-768.0,-473.0,-23.0,0.0,0.0,0.0,2.0,2.0,0.0,,,,,,,,,,,,,,,
ESPORTSTMNT05_3239449,complete,,EM,2023,Summer,0,2023-08-21 18:05:13,1,13.15,4,Blue,bot,GOLDENTO4ST,oe:player:5c58c2e986e8aec0ee6f2465823349a,Anorthosis Famagusta Esports,oe:team:5f1bc4a914b49c7b7ff4c2f1b8d8df9,Kai'Sa,Azir,Sejuani,Braum,,,,,,,,1351,0,4,3,1,7,17,0.0,0.0,0.0,0.0,1.0,1.0,0.0,0.0,0.3109,1.0659,,,,,,,,,,,,,,,,,,,,,0.0,0.0,,,,,,,,0.0,0.0,11152.0,495.2776,0.308211,333.8416,153.2198,8.0,0.3553,3.0,0.1332,1.0,14.0,0.6218,8230,5198,230.8512,0.240444,7175.0,,,165.0,165.0,0.0,,,7.3279,3730.0,2756.0,73.0,3462.0,2900.0,81.0,268.0,-144.0,-8.0,2.0,1.0,1.0,0.0,2.0,2.0,5689.0,4476.0,113.0,6512.0,5681.0,140.0,-823.0,-1205.0,-27.0,3.0,1.0,2.0,1.0,3.0,2.0,7498.0,7006.0,158.0,10297.0,8383.0,192.0,-2799.0,-1377.0,-34.0,3.0,1.0,2.0,4.0,5.0,2.0,,,,,,,,,,,,,,,
ESPORTSTMNT05_3239449,complete,,EM,2023,Summer,0,2023-08-21 18:05:13,1,13.15,5,Blue,sup,iLEVI,oe:player:b226880189cb11f7da7a0c86544b556,Anorthosis Famagusta Esports,oe:team:5f1bc4a914b49c7b7ff4c2f1b8d8df9,Rell,Azir,Sejuani,Braum,,,,,,,,1351,0,0,5,5,7,17,0.0,0.0,0.0,0.0,1.0,0.0,1.0,0.0,0.3109,1.0659,,,,,,,,,,,,,,,,,,,,,0.0,0.0,,,,,,,,0.0,0.0,4232.0,187.9497,0.116961,504.7816,530.5848,23.0,1.0215,10.0,0.4441,6.0,55.0,2.4426,5302,2270,100.8142,0.105013,4700.0,,,35.0,35.0,0.0,,,1.5544,2584.0,2674.0,21.0,2729.0,2498.0,17.0,-145.0,176.0,4.0,0.0,3.0,1.0,2.0,0.0,1.0,3581.0,3522.0,27.0,4190.0,3842.0,30.0,-609.0,-320.0,-3.0,0.0,4.0,2.0,2.0,3.0,2.0,4763.0,4619.0,32.0,5894.0,5181.0,38.0,-1131.0,-562.0,-6.0,0.0,4.0,4.0,2.0,7.0,2.0,,,,,,,,,,,,,,,
ESPORTSTMNT05_3239449,complete,,EM,2023,Summer,0,2023-08-21 18:05:13,1,13.15,6,Red,top,Cabochard,oe:player:010c1b0d37c2b7459b215dae7ffeeac,Karmine Corp,oe:team:f3aa9bbd924ce3af42ac53f8326bc7c,Jax,Ivern,Rumble,Maokai,Karthus,Renekton,,,,,,1351,1,4,2,5,17,7,1.0,0.0,0.0,0.0,0.0,0.0,0.0,0.0,0.755,1.0659,,,,,,,,,,,,,,,,,,,,,0.0,0.0,,,,,,,,0.0,0.0,11103.0,493.1014,0.239098,705.3442,537.8682,10.0,0.4441,3.0,0.1332,4.0,21.0,0.9326,9686,6654,295.5144,0.208897,8150.0,,,178.0,174.0,4.0,,,7.9053,3222.0,4779.0,82.0,2862.0,4341.0,61.0,360.0,438.0,21.0,0.0,1.0,1.0,0.0,1.0,1.0,5178.0,7306.0,117.0,4398.0,6530.0,96.0,780.0,776.0,21.0,1.0,1.0,2.0,0.0,2.0,2.0,7617.0,10441.0,167.0,6000.0,8835.0,132.0,1617.0,1606.0,35.0,1.0,5.0,2.0,0.0,2.0,3.0,,,,,,,,,,,,,,,
ESPORTSTMNT05_3239449,complete,,EM,2023,Summer,0,2023-08-21 18:05:13,1,13.15,7,Red,jng,Cinkrof,oe:player:6b3481654facc1e7fe3e312883ea8f3,Karmine Corp,oe:team:f3aa9bbd924ce3af42ac53f8326bc7c,Poppy,Ivern,Rumble,Maokai,Karthus,Renekton,,,,,,1351,1,3,0,8,17,7,1.0,0.0,0.0,0.0,0.0,0.0,0.0,0.0,0.755,1.0659,,,,,,,,,,,,,,,,,,,,,1.0,0.0,,,,,,,,0.0,0.0,6517.0,289.4301,0.140341,643.8786,894.0489,11.0,0.4885,3.0,0.1332,9.0,28.0,1.2435,8314,5282,234.5818,0.165826,7275.0,,,106.0,15.0,91.0,,,4.7076,3111.0,3013.0,50.0,3585.0,3285.0,53.0,-474.0,-272.0,-3.0,1.0,1.0,0.0,2.0,0.0,0.0,5289.0,4948.0,76.0,5531.0,5303.0,75.0,-242.0,-355.0,1.0,3.0,1.0,0.0,3.0,1.0,1.0,6966.0,7527.0,96.0,7457.0,7484.0,106.0,-491.0,43.0,-10.0,3.0,6.0,0.0,3.0,1.0,3.0,,,,,,,,,,,,,,,
ESPORTSTMNT05_3239449,complete,,EM,2023,Summer,0,2023-08-21 18:05:13,1,13.15,8,Red,mid,SAKEN,oe:player:1d43b8dc600eba61cd7dd2cd8d6baf6,Karmine Corp,oe:team:f3aa9bbd924ce3af42ac53f8326bc7c,LeBlanc,Ivern,Rumble,Maokai,Karthus,Renekton,,,,,,1351,1,3,0,2,17,7,1.0,0.0,0.0,0.0,0.0,0.0,0.0,0.0,0.755,1.0659,,,,,,,,,,,,,,,,,,,,,0.0,0.0,,,,,,,,1.0,0.0,10398.0,461.7913,0.223916,370.9697,242.2206,7.0,0.3109,7.0,0.3109,5.0,26.0,1.1547,10062,7030,312.2132,0.2207,7875.0,,,237.0,237.0,0.0,,,10.5255,3382.0,5092.0,98.0,3293.0,5151.0,89.0,89.0,-59.0,9.0,0.0,0.0,0.0,0.0,0.0,0.0,5509.0,8204.0,163.0,5182.0,7960.0,142.0,327.0,244.0,21.0,0.0,1.0,0.0,0.0,0.0,0.0,8503.0,11134.0,218.0,7735.0,10661.0,195.0,768.0,473.0,23.0,2.0,2.0,0.0,0.0,0.0,0.0,,,,,,,,,,,,,,,
ESPORTSTMNT05_3239449,complete,,EM,2023,Summer,0,2023-08-21 18:05:13,1,13.15,9,Red,bot,Caliste,oe:player:e2af2b779499aa25ab9a9c10c9a5ffd,Karmine Corp,oe:team:f3aa9bbd924ce3af42ac53f8326bc7c,Kalista,Ivern,Rumble,Maokai,Karthus,Renekton,,,,,,1351,1,5,2,7,17,7,1.0,0.0,0.0,0.0,0.0,0.0,0.0,0.0,0.755,1.0659,,,,,,,,,,,,,,,,,,,,,0.0,0.0,,,,,,,,0.0,0.0,13086.0,581.1695,0.281801,381.1843,214.4634,10.0,0.4441,6.0,0.2665,3.0,32.0,1.4212,12118,9086,403.5233,0.285243,10225.0,,,212.0,203.0,9.0,,,9.4152,3462.0,2900.0,81.0,3730.0,2756.0,73.0,-268.0,144.0,8.0,0.0,2.0,2.0,2.0,1.0,1.0,6512.0,5681.0,140.0,5689.0,4476.0,113.0,823.0,1205.0,27.0,1.0,3.0,2.0,3.0,1.0,2.0,10297.0,8383.0,192.0,7498.0,7006.0,158.0,2799.0,1377.0,34.0,4.0,5.0,2.0,3.0,1.0,2.0,,,,,,,,,,,,,,,
ESPORTSTMNT05_3239449,complete,,EM,2023,Summer,0,2023-08-21 18:05:13,1,13.15,10,Red,sup,Targamas,oe:player:eaf899c6268995f9b1e40d1932c6888,Karmine Corp,oe:team:f3aa9bbd924ce3af42ac53f8326bc7c,Nautilus,Ivern,Rumble,Maokai,Karthus,Renekton,,,,,,1351,1,2,3,9,17,7,0.0,0.0,0.0,0.0,0.0,0.0,0.0,1.0,0.755,1.0659,,,,,,,,,,,,,,,,,,,,,0.0,0.0,,,,,,,,0.0,0.0,5333.0,236.8468,0.114844,433.057,654.5818,28.0,1.2435,10.0,0.4441,9.0,65.0,2.8868,6833,3801,168.8083,0.119334,6475.0,,,39.0,39.0,0.0,,,1.7321,2729.0,2498.0,17.0,2584.0,2674.0,21.0,145.0,-176.0,-4.0,2.0,0.0,1.0,0.0,3.0,1.0,4190.0,3842.0,30.0,3581.0,3522.0,27.0,609.0,320.0,3.0,2.0,3.0,2.0,0.0,4.0,2.0,5894.0,5181.0,38.0,4763.0,4619.0,32.0,1131.0,562.0,6.0,2.0,7.0,2.0,0.0,4.0,4.0,,,,,,,,,,,,,,,
ESPORTSTMNT05_3239449,complete,,EM,2023,Summer,0,2023-08-21 18:05:13,1,13.15,100,Blue,team,,,Anorthosis Famagusta Esports,oe:team:5f1bc4a914b49c7b7ff4c2f1b8d8df9,,Azir,Sejuani,Braum,,,Rell,Kai'Sa,Akshan,Trundle,K'Sante,1351,0,7,17,11,7,17,0.0,0.0,0.0,0.0,1.0,,,,0.3109,1.0659,0.0,0.0,3.0,0.0,3.0,0.0,0.0,0.0,0.0,0.0,0.0,,0.0,0.0,1.0,1.0,1.0,,,0.0,0.0,1.0,0.0,2.0,9.0,0.0,0.0,4.0,4.0,0.0,1.0,36183.0,1606.943,,2810.2295,2261.5248,59.0,2.6203,21.0,0.9326,15.0,130.0,5.7735,36778,21620,960.1776,,33075.0,-0.189531,-1.36,,565.0,112.0,,,30.0666,16054.0,18207.0,297.0,15906.0,18282.0,328.0,148.0,-75.0,-31.0,4.0,5.0,3.0,3.0,4.0,4.0,24381.0,27791.0,453.0,26678.0,29981.0,526.0,-2297.0,-2190.0,-73.0,6.0,8.0,7.0,7.0,9.0,6.0,33453.0,38605.0,623.0,39277.0,42666.0,711.0,-5824.0,-4061.0,-88.0,6.0,8.0,12.0,12.0,25.0,6.0,,,,,,,,,,,,,,,
ESPORTSTMNT05_3239449,complete,,EM,2023,Summer,0,2023-08-21 18:05:13,1,13.15,200,Red,team,,,Karmine Corp,oe:team:f3aa9bbd924ce3af42ac53f8326bc7c,,Ivern,Rumble,Maokai,Karthus,Renekton,Poppy,LeBlanc,Kalista,Nautilus,Jax,1351,1,17,7,31,17,7,4.0,0.0,0.0,0.0,0.0,,,,0.755,1.0659,1.0,3.0,0.0,3.0,0.0,1.0,1.0,0.0,1.0,0.0,0.0,,0.0,0.0,0.0,1.0,1.0,,,1.0,1.0,0.0,1.0,9.0,2.0,1.0,1.0,4.0,4.0,1.0,0.0,46437.0,2062.339,,2534.4338,2543.1828,66.0,2.9312,29.0,1.2879,30.0,172.0,7.6388,47013,31855,1414.7298,,40000.0,0.189531,1.36,,668.0,104.0,,,34.2857,15906.0,18282.0,328.0,16054.0,18207.0,297.0,-148.0,75.0,31.0,3.0,4.0,4.0,4.0,5.0,3.0,26678.0,29981.0,526.0,24381.0,27791.0,453.0,2297.0,2190.0,73.0,7.0,9.0,6.0,6.0,8.0,7.0,39277.0,42666.0,711.0,33453.0,38605.0,623.0,5824.0,4061.0,88.0,12.0,25.0,6.0,6.0,8.0,12.0,,,,,,,,,,,,,,,
ESPORTSTMNT05_3240460,complete,,EM,2023,Summer,0,2023-08-21 18:47:55,1,13.15,1,Blue,top,CPM,oe:player:cbdaba5605992f8e1635ad782152d65,GTZ Esports,oe:team:3659b5cb3434354530c31ce71461fc1,Malphite,Rumble,Gwen,Xayah,Ryze,Sylas,,,,,,2656,0,2,3,15,25,26,0.0,0.0,0.0,0.0,0.0,0.0,0.0,0.0,0.5648,1.1521,,,,,,,,,,,,,,,,,,,,,0.0,0.0,,,,,,,,0.0,0.0,31251.0,705.9714,0.208784,981.9127,2215.5723,6.0,0.1355,6.0,0.1355,1.0,30.0,0.6777,14835,9141,206.4985,0.17781,14525.0,,,247.0,247.0,0.0,,,5.5798,3004.0,4840.0,75.0,3616.0,5104.0,98.0,-612.0,-264.0,-23.0,0.0,0.0,0.0,0.0,0.0,0.0,4938.0,7489.0,113.0,5895.0,7964.0,145.0,-957.0,-475.0,-32.0,0.0,3.0,0.0,1.0,1.0,0.0,7030.0,10132.0,161.0,8084.0,10622.0,201.0,-1054.0,-490.0,-40.0,1.0,3.0,0.0,1.0,1.0,1.0,8668.0,13074.0,182.0,10471.0,13309.0,233.0,-1803.0,-235.0,-51.0,1.0,6.0,1.0,2.0,3.0,2.0
ESPORTSTMNT05_3240460,complete,,EM,2023,Summer,0,2023-08-21 18:47:55,1,13.15,2,Blue,jng,Time,oe:player:550fa477eff3885416f22c0b3f2fc88,GTZ Esports,oe:team:3659b5cb3434354530c31ce71461fc1,Poppy,Rumble,Gwen,Xayah,Ryze,Sylas,,,,,,2656,0,6,5,10,25,26,0.0,0.0,0.0,0.0,0.0,0.0,0.0,0.0,0.5648,1.1521,,,,,,,,,,,,,,,,,,,,,2.0,0.0,,,,,,,,0.0,0.0,27416.0,619.3373,0.183163,1118.2229,1369.9247,13.0,0.2937,18.0,0.4066,13.0,65.0,1.4684,15297,9603,216.9352,0.186796,15075.0,,,190.0,30.0,160.0,,,4.2922,2919.0,3091.0,57.0,3000.0,2954.0,52.0,-81.0,137.0,5.0,0.0,0.0,0.0,0.0,3.0,0.0,5086.0,5158.0,81.0,4413.0,5118.0,77.0,673.0,40.0,4.0,2.0,0.0,1.0,0.0,5.0,1.0,6666.0,7577.0,113.0,6066.0,7824.0,113.0,600.0,-247.0,0.0,2.0,0.0,1.0,0.0,5.0,1.0,8988.0,10053.0,133.0,7561.0,9880.0,132.0,1427.0,173.0,1.0,3.0,2.0,2.0,1.0,7.0,2.0
ESPORTSTMNT05_3240460,complete,,EM,2023,Summer,0,2023-08-21 18:47:55,1,13.15,3,Blue,mid,Heroic,oe:player:c71b4244f70372f8be07a3e83c58490,GTZ Esports,oe:team:3659b5cb3434354530c31ce71461fc1,Syndra,Rumble,Gwen,Xayah,Ryze,Sylas,,,,,,2656,0,3,7,7,25,26,0.0,0.0,0.0,0.0,0.0,0.0,0.0,1.0,0.5648,1.1521,,,,,,,,,,,,,,,,,,,,,0.0,0.0,,,,,,,,0.0,0.0,31285.0,706.7395,0.209011,491.3404,229.134,17.0,0.384,8.0,0.1807,1.0,54.0,1.2199,15381,9687,218.8328,0.18843,15065.0,,,276.0,252.0,24.0,,,6.2349,3194.0,4405.0,83.0,3400.0,3710.0,70.0,-206.0,695.0,13.0,0.0,0.0,1.0,1.0,1.0,0.0,5093.0,6706.0,124.0,5619.0,6711.0,132.0,-526.0,-5.0,-8.0,0.0,2.0,1.0,1.0,2.0,1.0,7004.0,8839.0,168.0,8212.0,10232.0,194.0,-1208.0,-1393.0,-26.0,0.0,3.0,2.0,2.0,2.0,1.0,8531.0,11037.0,192.0,10617.0,13237.0,234.0,-2086.0,-2200.0,-42.0,0.0,4.0,4.0,3.0,7.0,1.0
ESPORTSTMNT05_3240460,complete,,EM,2023,Summer,0,2023-08-21 18:47:55,1,13.15,4,Blue,bot,Avra,oe:player:1a38c55db5f8af06ebac94d8530ff71,GTZ Esports,oe:team:3659b5cb3434354530c31ce71461fc1,Zeri,Rumble,Gwen,Xayah,Ryze,Sylas,,,,,,2656,0,13,5,3,25,26,2.0,1.0,0.0,0.0,0.0,0.0,0.0,0.0,0.5648,1.1521,,,,,,,,,,,,,,,,,,,,,1.0,0.0,,,,,,,,1.0,1.0,52410.0,1183.9608,0.350145,655.8886,501.1446,23.0,0.5196,36.0,0.8133,6.0,93.0,2.1009,23830,18136,409.6988,0.352776,27450.0,,,437.0,397.0,40.0,,,9.872,3799.0,3960.0,95.0,3911.0,3756.0,88.0,-112.0,204.0,7.0,0.0,0.0,0.0,2.0,1.0,0.0,7452.0,6062.0,143.0,6597.0,6156.0,140.0,855.0,-94.0,3.0,3.0,1.0,1.0,4.0,2.0,1.0,9850.0,8621.0,215.0,8839.0,8930.0,207.0,1011.0,-309.0,8.0,3.0,1.0,1.0,4.0,2.0,1.0,12336.0,11242.0,260.0,11893.0,11832.0,249.0,443.0,-590.0,11.0,5.0,1.0,3.0,8.0,5.0,2.0
ESPORTSTMNT05_3240460,complete,,EM,2023,Summer,0,2023-08-21 18:47:55,1,13.15,5,Blue,sup,Nightmares,oe:player:fb20df3c2584739649c47e15bdd1e1e,GTZ Esports,oe:team:3659b5cb3434354530c31ce71461fc1,Braum,Rumble,Gwen,Xayah,Ryze,Sylas,,,,,,2656,0,1,6,15,25,26,0.0,0.0,0.0,0.0,0.0,0.0,0.0,0.0,0.5648,1.1521,,,,,,,,,,,,,,,,,,,,,0.0,0.0,,,,,,,,0.0,0.0,7319.0,165.3389,0.0488973,791.1822,813.0949,61.0,1.378,7.0,0.1581,16.0,109.0,2.4623,10536,4842,109.3825,0.0941875,9000.0,,,28.0,28.0,0.0,,,0.6325,2135.0,2053.0,12.0,2281.0,2415.0,17.0,-146.0,-362.0,-5.0,0.0,0.0,2.0,0.0,3.0,0.0,3487.0,2962.0,15.0,3308.0,3215.0,20.0,179.0,-253.0,-5.0,0.0,3.0,3.0,0.0,6.0,2.0,4645.0,4963.0,21.0,4446.0,4506.0,30.0,199.0,457.0,-9.0,0.0,4.0,3.0,0.0,6.0,2.0,5830.0,7464.0,22.0,5753.0,7418.0,34.0,77.0,46.0,-12.0,0.0,6.0,4.0,0.0,13.0,2.0
ESPORTSTMNT05_3240460,complete,,EM,2023,Summer,0,2023-08-21 18:47:55,1,13.15,6,Red,top,Destroy,oe:player:21846207612858fb49a468b43e56dd3,İstanbul Wildcats,oe:team:a65adb2808377018a2a7832eb2bd7f4,Aatrox,Maokai,Ornn,Sion,Alistar,Rakan,,,,,,2656,1,5,5,6,26,25,0.0,0.0,0.0,0.0,0.0,0.0,0.0,0.0,0.5873,1.1521,,,,,,,,,,,,,,,,,,,,,0.0,0.0,,,,,,,,0.0,0.0,30504.0,689.0964,0.190917,1491.0316,1521.5286,15.0,0.3389,19.0,0.4292,10.0,66.0,1.491,17924,12230,276.2801,0.242226,15450.0,,,340.0,300.0,40.0,,,7.6807,3616.0,5104.0,98.0,3004.0,4840.0,75.0,612.0,264.0,23.0,0.0,0.0,0.0,0.0,0.0,0.0,5895.0,7964.0,145.0,4938.0,7489.0,113.0,957.0,475.0,32.0,1.0,1.0,0.0,0.0,3.0,0.0,8084.0,10622.0,201.0,7030.0,10132.0,161.0,1054.0,490.0,40.0,1.0,1.0,1.0,1.0,3.0,0.0,10471.0,13309.0,233.0,8668.0,13074.0,182.0,1803.0,235.0,51.0,2.0,3.0,2.0,1.0,6.0,1.0
ESPORTSTMNT05_3240460,complete,,EM,2023,Summer,0,2023-08-21 18:47:55,1,13.15,7,Red,jng,Ferret,oe:player:92b76c3a9967d6322741aa6d2ba4a2b,İstanbul Wildcats,oe:team:a65adb2808377018a2a7832eb2bd7f4,Trundle,Maokai,Ornn,Sion,Alistar,Rakan,,,,,,2656,1,5,6,11,26,25,0.0,0.0,0.0,0.0,1.0,0.0,1.0,0.0,0.5873,1.1521,,,,,,,,,,,,,,,,,,,,,0.0,2.0,,,,,,,,0.0,0.0,17479.0,394.8569,0.109397,1292.2364,1490.3313,20.0,0.4518,17.0,0.384,18.0,70.0,1.5813,14204,8510,192.244,0.168549,12850.0,,,191.0,43.0,148.0,,,4.3148,3000.0,2954.0,52.0,2919.0,3091.0,57.0,81.0,-137.0,-5.0,0.0,3.0,0.0,0.0,0.0,0.0,4413.0,5118.0,77.0,5086.0,5158.0,81.0,-673.0,-40.0,-4.0,0.0,5.0,1.0,2.0,0.0,1.0,6066.0,7824.0,113.0,6666.0,7577.0,113.0,-600.0,247.0,0.0,0.0,5.0,1.0,2.0,0.0,1.0,7561.0,9880.0,132.0,8988.0,10053.0,133.0,-1427.0,-173.0,-1.0,1.0,7.0,2.0,3.0,2.0,2.0
ESPORTSTMNT05_3240460,complete,,EM,2023,Summer,0,2023-08-21 18:47:55,1,13.15,8,Red,mid,Kofte,oe:player:db0cbdc72184ad44ab905be61fc0756,İstanbul Wildcats,oe:team:a65adb2808377018a2a7832eb2bd7f4,Jayce,Maokai,Ornn,Sion,Alistar,Rakan,,,,,,2656,1,5,5,12,26,25,0.0,0.0,0.0,0.0,1.0,1.0,0.0,0.0,0.5873,1.1521,,,,,,,,,,,,,,,,,,,,,0.0,0.0,,,,,,,,0.0,0.0,33478.0,756.2801,0.209531,586.7846,533.7651,21.0,0.4744,8.0,0.1807,5.0,59.0,1.3328,17425,11731,265.0075,0.232343,15750.0,,,365.0,317.0,48.0,,,8.2455,3400.0,3710.0,70.0,3194.0,4405.0,83.0,206.0,-695.0,-13.0,1.0,1.0,0.0,0.0,0.0,1.0,5619.0,6711.0,132.0,5093.0,6706.0,124.0,526.0,5.0,8.0,1.0,2.0,1.0,0.0,2.0,1.0,8212.0,10232.0,194.0,7004.0,8839.0,168.0,1208.0,1393.0,26.0,2.0,2.0,1.0,0.0,3.0,2.0,10617.0,13237.0,234.0,8531.0,11037.0,192.0,2086.0,2200.0,42.0,3.0,7.0,1.0,0.0,4.0,4.0
ESPORTSTMNT05_3240460,complete,,EM,2023,Summer,0,2023-08-21 18:47:55,1,13.15,9,Red,bot,BAO,oe:player:6c1d0c529e73fe4c8b9a5306867c4bf,İstanbul Wildcats,oe:team:a65adb2808377018a2a7832eb2bd7f4,Kai'Sa,Maokai,Ornn,Sion,Alistar,Rakan,,,,,,2656,1,11,5,11,26,25,2.0,0.0,0.0,0.0,1.0,0.0,1.0,0.0,0.5873,1.1521,,,,,,,,,,,,,,,,,,,,,0.0,1.0,,,,,,,,1.0,1.0,70394.0,1590.2259,0.440579,360.7907,308.4488,32.0,0.7229,9.0,0.2033,4.0,50.0,1.1295,19502,13808,311.9277,0.273479,18150.0,,,367.0,355.0,12.0,,,8.2907,3911.0,3756.0,88.0,3799.0,3960.0,95.0,112.0,-204.0,-7.0,2.0,1.0,0.0,0.0,0.0,0.0,6597.0,6156.0,140.0,7452.0,6062.0,143.0,-855.0,94.0,-3.0,4.0,2.0,1.0,3.0,1.0,1.0,8839.0,8930.0,207.0,9850.0,8621.0,215.0,-1011.0,309.0,-8.0,4.0,2.0,1.0,3.0,1.0,1.0,11893.0,11832.0,249.0,12336.0,11242.0,260.0,-443.0,590.0,-11.0,8.0,5.0,2.0,5.0,1.0,3.0
ESPORTSTMNT05_3240460,complete,,EM,2023,Summer,0,2023-08-21 18:47:55,1,13.15,10,Red,sup,Parus,oe:player:a9cfbc13e22eefdd22af7b346ce2af4,İstanbul Wildcats,oe:team:a65adb2808377018a2a7832eb2bd7f4,Rell,Maokai,Ornn,Sion,Alistar,Rakan,,,,,,2656,1,0,4,22,26,25,0.0,0.0,0.0,0.0,1.0,0.0,1.0,0.0,0.5873,1.1521,,,,,,,,,,,,,,,,,,,,,0.0,0.0,,,,,,,,0.0,0.0,7921.0,178.9383,0.0495757,588.5467,876.9127,78.0,1.762,16.0,0.3614,22.0,161.0,3.637,9905,4211,95.128,0.0834045,9000.0,,,41.0,41.0,0.0,,,0.9262,2281.0,2415.0,17.0,2135.0,2053.0,12.0,146.0,362.0,5.0,0.0,3.0,0.0,0.0,0.0,2.0,3308.0,3215.0,20.0,3487.0,2962.0,15.0,-179.0,253.0,5.0,0.0,6.0,2.0,0.0,3.0,3.0,4446.0,4506.0,30.0,4645.0,4963.0,21.0,-199.0,-457.0,9.0,0.0,6.0,2.0,0.0,4.0,3.0,5753.0,7418.0,34.0,5830.0,7464.0,22.0,-77.0,-46.0,12.0,0.0,13.0,2.0,0.0,6.0,4.0
ESPORTSTMNT05_3240460,complete,,EM,2023,Summer,0,2023-08-21 18:47:55,1,13.15,100,Blue,team,,,GTZ Esports,oe:team:3659b5cb3434354530c31ce71461fc1,,Rumble,Gwen,Xayah,Ryze,Sylas,Syndra,Zeri,Poppy,Malphite,Braum,2656,0,25,26,50,25,26,2.0,1.0,0.0,0.0,0.0,,,,0.5648,1.1521,1.0,3.0,3.0,3.0,3.0,0.0,2.0,0.0,0.0,1.0,0.0,,0.0,0.0,1.0,2.0,0.0,,,1.0,3.0,0.0,1.0,8.0,9.0,1.0,0.0,6.0,4.0,1.0,1.0,149681.0,3381.3479,,4038.5467,5128.8705,120.0,2.7108,75.0,1.6943,37.0,351.0,7.9292,79879,51410,1161.3705,,81115.0,0.130191,-0.18,,954.0,224.0,,,26.6114,15051.0,18349.0,322.0,16208.0,17939.0,325.0,-1157.0,410.0,-3.0,0.0,0.0,3.0,3.0,8.0,0.0,26056.0,28377.0,476.0,25832.0,29164.0,514.0,224.0,-787.0,-38.0,5.0,9.0,6.0,6.0,16.0,5.0,35195.0,40132.0,678.0,35647.0,42114.0,745.0,-452.0,-1982.0,-67.0,6.0,11.0,7.0,7.0,16.0,6.0,44353.0,52870.0,789.0,46295.0,55676.0,882.0,-1942.0,-2806.0,-93.0,9.0,19.0,14.0,14.0,35.0,9.0
ESPORTSTMNT05_3240460,complete,,EM,2023,Summer,0,2023-08-21 18:47:55,1,13.15,200,Red,team,,,İstanbul Wildcats,oe:team:a65adb2808377018a2a7832eb2bd7f4,,Maokai,Ornn,Sion,Alistar,Rakan,Kai'Sa,Rell,Jayce,Trundle,Aatrox,2656,1,26,25,62,26,25,2.0,0.0,0.0,0.0,1.0,,,,0.5873,1.1521,0.0,3.0,3.0,3.0,3.0,0.0,2.0,1.0,0.0,0.0,0.0,,0.0,0.0,0.0,0.0,2.0,,,0.0,0.0,3.0,0.0,9.0,8.0,0.0,1.0,4.0,6.0,1.0,1.0,159776.0,3609.3976,,4319.3901,4730.9864,166.0,3.75,69.0,1.5587,59.0,406.0,9.1717,78960,50491,1140.6099,,71200.0,-0.130191,0.18,,1056.0,248.0,,,29.4578,16208.0,17939.0,325.0,15051.0,18349.0,322.0,1157.0,-410.0,3.0,3.0,8.0,0.0,0.0,0.0,3.0,25832.0,29164.0,514.0,26056.0,28377.0,476.0,-224.0,787.0,38.0,6.0,16.0,5.0,5.0,9.0,6.0,35647.0,42114.0,745.0,35195.0,40132.0,678.0,452.0,1982.0,67.0,7.0,16.0,6.0,6.0,11.0,7.0,46295.0,55676.0,882.0,44353.0,52870.0,789.0,1942.0,2806.0,93.0,14.0,35.0,9.0,9.0,19.0,14.0
ESPORTSTMNT05_3241486,complete,,EM,2023,Summer,0,2023-08-21 18:53:33,1,13.15,1,Blue,top,Cabochard,oe:player:010c1b0d37c2b7459b215dae7ffeeac,Karmine Corp,oe:team:f3aa9bbd924ce3af42ac53f8326bc7c,Renekton,Tristana,Maokai,Rumble,Xayah,Aphelios,,,,,,1524,1,2,4,3,9,6,0.0,0.0,0.0,0.0,0.0,0.0,0.0,0.0,0.3543,0.5906,,,,,,,,,,,,,,,,,,,,,0.0,0.0,,,,,,,,1.0,0.0,12364.0,486.7717,0.24459,1139.3701,911.811,13.0,0.5118,5.0,0.1969,7.0,31.0,1.2205,11215,7830,308.2677,0.226377,10775.0,,,247.0,239.0,8.0,,,9.7244,4010.0,5150.0,98.0,2915.0,4485.0,72.0,1095.0,665.0,26.0,0.0,0.0,0.0,0.0,0.0,0.0,6508.0,7612.0,133.0,4951.0,7184.0,114.0,1557.0,428.0,19.0,2.0,1.0,2.0,0.0,3.0,2.0,8550.0,10528.0,191.0,7018.0,10465.0,170.0,1532.0,63.0,21.0,2.0,1.0,3.0,0.0,4.0,2.0,10893.0,14309.0,244.0,8692.0,11979.0,195.0,2201.0,2330.0,49.0,2.0,2.0,3.0,1.0,4.0,4.0
ESPORTSTMNT05_3241486,complete,,EM,2023,Summer,0,2023-08-21 18:53:33,1,13.15,2,Blue,jng,Cinkrof,oe:player:6b3481654facc1e7fe3e312883ea8f3,Karmine Corp,oe:team:f3aa9bbd924ce3af42ac53f8326bc7c,Sejuani,Tristana,Maokai,Rumble,Xayah,Aphelios,,,,,,1524,1,1,1,5,9,6,0.0,0.0,0.0,0.0,0.0,0.0,0.0,1.0,0.3543,0.5906,,,,,,,,,,,,,,,,,,,,,1.0,0.0,,,,,,,,0.0,0.0,5874.0,231.2598,0.116202,1075.9449,1289.0157,9.0,0.3543,7.0,0.2756,7.0,27.0,1.063,8963,5578,219.6063,0.161272,7925.0,,,145.0,23.0,122.0,,,5.7087,3180.0,3427.0,64.0,3211.0,3543.0,73.0,-31.0,-116.0,-9.0,0.0,0.0,0.0,0.0,0.0,0.0,4664.0,5051.0,87.0,5606.0,6053.0,110.0,-942.0,-1002.0,-23.0,0.0,1.0,1.0,2.0,1.0,0.0,6716.0,7176.0,120.0,7322.0,8989.0,157.0,-606.0,-1813.0,-37.0,0.0,1.0,1.0,2.0,1.0,0.0,8757.0,10517.0,144.0,8993.0,12615.0,196.0,-236.0,-2098.0,-52.0,1.0,4.0,1.0,2.0,2.0,0.0
ESPORTSTMNT05_3241486,complete,,EM,2023,Summer,0,2023-08-21 18:53:33,1,13.15,3,Blue,mid,SAKEN,oe:player:1d43b8dc600eba61cd7dd2cd8d6baf6,Karmine Corp,oe:team:f3aa9bbd924ce3af42ac53f8326bc7c,Azir,Tristana,Maokai,Rumble,Xayah,Aphelios,,,,,,1524,1,2,1,2,9,6,0.0,0.0,0.0,0.0,0.0,0.0,0.0,0.0,0.3543,0.5906,,,,,,,,,,,,,,,,,,,,,0.0,0.0,,,,,,,,0.0,0.0,9239.0,363.7402,0.18277,353.1496,244.9606,13.0,0.5118,3.0,0.1181,6.0,30.0,1.1811,10937,7552,297.3228,0.21834,9975.0,,,255.0,255.0,0.0,,,10.0394,3615.0,5029.0,97.0,3313.0,4761.0,88.0,302.0,268.0,9.0,0.0,0.0,0.0,0.0,0.0,0.0,5717.0,8096.0,155.0,5513.0,7052.0,128.0,204.0,1044.0,27.0,0.0,0.0,0.0,1.0,1.0,0.0,8333.0,11095.0,210.0,7892.0,9850.0,177.0,441.0,1245.0,33.0,1.0,0.0,0.0,2.0,1.0,0.0,10703.0,14362.0,255.0,9534.0,12194.0,215.0,1169.0,2168.0,40.0,2.0,1.0,1.0,2.0,2.0,0.0
ESPORTSTMNT05_3241486,complete,,EM,2023,Summer,0,2023-08-21 18:53:33,1,13.15,4,Blue,bot,Caliste,oe:player:e2af2b779499aa25ab9a9c10c9a5ffd,Karmine Corp,oe:team:f3aa9bbd924ce3af42ac53f8326bc7c,Zeri,Tristana,Maokai,Rumble,Xayah,Aphelios,,,,,,1524,1,4,0,3,9,6,0.0,0.0,0.0,0.0,0.0,0.0,0.0,0.0,0.3543,0.5906,,,,,,,,,,,,,,,,,,,,,0.0,0.0,,,,,,,,1.0,0.0,19011.0,748.4646,0.376083,373.4252,213.2283,12.0,0.4724,9.0,0.3543,4.0,33.0,1.2992,14328,10943,430.8268,0.316374,12550.0,,,287.0,268.0,19.0,,,11.2992,3498.0,3790.0,97.0,3063.0,2959.0,79.0,435.0,831.0,18.0,0.0,0.0,0.0,0.0,0.0,0.0,7428.0,6627.0,151.0,4513.0,5145.0,119.0,2915.0,1482.0,32.0,1.0,1.0,0.0,0.0,1.0,1.0,10172.0,9419.0,208.0,6561.0,7664.0,174.0,3611.0,1755.0,34.0,1.0,1.0,0.0,0.0,2.0,2.0,13654.0,13526.0,278.0,8360.0,10237.0,227.0,5294.0,3289.0,51.0,3.0,3.0,0.0,0.0,3.0,3.0
ESPORTSTMNT05_3241486,complete,,EM,2023,Summer,0,2023-08-21 18:53:33,1,13.15,5,Blue,sup,Targamas,oe:player:eaf899c6268995f9b1e40d1932c6888,Karmine Corp,oe:team:f3aa9bbd924ce3af42ac53f8326bc7c,Nautilus,Tristana,Maokai,Rumble,Xayah,Aphelios,,,,,,1524,1,0,0,6,9,6,0.0,0.0,0.0,0.0,0.0,0.0,0.0,0.0,0.3543,0.5906,,,,,,,,,,,,,,,,,,,,,0.0,0.0,,,,,,,,0.0,0.0,4062.0,159.9213,0.0803561,237.8346,417.4016,34.0,1.3386,11.0,0.4331,9.0,77.0,3.0315,6070,2685,105.7087,0.0776359,5525.0,,,28.0,28.0,0.0,,,1.1024,2054.0,2223.0,13.0,2127.0,2430.0,16.0,-73.0,-207.0,-3.0,0.0,0.0,0.0,0.0,0.0,0.0,3188.0,3125.0,20.0,3141.0,3500.0,21.0,47.0,-375.0,-1.0,0.0,1.0,0.0,0.0,1.0,0.0,4516.0,4348.0,25.0,4211.0,4738.0,29.0,305.0,-390.0,-4.0,0.0,2.0,0.0,0.0,2.0,0.0,5879.0,6998.0,28.0,5100.0,6614.0,32.0,779.0,384.0,-4.0,0.0,5.0,0.0,0.0,3.0,1.0
ESPORTSTMNT05_3241486,complete,,EM,2023,Summer,0,2023-08-21 18:53:33,1,13.15,6,Red,top,Shikari,oe:player:41f0dede57989f2777d3cfe2dbf6bac,Nativz,oe:team:a73a242584df96b35d6e606d93608f8,Ornn,LeBlanc,Rell,Kai'Sa,Kalista,Draven,,,,,,1524,0,1,4,4,6,9,0.0,0.0,0.0,0.0,1.0,0.0,1.0,0.0,0.2362,0.5906,,,,,,,,,,,,,,,,,,,,,0.0,0.0,,,,,,,,0.0,1.0,8974.0,353.3071,0.1874,686.811,816.7323,12.0,0.4724,3.0,0.1181,4.0,23.0,0.9055,8742,5357,210.9055,0.216934,8750.0,,,195.0,191.0,4.0,,,7.6772,2915.0,4485.0,72.0,4010.0,5150.0,98.0,-1095.0,-665.0,-26.0,0.0,0.0,0.0,0.0,0.0,0.0,4951.0,7184.0,114.0,6508.0,7612.0,133.0,-1557.0,-428.0,-19.0,0.0,3.0,2.0,2.0,1.0,2.0,7018.0,10465.0,170.0,8550.0,10528.0,191.0,-1532.0,-63.0,-21.0,0.0,4.0,2.0,2.0,1.0,3.0,8692.0,11979.0,195.0,10893.0,14309.0,244.0,-2201.0,-2330.0,-49.0,1.0,4.0,4.0,2.0,2.0,3.0
ESPORTSTMNT05_3241486,complete,,EM,2023,Summer,0,2023-08-21 18:53:33,1,13.15,7,Red,jng,Stefan,oe:player:752b048c76633399b04f6e87a8b211c,Nativz,oe:team:a73a242584df96b35d6e606d93608f8,Lillia,LeBlanc,Rell,Kai'Sa,Kalista,Draven,,,,,,1524,0,2,0,3,6,9,0.0,0.0,0.0,0.0,1.0,1.0,0.0,0.0,0.2362,0.5906,,,,,,,,,,,,,,,,,,,,,0.0,1.0,,,,,,,,0.0,0.0,12594.0,495.8268,0.262994,824.9213,905.8268,8.0,0.315,11.0,0.4331,3.0,40.0,1.5748,9174,5789,227.9134,0.234426,8660.0,,,199.0,53.0,146.0,,,7.8346,3211.0,3543.0,73.0,3180.0,3427.0,64.0,31.0,116.0,9.0,0.0,0.0,0.0,0.0,0.0,0.0,5606.0,6053.0,110.0,4664.0,5051.0,87.0,942.0,1002.0,23.0,2.0,1.0,0.0,0.0,1.0,1.0,7322.0,8989.0,157.0,6716.0,7176.0,120.0,606.0,1813.0,37.0,2.0,1.0,0.0,0.0,1.0,1.0,8993.0,12615.0,196.0,8757.0,10517.0,144.0,236.0,2098.0,52.0,2.0,2.0,0.0,1.0,4.0,1.0
ESPORTSTMNT05_3241486,complete,,EM,2023,Summer,0,2023-08-21 18:53:33,1,13.15,8,Red,mid,Vladi,oe:player:367fecc4cb53a8234abbd9f283b7997,Nativz,oe:team:a73a242584df96b35d6e606d93608f8,Jayce,LeBlanc,Rell,Kai'Sa,Kalista,Draven,,,,,,1524,0,3,0,2,6,9,0.0,0.0,0.0,0.0,0.0,0.0,0.0,0.0,0.2362,0.5906,,,,,,,,,,,,,,,,,,,,,0.0,0.0,,,,,,,,0.0,0.0,14590.0,574.4094,0.304676,374.4882,275.8661,6.0,0.2362,7.0,0.2756,2.0,22.0,0.8661,10033,6648,261.7323,0.269209,9400.0,,,217.0,217.0,0.0,,,8.5433,3313.0,4761.0,88.0,3615.0,5029.0,97.0,-302.0,-268.0,-9.0,0.0,0.0,0.0,0.0,0.0,0.0,5513.0,7052.0,128.0,5717.0,8096.0,155.0,-204.0,-1044.0,-27.0,1.0,1.0,0.0,0.0,0.0,0.0,7892.0,9850.0,177.0,8333.0,11095.0,210.0,-441.0,-1245.0,-33.0,2.0,1.0,0.0,1.0,0.0,0.0,9534.0,12194.0,215.0,10703.0,14362.0,255.0,-1169.0,-2168.0,-40.0,2.0,2.0,0.0,2.0,1.0,1.0
ESPORTSTMNT05_3241486,complete,,EM,2023,Summer,0,2023-08-21 18:53:33,1,13.15,9,Red,bot,DenVoksne,oe:player:ccfb5c69ebcc2008b1dca4ef5c56142,Nativz,oe:team:a73a242584df96b35d6e606d93608f8,Sivir,LeBlanc,Rell,Kai'Sa,Kalista,Draven,,,,,,1524,0,0,3,3,6,9,0.0,0.0,0.0,0.0,0.0,0.0,0.0,0.0,0.2362,0.5906,,,,,,,,,,,,,,,,,,,,,0.0,0.0,,,,,,,,0.0,1.0,9376.0,369.1339,0.195794,431.4173,223.3465,10.0,0.3937,2.0,0.0787,1.0,15.0,0.5906,8410,5025,197.8346,0.20349,8125.0,,,227.0,227.0,0.0,,,8.937,3063.0,2959.0,79.0,3498.0,3790.0,97.0,-435.0,-831.0,-18.0,0.0,0.0,0.0,0.0,0.0,0.0,4513.0,5145.0,119.0,7428.0,6627.0,151.0,-2915.0,-1482.0,-32.0,0.0,1.0,1.0,1.0,1.0,0.0,6561.0,7664.0,174.0,10172.0,9419.0,208.0,-3611.0,-1755.0,-34.0,0.0,2.0,2.0,1.0,1.0,0.0,8360.0,10237.0,227.0,13654.0,13526.0,278.0,-5294.0,-3289.0,-51.0,0.0,3.0,3.0,3.0,3.0,0.0
ESPORTSTMNT05_3241486,complete,,EM,2023,Summer,0,2023-08-21 18:53:33,1,13.15,10,Red,sup,Twiizt,oe:player:ae20b1872a922cdc5b8707fbe66c4f0,Nativz,oe:team:a73a242584df96b35d6e606d93608f8,Rakan,LeBlanc,Rell,Kai'Sa,Kalista,Draven,,,,,,1524,0,0,2,4,6,9,0.0,0.0,0.0,0.0,0.0,0.0,0.0,0.0,0.2362,0.5906,,,,,,,,,,,,,,,,,,,,,0.0,0.0,,,,,,,,0.0,0.0,2353.0,92.6378,0.0491365,438.1496,497.126,46.0,1.811,8.0,0.315,6.0,79.0,3.1102,5260,1875,73.8189,0.0759404,4900.0,,,34.0,34.0,0.0,,,1.3386,2127.0,2430.0,16.0,2054.0,2223.0,13.0,73.0,207.0,3.0,0.0,0.0,0.0,0.0,0.0,0.0,3141.0,3500.0,21.0,3188.0,3125.0,20.0,-47.0,375.0,1.0,0.0,1.0,0.0,0.0,1.0,0.0,4211.0,4738.0,29.0,4516.0,4348.0,25.0,-305.0,390.0,4.0,0.0,2.0,0.0,0.0,2.0,0.0,5100.0,6614.0,32.0,5879.0,6998.0,28.0,-779.0,-384.0,4.0,0.0,3.0,1.0,0.0,5.0,0.0
ESPORTSTMNT05_3241486,complete,,EM,2023,Summer,0,2023-08-21 18:53:33,1,13.15,100,Blue,team,,,Karmine Corp,oe:team:f3aa9bbd924ce3af42ac53f8326bc7c,,Tristana,Maokai,Rumble,Xayah,Aphelios,Azir,Sejuani,Renekton,Zeri,Nautilus,1524,1,9,6,19,9,6,0.0,0.0,0.0,0.0,0.0,,,,0.3543,0.5906,1.0,4.0,0.0,4.0,0.0,0.0,1.0,2.0,0.0,0.0,1.0,,0.0,0.0,1.0,2.0,0.0,,,1.0,1.0,0.0,1.0,10.0,1.0,1.0,1.0,12.0,2.0,2.0,0.0,50550.0,1990.1575,,3179.7244,3076.4173,81.0,3.189,35.0,1.378,33.0,198.0,7.7953,51513,34590,1361.811,,46750.0,0.159727,2.99,,813.0,149.0,,,37.874,16357.0,19619.0,369.0,14629.0,18178.0,328.0,1728.0,1441.0,41.0,0.0,0.0,0.0,0.0,0.0,0.0,27505.0,30511.0,546.0,23724.0,28934.0,492.0,3781.0,1577.0,54.0,3.0,4.0,3.0,3.0,7.0,3.0,38287.0,42566.0,754.0,33004.0,41706.0,707.0,5283.0,860.0,47.0,4.0,5.0,4.0,4.0,10.0,4.0,49886.0,59712.0,949.0,40679.0,53639.0,865.0,9207.0,6073.0,84.0,8.0,15.0,5.0,5.0,14.0,8.0
ESPORTSTMNT05_3241486,complete,,EM,2023,Summer,0,2023-08-21 18:53:33,1,13.15,200,Red,team,,,Nativz,oe:team:a73a242584df96b35d6e606d93608f8,,LeBlanc,Rell,Kai'Sa,Kalista,Draven,Jayce,Rakan,Lillia,Ornn,Sivir,1524,0,6,9,16,6,9,0.0,0.0,0.0,0.0,1.0,,,,0.2362,0.5906,0.0,0.0,4.0,0.0,4.0,0.0,0.0,0.0,0.0,0.0,0.0,,0.0,0.0,0.0,0.0,2.0,,,0.0,0.0,1.0,0.0,1.0,10.0,0.0,0.0,2.0,12.0,0.0,2.0,47887.0,1885.315,,2755.7874,2718.8976,82.0,3.2283,31.0,1.2205,16.0,179.0,7.0472,41619,24696,972.2835,,39835.0,-0.159727,-2.99,,722.0,150.0,,,34.3307,14629.0,18178.0,328.0,16357.0,19619.0,369.0,-1728.0,-1441.0,-41.0,0.0,0.0,0.0,0.0,0.0,0.0,23724.0,28934.0,492.0,27505.0,30511.0,546.0,-3781.0,-1577.0,-54.0,3.0,7.0,3.0,3.0,4.0,3.0,33004.0,41706.0,707.0,38287.0,42566.0,754.0,-5283.0,-860.0,-47.0,4.0,10.0,4.0,4.0,5.0,4.0,40679.0,53639.0,865.0,49886.0,59712.0,949.0,-9207.0,-6073.0,-84.0,5.0,14.0,8.0,8.0,15.0,5.0
ESPORTSTMNT05_3240461,complete,,EM,2023,Summer,0,2023-08-21 19:40:45,1,13.15,1,Blue,top,Eyliph,oe:player:4b20700639bada36a5a58cc4a8e7135,Anorthosis Famagusta Esports,oe:team:5f1bc4a914b49c7b7ff4c2f1b8d8df9,Ornn,Kled,Sejuani,Ahri,Draven,Jarvan IV,,,,,,1483,0,2,4,1,7,19,0.0,0.0,0.0,0.0,0.0,0.0,0.0,0.0,0.2832,1.0519,,,,,,,,,,,,,,,,,,,,,0.0,0.0,,,,,,,,0.0,1.0,8264.0,334.3493,0.177081,858.0445,712.677,10.0,0.4046,1.0,0.0405,3.0,19.0,0.7687,7826,4525,183.0748,0.19522,7525.0,,,172.0,171.0,1.0,,,6.9589,4015.0,5285.0,85.0,3746.0,4562.0,75.0,269.0,723.0,10.0,2.0,0.0,0.0,2.0,0.0,2.0,5585.0,7873.0,134.0,7038.0,8124.0,139.0,-1453.0,-251.0,-5.0,2.0,0.0,1.0,3.0,0.0,2.0,6749.0,9079.0,152.0,10088.0,10839.0,177.0,-3339.0,-1760.0,-25.0,2.0,1.0,2.0,6.0,2.0,3.0,7826.0,10357.0,172.0,13065.0,13773.0,196.0,-5239.0,-3416.0,-24.0,2.0,1.0,4.0,8.0,4.0,4.0
ESPORTSTMNT05_3240461,complete,,EM,2023,Summer,0,2023-08-21 19:40:45,1,13.15,2,Blue,jng,SPOOKY,oe:player:11389d6d8a29729807c3cf528a98050,Anorthosis Famagusta Esports,oe:team:5f1bc4a914b49c7b7ff4c2f1b8d8df9,Maokai,Kled,Sejuani,Ahri,Draven,Jarvan IV,,,,,,1483,0,1,6,4,7,19,0.0,0.0,0.0,0.0,0.0,0.0,0.0,0.0,0.2832,1.0519,,,,,,,,,,,,,,,,,,,,,0.0,1.0,,,,,,,,0.0,1.0,11738.0,474.9022,0.251521,995.6844,570.5057,4.0,0.1618,6.0,0.2428,3.0,24.0,0.971,8188,4887,197.7208,0.210837,7775.0,,,104.0,21.0,83.0,,,4.2077,2730.0,2667.0,38.0,3660.0,3826.0,67.0,-930.0,-1159.0,-29.0,0.0,1.0,3.0,1.0,1.0,0.0,4292.0,5070.0,67.0,6014.0,6050.0,100.0,-1722.0,-980.0,-33.0,0.0,1.0,3.0,1.0,2.0,0.0,6942.0,7466.0,90.0,8469.0,8751.0,137.0,-1527.0,-1285.0,-47.0,1.0,3.0,4.0,2.0,2.0,0.0,8188.0,8728.0,104.0,10728.0,11850.0,158.0,-2540.0,-3122.0,-54.0,1.0,4.0,6.0,2.0,7.0,0.0
ESPORTSTMNT05_3240461,complete,,EM,2023,Summer,0,2023-08-21 19:40:45,1,13.15,3,Blue,mid,HAWHAW,oe:player:ae06413dcf80aa496ab8448d8ea586f,Anorthosis Famagusta Esports,oe:team:5f1bc4a914b49c7b7ff4c2f1b8d8df9,Jayce,Kled,Sejuani,Ahri,Draven,Jarvan IV,,,,,,1483,0,3,4,1,7,19,0.0,0.0,0.0,0.0,1.0,1.0,0.0,0.0,0.2832,1.0519,,,,,,,,,,,,,,,,,,,,,0.0,0.0,,,,,,,,0.0,0.0,14761.0,597.2084,0.316298,613.7559,403.9784,10.0,0.4046,5.0,0.2023,3.0,21.0,0.8496,9453,6152,248.9009,0.265412,9425.0,,,209.0,209.0,0.0,,,8.4558,3614.0,4887.0,86.0,3988.0,4809.0,96.0,-374.0,78.0,-10.0,1.0,0.0,1.0,1.0,1.0,1.0,5680.0,7691.0,145.0,6273.0,7179.0,147.0,-593.0,512.0,-2.0,1.0,0.0,1.0,1.0,1.0,1.0,8266.0,10555.0,196.0,9674.0,11779.0,214.0,-1408.0,-1224.0,-18.0,2.0,1.0,2.0,3.0,3.0,2.0,9453.0,11311.0,209.0,13489.0,15597.0,261.0,-4036.0,-4286.0,-52.0,3.0,1.0,4.0,8.0,4.0,2.0
ESPORTSTMNT05_3240461,complete,,EM,2023,Summer,0,2023-08-21 19:40:45,1,13.15,4,Blue,bot,GOLDENTO4ST,oe:player:5c58c2e986e8aec0ee6f2465823349a,Anorthosis Famagusta Esports,oe:team:5f1bc4a914b49c7b7ff4c2f1b8d8df9,Kai'Sa,Kled,Sejuani,Ahri,Draven,Jarvan IV,,,,,,1483,0,1,3,1,7,19,0.0,0.0,0.0,0.0,0.0,0.0,0.0,0.0,0.2832,1.0519,,,,,,,,,,,,,,,,,,,,,0.0,0.0,,,,,,,,0.0,0.0,7565.0,306.0688,0.162103,536.561,299.029,9.0,0.3641,2.0,0.0809,1.0,15.0,0.6069,8991,5690,230.209,0.24548,9085.0,,,230.0,230.0,0.0,,,9.3055,3365.0,3523.0,92.0,3346.0,3732.0,95.0,19.0,-209.0,-3.0,0.0,0.0,0.0,0.0,0.0,0.0,5387.0,5942.0,149.0,5656.0,6825.0,160.0,-269.0,-883.0,-11.0,0.0,0.0,0.0,0.0,0.0,0.0,7652.0,8684.0,205.0,8555.0,9635.0,230.0,-903.0,-951.0,-25.0,1.0,0.0,2.0,0.0,1.0,0.0,8991.0,10022.0,230.0,11366.0,12877.0,273.0,-2375.0,-2855.0,-43.0,1.0,1.0,3.0,1.0,4.0,0.0
ESPORTSTMNT05_3240461,complete,,EM,2023,Summer,0,2023-08-21 19:40:45,1,13.15,5,Blue,sup,iLEVI,oe:player:b226880189cb11f7da7a0c86544b556,Anorthosis Famagusta Esports,oe:team:5f1bc4a914b49c7b7ff4c2f1b8d8df9,Rakan,Kled,Sejuani,Ahri,Draven,Jarvan IV,,,,,,1483,0,0,2,2,7,19,0.0,0.0,0.0,0.0,0.0,0.0,0.0,0.0,0.2832,1.0519,,,,,,,,,,,,,,,,,,,,,0.0,0.0,,,,,,,,0.0,1.0,4340.0,175.59,0.0929973,408.7121,460.9036,30.0,1.2138,11.0,0.445,7.0,72.0,2.913,5226,1925,77.8827,0.0830513,4825.0,,,39.0,39.0,0.0,,,1.5779,2131.0,2449.0,15.0,2185.0,2636.0,12.0,-54.0,-187.0,3.0,0.0,0.0,0.0,0.0,1.0,0.0,3315.0,4125.0,31.0,3398.0,3533.0,16.0,-83.0,592.0,15.0,0.0,0.0,0.0,0.0,1.0,0.0,4338.0,5432.0,36.0,5273.0,5721.0,20.0,-935.0,-289.0,16.0,0.0,1.0,1.0,0.0,6.0,1.0,5226.0,6610.0,39.0,6808.0,8460.0,23.0,-1582.0,-1850.0,16.0,0.0,2.0,2.0,0.0,9.0,1.0
ESPORTSTMNT05_3240461,complete,,EM,2023,Summer,0,2023-08-21 19:40:45,1,13.15,6,Red,top,ACD,oe:player:72c5cc0e2586935d16539f31a2a4fec,Macko Esports,oe:team:a2e63aee03585f0b37ff4cad936e349,Rumble,Ivern,Naafiri,LeBlanc,Rell,Pyke,,,,,,1483,1,8,4,4,19,7,1.0,1.0,0.0,0.0,0.0,0.0,0.0,0.0,0.7687,1.0519,,,,,,,,,,,,,,,,,,,,,0.0,0.0,,,,,,,,1.0,0.0,29328.0,1186.5678,0.445173,739.9056,757.8287,10.0,0.4046,2.0,0.0809,1.0,19.0,0.7687,13065,9764,395.0371,0.250673,10825.0,,,196.0,181.0,15.0,,,7.9299,3746.0,4562.0,75.0,4015.0,5285.0,85.0,-269.0,-723.0,-10.0,2.0,0.0,2.0,2.0,0.0,0.0,7038.0,8124.0,139.0,5585.0,7873.0,134.0,1453.0,251.0,5.0,3.0,0.0,2.0,2.0,0.0,1.0,10088.0,10839.0,177.0,6749.0,9079.0,152.0,3339.0,1760.0,25.0,6.0,2.0,3.0,2.0,1.0,2.0,13065.0,13773.0,196.0,7826.0,10357.0,172.0,5239.0,3416.0,24.0,8.0,4.0,4.0,2.0,1.0,4.0
ESPORTSTMNT05_3240461,complete,,EM,2023,Summer,0,2023-08-21 19:40:45,1,13.15,7,Red,jng,Cboi,oe:player:702efc23873d774e479682ef680d911,Macko Esports,oe:team:a2e63aee03585f0b37ff4cad936e349,Trundle,Ivern,Naafiri,LeBlanc,Rell,Pyke,,,,,,1483,1,2,0,7,19,7,0.0,0.0,0.0,0.0,0.0,0.0,0.0,0.0,0.7687,1.0519,,,,,,,,,,,,,,,,,,,,,1.0,0.0,,,,,,,,1.0,0.0,6617.0,267.7141,0.10044,1093.5536,1017.3297,8.0,0.3237,5.0,0.2023,6.0,31.0,1.2542,10728,7427,300.4855,0.190676,8600.0,,,158.0,9.0,149.0,,,6.3924,3660.0,3826.0,67.0,2730.0,2667.0,38.0,930.0,1159.0,29.0,1.0,1.0,0.0,0.0,1.0,3.0,6014.0,6050.0,100.0,4292.0,5070.0,67.0,1722.0,980.0,33.0,1.0,2.0,0.0,0.0,1.0,3.0,8469.0,8751.0,137.0,6942.0,7466.0,90.0,1527.0,1285.0,47.0,2.0,2.0,0.0,1.0,3.0,4.0,10728.0,11850.0,158.0,8188.0,8728.0,104.0,2540.0,3122.0,54.0,2.0,7.0,0.0,1.0,4.0,6.0
ESPORTSTMNT05_3240461,complete,,EM,2023,Summer,0,2023-08-21 19:40:45,1,13.15,8,Red,mid,Six10,oe:player:325397710b4294aeb7a18881c34f33b,Macko Esports,oe:team:a2e63aee03585f0b37ff4cad936e349,Tristana,Ivern,Naafiri,LeBlanc,Rell,Pyke,,,,,,1483,1,8,2,4,19,7,1.0,0.0,0.0,0.0,0.0,0.0,0.0,1.0,0.7687,1.0519,,,,,,,,,,,,,,,,,,,,,0.0,0.0,,,,,,,,0.0,0.0,16870.0,682.5354,0.256072,743.911,490.0742,7.0,0.2832,5.0,0.2023,4.0,20.0,0.8092,13489,10188,412.1915,0.261559,9850.0,,,261.0,241.0,20.0,,,10.5597,3988.0,4809.0,96.0,3614.0,4887.0,86.0,374.0,-78.0,10.0,1.0,1.0,1.0,1.0,0.0,1.0,6273.0,7179.0,147.0,5680.0,7691.0,145.0,593.0,-512.0,2.0,1.0,1.0,1.0,1.0,0.0,1.0,9674.0,11779.0,214.0,8266.0,10555.0,196.0,1408.0,1224.0,18.0,3.0,3.0,2.0,2.0,1.0,2.0,13489.0,15597.0,261.0,9453.0,11311.0,209.0,4036.0,4286.0,52.0,8.0,4.0,2.0,3.0,1.0,4.0
ESPORTSTMNT05_3240461,complete,,EM,2023,Summer,0,2023-08-21 19:40:45,1,13.15,9,Red,bot,Vzz,oe:player:ba6e76e259419420ddff269bb6ef074,Macko Esports,oe:team:a2e63aee03585f0b37ff4cad936e349,Zeri,Ivern,Naafiri,LeBlanc,Rell,Pyke,,,,,,1483,1,1,0,4,19,7,0.0,0.0,0.0,0.0,0.0,0.0,0.0,0.0,0.7687,1.0519,,,,,,,,,,,,,,,,,,,,,0.0,0.0,,,,,,,,0.0,0.0,9442.0,382.0094,0.143321,321.2812,238.7053,9.0,0.3641,10.0,0.4046,2.0,34.0,1.3756,11366,8065,326.298,0.207055,10900.0,,,273.0,242.0,31.0,,,11.0452,3346.0,3732.0,95.0,3365.0,3523.0,92.0,-19.0,209.0,3.0,0.0,0.0,0.0,0.0,0.0,0.0,5656.0,6825.0,160.0,5387.0,5942.0,149.0,269.0,883.0,11.0,0.0,0.0,0.0,0.0,0.0,0.0,8555.0,9635.0,230.0,7652.0,8684.0,205.0,903.0,951.0,25.0,0.0,1.0,0.0,1.0,0.0,2.0,11366.0,12877.0,273.0,8991.0,10022.0,230.0,2375.0,2855.0,43.0,1.0,4.0,0.0,1.0,1.0,3.0
ESPORTSTMNT05_3240461,complete,,EM,2023,Summer,0,2023-08-21 19:40:45,1,13.15,10,Red,sup,Click,oe:player:1e249a5688255bde7f7213b5d257b3c,Macko Esports,oe:team:a2e63aee03585f0b37ff4cad936e349,Alistar,Ivern,Naafiri,LeBlanc,Rell,Pyke,,,,,,1483,1,0,1,9,19,7,0.0,0.0,0.0,0.0,0.0,0.0,0.0,0.0,0.7687,1.0519,,,,,,,,,,,,,,,,,,,,,0.0,0.0,,,,,,,,1.0,0.0,3623.0,146.5813,0.0549939,405.2326,427.1207,37.0,1.497,0.0,0.0,11.0,66.0,2.6703,6808,3507,141.8881,0.0900373,5575.0,,,23.0,23.0,0.0,,,0.9305,2185.0,2636.0,12.0,2131.0,2449.0,15.0,54.0,187.0,-3.0,0.0,1.0,0.0,0.0,0.0,0.0,3398.0,3533.0,16.0,3315.0,4125.0,31.0,83.0,-592.0,-15.0,0.0,1.0,0.0,0.0,0.0,0.0,5273.0,5721.0,20.0,4338.0,5432.0,36.0,935.0,289.0,-16.0,0.0,6.0,1.0,0.0,1.0,1.0,6808.0,8460.0,23.0,5226.0,6610.0,39.0,1582.0,1850.0,-16.0,0.0,9.0,1.0,0.0,2.0,2.0
ESPORTSTMNT05_3240461,complete,,EM,2023,Summer,0,2023-08-21 19:40:45,1,13.15,100,Blue,team,,,Anorthosis Famagusta Esports,oe:team:5f1bc4a914b49c7b7ff4c2f1b8d8df9,,Kled,Sejuani,Ahri,Draven,Jarvan IV,Maokai,Jayce,Kai'Sa,Rakan,Ornn,1483,0,7,19,9,7,19,0.0,0.0,0.0,0.0,1.0,,,,0.2832,1.0519,0.0,0.0,4.0,0.0,4.0,0.0,0.0,0.0,0.0,0.0,0.0,,0.0,0.0,0.0,0.0,2.0,,,0.0,0.0,1.0,0.0,1.0,11.0,0.0,0.0,3.0,13.0,0.0,3.0,46668.0,1888.1187,,3412.7579,2447.0937,63.0,2.5489,25.0,1.0115,17.0,151.0,6.1092,39684,23179,937.7883,,38635.0,-0.168632,-3.05,,670.0,84.0,,,30.5057,15855.0,18811.0,316.0,16925.0,19565.0,345.0,-1070.0,-754.0,-29.0,3.0,1.0,4.0,4.0,3.0,3.0,24259.0,30701.0,526.0,28379.0,31711.0,562.0,-4120.0,-1010.0,-36.0,3.0,1.0,5.0,5.0,4.0,3.0,33947.0,41216.0,679.0,42059.0,46725.0,778.0,-8112.0,-5509.0,-99.0,6.0,6.0,11.0,11.0,14.0,6.0,39684.0,47028.0,754.0,55456.0,62557.0,911.0,-15772.0,-15529.0,-157.0,7.0,9.0,19.0,19.0,28.0,7.0
ESPORTSTMNT05_3240461,complete,,EM,2023,Summer,0,2023-08-21 19:40:45,1,13.15,200,Red,team,,,Macko Esports,oe:team:a2e63aee03585f0b37ff4cad936e349,,Ivern,Naafiri,LeBlanc,Rell,Pyke,Rumble,Tristana,Alistar,Zeri,Trundle,1483,1,19,7,28,19,7,2.0,1.0,0.0,0.0,0.0,,,,0.7687,1.0519,1.0,4.0,0.0,4.0,0.0,1.0,1.0,0.0,0.0,0.0,2.0,,0.0,0.0,1.0,2.0,0.0,,,1.0,1.0,0.0,1.0,11.0,1.0,1.0,1.0,13.0,3.0,3.0,0.0,65880.0,2665.408,,3303.884,2931.0587,71.0,2.8726,22.0,0.8901,24.0,170.0,6.878,55456,38951,1575.9002,,45750.0,0.168632,3.05,,696.0,215.0,,,36.8577,16925.0,19565.0,345.0,15855.0,18811.0,316.0,1070.0,754.0,29.0,4.0,3.0,3.0,3.0,1.0,4.0,28379.0,31711.0,562.0,24259.0,30701.0,526.0,4120.0,1010.0,36.0,5.0,4.0,3.0,3.0,1.0,5.0,42059.0,46725.0,778.0,33947.0,41216.0,679.0,8112.0,5509.0,99.0,11.0,14.0,6.0,6.0,6.0,11.0,55456.0,62557.0,911.0,39684.0,47028.0,754.0,15772.0,15529.0,157.0,19.0,28.0,7.0,7.0,9.0,19.0
ESPORTSTMNT05_3239450,complete,,EM,2023,Summer,0,2023-08-21 19:52:22,1,13.15,1,Blue,top,Myrwn,oe:player:ede24d5e0911d7a4f6ec514a67802ff,BISONS ECLUB,oe:team:b346309564f4fc7f30ac14403e93010,Karma,Seraphine,Fiora,Rumble,Viktor,Jax,,,,,,1800,0,1,3,9,18,23,0.0,0.0,0.0,0.0,0.0,0.0,0.0,0.0,0.6,1.3667,,,,,,,,,,,,,,,,,,,,,0.0,0.0,,,,,,,,0.0,0.0,19542.0,651.4,0.218887,678.9333,1468.9333,14.0,0.4667,4.0,0.1333,5.0,34.0,1.1333,9025,5077,169.2333,0.152584,8075.0,,,159.0,159.0,0.0,,,5.3,2953.0,4782.0,72.0,3230.0,4589.0,87.0,-277.0,193.0,-15.0,0.0,0.0,0.0,0.0,0.0,0.0,4577.0,7387.0,108.0,5215.0,6876.0,132.0,-638.0,511.0,-24.0,0.0,1.0,0.0,1.0,0.0,0.0,6244.0,10036.0,134.0,7976.0,10201.0,189.0,-1732.0,-165.0,-55.0,0.0,6.0,0.0,2.0,2.0,1.0,7833.0,12358.0,144.0,9248.0,12388.0,225.0,-1415.0,-30.0,-81.0,1.0,8.0,0.0,2.0,4.0,2.0
ESPORTSTMNT05_3239450,complete,,EM,2023,Summer,0,2023-08-21 19:52:22,1,13.15,2,Blue,jng,NoName,oe:player:6d2795b5d0550bbbae88cb973b287b0,BISONS ECLUB,oe:team:b346309564f4fc7f30ac14403e93010,Jarvan IV,Seraphine,Fiora,Rumble,Viktor,Jax,,,,,,1800,0,3,6,8,18,23,0.0,0.0,0.0,0.0,0.0,0.0,0.0,0.0,0.6,1.3667,,,,,,,,,,,,,,,,,,,,,1.0,0.0,,,,,,,,0.0,0.0,14245.0,474.8333,0.159556,1145.9333,1585.4667,6.0,0.2,6.0,0.2,4.0,28.0,0.9333,11330,7382,246.0667,0.221854,10900.0,,,167.0,24.0,143.0,,,5.5667,3372.0,3617.0,65.0,3373.0,3448.0,68.0,-1.0,169.0,-3.0,0.0,1.0,0.0,1.0,0.0,0.0,6015.0,5929.0,93.0,5436.0,6069.0,96.0,579.0,-140.0,-3.0,2.0,4.0,2.0,3.0,1.0,2.0,8706.0,8253.0,120.0,7318.0,7858.0,131.0,1388.0,395.0,-11.0,3.0,8.0,3.0,4.0,1.0,3.0,10245.0,10306.0,148.0,9493.0,10346.0,152.0,752.0,-40.0,-4.0,3.0,8.0,4.0,5.0,3.0,4.0
ESPORTSTMNT05_3239450,complete,,EM,2023,Summer,0,2023-08-21 19:52:22,1,13.15,3,Blue,mid,Random,oe:player:64663f4646781c9c0110838b905daa2,BISONS ECLUB,oe:team:b346309564f4fc7f30ac14403e93010,Jayce,Seraphine,Fiora,Rumble,Viktor,Jax,,,,,,1800,0,8,5,2,18,23,1.0,0.0,0.0,0.0,0.0,0.0,0.0,0.0,0.6,1.3667,,,,,,,,,,,,,,,,,,,,,0.0,0.0,,,,,,,,0.0,1.0,28535.0,951.1667,0.319616,587.7667,403.4333,12.0,0.4,4.0,0.1333,2.0,24.0,0.8,12650,8702,290.0667,0.261522,12645.0,,,232.0,224.0,8.0,,,7.7333,3252.0,4578.0,91.0,3251.0,4728.0,83.0,1.0,-150.0,8.0,0.0,0.0,1.0,0.0,0.0,0.0,5667.0,8031.0,152.0,5574.0,7727.0,127.0,93.0,304.0,25.0,2.0,0.0,2.0,1.0,4.0,1.0,8822.0,9979.0,179.0,7765.0,9813.0,162.0,1057.0,166.0,17.0,6.0,0.0,2.0,2.0,5.0,2.0,10787.0,12552.0,206.0,9173.0,11119.0,175.0,1614.0,1433.0,31.0,7.0,2.0,3.0,3.0,6.0,3.0
ESPORTSTMNT05_3239450,complete,,EM,2023,Summer,0,2023-08-21 19:52:22,1,13.15,4,Blue,bot,Legolas,oe:player:5cfc41b7eccda649db08ead84343554,BISONS ECLUB,oe:team:b346309564f4fc7f30ac14403e93010,Kai'Sa,Seraphine,Fiora,Rumble,Viktor,Jax,,,,,,1800,0,5,5,5,18,23,0.0,0.0,0.0,0.0,0.0,0.0,0.0,0.0,0.6,1.3667,,,,,,,,,,,,,,,,,,,,,0.0,0.0,,,,,,,,0.0,0.0,22048.0,734.9333,0.246956,490.1,286.4,7.0,0.2333,8.0,0.2667,1.0,25.0,0.8333,12800,8852,295.0667,0.26603,12625.0,,,260.0,256.0,4.0,,,8.6667,3396.0,3415.0,87.0,3877.0,3850.0,81.0,-481.0,-435.0,6.0,0.0,1.0,1.0,1.0,2.0,0.0,5260.0,5346.0,126.0,6197.0,6017.0,132.0,-937.0,-671.0,-6.0,1.0,2.0,2.0,2.0,3.0,1.0,8112.0,8299.0,183.0,8472.0,8840.0,187.0,-360.0,-541.0,-4.0,2.0,3.0,3.0,2.0,3.0,2.0,11039.0,11804.0,231.0,10693.0,11249.0,238.0,346.0,555.0,-7.0,4.0,5.0,4.0,3.0,3.0,2.0
ESPORTSTMNT05_3239450,complete,,EM,2023,Summer,0,2023-08-21 19:52:22,1,13.15,5,Blue,sup,Oscure,oe:player:cc51227ea88c71dabc8f6e601b0ec41,BISONS ECLUB,oe:team:b346309564f4fc7f30ac14403e93010,Rakan,Seraphine,Fiora,Rumble,Viktor,Jax,,,,,,1800,0,1,4,9,18,23,0.0,0.0,0.0,0.0,0.0,0.0,0.0,1.0,0.6,1.3667,,,,,,,,,,,,,,,,,,,,,0.0,0.0,,,,,,,,0.0,0.0,4909.0,163.6333,0.0549849,510.0333,523.1667,76.0,2.5333,10.0,0.3333,20.0,131.0,4.3667,7209,3261,108.7,0.0980106,7000.0,,,36.0,36.0,0.0,,,1.2,2330.0,2435.0,15.0,2539.0,2020.0,11.0,-209.0,415.0,4.0,1.0,0.0,1.0,1.0,1.0,1.0,3492.0,3385.0,23.0,3904.0,3716.0,25.0,-412.0,-331.0,-2.0,1.0,2.0,2.0,1.0,3.0,2.0,4765.0,5492.0,28.0,5357.0,5117.0,33.0,-592.0,375.0,-5.0,1.0,5.0,3.0,1.0,5.0,4.0,6163.0,7903.0,32.0,6354.0,6464.0,36.0,-191.0,1439.0,-4.0,1.0,8.0,3.0,1.0,8.0,5.0
ESPORTSTMNT05_3239450,complete,,EM,2023,Summer,0,2023-08-21 19:52:22,1,13.15,6,Red,top,pr1me,oe:player:f3f1edfba7200c65b417d359a6f9c82,Orbit Anonymo Esports,oe:team:f9f16e15a84c85d050aa09b4a21c757,Irelia,Maokai,Ivern,Tristana,Nocturne,Gwen,,,,,,1800,1,3,2,7,23,18,0.0,0.0,0.0,0.0,0.0,0.0,0.0,0.0,0.7667,1.3667,,,,,,,,,,,,,,,,,,,,,0.0,0.0,,,,,,,,0.0,0.0,16163.0,538.7667,0.195448,806.5333,722.0,13.0,0.4333,1.0,0.0333,4.0,23.0,0.7667,12054,8106,270.2,0.209733,11750.0,,,269.0,253.0,16.0,,,8.9667,3230.0,4589.0,87.0,2953.0,4782.0,72.0,277.0,-193.0,15.0,0.0,0.0,0.0,0.0,0.0,0.0,5215.0,6876.0,132.0,4577.0,7387.0,108.0,638.0,-511.0,24.0,1.0,0.0,0.0,0.0,1.0,0.0,7976.0,10201.0,189.0,6244.0,10036.0,134.0,1732.0,165.0,55.0,2.0,2.0,1.0,0.0,6.0,0.0,9248.0,12388.0,225.0,7833.0,12358.0,144.0,1415.0,30.0,81.0,2.0,4.0,2.0,1.0,8.0,0.0
ESPORTSTMNT05_3239450,complete,,EM,2023,Summer,0,2023-08-21 19:52:22,1,13.15,7,Red,jng,Savero,oe:player:565edcb58e76115e571f38521946e41,Orbit Anonymo Esports,oe:team:f9f16e15a84c85d050aa09b4a21c757,Viego,Maokai,Ivern,Tristana,Nocturne,Gwen,,,,,,1800,1,8,4,9,23,18,1.0,0.0,0.0,0.0,0.0,0.0,0.0,0.0,0.7667,1.3667,,,,,,,,,,,,,,,,,,,,,0.0,1.0,,,,,,,,0.0,0.0,16295.0,543.1667,0.197045,1258.4,775.2333,8.0,0.2667,6.0,0.2,21.0,40.0,1.3333,12533,8585,286.1667,0.222126,11583.0,,,176.0,24.0,152.0,,,5.8667,3373.0,3448.0,68.0,3372.0,3617.0,65.0,1.0,-169.0,3.0,1.0,0.0,0.0,0.0,1.0,0.0,5436.0,6069.0,96.0,6015.0,5929.0,93.0,-579.0,140.0,3.0,3.0,1.0,2.0,2.0,4.0,2.0,7318.0,7858.0,131.0,8706.0,8253.0,120.0,-1388.0,-395.0,11.0,4.0,1.0,3.0,3.0,8.0,3.0,9493.0,10346.0,152.0,10245.0,10306.0,148.0,-752.0,40.0,4.0,5.0,3.0,4.0,3.0,8.0,4.0
ESPORTSTMNT05_3239450,complete,,EM,2023,Summer,0,2023-08-21 19:52:22,1,13.15,8,Red,mid,Roison,oe:player:1428134d4ece3f00321b6b870ca2152,Orbit Anonymo Esports,oe:team:f9f16e15a84c85d050aa09b4a21c757,Xerath,Maokai,Ivern,Tristana,Nocturne,Gwen,,,,,,1800,1,4,3,12,23,18,0.0,0.0,0.0,0.0,0.0,0.0,0.0,0.0,0.7667,1.3667,,,,,,,,,,,,,,,,,,,,,0.0,0.0,,,,,,,,1.0,0.0,23254.0,775.1333,0.281195,548.5667,254.3333,10.0,0.3333,1.0,0.0333,2.0,14.0,0.4667,11836,7888,262.9333,0.204093,10650.0,,,200.0,192.0,8.0,,,6.6667,3251.0,4728.0,83.0,3252.0,4578.0,91.0,-1.0,150.0,-8.0,0.0,0.0,0.0,0.0,0.0,1.0,5574.0,7727.0,127.0,5667.0,8031.0,152.0,-93.0,-304.0,-25.0,1.0,4.0,1.0,2.0,0.0,2.0,7765.0,9813.0,162.0,8822.0,9979.0,179.0,-1057.0,-166.0,-17.0,2.0,5.0,2.0,6.0,0.0,2.0,9173.0,11119.0,175.0,10787.0,12552.0,206.0,-1614.0,-1433.0,-31.0,3.0,6.0,3.0,7.0,2.0,3.0
ESPORTSTMNT05_3239450,complete,,EM,2023,Summer,0,2023-08-21 19:52:22,1,13.15,9,Red,bot,Neramin,oe:player:c032df73970ffb2f2b585d912f6b20d,Orbit Anonymo Esports,oe:team:f9f16e15a84c85d050aa09b4a21c757,Xayah,Maokai,Ivern,Tristana,Nocturne,Gwen,,,,,,1800,1,6,3,6,23,18,0.0,0.0,0.0,0.0,1.0,0.0,1.0,0.0,0.7667,1.3667,,,,,,,,,,,,,,,,,,,,,0.0,0.0,,,,,,,,0.0,0.0,21609.0,720.3,0.261303,673.7333,368.6333,9.0,0.3,2.0,0.0667,0.0,11.0,0.3667,13867,9919,330.6333,0.25664,12950.0,,,287.0,241.0,46.0,,,9.5667,3877.0,3850.0,81.0,3396.0,3415.0,87.0,481.0,435.0,-6.0,1.0,2.0,0.0,0.0,1.0,1.0,6197.0,6017.0,132.0,5260.0,5346.0,126.0,937.0,671.0,6.0,2.0,3.0,1.0,1.0,2.0,2.0,8472.0,8840.0,187.0,8112.0,8299.0,183.0,360.0,541.0,4.0,2.0,3.0,2.0,2.0,3.0,3.0,10693.0,11249.0,238.0,11039.0,11804.0,231.0,-346.0,-555.0,7.0,3.0,3.0,2.0,4.0,5.0,4.0
ESPORTSTMNT05_3239450,complete,,EM,2023,Summer,0,2023-08-21 19:52:22,1,13.15,10,Red,sup,Czypsy,oe:player:df5866d3078c786ce03084b78b1f5d9,Orbit Anonymo Esports,oe:team:f9f16e15a84c85d050aa09b4a21c757,Rell,Maokai,Ivern,Tristana,Nocturne,Gwen,,,,,,1800,1,2,6,16,23,18,0.0,0.0,0.0,0.0,1.0,1.0,0.0,0.0,0.7667,1.3667,,,,,,,,,,,,,,,,,,,,,0.0,0.0,,,,,,,,0.0,0.0,5376.0,179.2,0.0650084,653.7333,1023.9333,46.0,1.5333,16.0,0.5333,12.0,91.0,3.0333,8099,4151,138.3667,0.107407,7800.0,,,39.0,39.0,0.0,,,1.3,2539.0,2020.0,11.0,2330.0,2435.0,15.0,209.0,-415.0,-4.0,1.0,1.0,1.0,1.0,0.0,1.0,3904.0,3716.0,25.0,3492.0,3385.0,23.0,412.0,331.0,2.0,1.0,3.0,2.0,1.0,2.0,2.0,5357.0,5117.0,33.0,4765.0,5492.0,28.0,592.0,-375.0,5.0,1.0,5.0,4.0,1.0,5.0,3.0,6354.0,6464.0,36.0,6163.0,7903.0,32.0,191.0,-1439.0,4.0,1.0,8.0,5.0,1.0,8.0,3.0
ESPORTSTMNT05_3239450,complete,,EM,2023,Summer,0,2023-08-21 19:52:22,1,13.15,100,Blue,team,,,BISONS ECLUB,oe:team:b346309564f4fc7f30ac14403e93010,,Seraphine,Fiora,Rumble,Viktor,Jax,Kai'Sa,Jayce,Rakan,Jarvan IV,Karma,1800,0,18,23,33,18,23,1.0,0.0,0.0,0.0,0.0,,,,0.6,1.3667,0.0,0.0,4.0,0.0,4.0,0.0,0.0,0.0,0.0,0.0,0.0,,0.0,0.0,1.0,2.0,0.0,,,1.0,1.0,0.0,0.0,4.0,8.0,0.0,0.0,3.0,4.0,0.0,1.0,89279.0,2975.9667,,3412.7667,4267.4,115.0,3.8333,32.0,1.0667,32.0,242.0,8.0667,53014,33276,1109.2,,51245.0,-0.065825,-1.01,,699.0,155.0,,,28.4667,15303.0,18827.0,330.0,16270.0,18635.0,330.0,-967.0,192.0,0.0,1.0,2.0,3.0,3.0,3.0,1.0,25011.0,30078.0,502.0,26326.0,30405.0,512.0,-1315.0,-327.0,-10.0,6.0,9.0,8.0,8.0,11.0,6.0,36649.0,42059.0,644.0,36888.0,41829.0,702.0,-239.0,230.0,-58.0,12.0,22.0,11.0,11.0,16.0,12.0,46067.0,54923.0,761.0,44961.0,51566.0,826.0,1106.0,3357.0,-65.0,16.0,31.0,14.0,14.0,24.0,16.0
ESPORTSTMNT05_3239450,complete,,EM,2023,Summer,0,2023-08-21 19:52:22,1,13.15,200,Red,team,,,Orbit Anonymo Esports,oe:team:f9f16e15a84c85d050aa09b4a21c757,,Maokai,Ivern,Tristana,Nocturne,Gwen,Xayah,Rell,Viego,Xerath,Irelia,1800,1,23,18,50,23,18,1.0,0.0,0.0,0.0,1.0,,,,0.7667,1.3667,1.0,4.0,0.0,4.0,0.0,0.0,1.0,2.0,0.0,0.0,1.0,,0.0,0.0,0.0,0.0,2.0,,,0.0,0.0,1.0,1.0,8.0,4.0,1.0,1.0,4.0,3.0,1.0,0.0,82697.0,2756.5667,,3940.9667,3144.1333,86.0,2.8667,26.0,0.8667,39.0,179.0,5.9667,58389,38651,1288.3667,,54733.0,0.065825,1.01,,749.0,222.0,,,32.3667,16270.0,18635.0,330.0,15303.0,18827.0,330.0,967.0,-192.0,0.0,3.0,3.0,1.0,1.0,2.0,3.0,26326.0,30405.0,512.0,25011.0,30078.0,502.0,1315.0,327.0,10.0,8.0,11.0,6.0,6.0,9.0,8.0,36888.0,41829.0,702.0,36649.0,42059.0,644.0,239.0,-230.0,58.0,11.0,16.0,12.0,12.0,22.0,11.0,44961.0,51566.0,826.0,46067.0,54923.0,761.0,-1106.0,-3357.0,65.0,14.0,24.0,16.0,16.0,31.0,14.0
ESPORTSTMNT05_3240465,complete,,EM,2023,Summer,0,2023-08-22 14:56:43,1,13.15,1,Blue,top,Matixx,oe:player:89bee56a2a53bdf22737c6d43eedb9c,AliorBank Team,oe:team:ccf3ac6ecc7f9a46f87a052deebe32e,Renekton,Rumble,Maokai,Rakan,Alistar,Jax,,,,,,1552,0,0,3,1,7,28,0.0,0.0,0.0,0.0,0.0,0.0,0.0,0.0,0.2706,1.3531,,,,,,,,,,,,,,,,,,,,,0.0,0.0,,,,,,,,0.0,1.0,4527.0,175.0129,0.0927531,728.0412,605.4124,8.0,0.3093,1.0,0.0387,0.0,14.0,0.5412,7221,3779,146.0954,0.157069,7100.0,,,169.0,161.0,8.0,,,6.5335,2981.0,4940.0,75.0,3500.0,4722.0,87.0,-519.0,218.0,-12.0,0.0,0.0,0.0,1.0,0.0,0.0,4491.0,7481.0,115.0,5347.0,6978.0,128.0,-856.0,503.0,-13.0,0.0,0.0,0.0,1.0,0.0,1.0,6014.0,9545.0,149.0,8177.0,9480.0,164.0,-2163.0,65.0,-15.0,0.0,1.0,1.0,5.0,1.0,2.0,7114.0,11111.0,169.0,10660.0,13414.0,200.0,-3546.0,-2303.0,-31.0,0.0,1.0,2.0,6.0,3.0,2.0
ESPORTSTMNT05_3240465,complete,,EM,2023,Summer,0,2023-08-22 14:56:43,1,13.15,2,Blue,jng,adi1,oe:player:6b7ca7e0fcad1f113f17bc2d30adbf5,AliorBank Team,oe:team:ccf3ac6ecc7f9a46f87a052deebe32e,Taliyah,Rumble,Maokai,Rakan,Alistar,Jax,,,,,,1552,0,1,8,4,7,28,0.0,0.0,0.0,0.0,1.0,1.0,0.0,0.0,0.2706,1.3531,,,,,,,,,,,,,,,,,,,,,0.0,1.0,,,,,,,,0.0,0.0,15591.0,602.7448,0.319442,801.7655,376.8557,6.0,0.232,1.0,0.0387,5.0,17.0,0.6572,9117,5675,219.3943,0.235866,8825.0,,,188.0,37.0,151.0,,,7.268,3524.0,3227.0,64.0,3347.0,3398.0,57.0,177.0,-171.0,7.0,1.0,0.0,1.0,1.0,1.0,0.0,5500.0,5871.0,103.0,5556.0,5617.0,90.0,-56.0,254.0,13.0,1.0,1.0,4.0,1.0,5.0,0.0,7314.0,8678.0,144.0,8238.0,7937.0,109.0,-924.0,741.0,35.0,1.0,4.0,5.0,4.0,7.0,0.0,8983.0,11054.0,187.0,10379.0,11631.0,137.0,-1396.0,-577.0,50.0,1.0,4.0,7.0,4.0,14.0,0.0
ESPORTSTMNT05_3240465,complete,,EM,2023,Summer,0,2023-08-22 14:56:43,1,13.15,3,Blue,mid,many,oe:player:9970a9b7dfef2df3002d7217596010e,AliorBank Team,oe:team:ccf3ac6ecc7f9a46f87a052deebe32e,Jayce,Rumble,Maokai,Rakan,Alistar,Jax,,,,,,1552,0,3,6,2,7,28,1.0,0.0,0.0,0.0,0.0,0.0,0.0,0.0,0.2706,1.3531,,,,,,,,,,,,,,,,,,,,,0.0,0.0,,,,,,,,0.0,1.0,15837.0,612.2552,0.324482,693.9433,450.4639,7.0,0.2706,6.0,0.232,3.0,21.0,0.8119,9295,5853,226.2758,0.243264,9425.0,,,202.0,198.0,4.0,,,7.8093,3140.0,4634.0,83.0,3491.0,4639.0,87.0,-351.0,-5.0,-4.0,0.0,0.0,0.0,0.0,0.0,1.0,5514.0,7369.0,138.0,7367.0,7775.0,141.0,-1853.0,-406.0,-3.0,1.0,0.0,1.0,2.0,1.0,1.0,7581.0,9490.0,161.0,9484.0,10793.0,196.0,-1903.0,-1303.0,-35.0,3.0,2.0,3.0,2.0,2.0,3.0,9188.0,11417.0,202.0,13334.0,13896.0,227.0,-4146.0,-2479.0,-25.0,3.0,2.0,5.0,6.0,3.0,3.0
ESPORTSTMNT05_3240465,complete,,EM,2023,Summer,0,2023-08-22 14:56:43,1,13.15,4,Blue,bot,svns,oe:player:1ecc2cf8dc5f05719ca235f6d0be5e2,AliorBank Team,oe:team:ccf3ac6ecc7f9a46f87a052deebe32e,Kai'Sa,Rumble,Maokai,Rakan,Alistar,Jax,,,,,,1552,0,1,4,2,7,28,0.0,0.0,0.0,0.0,0.0,0.0,0.0,0.0,0.2706,1.3531,,,,,,,,,,,,,,,,,,,,,0.0,0.0,,,,,,,,0.0,1.0,8721.0,337.1521,0.178683,497.4356,326.134,10.0,0.3866,5.0,0.1933,3.0,22.0,0.8505,9302,5860,226.5464,0.243555,8780.0,,,220.0,216.0,4.0,,,8.5052,3093.0,3285.0,80.0,3767.0,3391.0,90.0,-674.0,-106.0,-10.0,0.0,0.0,1.0,1.0,1.0,0.0,5338.0,5672.0,137.0,6342.0,5819.0,145.0,-1004.0,-147.0,-8.0,0.0,0.0,1.0,3.0,1.0,0.0,7507.0,8456.0,181.0,8824.0,8511.0,193.0,-1317.0,-55.0,-12.0,1.0,2.0,2.0,3.0,5.0,0.0,9164.0,10380.0,219.0,10967.0,11120.0,216.0,-1803.0,-740.0,3.0,1.0,2.0,3.0,4.0,9.0,1.0
ESPORTSTMNT05_3240465,complete,,EM,2023,Summer,0,2023-08-22 14:56:43,1,13.15,5,Blue,sup,minemaciek,oe:player:1f892f04e94e144dadcc8be197d4f5b,AliorBank Team,oe:team:ccf3ac6ecc7f9a46f87a052deebe32e,Rell,Rumble,Maokai,Rakan,Alistar,Jax,,,,,,1552,0,2,7,3,7,28,0.0,0.0,0.0,0.0,0.0,0.0,0.0,0.0,0.2706,1.3531,,,,,,,,,,,,,,,,,,,,,0.0,0.0,,,,,,,,0.0,0.0,4131.0,159.7036,0.0846395,516.3015,775.7861,38.0,1.4691,11.0,0.4253,12.0,72.0,2.7835,6335,2893,111.8428,0.120246,6100.0,,,30.0,30.0,0.0,,,1.1598,2070.0,2129.0,13.0,2729.0,2921.0,15.0,-659.0,-792.0,-2.0,0.0,0.0,2.0,1.0,2.0,0.0,3278.0,3826.0,25.0,4216.0,4627.0,28.0,-938.0,-801.0,-3.0,0.0,1.0,2.0,1.0,3.0,0.0,4480.0,4593.0,27.0,5619.0,6722.0,30.0,-1139.0,-2129.0,-3.0,1.0,3.0,4.0,1.0,7.0,1.0,6212.0,6480.0,30.0,7735.0,8819.0,36.0,-1523.0,-2339.0,-6.0,2.0,3.0,6.0,3.0,11.0,1.0
ESPORTSTMNT05_3240465,complete,,EM,2023,Summer,0,2023-08-22 14:56:43,1,13.15,6,Red,top,Empyros,oe:player:9db3f170213f562a9613fe4f99d7dfa,DSYRE,oe:team:3e3ca0895ded506fd637e723d6ae2a1,Darius,Ziggs,Poppy,Azir,Lillia,Kha'Zix,,,,,,1552,1,8,2,4,28,7,1.0,1.0,0.0,0.0,0.0,0.0,0.0,0.0,1.0825,1.3531,,,,,,,,,,,,,,,,,,,,,0.0,0.0,,,,,,,,1.0,0.0,13650.0,527.7062,0.20042,505.9407,444.1624,11.0,0.4253,3.0,0.116,4.0,31.0,1.1985,11823,8381,324.0077,0.209274,10400.0,,,209.0,198.0,11.0,,,8.0799,3500.0,4722.0,87.0,2981.0,4940.0,75.0,519.0,-218.0,12.0,1.0,0.0,0.0,0.0,0.0,0.0,5347.0,6978.0,128.0,4491.0,7481.0,115.0,856.0,-503.0,13.0,1.0,0.0,1.0,0.0,0.0,0.0,8177.0,9480.0,164.0,6014.0,9545.0,149.0,2163.0,-65.0,15.0,5.0,1.0,2.0,0.0,1.0,1.0,10660.0,13414.0,200.0,7114.0,11111.0,169.0,3546.0,2303.0,31.0,6.0,3.0,2.0,0.0,1.0,2.0
ESPORTSTMNT05_3240465,complete,,EM,2023,Summer,0,2023-08-22 14:56:43,1,13.15,7,Red,jng,Rhilech,oe:player:cbe20c64274a87a21e5bdac1ccc3e77,DSYRE,oe:team:3e3ca0895ded506fd637e723d6ae2a1,Sejuani,Ziggs,Poppy,Azir,Lillia,Kha'Zix,,,,,,1552,1,4,0,18,28,7,0.0,0.0,0.0,0.0,0.0,0.0,0.0,0.0,1.0825,1.3531,,,,,,,,,,,,,,,,,,,,,1.0,0.0,,,,,,,,0.0,0.0,14200.0,548.9691,0.208495,906.0309,1027.3067,8.0,0.3093,6.0,0.232,7.0,30.0,1.1598,10989,7547,291.7655,0.188449,10490.0,,,142.0,26.0,116.0,,,5.4897,3347.0,3398.0,57.0,3524.0,3227.0,64.0,-177.0,171.0,-7.0,1.0,1.0,0.0,1.0,0.0,1.0,5556.0,5617.0,90.0,5500.0,5871.0,103.0,56.0,-254.0,-13.0,1.0,5.0,0.0,1.0,1.0,4.0,8238.0,7937.0,109.0,7314.0,8678.0,144.0,924.0,-741.0,-35.0,4.0,7.0,0.0,1.0,4.0,5.0,10379.0,11631.0,137.0,8983.0,11054.0,187.0,1396.0,577.0,-50.0,4.0,14.0,0.0,1.0,4.0,7.0
ESPORTSTMNT05_3240465,complete,,EM,2023,Summer,0,2023-08-22 14:56:43,1,13.15,8,Red,mid,XoNix,oe:player:be877a261fb0c3a320db45091bdefec,DSYRE,oe:team:3e3ca0895ded506fd637e723d6ae2a1,Tristana,Ziggs,Poppy,Azir,Lillia,Kha'Zix,,,,,,1552,1,7,3,7,28,7,2.0,0.0,0.0,0.0,0.0,0.0,0.0,1.0,1.0825,1.3531,,,,,,,,,,,,,,,,,,,,,0.0,0.0,,,,,,,,1.0,0.0,17693.0,684.0077,0.259782,643.7242,315.2706,4.0,0.1546,4.0,0.1546,1.0,16.0,0.6186,14279,10837,418.9562,0.270597,12875.0,,,231.0,215.0,16.0,,,8.9304,3491.0,4639.0,87.0,3140.0,4634.0,83.0,351.0,5.0,4.0,0.0,0.0,1.0,0.0,0.0,0.0,7367.0,7775.0,141.0,5514.0,7369.0,138.0,1853.0,406.0,3.0,2.0,1.0,1.0,1.0,0.0,1.0,9484.0,10793.0,196.0,7581.0,9490.0,161.0,1903.0,1303.0,35.0,2.0,2.0,3.0,3.0,2.0,3.0,13334.0,13896.0,227.0,9188.0,11417.0,202.0,4146.0,2479.0,25.0,6.0,3.0,3.0,3.0,2.0,5.0
ESPORTSTMNT05_3240465,complete,,EM,2023,Summer,0,2023-08-22 14:56:43,1,13.15,9,Red,bot,Aetinoth,oe:player:d47955c8bc06bf316f24ee15d45407b,DSYRE,oe:team:3e3ca0895ded506fd637e723d6ae2a1,Xayah,Ziggs,Poppy,Azir,Lillia,Kha'Zix,,,,,,1552,1,6,1,12,28,7,0.0,0.0,0.0,0.0,0.0,0.0,0.0,0.0,1.0825,1.3531,,,,,,,,,,,,,,,,,,,,,0.0,0.0,,,,,,,,1.0,0.0,15571.0,601.9716,0.228626,466.4691,176.482,12.0,0.4639,3.0,0.116,3.0,29.0,1.1211,12079,8637,333.9046,0.215666,9575.0,,,220.0,202.0,18.0,,,8.5052,3767.0,3391.0,90.0,3093.0,3285.0,80.0,674.0,106.0,10.0,1.0,1.0,0.0,0.0,0.0,1.0,6342.0,5819.0,145.0,5338.0,5672.0,137.0,1004.0,147.0,8.0,3.0,1.0,0.0,0.0,0.0,1.0,8824.0,8511.0,193.0,7507.0,8456.0,181.0,1317.0,55.0,12.0,3.0,5.0,0.0,1.0,2.0,2.0,10967.0,11120.0,216.0,9164.0,10380.0,219.0,1803.0,740.0,-3.0,4.0,9.0,1.0,1.0,2.0,3.0
ESPORTSTMNT05_3240465,complete,,EM,2023,Summer,0,2023-08-22 14:56:43,1,13.15,10,Red,sup,Nash,oe:player:6b9f3420febdbc475dd3c1e4e0bcb5e,DSYRE,oe:team:3e3ca0895ded506fd637e723d6ae2a1,Nautilus,Ziggs,Poppy,Azir,Lillia,Kha'Zix,,,,,,1552,1,3,1,13,28,7,0.0,0.0,0.0,0.0,0.0,0.0,0.0,0.0,1.0825,1.3531,,,,,,,,,,,,,,,,,,,,,0.0,0.0,,,,,,,,0.0,0.0,6993.0,270.3479,0.102677,553.2603,765.4253,34.0,1.3144,13.0,0.5026,10.0,82.0,3.1701,8088,4646,179.6134,0.116014,7250.0,,,36.0,36.0,0.0,,,1.3918,2729.0,2921.0,15.0,2070.0,2129.0,13.0,659.0,792.0,2.0,1.0,2.0,0.0,0.0,0.0,2.0,4216.0,4627.0,28.0,3278.0,3826.0,25.0,938.0,801.0,3.0,1.0,3.0,0.0,0.0,1.0,2.0,5619.0,6722.0,30.0,4480.0,4593.0,27.0,1139.0,2129.0,3.0,1.0,7.0,1.0,1.0,3.0,4.0,7735.0,8819.0,36.0,6212.0,6480.0,30.0,1523.0,2339.0,6.0,3.0,11.0,1.0,2.0,3.0,6.0
ESPORTSTMNT05_3240465,complete,,EM,2023,Summer,0,2023-08-22 14:56:43,1,13.15,100,Blue,team,,,AliorBank Team,oe:team:ccf3ac6ecc7f9a46f87a052deebe32e,,Rumble,Maokai,Rakan,Alistar,Jax,Rell,Kai'Sa,Jayce,Taliyah,Renekton,1552,0,7,28,12,7,28,1.0,0.0,0.0,0.0,1.0,,,,0.2706,1.3531,0.0,0.0,4.0,0.0,4.0,0.0,0.0,0.0,0.0,0.0,0.0,,0.0,0.0,0.0,0.0,2.0,,,0.0,0.0,1.0,0.0,1.0,11.0,0.0,0.0,2.0,9.0,0.0,3.0,48807.0,1886.8686,,3237.4871,2534.6521,69.0,2.6675,24.0,0.9278,23.0,146.0,5.6443,41270,24062,930.232,,40230.0,-0.228144,-4.05,,642.0,167.0,,,31.2758,14808.0,18215.0,315.0,16834.0,19071.0,336.0,-2026.0,-856.0,-21.0,1.0,0.0,4.0,4.0,4.0,1.0,24121.0,30219.0,518.0,28828.0,30816.0,532.0,-4707.0,-597.0,-14.0,2.0,2.0,8.0,8.0,10.0,2.0,32896.0,40762.0,662.0,40342.0,43443.0,692.0,-7446.0,-2681.0,-30.0,6.0,12.0,15.0,15.0,22.0,6.0,40661.0,50442.0,807.0,53075.0,58880.0,816.0,-12414.0,-8438.0,-9.0,7.0,12.0,23.0,23.0,40.0,7.0
ESPORTSTMNT05_3240465,complete,,EM,2023,Summer,0,2023-08-22 14:56:43,1,13.15,200,Red,team,,,DSYRE,oe:team:3e3ca0895ded506fd637e723d6ae2a1,,Ziggs,Poppy,Azir,Lillia,Kha'Zix,Tristana,Xayah,Sejuani,Nautilus,Darius,1552,1,28,7,54,28,7,3.0,1.0,0.0,0.0,0.0,,,,1.0825,1.3531,1.0,4.0,0.0,4.0,0.0,2.0,0.0,0.0,0.0,1.0,1.0,,0.0,0.0,1.0,2.0,0.0,,,1.0,1.0,0.0,1.0,11.0,1.0,1.0,1.0,9.0,2.0,3.0,0.0,68107.0,2633.0026,,3075.4253,2728.6469,69.0,2.6675,29.0,1.1211,25.0,188.0,7.268,57258,40050,1548.3247,,50590.0,0.228144,4.05,,677.0,161.0,,,32.3969,16834.0,19071.0,336.0,14808.0,18215.0,315.0,2026.0,856.0,21.0,4.0,4.0,1.0,1.0,0.0,4.0,28828.0,30816.0,532.0,24121.0,30219.0,518.0,4707.0,597.0,14.0,8.0,10.0,2.0,2.0,2.0,8.0,40342.0,43443.0,692.0,32896.0,40762.0,662.0,7446.0,2681.0,30.0,15.0,22.0,6.0,6.0,12.0,15.0,53075.0,58880.0,816.0,40661.0,50442.0,807.0,12414.0,8438.0,9.0,23.0,40.0,7.0,7.0,12.0,23.0
ESPORTSTMNT05_3240464,complete,,EM,2023,Summer,0,2023-08-22 15:03:41,1,13.15,1,Blue,top,Ragner,oe:player:c0f78343a2ad4ba1463245d53a3b440,Team GO,oe:team:8d538207b9de9d20e1a525aae593515,Urgot,Jayce,Maokai,Tristana,Poppy,Neeko,,,,,,1910,1,4,1,7,21,3,0.0,0.0,0.0,0.0,0.0,0.0,0.0,0.0,0.6597,0.7539,,,,,,,,,,,,,,,,,,,,,0.0,0.0,,,,,,,,0.0,0.0,13558.0,425.9058,0.171668,692.2932,965.4974,14.0,0.4398,13.0,0.4084,3.0,56.0,1.7592,13604,9432,296.2932,0.202669,11675.0,,,259.0,255.0,4.0,,,8.1361,3294.0,4779.0,79.0,3575.0,5021.0,90.0,-281.0,-242.0,-11.0,0.0,1.0,1.0,1.0,0.0,1.0,5568.0,8275.0,144.0,5746.0,7801.0,146.0,-178.0,474.0,-2.0,1.0,1.0,1.0,1.0,0.0,2.0,7880.0,10552.0,170.0,7939.0,10387.0,199.0,-59.0,165.0,-29.0,3.0,3.0,1.0,2.0,0.0,3.0,10198.0,13695.0,215.0,9670.0,12973.0,249.0,528.0,722.0,-34.0,4.0,3.0,1.0,2.0,0.0,4.0
ESPORTSTMNT05_3240464,complete,,EM,2023,Summer,0,2023-08-22 15:03:41,1,13.15,2,Blue,jng,Lyncas,oe:player:ca9701f085966dfca32e31b1b1e9d55,Team GO,oe:team:8d538207b9de9d20e1a525aae593515,Taliyah,Jayce,Maokai,Tristana,Poppy,Neeko,,,,,,1910,1,5,0,15,21,3,0.0,0.0,0.0,0.0,1.0,0.0,1.0,0.0,0.6597,0.7539,,,,,,,,,,,,,,,,,,,,,2.0,0.0,,,,,,,,0.0,0.0,20280.0,637.0681,0.25678,420.6283,181.0052,12.0,0.377,11.0,0.3455,9.0,45.0,1.4136,14299,10127,318.1257,0.217602,12575.0,,,211.0,25.0,186.0,,,6.6283,3739.0,3493.0,70.0,2837.0,3124.0,58.0,902.0,369.0,12.0,1.0,1.0,0.0,0.0,0.0,1.0,5894.0,6006.0,102.0,4358.0,5476.0,87.0,1536.0,530.0,15.0,1.0,3.0,0.0,0.0,1.0,1.0,8238.0,9006.0,142.0,5724.0,6966.0,106.0,2514.0,2040.0,36.0,2.0,6.0,0.0,0.0,2.0,2.0,10716.0,11929.0,169.0,6797.0,8122.0,117.0,3919.0,3807.0,52.0,3.0,9.0,0.0,0.0,2.0,3.0
ESPORTSTMNT05_3240464,complete,,EM,2023,Summer,0,2023-08-22 15:03:41,1,13.15,3,Blue,mid,Toucouille,oe:player:525ac233cf71bc36a611e27a324144f,Team GO,oe:team:8d538207b9de9d20e1a525aae593515,Azir,Jayce,Maokai,Tristana,Poppy,Neeko,,,,,,1910,1,5,1,5,21,3,1.0,0.0,0.0,0.0,0.0,0.0,0.0,0.0,0.6597,0.7539,,,,,,,,,,,,,,,,,,,,,0.0,0.0,,,,,,,,0.0,0.0,17189.0,539.9686,0.217643,390.6911,250.3979,15.0,0.4712,6.0,0.1885,4.0,35.0,1.0995,15732,11560,363.1414,0.248394,14550.0,,,335.0,323.0,12.0,,,10.5236,3488.0,5054.0,101.0,3424.0,5127.0,99.0,64.0,-73.0,2.0,0.0,0.0,0.0,0.0,0.0,0.0,5509.0,7484.0,153.0,5471.0,8209.0,155.0,38.0,-725.0,-2.0,1.0,0.0,1.0,0.0,0.0,0.0,7661.0,10382.0,205.0,7269.0,10577.0,201.0,392.0,-195.0,4.0,2.0,1.0,1.0,0.0,1.0,1.0,10868.0,14374.0,268.0,8393.0,12360.0,224.0,2475.0,2014.0,44.0,2.0,2.0,1.0,0.0,1.0,1.0
ESPORTSTMNT05_3240464,complete,,EM,2023,Summer,0,2023-08-22 15:03:41,1,13.15,4,Blue,bot,Jezu,oe:player:4817d93e8f26002377aec42233b3fc2,Team GO,oe:team:8d538207b9de9d20e1a525aae593515,Kai'Sa,Jayce,Maokai,Tristana,Poppy,Neeko,,,,,,1910,1,6,0,6,21,3,0.0,0.0,0.0,0.0,1.0,1.0,0.0,0.0,0.6597,0.7539,,,,,,,,,,,,,,,,,,,,,0.0,0.0,,,,,,,,2.0,0.0,23932.0,751.7906,0.303021,425.8743,236.3874,17.0,0.534,6.0,0.1885,6.0,43.0,1.3508,15001,10829,340.178,0.232687,13150.0,,,288.0,274.0,14.0,,,9.0471,3483.0,3144.0,76.0,3535.0,3320.0,96.0,-52.0,-176.0,-20.0,1.0,0.0,0.0,0.0,0.0,0.0,5462.0,5281.0,128.0,6468.0,6318.0,160.0,-1006.0,-1037.0,-32.0,1.0,1.0,0.0,1.0,0.0,0.0,7885.0,8702.0,184.0,8530.0,8841.0,216.0,-645.0,-139.0,-32.0,2.0,2.0,0.0,1.0,1.0,1.0,10242.0,12023.0,222.0,10400.0,10476.0,268.0,-158.0,1547.0,-46.0,3.0,5.0,0.0,1.0,1.0,2.0
ESPORTSTMNT05_3240464,complete,,EM,2023,Summer,0,2023-08-22 15:03:41,1,13.15,5,Blue,sup,kamilius,oe:player:7aa0aebd379414d25f1fcdc396407f1,Team GO,oe:team:8d538207b9de9d20e1a525aae593515,Rell,Jayce,Maokai,Tristana,Poppy,Neeko,,,,,,1910,1,1,1,17,21,3,0.0,0.0,0.0,0.0,1.0,0.0,1.0,0.0,0.6597,0.7539,,,,,,,,,,,,,,,,,,,,,0.0,0.0,,,,,,,,0.0,0.0,4019.0,126.2513,0.0508876,327.2984,414.5969,56.0,1.7592,12.0,0.377,16.0,112.0,3.5183,8763,4591,144.2199,0.0986484,6950.0,,,34.0,33.0,1.0,,,1.0681,2245.0,2198.0,16.0,2171.0,2789.0,14.0,74.0,-591.0,2.0,0.0,1.0,0.0,0.0,0.0,0.0,3286.0,3461.0,22.0,3382.0,3958.0,21.0,-96.0,-497.0,1.0,0.0,2.0,0.0,0.0,1.0,1.0,4441.0,4711.0,27.0,4412.0,4730.0,23.0,29.0,-19.0,4.0,0.0,6.0,1.0,0.0,2.0,2.0,6268.0,7276.0,32.0,5292.0,5269.0,24.0,976.0,2007.0,8.0,1.0,9.0,1.0,0.0,2.0,3.0
ESPORTSTMNT05_3240464,complete,,EM,2023,Summer,0,2023-08-22 15:03:41,1,13.15,6,Red,top,Venour,oe:player:df13ba84b4ea6932f7e10b5e51e7cf5,Unicorns of Love Sexy Edition,oe:team:6a060bd74c9041bf0aa89adf9d15d12,K'Sante,Ivern,,LeBlanc,Renekton,Yone,,,,,,1910,0,2,6,0,3,21,0.0,0.0,0.0,0.0,0.0,0.0,0.0,0.0,0.0942,0.7539,,,,,,,,,,,,,,,,,,,,,0.0,0.0,,,,,,,,0.0,0.0,6240.0,196.0209,0.118166,887.5916,1528.5864,7.0,0.2199,2.0,0.0628,4.0,20.0,0.6283,12219,8047,252.7853,0.25843,11900.0,,,292.0,278.0,14.0,,,9.1728,3575.0,5021.0,90.0,3294.0,4779.0,79.0,281.0,242.0,11.0,1.0,0.0,1.0,0.0,1.0,1.0,5746.0,7801.0,146.0,5568.0,8275.0,144.0,178.0,-474.0,2.0,1.0,0.0,2.0,1.0,1.0,1.0,7939.0,10387.0,199.0,7880.0,10552.0,170.0,59.0,-165.0,29.0,2.0,0.0,3.0,3.0,3.0,1.0,9670.0,12973.0,249.0,10198.0,13695.0,215.0,-528.0,-722.0,34.0,2.0,0.0,4.0,4.0,3.0,1.0
ESPORTSTMNT05_3240464,complete,,EM,2023,Summer,0,2023-08-22 15:03:41,1,13.15,7,Red,jng,CaD,oe:player:7d306cd72ad7ffa40115a6b36f8a07b,Unicorns of Love Sexy Edition,oe:team:6a060bd74c9041bf0aa89adf9d15d12,Volibear,Ivern,,LeBlanc,Renekton,Yone,,,,,,1910,0,0,4,2,3,21,0.0,0.0,0.0,0.0,0.0,0.0,0.0,1.0,0.0942,0.7539,,,,,,,,,,,,,,,,,,,,,0.0,2.0,,,,,,,,0.0,0.0,6189.0,194.4188,0.1172,828.5969,861.9267,10.0,0.3141,12.0,0.377,10.0,48.0,1.5079,8531,4359,136.9319,0.13999,8250.0,,,142.0,14.0,128.0,,,4.4607,2837.0,3124.0,58.0,3739.0,3493.0,70.0,-902.0,-369.0,-12.0,0.0,0.0,1.0,1.0,1.0,0.0,4358.0,5476.0,87.0,5894.0,6006.0,102.0,-1536.0,-530.0,-15.0,0.0,1.0,1.0,1.0,3.0,0.0,5724.0,6966.0,106.0,8238.0,9006.0,142.0,-2514.0,-2040.0,-36.0,0.0,2.0,2.0,2.0,6.0,0.0,6797.0,8122.0,117.0,10716.0,11929.0,169.0,-3919.0,-3807.0,-52.0,0.0,2.0,3.0,3.0,9.0,0.0
ESPORTSTMNT05_3240464,complete,,EM,2023,Summer,0,2023-08-22 15:03:41,1,13.15,8,Red,mid,Mask,oe:player:4a18312b5b75f549d5551e5912ad6eb,Unicorns of Love Sexy Edition,oe:team:6a060bd74c9041bf0aa89adf9d15d12,Xerath,Ivern,,LeBlanc,Renekton,Yone,,,,,,1910,0,0,2,1,3,21,0.0,0.0,0.0,0.0,0.0,0.0,0.0,0.0,0.0942,0.7539,,,,,,,,,,,,,,,,,,,,,0.0,0.0,,,,,,,,0.0,0.0,23767.0,746.6073,0.450073,352.7435,165.9581,14.0,0.4398,5.0,0.1571,5.0,45.0,1.4136,11210,7038,221.089,0.226026,11635.0,,,286.0,286.0,0.0,,,8.9843,3424.0,5127.0,99.0,3488.0,5054.0,101.0,-64.0,73.0,-2.0,0.0,0.0,0.0,0.0,0.0,0.0,5471.0,8209.0,155.0,5509.0,7484.0,153.0,-38.0,725.0,2.0,0.0,0.0,0.0,1.0,0.0,1.0,7269.0,10577.0,201.0,7661.0,10382.0,205.0,-392.0,195.0,-4.0,0.0,1.0,1.0,2.0,1.0,1.0,8393.0,12360.0,224.0,10868.0,14374.0,268.0,-2475.0,-2014.0,-44.0,0.0,1.0,1.0,2.0,2.0,1.0
ESPORTSTMNT05_3240464,complete,,EM,2023,Summer,0,2023-08-22 15:03:41,1,13.15,9,Red,bot,Fun K3y,oe:player:9ea5afea85321b13df74acb62bfb530,Unicorns of Love Sexy Edition,oe:team:6a060bd74c9041bf0aa89adf9d15d12,Zeri,Ivern,,LeBlanc,Renekton,Yone,,,,,,1910,0,1,3,1,3,21,0.0,0.0,0.0,0.0,0.0,0.0,0.0,0.0,0.0942,0.7539,,,,,,,,,,,,,,,,,,,,,0.0,0.0,,,,,,,,0.0,2.0,12456.0,391.288,0.235878,469.7592,354.8796,10.0,0.3141,10.0,0.3141,4.0,32.0,1.0052,13527,9355,293.8743,0.300437,13300.0,,,345.0,317.0,28.0,,,10.8377,3535.0,3320.0,96.0,3483.0,3144.0,76.0,52.0,176.0,20.0,0.0,0.0,0.0,1.0,0.0,0.0,6468.0,6318.0,160.0,5462.0,5281.0,128.0,1006.0,1037.0,32.0,1.0,0.0,0.0,1.0,1.0,0.0,8530.0,8841.0,216.0,7885.0,8702.0,184.0,645.0,139.0,32.0,1.0,1.0,1.0,2.0,2.0,0.0,10400.0,10476.0,268.0,10242.0,12023.0,222.0,158.0,-1547.0,46.0,1.0,1.0,2.0,3.0,5.0,0.0
ESPORTSTMNT05_3240464,complete,,EM,2023,Summer,0,2023-08-22 15:03:41,1,13.15,10,Red,sup,Lekcyc,oe:player:74f3f60a44ee916ecc257a5381be756,Unicorns of Love Sexy Edition,oe:team:6a060bd74c9041bf0aa89adf9d15d12,Alistar,Ivern,,LeBlanc,Renekton,Yone,,,,,,1910,0,0,6,2,3,21,0.0,0.0,0.0,0.0,0.0,0.0,0.0,0.0,0.0942,0.7539,,,,,,,,,,,,,,,,,,,,,0.0,0.0,,,,,,,,0.0,0.0,4155.0,130.5236,0.0786828,661.1623,791.3403,60.0,1.8848,5.0,0.1571,9.0,93.0,2.9215,6511,2339,73.4764,0.0751172,6025.0,,,25.0,25.0,0.0,,,0.7853,2171.0,2789.0,14.0,2245.0,2198.0,16.0,-74.0,591.0,-2.0,0.0,0.0,0.0,0.0,1.0,0.0,3382.0,3958.0,21.0,3286.0,3461.0,22.0,96.0,497.0,-1.0,0.0,1.0,1.0,0.0,2.0,0.0,4412.0,4730.0,23.0,4441.0,4711.0,27.0,-29.0,19.0,-4.0,0.0,2.0,2.0,0.0,6.0,1.0,5292.0,5269.0,24.0,6268.0,7276.0,32.0,-976.0,-2007.0,-8.0,0.0,2.0,3.0,1.0,9.0,1.0
ESPORTSTMNT05_3240464,complete,,EM,2023,Summer,0,2023-08-22 15:03:41,1,13.15,100,Blue,team,,,Team GO,oe:team:8d538207b9de9d20e1a525aae593515,,Jayce,Maokai,Tristana,Poppy,Neeko,Taliyah,Kai'Sa,Rell,Azir,Urgot,1910,1,21,3,50,21,3,1.0,0.0,0.0,0.0,1.0,,,,0.6597,0.7539,0.0,2.0,3.0,2.0,3.0,0.0,1.0,0.0,0.0,0.0,1.0,,0.0,0.0,1.0,2.0,0.0,,,1.0,2.0,0.0,0.0,10.0,3.0,0.0,0.0,2.0,7.0,2.0,0.0,78978.0,2480.9843,,2256.7853,2047.8848,114.0,3.5812,48.0,1.5079,38.0,291.0,9.1414,67399,46539,1461.9581,,58900.0,0.141623,2.3,,910.0,217.0,,,35.4031,16249.0,18668.0,342.0,15542.0,19381.0,357.0,707.0,-713.0,-15.0,2.0,3.0,1.0,1.0,0.0,2.0,25719.0,30507.0,549.0,25425.0,31762.0,569.0,294.0,-1255.0,-20.0,4.0,7.0,2.0,2.0,2.0,4.0,36105.0,43353.0,728.0,33874.0,41501.0,745.0,2231.0,1852.0,-17.0,9.0,18.0,3.0,3.0,6.0,9.0,48292.0,59297.0,906.0,40552.0,49200.0,882.0,7740.0,10097.0,24.0,13.0,28.0,3.0,3.0,6.0,13.0
ESPORTSTMNT05_3240464,complete,,EM,2023,Summer,0,2023-08-22 15:03:41,1,13.15,200,Red,team,,,Unicorns of Love Sexy Edition,oe:team:6a060bd74c9041bf0aa89adf9d15d12,,Ivern,,LeBlanc,Renekton,Yone,Alistar,K'Sante,Zeri,Volibear,Xerath,1910,0,3,21,6,3,21,0.0,0.0,0.0,0.0,0.0,,,,0.0942,0.7539,1.0,3.0,2.0,3.0,2.0,0.0,2.0,0.0,0.0,1.0,0.0,,0.0,0.0,0.0,0.0,2.0,,,0.0,0.0,2.0,1.0,3.0,10.0,1.0,1.0,7.0,2.0,0.0,2.0,52807.0,1658.8586,,3199.8534,3702.6911,101.0,3.1728,34.0,1.0681,32.0,238.0,7.4764,51998,31138,978.1571,,51110.0,-0.141623,-2.3,,920.0,170.0,,,34.2408,15542.0,19381.0,357.0,16249.0,18668.0,342.0,-707.0,713.0,15.0,1.0,0.0,2.0,2.0,3.0,1.0,25425.0,31762.0,569.0,25719.0,30507.0,549.0,-294.0,1255.0,20.0,2.0,2.0,4.0,4.0,7.0,2.0,33874.0,41501.0,745.0,36105.0,43353.0,728.0,-2231.0,-1852.0,17.0,3.0,6.0,9.0,9.0,18.0,3.0,40552.0,49200.0,882.0,48292.0,59297.0,906.0,-7740.0,-10097.0,-24.0,3.0,6.0,13.0,13.0,28.0,3.0
ESPORTSTMNT05_3239455,complete,,EM,2023,Summer,0,2023-08-22 15:44:30,1,13.15,1,Blue,top,Howling,oe:player:4f6302984cea43e6384d488973fe1d2,BK ROG Esports,oe:team:c40f6d0d20a7a718c60342e48c144a2,Renekton,Kalista,Rumble,Ivern,Poppy,Sejuani,,,,,,1496,1,3,1,5,14,3,1.0,0.0,0.0,0.0,0.0,0.0,0.0,0.0,0.5615,0.6818,,,,,,,,,,,,,,,,,,,,,0.0,0.0,,,,,,,,0.0,0.0,18399.0,737.9278,0.287633,1019.0374,931.6043,9.0,0.361,2.0,0.0802,5.0,24.0,0.9626,11679,8352,334.9733,0.222425,11525.0,,,249.0,245.0,4.0,,,9.9866,3469.0,5212.0,91.0,3335.0,4969.0,89.0,134.0,243.0,2.0,0.0,0.0,0.0,0.0,0.0,0.0,5818.0,8357.0,149.0,5397.0,7507.0,135.0,421.0,850.0,14.0,0.0,1.0,0.0,0.0,0.0,1.0,8428.0,11771.0,212.0,7417.0,10398.0,193.0,1011.0,1373.0,19.0,0.0,3.0,0.0,0.0,0.0,2.0,11679.0,15869.0,249.0,9340.0,13223.0,234.0,2339.0,2646.0,15.0,3.0,5.0,1.0,1.0,1.0,4.0
ESPORTSTMNT05_3239455,complete,,EM,2023,Summer,0,2023-08-22 15:44:30,1,13.15,2,Blue,jng,Pridestalkr,oe:player:99594a251af944b3571fe7f37363303,BK ROG Esports,oe:team:c40f6d0d20a7a718c60342e48c144a2,Amumu,Kalista,Rumble,Ivern,Poppy,Sejuani,,,,,,1496,1,1,0,9,14,3,0.0,0.0,0.0,0.0,1.0,1.0,0.0,0.0,0.5615,0.6818,,,,,,,,,,,,,,,,,,,,,1.0,0.0,,,,,,,,1.0,0.0,9264.0,371.5508,0.144825,1013.6631,836.1096,5.0,0.2005,6.0,0.2406,4.0,31.0,1.2433,9637,6310,253.0749,0.168041,8350.0,,,160.0,11.0,149.0,,,6.4171,3464.0,3832.0,77.0,3072.0,3453.0,64.0,392.0,379.0,13.0,0.0,0.0,0.0,0.0,0.0,0.0,5605.0,6355.0,115.0,4576.0,5536.0,97.0,1029.0,819.0,18.0,1.0,0.0,0.0,0.0,0.0,0.0,7533.0,8207.0,145.0,5971.0,7905.0,130.0,1562.0,302.0,15.0,1.0,2.0,0.0,0.0,0.0,1.0,9637.0,11852.0,160.0,7716.0,9172.0,144.0,1921.0,2680.0,16.0,1.0,9.0,0.0,1.0,0.0,3.0
ESPORTSTMNT05_3239455,complete,,EM,2023,Summer,0,2023-08-22 15:44:30,1,13.15,3,Blue,mid,Czekolad,oe:player:6606138426fa9bbef349c96b4afbc77,BK ROG Esports,oe:team:c40f6d0d20a7a718c60342e48c144a2,Tristana,Kalista,Rumble,Ivern,Poppy,Sejuani,,,,,,1496,1,7,0,3,14,3,2.0,0.0,0.0,0.0,0.0,0.0,0.0,0.0,0.5615,0.6818,,,,,,,,,,,,,,,,,,,,,0.0,0.0,,,,,,,,1.0,0.0,23325.0,935.4947,0.364641,442.2594,646.9652,12.0,0.4813,8.0,0.3209,5.0,36.0,1.4439,14391,11064,443.7433,0.294653,11850.0,,,277.0,257.0,20.0,,,11.1096,3848.0,4788.0,100.0,3147.0,4415.0,84.0,701.0,373.0,16.0,0.0,0.0,0.0,0.0,0.0,0.0,6836.0,7816.0,154.0,5089.0,7675.0,148.0,1747.0,141.0,6.0,1.0,0.0,0.0,0.0,0.0,0.0,9799.0,10924.0,212.0,6786.0,10542.0,194.0,3013.0,382.0,18.0,2.0,1.0,0.0,0.0,0.0,0.0,14391.0,15479.0,277.0,8290.0,12545.0,225.0,6101.0,2934.0,52.0,7.0,3.0,0.0,0.0,3.0,2.0
ESPORTSTMNT05_3239455,complete,,EM,2023,Summer,0,2023-08-22 15:44:30,1,13.15,4,Blue,bot,Trigger,oe:player:5bc99370722c5ecbfa9b3c1e17338e6,BK ROG Esports,oe:team:c40f6d0d20a7a718c60342e48c144a2,Zeri,Kalista,Rumble,Ivern,Poppy,Sejuani,,,,,,1496,1,3,1,5,14,3,1.0,0.0,0.0,0.0,1.0,0.0,1.0,0.0,0.5615,0.6818,,,,,,,,,,,,,,,,,,,,,0.0,0.0,,,,,,,,0.0,0.0,9403.0,377.1257,0.146998,328.0348,232.0588,9.0,0.361,16.0,0.6417,5.0,45.0,1.8048,11862,8535,342.3128,0.227299,11625.0,,,266.0,240.0,26.0,,,10.6684,4126.0,3709.0,101.0,3242.0,3511.0,87.0,884.0,198.0,14.0,0.0,0.0,0.0,0.0,0.0,0.0,6184.0,6527.0,161.0,4971.0,5858.0,141.0,1213.0,669.0,20.0,0.0,1.0,0.0,0.0,0.0,0.0,8689.0,9517.0,220.0,6876.0,8327.0,197.0,1813.0,1190.0,23.0,1.0,2.0,0.0,0.0,0.0,0.0,11862.0,12899.0,266.0,8748.0,10229.0,227.0,3114.0,2670.0,39.0,3.0,5.0,1.0,1.0,1.0,3.0
ESPORTSTMNT05_3239455,complete,,EM,2023,Summer,0,2023-08-22 15:44:30,1,13.15,5,Blue,sup,Veignorem,oe:player:e1dbe2b979510dba78b229327292a10,BK ROG Esports,oe:team:c40f6d0d20a7a718c60342e48c144a2,Alistar,Kalista,Rumble,Ivern,Poppy,Sejuani,,,,,,1496,1,0,1,12,14,3,0.0,0.0,0.0,0.0,1.0,0.0,1.0,0.0,0.5615,0.6818,,,,,,,,,,,,,,,,,,,,,0.0,0.0,,,,,,,,0.0,0.0,3576.0,143.4225,0.0559038,463.9171,516.5775,40.0,1.6043,3.0,0.1203,11.0,70.0,2.8075,6616,3289,131.9118,0.0875833,4975.0,,,23.0,23.0,0.0,,,0.9225,2037.0,2730.0,12.0,2136.0,2540.0,17.0,-99.0,190.0,-5.0,0.0,0.0,0.0,0.0,0.0,0.0,3039.0,3446.0,17.0,3257.0,3861.0,26.0,-218.0,-415.0,-9.0,0.0,1.0,0.0,0.0,0.0,1.0,4139.0,4200.0,17.0,4231.0,4915.0,31.0,-92.0,-715.0,-14.0,0.0,3.0,0.0,0.0,0.0,1.0,6616.0,8612.0,23.0,5132.0,6669.0,33.0,1484.0,1943.0,-10.0,0.0,12.0,1.0,0.0,2.0,2.0
ESPORTSTMNT05_3239455,complete,,EM,2023,Summer,0,2023-08-22 15:44:30,1,13.15,6,Red,top,JNX,oe:player:4bb53c6fa9f5d75901136feb8bdf817,SK Gaming Prime,oe:team:aa8c3b781d96ddb7a24ab3240918988,Gnar,Taliyah,Xayah,Maokai,Nautilus,Rell,,,,,,1496,0,1,4,1,3,14,0.0,0.0,0.0,0.0,0.0,0.0,0.0,0.0,0.1203,0.6818,,,,,,,,,,,,,,,,,,,,,0.0,0.0,,,,,,,,0.0,0.0,16261.0,652.1791,0.365547,843.4893,745.5882,9.0,0.361,5.0,0.2005,1.0,22.0,0.8824,9340,6013,241.1631,0.266174,8908.0,,,234.0,230.0,4.0,,,9.385,3335.0,4969.0,89.0,3469.0,5212.0,91.0,-134.0,-243.0,-2.0,0.0,0.0,0.0,0.0,0.0,0.0,5397.0,7507.0,135.0,5818.0,8357.0,149.0,-421.0,-850.0,-14.0,0.0,0.0,1.0,0.0,1.0,0.0,7417.0,10398.0,193.0,8428.0,11771.0,212.0,-1011.0,-1373.0,-19.0,0.0,0.0,2.0,0.0,3.0,0.0,9340.0,13223.0,234.0,11679.0,15869.0,249.0,-2339.0,-2646.0,-15.0,1.0,1.0,4.0,3.0,5.0,1.0
ESPORTSTMNT05_3239455,complete,,EM,2023,Summer,0,2023-08-22 15:44:30,1,13.15,7,Red,jng,Lurox,oe:player:6fc5fe723eed4ba4c230292be365c66,SK Gaming Prime,oe:team:aa8c3b781d96ddb7a24ab3240918988,Wukong,Taliyah,Xayah,Maokai,Nautilus,Rell,,,,,,1496,0,1,3,0,3,14,0.0,0.0,0.0,0.0,0.0,0.0,0.0,0.0,0.1203,0.6818,,,,,,,,,,,,,,,,,,,,,0.0,1.0,,,,,,,,0.0,1.0,5867.0,235.3075,0.13189,940.7086,833.2219,6.0,0.2406,5.0,0.2005,6.0,25.0,1.0027,7716,4389,176.0294,0.19428,7225.0,,,144.0,17.0,127.0,,,5.7754,3072.0,3453.0,64.0,3464.0,3832.0,77.0,-392.0,-379.0,-13.0,0.0,0.0,0.0,0.0,0.0,0.0,4576.0,5536.0,97.0,5605.0,6355.0,115.0,-1029.0,-819.0,-18.0,0.0,0.0,0.0,1.0,0.0,0.0,5971.0,7905.0,130.0,7533.0,8207.0,145.0,-1562.0,-302.0,-15.0,0.0,0.0,1.0,1.0,2.0,0.0,7716.0,9172.0,144.0,9637.0,11852.0,160.0,-1921.0,-2680.0,-16.0,1.0,0.0,3.0,1.0,9.0,0.0
ESPORTSTMNT05_3239455,complete,,EM,2023,Summer,0,2023-08-22 15:44:30,1,13.15,8,Red,mid,FEBIVEN,oe:player:d62421836c8b27dc3ffaffa058b8098,SK Gaming Prime,oe:team:aa8c3b781d96ddb7a24ab3240918988,LeBlanc,Taliyah,Xayah,Maokai,Nautilus,Rell,,,,,,1496,0,0,2,3,3,14,0.0,0.0,0.0,0.0,0.0,0.0,0.0,0.0,0.1203,0.6818,,,,,,,,,,,,,,,,,,,,,0.0,0.0,,,,,,,,0.0,1.0,10057.0,403.3556,0.226081,637.0588,341.7112,6.0,0.2406,4.0,0.1604,1.0,18.0,0.7219,8290,4963,199.0508,0.219691,7875.0,,,225.0,225.0,0.0,,,9.0241,3147.0,4415.0,84.0,3848.0,4788.0,100.0,-701.0,-373.0,-16.0,0.0,0.0,0.0,0.0,0.0,0.0,5089.0,7675.0,148.0,6836.0,7816.0,154.0,-1747.0,-141.0,-6.0,0.0,0.0,0.0,1.0,0.0,0.0,6786.0,10542.0,194.0,9799.0,10924.0,212.0,-3013.0,-382.0,-18.0,0.0,0.0,0.0,2.0,1.0,0.0,8290.0,12545.0,225.0,14391.0,15479.0,277.0,-6101.0,-2934.0,-52.0,0.0,3.0,2.0,7.0,3.0,0.0
ESPORTSTMNT05_3239455,complete,,EM,2023,Summer,0,2023-08-22 15:44:30,1,13.15,9,Red,bot,Keduii,oe:player:44189e6dc3089dbf9520de800fa705a,SK Gaming Prime,oe:team:aa8c3b781d96ddb7a24ab3240918988,Kai'Sa,Taliyah,Xayah,Maokai,Nautilus,Rell,,,,,,1496,0,1,3,1,3,14,0.0,0.0,0.0,0.0,0.0,0.0,0.0,0.0,0.1203,0.6818,,,,,,,,,,,,,,,,,,,,,0.0,0.0,,,,,,,,0.0,0.0,8902.0,357.0321,0.200117,455.2941,297.2727,8.0,0.3209,6.0,0.2406,0.0,21.0,0.8422,8748,5421,217.4198,0.239967,8100.0,,,227.0,213.0,14.0,,,9.1043,3242.0,3511.0,87.0,4126.0,3709.0,101.0,-884.0,-198.0,-14.0,0.0,0.0,0.0,0.0,0.0,0.0,4971.0,5858.0,141.0,6184.0,6527.0,161.0,-1213.0,-669.0,-20.0,0.0,0.0,0.0,0.0,1.0,0.0,6876.0,8327.0,197.0,8689.0,9517.0,220.0,-1813.0,-1190.0,-23.0,0.0,0.0,0.0,1.0,2.0,0.0,8748.0,10229.0,227.0,11862.0,12899.0,266.0,-3114.0,-2670.0,-39.0,1.0,1.0,3.0,3.0,5.0,1.0
ESPORTSTMNT05_3239455,complete,,EM,2023,Summer,0,2023-08-22 15:44:30,1,13.15,10,Red,sup,Prime,oe:player:e038414b765a8bda52e602f7eaeff04,SK Gaming Prime,oe:team:aa8c3b781d96ddb7a24ab3240918988,Rakan,Taliyah,Xayah,Maokai,Nautilus,Rell,,,,,,1496,0,0,2,2,3,14,0.0,0.0,0.0,0.0,0.0,0.0,0.0,1.0,0.1203,0.6818,,,,,,,,,,,,,,,,,,,,,0.0,0.0,,,,,,,,0.0,0.0,3397.0,136.2433,0.0763645,440.7353,448.516,35.0,1.4037,9.0,0.361,12.0,65.0,2.607,5132,1805,72.393,0.0798874,4600.0,,,33.0,33.0,0.0,,,1.3235,2136.0,2540.0,17.0,2037.0,2730.0,12.0,99.0,-190.0,5.0,0.0,0.0,0.0,0.0,0.0,0.0,3257.0,3861.0,26.0,3039.0,3446.0,17.0,218.0,415.0,9.0,0.0,0.0,1.0,0.0,1.0,0.0,4231.0,4915.0,31.0,4139.0,4200.0,17.0,92.0,715.0,14.0,0.0,0.0,1.0,0.0,3.0,0.0,5132.0,6669.0,33.0,6616.0,8612.0,23.0,-1484.0,-1943.0,10.0,0.0,2.0,2.0,0.0,12.0,1.0
ESPORTSTMNT05_3239455,complete,,EM,2023,Summer,0,2023-08-22 15:44:30,1,13.15,100,Blue,team,,,BK ROG Esports,oe:team:c40f6d0d20a7a718c60342e48c144a2,,Kalista,Rumble,Ivern,Poppy,Sejuani,Tristana,Zeri,Amumu,Renekton,Alistar,1496,1,14,3,34,14,3,4.0,0.0,0.0,0.0,1.0,,,,0.5615,0.6818,1.0,3.0,1.0,3.0,1.0,1.0,0.0,2.0,0.0,0.0,0.0,,0.0,0.0,1.0,2.0,0.0,,,1.0,1.0,0.0,1.0,10.0,0.0,1.0,1.0,10.0,0.0,2.0,0.0,63967.0,2565.5214,,3266.9118,3163.3155,75.0,3.008,35.0,1.4037,30.0,206.0,8.262,54185,37548,1505.9358,,48325.0,0.273235,3.85,,776.0,199.0,,,39.1043,16944.0,20271.0,381.0,14932.0,18888.0,341.0,2012.0,1383.0,40.0,0.0,0.0,0.0,0.0,0.0,0.0,27482.0,32501.0,596.0,23290.0,30437.0,547.0,4192.0,2064.0,49.0,2.0,3.0,0.0,0.0,0.0,2.0,38588.0,44619.0,806.0,31281.0,42087.0,745.0,7307.0,2532.0,61.0,4.0,11.0,0.0,0.0,0.0,4.0,54185.0,64711.0,975.0,39226.0,51838.0,863.0,14959.0,12873.0,112.0,14.0,34.0,3.0,3.0,7.0,14.0
ESPORTSTMNT05_3239455,complete,,EM,2023,Summer,0,2023-08-22 15:44:30,1,13.15,200,Red,team,,,SK Gaming Prime,oe:team:aa8c3b781d96ddb7a24ab3240918988,,Taliyah,Xayah,Maokai,Nautilus,Rell,Kai'Sa,LeBlanc,Rakan,Wukong,Gnar,1496,0,3,14,7,3,14,0.0,0.0,0.0,0.0,0.0,,,,0.1203,0.6818,0.0,1.0,3.0,1.0,3.0,0.0,0.0,0.0,1.0,0.0,0.0,,0.0,0.0,0.0,0.0,2.0,,,0.0,0.0,1.0,0.0,0.0,10.0,0.0,0.0,0.0,10.0,0.0,2.0,44484.0,1784.1176,,3317.2861,2666.3102,64.0,2.5668,29.0,1.1631,20.0,151.0,6.0561,39226,22589,905.9759,,36708.0,-0.273235,-3.85,,718.0,145.0,,,34.6123,14932.0,18888.0,341.0,16944.0,20271.0,381.0,-2012.0,-1383.0,-40.0,0.0,0.0,0.0,0.0,0.0,0.0,23290.0,30437.0,547.0,27482.0,32501.0,596.0,-4192.0,-2064.0,-49.0,0.0,0.0,2.0,2.0,3.0,0.0,31281.0,42087.0,745.0,38588.0,44619.0,806.0,-7307.0,-2532.0,-61.0,0.0,0.0,4.0,4.0,11.0,0.0,39226.0,51838.0,863.0,54185.0,64711.0,975.0,-14959.0,-12873.0,-112.0,3.0,7.0,14.0,14.0,34.0,3.0
ESPORTSTMNT05_3240470,complete,,EM,2023,Summer,0,2023-08-22 15:55:05,1,13.15,1,Blue,top,fabFabulous,oe:player:d12be4fd740afa31c400833bee2cba4,NASR eSports Turkey,oe:team:1bcba9d314932379a955b3de9e8654d,Gragas,Nocturne,Taliyah,Poppy,Alistar,Renekton,,,,,,1891,1,7,1,8,26,15,2.0,0.0,0.0,0.0,0.0,0.0,0.0,0.0,0.825,1.3009,,,,,,,,,,,,,,,,,,,,,0.0,0.0,,,,,,,,1.0,0.0,25108.0,796.6579,0.226709,686.1766,760.0106,15.0,0.4759,3.0,0.0952,9.0,33.0,1.0471,13902,9769,309.963,0.223389,12225.0,,,246.0,238.0,8.0,,,7.8054,3209.0,5296.0,84.0,3445.0,4852.0,86.0,-236.0,444.0,-2.0,0.0,0.0,0.0,0.0,0.0,0.0,5977.0,8032.0,131.0,6157.0,7622.0,137.0,-180.0,410.0,-6.0,2.0,3.0,0.0,1.0,0.0,1.0,7752.0,10129.0,164.0,8480.0,9963.0,176.0,-728.0,166.0,-12.0,2.0,3.0,0.0,2.0,0.0,1.0,10657.0,13902.0,203.0,9483.0,11105.0,193.0,1174.0,2797.0,10.0,5.0,6.0,0.0,2.0,1.0,2.0
ESPORTSTMNT05_3240470,complete,,EM,2023,Summer,0,2023-08-22 15:55:05,1,13.15,2,Blue,jng,Typhoon,oe:player:8a729e3599082e74fcca776b295d0e1,NASR eSports Turkey,oe:team:1bcba9d314932379a955b3de9e8654d,Maokai,Nocturne,Taliyah,Poppy,Alistar,Renekton,,,,,,1891,1,4,2,16,26,15,0.0,0.0,0.0,0.0,0.0,0.0,0.0,0.0,0.825,1.3009,,,,,,,,,,,,,,,,,,,,,2.0,0.0,,,,,,,,0.0,0.0,22342.0,708.8948,0.201734,1075.1772,1347.2554,7.0,0.2221,9.0,0.2856,6.0,35.0,1.1105,11677,7544,239.3654,0.172508,9450.0,,,139.0,18.0,121.0,,,4.4104,2936.0,2786.0,51.0,3962.0,3016.0,44.0,-1026.0,-230.0,7.0,0.0,2.0,0.0,3.0,2.0,2.0,5226.0,5535.0,85.0,5931.0,4842.0,71.0,-705.0,693.0,14.0,1.0,9.0,0.0,4.0,4.0,5.0,6864.0,7333.0,111.0,7316.0,6993.0,98.0,-452.0,340.0,13.0,1.0,9.0,0.0,4.0,5.0,5.0,8710.0,9736.0,131.0,8899.0,9330.0,134.0,-189.0,406.0,-3.0,1.0,11.0,1.0,4.0,6.0,6.0
ESPORTSTMNT05_3240470,complete,,EM,2023,Summer,0,2023-08-22 15:55:05,1,13.15,3,Blue,mid,Whistle,oe:player:d62f8789d640fc4bf972663ddd10b77,NASR eSports Turkey,oe:team:1bcba9d314932379a955b3de9e8654d,Yasuo,Nocturne,Taliyah,Poppy,Alistar,Renekton,,,,,,1891,1,2,4,11,26,15,0.0,0.0,0.0,0.0,0.0,0.0,0.0,0.0,0.825,1.3009,,,,,,,,,,,,,,,,,,,,,0.0,0.0,,,,,,,,0.0,0.0,21012.0,666.6949,0.189725,702.0095,1200.5711,10.0,0.3173,15.0,0.4759,6.0,46.0,1.4595,12730,8597,272.7763,0.196588,12300.0,,,263.0,255.0,8.0,,,8.3448,3184.0,4633.0,84.0,3468.0,4467.0,79.0,-284.0,166.0,5.0,0.0,0.0,1.0,1.0,1.0,0.0,5617.0,7369.0,137.0,5684.0,6346.0,113.0,-67.0,1023.0,24.0,2.0,1.0,2.0,2.0,2.0,2.0,7452.0,10018.0,187.0,7467.0,9069.0,158.0,-15.0,949.0,29.0,2.0,1.0,3.0,2.0,3.0,2.0,9637.0,13294.0,219.0,8753.0,10602.0,186.0,884.0,2692.0,33.0,2.0,6.0,3.0,2.0,4.0,4.0
ESPORTSTMNT05_3240470,complete,,EM,2023,Summer,0,2023-08-22 15:55:05,1,13.15,4,Blue,bot,Scorth,oe:player:a177d116efe77552eb3068675c777f2,NASR eSports Turkey,oe:team:1bcba9d314932379a955b3de9e8654d,Xayah,Nocturne,Taliyah,Poppy,Alistar,Renekton,,,,,,1891,1,12,4,6,26,15,1.0,0.0,0.0,0.0,0.0,0.0,0.0,0.0,0.825,1.3009,,,,,,,,,,,,,,,,,,,,,0.0,0.0,,,,,,,,0.0,0.0,35911.0,1139.4289,0.324253,648.8948,323.67,8.0,0.2538,11.0,0.349,4.0,35.0,1.1105,17349,13216,419.3337,0.302214,15060.0,,,299.0,258.0,41.0,,,9.487,4180.0,3449.0,80.0,3310.0,3354.0,84.0,870.0,95.0,-4.0,2.0,1.0,2.0,0.0,2.0,1.0,7719.0,6483.0,126.0,4814.0,5120.0,117.0,2905.0,1363.0,9.0,6.0,2.0,3.0,0.0,3.0,3.0,10015.0,9023.0,190.0,6617.0,7157.0,166.0,3398.0,1866.0,24.0,6.0,2.0,3.0,0.0,3.0,3.0,13292.0,12508.0,240.0,8113.0,8390.0,192.0,5179.0,4118.0,48.0,9.0,4.0,3.0,1.0,3.0,4.0
ESPORTSTMNT05_3240470,complete,,EM,2023,Summer,0,2023-08-22 15:55:05,1,13.15,5,Blue,sup,Patch,oe:player:7c8d8bf5d11af12d15aad3ce6bf5522,NASR eSports Turkey,oe:team:1bcba9d314932379a955b3de9e8654d,Rell,Nocturne,Taliyah,Poppy,Alistar,Renekton,,,,,,1891,1,1,4,23,26,15,0.0,0.0,0.0,0.0,0.0,0.0,0.0,1.0,0.825,1.3009,,,,,,,,,,,,,,,,,,,,,0.0,0.0,,,,,,,,0.0,0.0,6377.0,202.3374,0.0575801,543.7441,744.0508,50.0,1.5865,11.0,0.349,19.0,108.0,3.4268,8738,4605,146.1132,0.1053,7600.0,,,28.0,28.0,0.0,,,0.8884,2327.0,1721.0,9.0,2724.0,2516.0,13.0,-397.0,-795.0,-4.0,1.0,2.0,2.0,1.0,4.0,0.0,3689.0,3513.0,14.0,4108.0,3783.0,27.0,-419.0,-270.0,-13.0,1.0,9.0,3.0,1.0,6.0,1.0,4724.0,4006.0,17.0,5218.0,4917.0,36.0,-494.0,-911.0,-19.0,1.0,9.0,3.0,1.0,7.0,1.0,6528.0,7034.0,23.0,6082.0,6049.0,37.0,446.0,985.0,-14.0,1.0,15.0,3.0,1.0,8.0,2.0
ESPORTSTMNT05_3240470,complete,,EM,2023,Summer,0,2023-08-22 15:55:05,1,13.15,6,Red,top,Marky,oe:player:197e012fb5163375e24dbbfdae34911,Movistar KOI,oe:team:4acc40654379b4da680be1bd3129dfa,Aatrox,Rumble,LeBlanc,Kai'Sa,K'Sante,Tristana,,,,,,1891,0,3,3,3,15,26,0.0,0.0,0.0,0.0,0.0,0.0,0.0,0.0,0.4759,1.3009,,,,,,,,,,,,,,,,,,,,,0.0,0.0,,,,,,,,0.0,1.0,16918.0,536.7953,0.203775,1034.2782,899.5875,8.0,0.2538,4.0,0.1269,3.0,27.0,0.8567,11887,7754,246.0286,0.234814,11175.0,,,229.0,221.0,8.0,,,7.266,3445.0,4852.0,86.0,3209.0,5296.0,84.0,236.0,-444.0,2.0,0.0,0.0,0.0,0.0,0.0,0.0,6157.0,7622.0,137.0,5977.0,8032.0,131.0,180.0,-410.0,6.0,1.0,0.0,1.0,2.0,3.0,0.0,8480.0,9963.0,176.0,7752.0,10129.0,164.0,728.0,-166.0,12.0,2.0,0.0,1.0,2.0,3.0,0.0,9483.0,11105.0,193.0,10657.0,13902.0,203.0,-1174.0,-2797.0,-10.0,2.0,1.0,2.0,5.0,6.0,0.0
ESPORTSTMNT05_3240470,complete,,EM,2023,Summer,0,2023-08-22 15:55:05,1,13.15,7,Red,jng,ISMA,oe:player:5450c7731de19c131ce20ea74933cc2,Movistar KOI,oe:team:4acc40654379b4da680be1bd3129dfa,Sejuani,Rumble,LeBlanc,Kai'Sa,K'Sante,Tristana,,,,,,1891,0,6,7,7,15,26,1.0,0.0,0.0,0.0,1.0,1.0,0.0,0.0,0.4759,1.3009,,,,,,,,,,,,,,,,,,,,,0.0,2.0,,,,,,,,0.0,0.0,13968.0,443.1941,0.168243,1181.7874,1692.0571,6.0,0.1904,9.0,0.2856,5.0,33.0,1.0471,11633,7500,237.9693,0.227122,11575.0,,,156.0,24.0,132.0,,,4.9498,3962.0,3016.0,44.0,2936.0,2786.0,51.0,1026.0,230.0,-7.0,3.0,2.0,2.0,0.0,2.0,0.0,5931.0,4842.0,71.0,5226.0,5535.0,85.0,705.0,-693.0,-14.0,4.0,4.0,5.0,1.0,9.0,0.0,7316.0,6993.0,98.0,6864.0,7333.0,111.0,452.0,-340.0,-13.0,4.0,5.0,5.0,1.0,9.0,0.0,8899.0,9330.0,134.0,8710.0,9736.0,131.0,189.0,-406.0,3.0,4.0,6.0,6.0,1.0,11.0,1.0
ESPORTSTMNT05_3240470,complete,,EM,2023,Summer,0,2023-08-22 15:55:05,1,13.15,8,Red,mid,Fresskowy,oe:player:cda093b28f577696b82604fb20037ad,Movistar KOI,oe:team:4acc40654379b4da680be1bd3129dfa,Ahri,Rumble,LeBlanc,Kai'Sa,K'Sante,Tristana,,,,,,1891,0,2,7,7,15,26,0.0,0.0,0.0,0.0,0.0,0.0,0.0,0.0,0.4759,1.3009,,,,,,,,,,,,,,,,,,,,,0.0,0.0,,,,,,,,0.0,0.0,17757.0,563.4162,0.21388,853.5167,548.2179,12.0,0.3808,3.0,0.0952,4.0,35.0,1.1105,10763,6630,210.3649,0.200775,10000.0,,,216.0,216.0,0.0,,,6.8535,3468.0,4467.0,79.0,3184.0,4633.0,84.0,284.0,-166.0,-5.0,1.0,1.0,0.0,0.0,0.0,1.0,5684.0,6346.0,113.0,5617.0,7369.0,137.0,67.0,-1023.0,-24.0,2.0,2.0,2.0,2.0,1.0,2.0,7467.0,9069.0,158.0,7452.0,10018.0,187.0,15.0,-949.0,-29.0,2.0,3.0,2.0,2.0,1.0,3.0,8753.0,10602.0,186.0,9637.0,13294.0,219.0,-884.0,-2692.0,-33.0,2.0,4.0,4.0,2.0,6.0,3.0
ESPORTSTMNT05_3240470,complete,,EM,2023,Summer,0,2023-08-22 15:55:05,1,13.15,9,Red,bot,Supa,oe:player:1223a0ed2bfab9b714c72d965df8133,Movistar KOI,oe:team:4acc40654379b4da680be1bd3129dfa,Ezreal,Rumble,LeBlanc,Kai'Sa,K'Sante,Tristana,,,,,,1891,0,3,5,3,15,26,0.0,0.0,0.0,0.0,0.0,0.0,0.0,0.0,0.4759,1.3009,,,,,,,,,,,,,,,,,,,,,0.0,0.0,,,,,,,,0.0,0.0,25668.0,814.4262,0.309167,660.8884,374.2782,7.0,0.2221,4.0,0.1269,0.0,14.0,0.4442,11842,7709,244.6007,0.233452,11933.0,,,252.0,241.0,11.0,,,7.9958,3310.0,3354.0,84.0,4180.0,3449.0,80.0,-870.0,-95.0,4.0,0.0,2.0,1.0,2.0,1.0,2.0,4814.0,5120.0,117.0,7719.0,6483.0,126.0,-2905.0,-1363.0,-9.0,0.0,3.0,3.0,6.0,2.0,3.0,6617.0,7157.0,166.0,10015.0,9023.0,190.0,-3398.0,-1866.0,-24.0,0.0,3.0,3.0,6.0,2.0,3.0,8113.0,8390.0,192.0,13292.0,12508.0,240.0,-5179.0,-4118.0,-48.0,1.0,3.0,4.0,9.0,4.0,3.0
ESPORTSTMNT05_3240470,complete,,EM,2023,Summer,0,2023-08-22 15:55:05,1,13.15,10,Red,sup,Alvaro,oe:player:f5bf9bd732b85e4dcab5121e4769ae4,Movistar KOI,oe:team:4acc40654379b4da680be1bd3129dfa,Rakan,Rumble,LeBlanc,Kai'Sa,K'Sante,Tristana,,,,,,1891,0,1,4,11,15,26,0.0,0.0,0.0,0.0,1.0,0.0,1.0,0.0,0.4759,1.3009,,,,,,,,,,,,,,,,,,,,,0.0,0.0,,,,,,,,0.0,0.0,8712.0,276.4252,0.104935,786.6631,849.3601,50.0,1.5865,10.0,0.3173,18.0,95.0,3.0143,7562,3429,108.7996,0.103836,7425.0,,,41.0,41.0,0.0,,,1.3009,2724.0,2516.0,13.0,2327.0,1721.0,9.0,397.0,795.0,4.0,1.0,4.0,0.0,1.0,2.0,2.0,4108.0,3783.0,27.0,3689.0,3513.0,14.0,419.0,270.0,13.0,1.0,6.0,1.0,1.0,9.0,3.0,5218.0,4917.0,36.0,4724.0,4006.0,17.0,494.0,911.0,19.0,1.0,7.0,1.0,1.0,9.0,3.0,6082.0,6049.0,37.0,6528.0,7034.0,23.0,-446.0,-985.0,14.0,1.0,8.0,2.0,1.0,15.0,3.0
ESPORTSTMNT05_3240470,complete,,EM,2023,Summer,0,2023-08-22 15:55:05,1,13.15,100,Blue,team,,,NASR eSports Turkey,oe:team:1bcba9d314932379a955b3de9e8654d,,Nocturne,Taliyah,Poppy,Alistar,Renekton,Maokai,Xayah,Rell,Gragas,Yasuo,1891,1,26,15,64,26,15,3.0,0.0,0.0,0.0,0.0,,,,0.825,1.3009,1.0,2.0,1.0,2.0,1.0,0.0,0.0,1.0,1.0,0.0,0.0,,0.0,0.0,0.0,1.0,1.0,,,1.0,2.0,0.0,0.0,10.0,2.0,1.0,1.0,4.0,6.0,1.0,0.0,110750.0,3514.0137,,3656.0021,4375.5579,90.0,2.8556,49.0,1.5547,44.0,257.0,8.1544,64396,43730,1387.5198,,56635.0,0.0832605,0.84,,797.0,178.0,,,30.936,15836.0,17885.0,308.0,16909.0,18205.0,306.0,-1073.0,-320.0,2.0,3.0,5.0,5.0,5.0,9.0,3.0,28228.0,30932.0,493.0,26694.0,27713.0,465.0,1534.0,3219.0,28.0,12.0,24.0,8.0,8.0,15.0,12.0,36807.0,40509.0,669.0,35098.0,38099.0,634.0,1709.0,2410.0,35.0,12.0,24.0,9.0,9.0,18.0,12.0,48824.0,56474.0,816.0,41330.0,45476.0,742.0,7494.0,10998.0,74.0,18.0,42.0,10.0,10.0,22.0,18.0
ESPORTSTMNT05_3240470,complete,,EM,2023,Summer,0,2023-08-22 15:55:05,1,13.15,200,Red,team,,,Movistar KOI,oe:team:4acc40654379b4da680be1bd3129dfa,,Rumble,LeBlanc,Kai'Sa,K'Sante,Tristana,Sejuani,Ahri,Ezreal,Aatrox,Rakan,1891,0,15,26,31,15,26,1.0,0.0,0.0,0.0,1.0,,,,0.4759,1.3009,0.0,1.0,2.0,1.0,2.0,0.0,0.0,0.0,0.0,0.0,1.0,,0.0,0.0,1.0,1.0,1.0,,,0.0,0.0,2.0,1.0,2.0,10.0,0.0,0.0,6.0,4.0,0.0,1.0,83023.0,2634.257,,4517.1338,4363.5008,83.0,2.6335,30.0,0.9519,30.0,204.0,6.4728,53687,33021,1047.7314,,52108.0,-0.0832605,-0.84,,743.0,151.0,,,28.3659,16909.0,18205.0,306.0,15836.0,17885.0,308.0,1073.0,320.0,-2.0,5.0,9.0,3.0,3.0,5.0,5.0,26694.0,27713.0,465.0,28228.0,30932.0,493.0,-1534.0,-3219.0,-28.0,8.0,15.0,12.0,12.0,24.0,8.0,35098.0,38099.0,634.0,36807.0,40509.0,669.0,-1709.0,-2410.0,-35.0,9.0,18.0,12.0,12.0,24.0,9.0,41330.0,45476.0,742.0,48824.0,56474.0,816.0,-7494.0,-10998.0,-74.0,10.0,22.0,18.0,18.0,42.0,10.0
ESPORTSTMNT05_3241497,complete,,EM,2023,Summer,0,2023-08-22 16:33:44,1,13.15,1,Blue,top,Howling,oe:player:4f6302984cea43e6384d488973fe1d2,BK ROG Esports,oe:team:c40f6d0d20a7a718c60342e48c144a2,Jax,Ziggs,Poppy,Neeko,Ahri,Annie,,,,,,1439,1,7,1,4,18,7,0.0,0.0,0.0,0.0,1.0,0.0,1.0,0.0,0.7505,1.0424,,,,,,,,,,,,,,,,,,,,,0.0,0.0,,,,,,,,1.0,0.0,20344.0,848.2557,0.315098,652.8284,490.3405,8.0,0.3336,6.0,0.2502,2.0,19.0,0.7922,13746,10535,439.2634,0.287223,11533.0,,,235.0,235.0,0.0,,,9.7985,4583.0,5008.0,85.0,2661.0,3847.0,62.0,1922.0,1161.0,23.0,1.0,2.0,0.0,0.0,0.0,2.0,7670.0,8588.0,135.0,4119.0,5887.0,100.0,3551.0,2701.0,35.0,3.0,3.0,0.0,0.0,0.0,3.0,10597.0,11560.0,190.0,5732.0,8463.0,137.0,4865.0,3097.0,53.0,4.0,3.0,1.0,0.0,2.0,4.0,,,,,,,,,,,,,,,
ESPORTSTMNT05_3241497,complete,,EM,2023,Summer,0,2023-08-22 16:33:44,1,13.15,2,Blue,jng,Pridestalkr,oe:player:99594a251af944b3571fe7f37363303,BK ROG Esports,oe:team:c40f6d0d20a7a718c60342e48c144a2,Sejuani,Ziggs,Poppy,Neeko,Ahri,Annie,,,,,,1439,1,3,2,6,18,7,1.0,0.0,0.0,0.0,1.0,1.0,0.0,0.0,0.7505,1.0424,,,,,,,,,,,,,,,,,,,,,1.0,0.0,,,,,,,,0.0,0.0,10277.0,428.5059,0.159175,994.524,1414.9826,6.0,0.2502,8.0,0.3336,6.0,32.0,1.3343,10220,7009,292.2446,0.19109,9325.0,,,162.0,20.0,142.0,,,6.7547,4462.0,3527.0,68.0,3227.0,2984.0,53.0,1235.0,543.0,15.0,3.0,1.0,0.0,1.0,0.0,1.0,6813.0,6195.0,115.0,5213.0,4898.0,80.0,1600.0,1297.0,35.0,3.0,3.0,1.0,2.0,0.0,3.0,8594.0,7901.0,143.0,8334.0,8010.0,107.0,260.0,-109.0,36.0,3.0,3.0,2.0,6.0,0.0,3.0,,,,,,,,,,,,,,,
ESPORTSTMNT05_3241497,complete,,EM,2023,Summer,0,2023-08-22 16:33:44,1,13.15,3,Blue,mid,Czekolad,oe:player:6606138426fa9bbef349c96b4afbc77,BK ROG Esports,oe:team:c40f6d0d20a7a718c60342e48c144a2,Azir,Ziggs,Poppy,Neeko,Ahri,Annie,,,,,,1439,1,3,1,7,18,7,0.0,0.0,0.0,0.0,0.0,0.0,0.0,0.0,0.7505,1.0424,,,,,,,,,,,,,,,,,,,,,0.0,0.0,,,,,,,,0.0,0.0,14349.0,598.2905,0.222245,541.376,386.2682,11.0,0.4587,4.0,0.1668,4.0,29.0,1.2092,10046,6835,284.9896,0.186346,9275.0,,,199.0,195.0,4.0,,,8.2974,3401.0,5007.0,87.0,3239.0,4774.0,88.0,162.0,233.0,-1.0,0.0,1.0,0.0,0.0,0.0,1.0,5686.0,7976.0,135.0,5226.0,7668.0,142.0,460.0,308.0,-7.0,1.0,2.0,0.0,0.0,1.0,2.0,7703.0,10429.0,170.0,7740.0,11141.0,197.0,-37.0,-712.0,-27.0,2.0,3.0,1.0,1.0,3.0,3.0,,,,,,,,,,,,,,,
ESPORTSTMNT05_3241497,complete,,EM,2023,Summer,0,2023-08-22 16:33:44,1,13.15,4,Blue,bot,Trigger,oe:player:5bc99370722c5ecbfa9b3c1e17338e6,BK ROG Esports,oe:team:c40f6d0d20a7a718c60342e48c144a2,Ezreal,Ziggs,Poppy,Neeko,Ahri,Annie,,,,,,1439,1,4,2,0,18,7,1.0,0.0,0.0,0.0,0.0,0.0,0.0,0.0,0.7505,1.0424,,,,,,,,,,,,,,,,,,,,,0.0,0.0,,,,,,,,1.0,0.0,15617.0,651.1605,0.241884,555.9277,286.7825,8.0,0.3336,9.0,0.3753,2.0,20.0,0.8339,12602,9391,391.5636,0.256033,9383.0,,,259.0,239.0,20.0,,,10.7992,3648.0,3138.0,92.0,3329.0,3391.0,74.0,319.0,-253.0,18.0,1.0,0.0,1.0,0.0,1.0,0.0,7032.0,5674.0,147.0,4824.0,5199.0,120.0,2208.0,475.0,27.0,1.0,0.0,1.0,0.0,1.0,0.0,9494.0,8498.0,212.0,6522.0,7853.0,168.0,2972.0,645.0,44.0,1.0,0.0,2.0,0.0,2.0,0.0,,,,,,,,,,,,,,,
ESPORTSTMNT05_3241497,complete,,EM,2023,Summer,0,2023-08-22 16:33:44,1,13.15,5,Blue,sup,Veignorem,oe:player:e1dbe2b979510dba78b229327292a10,BK ROG Esports,oe:team:c40f6d0d20a7a718c60342e48c144a2,Alistar,Ziggs,Poppy,Neeko,Ahri,Annie,,,,,,1439,1,1,1,5,18,7,0.0,0.0,0.0,0.0,0.0,0.0,0.0,0.0,0.7505,1.0424,,,,,,,,,,,,,,,,,,,,,0.0,0.0,,,,,,,,0.0,0.0,3977.0,165.8235,0.0615978,479.2078,582.5712,39.0,1.6261,7.0,0.2919,10.0,65.0,2.7102,6120,2909,121.2926,0.0793071,4900.0,,,28.0,28.0,0.0,,,1.1675,2229.0,2739.0,14.0,2048.0,2273.0,15.0,181.0,466.0,-1.0,0.0,1.0,0.0,0.0,0.0,1.0,3725.0,3584.0,23.0,3166.0,3561.0,27.0,559.0,23.0,-4.0,1.0,1.0,0.0,0.0,0.0,1.0,4707.0,4270.0,25.0,4284.0,5024.0,33.0,423.0,-754.0,-8.0,1.0,1.0,1.0,0.0,3.0,1.0,,,,,,,,,,,,,,,
ESPORTSTMNT05_3241497,complete,,EM,2023,Summer,0,2023-08-22 16:33:44,1,13.15,6,Red,top,Matixx,oe:player:89bee56a2a53bdf22737c6d43eedb9c,AliorBank Team,oe:team:ccf3ac6ecc7f9a46f87a052deebe32e,K'Sante,Tristana,Jayce,Amumu,Kai'Sa,Zeri,,,,,,1439,0,0,4,2,7,18,0.0,0.0,0.0,0.0,0.0,0.0,0.0,1.0,0.2919,1.0424,,,,,,,,,,,,,,,,,,,,,0.0,0.0,,,,,,,,0.0,1.0,8308.0,346.4072,0.186583,888.5754,983.3079,6.0,0.2502,2.0,0.0834,0.0,10.0,0.417,6884,3673,153.148,0.172757,6800.0,,,163.0,162.0,1.0,,,6.7964,2661.0,3847.0,62.0,4583.0,5008.0,85.0,-1922.0,-1161.0,-23.0,0.0,0.0,2.0,1.0,2.0,0.0,4119.0,5887.0,100.0,7670.0,8588.0,135.0,-3551.0,-2701.0,-35.0,0.0,0.0,3.0,3.0,3.0,0.0,5732.0,8463.0,137.0,10597.0,11560.0,190.0,-4865.0,-3097.0,-53.0,0.0,2.0,4.0,4.0,3.0,1.0,,,,,,,,,,,,,,,
ESPORTSTMNT05_3241497,complete,,EM,2023,Summer,0,2023-08-22 16:33:44,1,13.15,7,Red,jng,adi1,oe:player:6b7ca7e0fcad1f113f17bc2d30adbf5,AliorBank Team,oe:team:ccf3ac6ecc7f9a46f87a052deebe32e,Wukong,Tristana,Jayce,Amumu,Kai'Sa,Zeri,,,,,,1439,0,6,5,0,7,18,2.0,0.0,0.0,0.0,0.0,0.0,0.0,0.0,0.2919,1.0424,,,,,,,,,,,,,,,,,,,,,0.0,1.0,,,,,,,,0.0,0.0,10343.0,431.2578,0.232286,1047.1855,804.1418,10.0,0.417,8.0,0.3336,9.0,32.0,1.3343,9117,5906,246.2543,0.277789,9025.0,,,117.0,15.0,102.0,,,4.8784,3227.0,2984.0,53.0,4462.0,3527.0,68.0,-1235.0,-543.0,-15.0,1.0,0.0,1.0,3.0,1.0,0.0,5213.0,4898.0,80.0,6813.0,6195.0,115.0,-1600.0,-1297.0,-35.0,2.0,0.0,3.0,3.0,3.0,1.0,8334.0,8010.0,107.0,8594.0,7901.0,143.0,-260.0,109.0,-36.0,6.0,0.0,3.0,3.0,3.0,2.0,,,,,,,,,,,,,,,
ESPORTSTMNT05_3241497,complete,,EM,2023,Summer,0,2023-08-22 16:33:44,1,13.15,8,Red,mid,many,oe:player:9970a9b7dfef2df3002d7217596010e,AliorBank Team,oe:team:ccf3ac6ecc7f9a46f87a052deebe32e,Syndra,Tristana,Jayce,Amumu,Kai'Sa,Zeri,,,,,,1439,0,1,5,3,7,18,0.0,0.0,0.0,0.0,0.0,0.0,0.0,0.0,0.2919,1.0424,,,,,,,,,,,,,,,,,,,,,0.0,0.0,,,,,,,,0.0,0.0,10699.0,446.1015,0.240281,520.4448,271.3551,9.0,0.3753,3.0,0.1251,2.0,18.0,0.7505,8516,5305,221.1953,0.24952,8235.0,,,214.0,214.0,0.0,,,8.9229,3239.0,4774.0,88.0,3401.0,5007.0,87.0,-162.0,-233.0,1.0,0.0,0.0,1.0,0.0,1.0,0.0,5226.0,7668.0,142.0,5686.0,7976.0,135.0,-460.0,-308.0,7.0,0.0,1.0,2.0,1.0,2.0,0.0,7740.0,11141.0,197.0,7703.0,10429.0,170.0,37.0,712.0,27.0,1.0,3.0,3.0,2.0,3.0,1.0,,,,,,,,,,,,,,,
ESPORTSTMNT05_3241497,complete,,EM,2023,Summer,0,2023-08-22 16:33:44,1,13.15,9,Red,bot,svns,oe:player:1ecc2cf8dc5f05719ca235f6d0be5e2,AliorBank Team,oe:team:ccf3ac6ecc7f9a46f87a052deebe32e,Xayah,Tristana,Jayce,Amumu,Kai'Sa,Zeri,,,,,,1439,0,0,1,2,7,18,0.0,0.0,0.0,0.0,0.0,0.0,0.0,0.0,0.2919,1.0424,,,,,,,,,,,,,,,,,,,,,0.0,0.0,,,,,,,,0.0,1.0,10040.0,418.624,0.225481,478.0403,249.2981,11.0,0.4587,2.0,0.0834,4.0,19.0,0.7922,7834,4623,192.7589,0.217441,7300.0,,,204.0,194.0,10.0,,,8.5059,3329.0,3391.0,74.0,3648.0,3138.0,92.0,-319.0,253.0,-18.0,0.0,1.0,0.0,1.0,0.0,1.0,4824.0,5199.0,120.0,7032.0,5674.0,147.0,-2208.0,-475.0,-27.0,0.0,1.0,0.0,1.0,0.0,1.0,6522.0,7853.0,168.0,9494.0,8498.0,212.0,-2972.0,-645.0,-44.0,0.0,2.0,0.0,1.0,0.0,2.0,,,,,,,,,,,,,,,
ESPORTSTMNT05_3241497,complete,,EM,2023,Summer,0,2023-08-22 16:33:44,1,13.15,10,Red,sup,minemaciek,oe:player:1f892f04e94e144dadcc8be197d4f5b,AliorBank Team,oe:team:ccf3ac6ecc7f9a46f87a052deebe32e,Rakan,Tristana,Jayce,Amumu,Kai'Sa,Zeri,,,,,,1439,0,0,3,3,7,18,0.0,0.0,0.0,0.0,0.0,0.0,0.0,0.0,0.2919,1.0424,,,,,,,,,,,,,,,,,,,,,0.0,0.0,,,,,,,,0.0,0.0,5137.0,214.1904,0.115368,461.3621,513.1063,44.0,1.8346,11.0,0.4587,9.0,82.0,3.419,4965,1754,73.1341,0.0824941,4900.0,,,36.0,35.0,1.0,,,1.501,2048.0,2273.0,15.0,2229.0,2739.0,14.0,-181.0,-466.0,1.0,0.0,0.0,1.0,0.0,1.0,0.0,3166.0,3561.0,27.0,3725.0,3584.0,23.0,-559.0,-23.0,4.0,0.0,0.0,1.0,1.0,1.0,0.0,4284.0,5024.0,33.0,4707.0,4270.0,25.0,-423.0,754.0,8.0,0.0,3.0,1.0,1.0,1.0,1.0,,,,,,,,,,,,,,,
ESPORTSTMNT05_3241497,complete,,EM,2023,Summer,0,2023-08-22 16:33:44,1,13.15,100,Blue,team,,,BK ROG Esports,oe:team:c40f6d0d20a7a718c60342e48c144a2,,Ziggs,Poppy,Neeko,Ahri,Annie,Azir,Alistar,Sejuani,Ezreal,Jax,1439,1,18,7,22,18,7,2.0,0.0,0.0,0.0,1.0,,,,0.7505,1.0424,1.0,2.0,0.0,2.0,0.0,0.0,0.0,1.0,0.0,1.0,0.0,,0.0,0.0,1.0,2.0,0.0,,,1.0,1.0,0.0,1.0,10.0,0.0,1.0,1.0,11.0,2.0,2.0,0.0,64564.0,2692.0361,,3223.8638,3160.9451,72.0,3.0021,34.0,1.4177,24.0,165.0,6.8798,52734,36678,1529.312,,44416.0,0.202191,5.31,,717.0,166.0,,,36.8172,18323.0,19419.0,346.0,14504.0,17269.0,292.0,3819.0,2150.0,54.0,5.0,5.0,1.0,1.0,1.0,5.0,30926.0,32017.0,555.0,22548.0,27213.0,469.0,8378.0,4804.0,86.0,9.0,9.0,2.0,2.0,2.0,9.0,41095.0,42658.0,740.0,32612.0,40491.0,642.0,8483.0,2167.0,98.0,11.0,10.0,7.0,7.0,10.0,11.0,,,,,,,,,,,,,,,
ESPORTSTMNT05_3241497,complete,,EM,2023,Summer,0,2023-08-22 16:33:44,1,13.15,200,Red,team,,,AliorBank Team,oe:team:ccf3ac6ecc7f9a46f87a052deebe32e,,Tristana,Jayce,Amumu,Kai'Sa,Zeri,Xayah,Rakan,Wukong,Syndra,K'Sante,1439,0,7,18,10,7,18,2.0,0.0,0.0,0.0,0.0,,,,0.2919,1.0424,0.0,0.0,2.0,0.0,2.0,0.0,0.0,0.0,0.0,0.0,0.0,,0.0,0.0,0.0,0.0,2.0,,,0.0,0.0,1.0,0.0,0.0,10.0,0.0,0.0,2.0,11.0,0.0,2.0,44527.0,1856.581,,3395.6081,2821.2092,80.0,3.3356,26.0,1.0841,24.0,161.0,6.713,37316,21260,886.4489,,36260.0,-0.202191,-5.31,,620.0,114.0,,,30.6046,14504.0,17269.0,292.0,18323.0,19419.0,346.0,-3819.0,-2150.0,-54.0,1.0,1.0,5.0,5.0,5.0,1.0,22548.0,27213.0,469.0,30926.0,32017.0,555.0,-8378.0,-4804.0,-86.0,2.0,2.0,9.0,9.0,9.0,2.0,32612.0,40491.0,642.0,41095.0,42658.0,740.0,-8483.0,-2167.0,-98.0,7.0,10.0,11.0,11.0,10.0,7.0,,,,,,,,,,,,,,,
ESPORTSTMNT05_3239459,complete,,EM,2023,Summer,0,2023-08-22 16:51:18,1,13.15,1,Blue,top,fabFabulous,oe:player:d12be4fd740afa31c400833bee2cba4,NASR eSports Turkey,oe:team:1bcba9d314932379a955b3de9e8654d,K'Sante,Tristana,Poppy,Taliyah,Fiora,Renekton,,,,,,2037,0,4,5,3,14,23,0.0,0.0,0.0,0.0,0.0,0.0,0.0,0.0,0.4124,1.0898,,,,,,,,,,,,,,,,,,,,,0.0,0.0,,,,,,,,0.0,0.0,21552.0,634.8159,0.229575,932.7835,1455.729,14.0,0.4124,7.0,0.2062,11.0,41.0,1.2077,12293,7862,231.5758,0.205044,12375.0,,,227.0,223.0,4.0,,,6.6863,3346.0,4958.0,87.0,2986.0,4782.0,71.0,360.0,176.0,16.0,0.0,0.0,0.0,0.0,0.0,0.0,5712.0,8455.0,138.0,4670.0,7131.0,109.0,1042.0,1324.0,29.0,1.0,0.0,0.0,0.0,0.0,1.0,7245.0,10561.0,175.0,6437.0,9839.0,156.0,808.0,722.0,19.0,1.0,0.0,2.0,0.0,0.0,1.0,9301.0,13074.0,198.0,9396.0,13129.0,202.0,-95.0,-55.0,-4.0,3.0,1.0,3.0,3.0,2.0,1.0
ESPORTSTMNT05_3239459,complete,,EM,2023,Summer,0,2023-08-22 16:51:18,1,13.15,2,Blue,jng,Typhoon,oe:player:8a729e3599082e74fcca776b295d0e1,NASR eSports Turkey,oe:team:1bcba9d314932379a955b3de9e8654d,Viego,Tristana,Poppy,Taliyah,Fiora,Renekton,,,,,,2037,0,1,3,5,14,23,0.0,0.0,0.0,0.0,1.0,0.0,1.0,0.0,0.4124,1.0898,,,,,,,,,,,,,,,,,,,,,1.0,1.0,,,,,,,,0.0,0.0,6332.0,186.5096,0.0674492,872.2828,883.8292,6.0,0.1767,16.0,0.4713,8.0,62.0,1.8262,11018,6587,194.0206,0.171791,9958.0,,,197.0,40.0,157.0,,,5.8027,3373.0,3612.0,68.0,3083.0,3390.0,66.0,290.0,222.0,2.0,0.0,2.0,0.0,0.0,0.0,0.0,5164.0,5596.0,96.0,4453.0,5264.0,90.0,711.0,332.0,6.0,1.0,2.0,0.0,0.0,2.0,0.0,6771.0,7742.0,130.0,6405.0,6905.0,103.0,366.0,837.0,27.0,1.0,2.0,1.0,2.0,6.0,1.0,7876.0,9454.0,148.0,7543.0,8967.0,111.0,333.0,487.0,37.0,1.0,3.0,2.0,2.0,12.0,1.0
ESPORTSTMNT05_3239459,complete,,EM,2023,Summer,0,2023-08-22 16:51:18,1,13.15,3,Blue,mid,Whistle,oe:player:d62f8789d640fc4bf972663ddd10b77,NASR eSports Turkey,oe:team:1bcba9d314932379a955b3de9e8654d,Sylas,Tristana,Poppy,Taliyah,Fiora,Renekton,,,,,,2037,0,3,6,2,14,23,0.0,0.0,0.0,0.0,0.0,0.0,0.0,0.0,0.4124,1.0898,,,,,,,,,,,,,,,,,,,,,0.0,0.0,,,,,,,,0.0,1.0,20810.0,612.9602,0.221671,1028.542,1219.9411,9.0,0.2651,11.0,0.324,5.0,50.0,1.4728,12794,8363,246.3328,0.21811,12375.0,,,241.0,237.0,4.0,,,7.0987,3486.0,4492.0,78.0,3475.0,4842.0,91.0,11.0,-350.0,-13.0,1.0,0.0,0.0,0.0,0.0,0.0,5496.0,6795.0,126.0,5163.0,7634.0,140.0,333.0,-839.0,-14.0,1.0,0.0,1.0,0.0,0.0,0.0,7715.0,9008.0,166.0,7692.0,10643.0,185.0,23.0,-1635.0,-19.0,2.0,0.0,2.0,2.0,3.0,0.0,9617.0,11649.0,208.0,9667.0,13553.0,239.0,-50.0,-1904.0,-31.0,2.0,2.0,4.0,2.0,6.0,1.0
ESPORTSTMNT05_3239459,complete,,EM,2023,Summer,0,2023-08-22 16:51:18,1,13.15,4,Blue,bot,Scorth,oe:player:a177d116efe77552eb3068675c777f2,NASR eSports Turkey,oe:team:1bcba9d314932379a955b3de9e8654d,Kai'Sa,Tristana,Poppy,Taliyah,Fiora,Renekton,,,,,,2037,0,5,4,6,14,23,2.0,0.0,0.0,0.0,1.0,0.0,1.0,0.0,0.4124,1.0898,,,,,,,,,,,,,,,,,,,,,0.0,0.0,,,,,,,,0.0,0.0,38967.0,1147.7761,0.415081,403.3873,353.785,30.0,0.8837,10.0,0.2946,6.0,58.0,1.7084,16578,12147,357.7909,0.3168,16000.0,,,337.0,309.0,28.0,,,9.9264,3745.0,3533.0,93.0,3071.0,3129.0,76.0,674.0,404.0,17.0,0.0,2.0,0.0,0.0,0.0,1.0,6140.0,6294.0,152.0,5466.0,5591.0,131.0,674.0,703.0,21.0,0.0,3.0,0.0,2.0,0.0,1.0,8368.0,8501.0,207.0,8851.0,9146.0,192.0,-483.0,-645.0,15.0,0.0,4.0,1.0,4.0,3.0,1.0,11487.0,10953.0,270.0,11239.0,12189.0,247.0,248.0,-1236.0,23.0,1.0,5.0,2.0,5.0,7.0,2.0
ESPORTSTMNT05_3239459,complete,,EM,2023,Summer,0,2023-08-22 16:51:18,1,13.15,5,Blue,sup,Patch,oe:player:7c8d8bf5d11af12d15aad3ce6bf5522,NASR eSports Turkey,oe:team:1bcba9d314932379a955b3de9e8654d,Nautilus,Tristana,Poppy,Taliyah,Fiora,Renekton,,,,,,2037,0,1,5,6,14,23,0.0,0.0,0.0,0.0,1.0,1.0,0.0,0.0,0.4124,1.0898,,,,,,,,,,,,,,,,,,,,,0.0,0.0,,,,,,,,0.0,0.0,6217.0,183.1222,0.0662242,523.9764,690.3682,61.0,1.7968,14.0,0.4124,17.0,129.0,3.7997,7815,3384,99.676,0.0882548,7575.0,,,45.0,45.0,0.0,,,1.3255,2532.0,2275.0,14.0,2114.0,2272.0,18.0,418.0,3.0,-4.0,1.0,1.0,0.0,0.0,0.0,1.0,3699.0,3214.0,24.0,3285.0,3562.0,27.0,414.0,-348.0,-3.0,1.0,2.0,1.0,0.0,2.0,2.0,4790.0,4884.0,33.0,4574.0,5380.0,30.0,216.0,-496.0,3.0,1.0,2.0,2.0,0.0,7.0,2.0,5723.0,6363.0,37.0,6103.0,7110.0,33.0,-380.0,-747.0,4.0,1.0,4.0,3.0,2.0,10.0,3.0
ESPORTSTMNT05_3239459,complete,,EM,2023,Summer,0,2023-08-22 16:51:18,1,13.15,6,Red,top,Venour,oe:player:df13ba84b4ea6932f7e10b5e51e7cf5,Unicorns of Love Sexy Edition,oe:team:6a060bd74c9041bf0aa89adf9d15d12,Jax,LeBlanc,Rell,Maokai,Ahri,Neeko,,,,,,2037,1,8,1,2,23,14,3.0,0.0,0.0,0.0,0.0,0.0,0.0,0.0,0.6775,1.0898,,,,,,,,,,,,,,,,,,,,,0.0,0.0,,,,,,,,0.0,0.0,21479.0,632.6657,0.214372,850.81,787.894,16.0,0.4713,5.0,0.1473,5.0,47.0,1.3844,14383,9952,293.137,0.241273,12875.0,,,271.0,229.0,42.0,,,7.9823,2986.0,4782.0,71.0,3346.0,4958.0,87.0,-360.0,-176.0,-16.0,0.0,0.0,0.0,0.0,0.0,0.0,4670.0,7131.0,109.0,5712.0,8455.0,138.0,-1042.0,-1324.0,-29.0,0.0,0.0,1.0,1.0,0.0,0.0,6437.0,9839.0,156.0,7245.0,10561.0,175.0,-808.0,-722.0,-19.0,0.0,0.0,1.0,1.0,0.0,2.0,9396.0,13129.0,202.0,9301.0,13074.0,198.0,95.0,55.0,4.0,3.0,2.0,1.0,3.0,1.0,3.0
ESPORTSTMNT05_3239459,complete,,EM,2023,Summer,0,2023-08-22 16:51:18,1,13.15,7,Red,jng,CaD,oe:player:7d306cd72ad7ffa40115a6b36f8a07b,Unicorns of Love Sexy Edition,oe:team:6a060bd74c9041bf0aa89adf9d15d12,Sejuani,LeBlanc,Rell,Maokai,Ahri,Neeko,,,,,,2037,1,2,2,19,23,14,0.0,0.0,0.0,0.0,0.0,0.0,0.0,0.0,0.6775,1.0898,,,,,,,,,,,,,,,,,,,,,1.0,1.0,,,,,,,,0.0,0.0,12530.0,369.0722,0.125056,1036.3476,1655.9057,14.0,0.4124,7.0,0.2062,15.0,45.0,1.3255,10221,5790,170.5449,0.14037,8800.0,,,131.0,13.0,118.0,,,3.8586,3083.0,3390.0,66.0,3373.0,3612.0,68.0,-290.0,-222.0,-2.0,0.0,0.0,0.0,0.0,2.0,0.0,4453.0,5264.0,90.0,5164.0,5596.0,96.0,-711.0,-332.0,-6.0,0.0,2.0,0.0,1.0,2.0,0.0,6405.0,6905.0,103.0,6771.0,7742.0,130.0,-366.0,-837.0,-27.0,2.0,6.0,1.0,1.0,2.0,1.0,7543.0,8967.0,111.0,7876.0,9454.0,148.0,-333.0,-487.0,-37.0,2.0,12.0,1.0,1.0,3.0,2.0
ESPORTSTMNT05_3239459,complete,,EM,2023,Summer,0,2023-08-22 16:51:18,1,13.15,8,Red,mid,Mask,oe:player:4a18312b5b75f549d5551e5912ad6eb,Unicorns of Love Sexy Edition,oe:team:6a060bd74c9041bf0aa89adf9d15d12,Azir,LeBlanc,Rell,Maokai,Ahri,Neeko,,,,,,2037,1,5,2,8,23,14,0.0,0.0,0.0,0.0,0.0,0.0,0.0,0.0,0.6775,1.0898,,,,,,,,,,,,,,,,,,,,,0.0,0.0,,,,,,,,1.0,0.0,29915.0,881.1487,0.298568,427.7761,341.8557,12.0,0.3535,12.0,0.3535,6.0,41.0,1.2077,15151,10720,315.7585,0.259892,12185.0,,,312.0,284.0,28.0,,,9.19,3475.0,4842.0,91.0,3486.0,4492.0,78.0,-11.0,350.0,13.0,0.0,0.0,0.0,1.0,0.0,0.0,5163.0,7634.0,140.0,5496.0,6795.0,126.0,-333.0,839.0,14.0,0.0,0.0,0.0,1.0,0.0,1.0,7692.0,10643.0,185.0,7715.0,9008.0,166.0,-23.0,1635.0,19.0,2.0,3.0,0.0,2.0,0.0,2.0,9667.0,13553.0,239.0,9617.0,11649.0,208.0,50.0,1904.0,31.0,2.0,6.0,1.0,2.0,2.0,4.0
ESPORTSTMNT05_3239459,complete,,EM,2023,Summer,0,2023-08-22 16:51:18,1,13.15,9,Red,bot,Fun K3y,oe:player:9ea5afea85321b13df74acb62bfb530,Unicorns of Love Sexy Edition,oe:team:6a060bd74c9041bf0aa89adf9d15d12,Xayah,LeBlanc,Rell,Maokai,Ahri,Neeko,,,,,,2037,1,6,4,11,23,14,1.0,0.0,0.0,0.0,0.0,0.0,0.0,1.0,0.6775,1.0898,,,,,,,,,,,,,,,,,,,,,0.0,0.0,,,,,,,,0.0,0.0,30650.0,902.7982,0.305903,702.7393,402.2386,13.0,0.3829,17.0,0.5007,4.0,45.0,1.3255,15233,10802,318.1738,0.26188,12750.0,,,322.0,282.0,40.0,,,9.4845,3071.0,3129.0,76.0,3745.0,3533.0,93.0,-674.0,-404.0,-17.0,0.0,0.0,1.0,0.0,2.0,0.0,5466.0,5591.0,131.0,6140.0,6294.0,152.0,-674.0,-703.0,-21.0,2.0,0.0,1.0,0.0,3.0,0.0,8851.0,9146.0,192.0,8368.0,8501.0,207.0,483.0,645.0,-15.0,4.0,3.0,1.0,0.0,4.0,1.0,11239.0,12189.0,247.0,11487.0,10953.0,270.0,-248.0,1236.0,-23.0,5.0,7.0,2.0,1.0,5.0,2.0
ESPORTSTMNT05_3239459,complete,,EM,2023,Summer,0,2023-08-22 16:51:18,1,13.15,10,Red,sup,Lekcyc,oe:player:74f3f60a44ee916ecc257a5381be756,Unicorns of Love Sexy Edition,oe:team:6a060bd74c9041bf0aa89adf9d15d12,Alistar,LeBlanc,Rell,Maokai,Ahri,Neeko,,,,,,2037,1,2,5,16,23,14,0.0,0.0,0.0,0.0,0.0,0.0,0.0,0.0,0.6775,1.0898,,,,,,,,,,,,,,,,,,,,,0.0,0.0,,,,,,,,0.0,0.0,5621.0,165.567,0.0561006,850.5449,985.4786,62.0,1.8262,10.0,0.2946,16.0,97.0,2.8571,8415,3984,117.349,0.0965855,7300.0,,,37.0,37.0,0.0,,,1.0898,2114.0,2272.0,18.0,2532.0,2275.0,14.0,-418.0,-3.0,4.0,0.0,0.0,1.0,1.0,1.0,0.0,3285.0,3562.0,27.0,3699.0,3214.0,24.0,-414.0,348.0,3.0,0.0,2.0,2.0,1.0,2.0,1.0,4574.0,5380.0,30.0,4790.0,4884.0,33.0,-216.0,496.0,-3.0,0.0,7.0,2.0,1.0,2.0,2.0,6103.0,7110.0,33.0,5723.0,6363.0,37.0,380.0,747.0,-4.0,2.0,10.0,3.0,1.0,4.0,3.0
ESPORTSTMNT05_3239459,complete,,EM,2023,Summer,0,2023-08-22 16:51:18,1,13.15,100,Blue,team,,,NASR eSports Turkey,oe:team:1bcba9d314932379a955b3de9e8654d,,Tristana,Poppy,Taliyah,Fiora,Renekton,Kai'Sa,Viego,Nautilus,Sylas,K'Sante,2037,0,14,23,22,14,23,2.0,0.0,0.0,0.0,1.0,,,,0.4124,1.0898,1.0,3.0,2.0,3.0,2.0,0.0,1.0,1.0,0.0,1.0,0.0,,0.0,0.0,1.0,1.0,1.0,,,1.0,1.0,1.0,1.0,4.0,6.0,0.0,1.0,7.0,3.0,0.0,1.0,93878.0,2765.1841,,3760.972,4603.6524,120.0,3.5346,58.0,1.7084,47.0,340.0,10.0147,60498,38343,1129.3962,,58283.0,0.077955,1.27,,854.0,193.0,,,30.8395,16482.0,18870.0,340.0,14729.0,18415.0,322.0,1753.0,455.0,18.0,2.0,5.0,0.0,0.0,0.0,2.0,26211.0,30354.0,536.0,23037.0,29182.0,497.0,3174.0,1172.0,39.0,4.0,7.0,2.0,2.0,4.0,4.0,34889.0,40696.0,711.0,33959.0,41913.0,666.0,930.0,-1217.0,45.0,5.0,8.0,8.0,8.0,19.0,5.0,44004.0,51493.0,861.0,43948.0,54948.0,832.0,56.0,-3455.0,29.0,8.0,15.0,14.0,14.0,37.0,8.0
ESPORTSTMNT05_3239459,complete,,EM,2023,Summer,0,2023-08-22 16:51:18,1,13.15,200,Red,team,,,Unicorns of Love Sexy Edition,oe:team:6a060bd74c9041bf0aa89adf9d15d12,,LeBlanc,Rell,Maokai,Ahri,Neeko,Alistar,Sejuani,Azir,Xayah,Jax,2037,1,23,14,56,23,14,4.0,0.0,0.0,0.0,0.0,,,,0.6775,1.0898,0.0,2.0,3.0,2.0,3.0,0.0,0.0,0.0,0.0,2.0,0.0,,0.0,0.0,0.0,1.0,1.0,,,0.0,1.0,1.0,0.0,6.0,4.0,1.0,0.0,3.0,7.0,1.0,0.0,100195.0,2951.2518,,3868.218,4173.3726,117.0,3.4462,51.0,1.5022,46.0,275.0,8.1001,63403,41248,1214.9632,,53910.0,-0.077955,-1.27,,845.0,228.0,,,31.6053,14729.0,18415.0,322.0,16482.0,18870.0,340.0,-1753.0,-455.0,-18.0,0.0,0.0,2.0,2.0,5.0,0.0,23037.0,29182.0,497.0,26211.0,30354.0,536.0,-3174.0,-1172.0,-39.0,2.0,4.0,4.0,4.0,7.0,2.0,33959.0,41913.0,666.0,34889.0,40696.0,711.0,-930.0,1217.0,-45.0,8.0,19.0,5.0,5.0,8.0,8.0,43948.0,54948.0,832.0,44004.0,51493.0,861.0,-56.0,3455.0,-29.0,14.0,37.0,8.0,8.0,15.0,14.0
ESPORTSTMNT05_3241498,complete,,EM,2023,Summer,0,2023-08-22 17:17:31,1,13.15,1,Blue,top,JNX,oe:player:4bb53c6fa9f5d75901136feb8bdf817,SK Gaming Prime,oe:team:aa8c3b781d96ddb7a24ab3240918988,Yone,Jax,Ahri,Maokai,Nocturne,Poppy,,,,,,1352,1,3,1,0,13,4,0.0,0.0,0.0,0.0,0.0,0.0,0.0,0.0,0.5769,0.7544,,,,,,,,,,,,,,,,,,,,,0.0,0.0,,,,,,,,0.0,0.0,9389.0,416.6716,0.205036,464.6893,512.6627,10.0,0.4438,3.0,0.1331,2.0,18.0,0.7988,9712,6678,296.3609,0.212641,9050.0,,,220.0,200.0,20.0,,,9.7633,3440.0,5113.0,92.0,3306.0,4828.0,88.0,134.0,285.0,4.0,0.0,0.0,0.0,0.0,1.0,0.0,5337.0,7665.0,144.0,5787.0,8090.0,149.0,-450.0,-425.0,-5.0,0.0,0.0,1.0,1.0,1.0,0.0,7677.0,10818.0,198.0,7072.0,10227.0,187.0,605.0,591.0,11.0,1.0,0.0,1.0,1.0,1.0,1.0,,,,,,,,,,,,,,,
ESPORTSTMNT05_3241498,complete,,EM,2023,Summer,0,2023-08-22 17:17:31,1,13.15,2,Blue,jng,Lurox,oe:player:6fc5fe723eed4ba4c230292be365c66,SK Gaming Prime,oe:team:aa8c3b781d96ddb7a24ab3240918988,Rell,Jax,Ahri,Maokai,Nocturne,Poppy,,,,,,1352,1,0,1,7,13,4,0.0,0.0,0.0,0.0,1.0,0.0,1.0,0.0,0.5769,0.7544,,,,,,,,,,,,,,,,,,,,,1.0,0.0,,,,,,,,0.0,0.0,4322.0,191.8047,0.0943833,633.8609,1079.645,9.0,0.3994,7.0,0.3107,7.0,34.0,1.5089,7787,4753,210.932,0.151348,6625.0,,,136.0,7.0,129.0,,,6.0355,3511.0,3847.0,76.0,3038.0,3295.0,63.0,473.0,552.0,13.0,0.0,2.0,0.0,0.0,0.0,1.0,5119.0,5782.0,106.0,4695.0,4989.0,81.0,424.0,793.0,25.0,0.0,3.0,1.0,1.0,2.0,2.0,6558.0,7988.0,127.0,6015.0,6896.0,103.0,543.0,1092.0,24.0,0.0,5.0,1.0,1.0,2.0,2.0,,,,,,,,,,,,,,,
ESPORTSTMNT05_3241498,complete,,EM,2023,Summer,0,2023-08-22 17:17:31,1,13.15,3,Blue,mid,FEBIVEN,oe:player:d62421836c8b27dc3ffaffa058b8098,SK Gaming Prime,oe:team:aa8c3b781d96ddb7a24ab3240918988,Jayce,Jax,Ahri,Maokai,Nocturne,Poppy,,,,,,1352,1,1,1,7,13,4,0.0,0.0,0.0,0.0,0.0,0.0,0.0,0.0,0.5769,0.7544,,,,,,,,,,,,,,,,,,,,,0.0,0.0,,,,,,,,0.0,0.0,10919.0,484.571,0.238448,450.932,306.1243,11.0,0.4882,7.0,0.3107,4.0,25.0,1.1095,10196,7162,317.8402,0.228051,8800.0,,,224.0,212.0,12.0,,,9.9408,3740.0,4613.0,96.0,3136.0,4442.0,80.0,604.0,171.0,16.0,1.0,0.0,1.0,0.0,1.0,1.0,6413.0,7774.0,156.0,4653.0,6728.0,121.0,1760.0,1046.0,35.0,1.0,3.0,1.0,0.0,2.0,2.0,8192.0,9899.0,193.0,6450.0,9470.0,173.0,1742.0,429.0,20.0,1.0,4.0,1.0,0.0,2.0,2.0,,,,,,,,,,,,,,,
ESPORTSTMNT05_3241498,complete,,EM,2023,Summer,0,2023-08-22 17:17:31,1,13.15,4,Blue,bot,Keduii,oe:player:44189e6dc3089dbf9520de800fa705a,SK Gaming Prime,oe:team:aa8c3b781d96ddb7a24ab3240918988,Kai'Sa,Jax,Ahri,Maokai,Nocturne,Poppy,,,,,,1352,1,7,1,4,13,4,2.0,0.0,0.0,0.0,1.0,1.0,0.0,0.0,0.5769,0.7544,,,,,,,,,,,,,,,,,,,,,0.0,0.0,,,,,,,,0.0,0.0,18216.0,808.4024,0.397799,349.1716,267.1598,7.0,0.3107,7.0,0.3107,1.0,23.0,1.0207,12317,9283,411.9675,0.295585,10725.0,,,238.0,224.0,14.0,,,10.5621,3932.0,4184.0,100.0,3341.0,3234.0,77.0,591.0,950.0,23.0,1.0,0.0,0.0,1.0,0.0,0.0,7119.0,7333.0,155.0,5053.0,5349.0,112.0,2066.0,1984.0,43.0,3.0,2.0,1.0,2.0,1.0,1.0,10238.0,10064.0,215.0,6960.0,7283.0,167.0,3278.0,2781.0,48.0,5.0,3.0,1.0,2.0,1.0,2.0,,,,,,,,,,,,,,,
ESPORTSTMNT05_3241498,complete,,EM,2023,Summer,0,2023-08-22 17:17:31,1,13.15,5,Blue,sup,Prime,oe:player:e038414b765a8bda52e602f7eaeff04,SK Gaming Prime,oe:team:aa8c3b781d96ddb7a24ab3240918988,Alistar,Jax,Ahri,Maokai,Nocturne,Poppy,,,,,,1352,1,2,0,8,13,4,1.0,0.0,0.0,0.0,1.0,0.0,1.0,0.0,0.5769,0.7544,,,,,,,,,,,,,,,,,,,,,0.0,0.0,,,,,,,,1.0,0.0,2946.0,130.7396,0.0643344,265.429,338.1213,43.0,1.9083,11.0,0.4882,14.0,73.0,3.2396,6563,3529,156.6124,0.112375,5750.0,,,32.0,32.0,0.0,,,1.4201,2251.0,2199.0,13.0,2155.0,2572.0,16.0,96.0,-373.0,-3.0,0.0,2.0,0.0,0.0,1.0,0.0,3940.0,3346.0,23.0,3282.0,3559.0,25.0,658.0,-213.0,-2.0,2.0,4.0,0.0,0.0,3.0,1.0,5437.0,4863.0,31.0,4399.0,5042.0,36.0,1038.0,-179.0,-5.0,2.0,7.0,0.0,0.0,3.0,2.0,,,,,,,,,,,,,,,
ESPORTSTMNT05_3241498,complete,,EM,2023,Summer,0,2023-08-22 17:17:31,1,13.15,6,Red,top,Empyros,oe:player:9db3f170213f562a9613fe4f99d7dfa,DSYRE,oe:team:3e3ca0895ded506fd637e723d6ae2a1,Rumble,Kalista,LeBlanc,Tristana,Aatrox,Ivern,,,,,,1352,0,1,2,1,4,13,0.0,0.0,0.0,0.0,0.0,0.0,0.0,0.0,0.1775,0.7544,,,,,,,,,,,,,,,,,,,,,0.0,0.0,,,,,,,,0.0,0.0,5780.0,256.5089,0.191918,469.8817,361.997,9.0,0.3994,1.0,0.0444,3.0,22.0,0.9763,7881,4847,215.1036,0.260614,8025.0,,,212.0,204.0,8.0,,,9.4083,3306.0,4828.0,88.0,3440.0,5113.0,92.0,-134.0,-285.0,-4.0,0.0,1.0,0.0,0.0,0.0,0.0,5787.0,8090.0,149.0,5337.0,7665.0,144.0,450.0,425.0,5.0,1.0,1.0,0.0,0.0,0.0,1.0,7072.0,10227.0,187.0,7677.0,10818.0,198.0,-605.0,-591.0,-11.0,1.0,1.0,1.0,1.0,0.0,1.0,,,,,,,,,,,,,,,
ESPORTSTMNT05_3241498,complete,,EM,2023,Summer,0,2023-08-22 17:17:31,1,13.15,7,Red,jng,Rhilech,oe:player:cbe20c64274a87a21e5bdac1ccc3e77,DSYRE,oe:team:3e3ca0895ded506fd637e723d6ae2a1,Sejuani,Kalista,LeBlanc,Tristana,Aatrox,Ivern,,,,,,1352,0,1,3,2,4,13,0.0,0.0,0.0,0.0,0.0,0.0,0.0,1.0,0.1775,0.7544,,,,,,,,,,,,,,,,,,,,,0.0,1.0,,,,,,,,0.0,0.0,5854.0,259.7929,0.194375,935.1923,844.1716,5.0,0.2219,8.0,0.355,6.0,22.0,0.9763,6485,3451,153.1509,0.185559,6150.0,,,108.0,8.0,100.0,,,4.7929,3038.0,3295.0,63.0,3511.0,3847.0,76.0,-473.0,-552.0,-13.0,0.0,0.0,1.0,0.0,2.0,0.0,4695.0,4989.0,81.0,5119.0,5782.0,106.0,-424.0,-793.0,-25.0,1.0,2.0,2.0,0.0,3.0,1.0,6015.0,6896.0,103.0,6558.0,7988.0,127.0,-543.0,-1092.0,-24.0,1.0,2.0,2.0,0.0,5.0,1.0,,,,,,,,,,,,,,,
ESPORTSTMNT05_3241498,complete,,EM,2023,Summer,0,2023-08-22 17:17:31,1,13.15,8,Red,mid,XoNix,oe:player:be877a261fb0c3a320db45091bdefec,DSYRE,oe:team:3e3ca0895ded506fd637e723d6ae2a1,Azir,Kalista,LeBlanc,Tristana,Aatrox,Ivern,,,,,,1352,0,0,3,2,4,13,0.0,0.0,0.0,0.0,0.0,0.0,0.0,0.0,0.1775,0.7544,,,,,,,,,,,,,,,,,,,,,0.0,0.0,,,,,,,,0.0,0.0,6821.0,302.7071,0.226483,413.5651,221.9379,9.0,0.3994,4.0,0.1775,2.0,18.0,0.7988,7039,4005,177.7367,0.215344,6600.0,,,184.0,180.0,4.0,,,8.1657,3136.0,4442.0,80.0,3740.0,4613.0,96.0,-604.0,-171.0,-16.0,0.0,1.0,1.0,1.0,0.0,1.0,4653.0,6728.0,121.0,6413.0,7774.0,156.0,-1760.0,-1046.0,-35.0,0.0,2.0,2.0,1.0,3.0,1.0,6450.0,9470.0,173.0,8192.0,9899.0,193.0,-1742.0,-429.0,-20.0,0.0,2.0,2.0,1.0,4.0,1.0,,,,,,,,,,,,,,,
ESPORTSTMNT05_3241498,complete,,EM,2023,Summer,0,2023-08-22 17:17:31,1,13.15,9,Red,bot,Aetinoth,oe:player:d47955c8bc06bf316f24ee15d45407b,DSYRE,oe:team:3e3ca0895ded506fd637e723d6ae2a1,Xayah,Kalista,LeBlanc,Tristana,Aatrox,Ivern,,,,,,1352,0,2,2,1,4,13,0.0,0.0,0.0,0.0,0.0,0.0,0.0,0.0,0.1775,0.7544,,,,,,,,,,,,,,,,,,,,,0.0,0.0,,,,,,,,0.0,0.0,8031.0,356.4053,0.26666,480.1775,197.1302,8.0,0.355,6.0,0.2663,0.0,20.0,0.8876,7524,4490,199.2604,0.24142,7450.0,,,179.0,175.0,4.0,,,7.9438,3341.0,3234.0,77.0,3932.0,4184.0,100.0,-591.0,-950.0,-23.0,1.0,0.0,0.0,1.0,0.0,0.0,5053.0,5349.0,112.0,7119.0,7333.0,155.0,-2066.0,-1984.0,-43.0,2.0,1.0,1.0,3.0,2.0,1.0,6960.0,7283.0,167.0,10238.0,10064.0,215.0,-3278.0,-2781.0,-48.0,2.0,1.0,2.0,5.0,3.0,1.0,,,,,,,,,,,,,,,
ESPORTSTMNT05_3241498,complete,,EM,2023,Summer,0,2023-08-22 17:17:31,1,13.15,10,Red,sup,Nash,oe:player:6b9f3420febdbc475dd3c1e4e0bcb5e,DSYRE,oe:team:3e3ca0895ded506fd637e723d6ae2a1,Rakan,Kalista,LeBlanc,Tristana,Aatrox,Ivern,,,,,,1352,0,0,3,3,4,13,0.0,0.0,0.0,0.0,0.0,0.0,0.0,0.0,0.1775,0.7544,,,,,,,,,,,,,,,,,,,,,0.0,0.0,,,,,,,,0.0,1.0,3631.0,161.1391,0.120563,474.6746,481.0207,41.0,1.8195,8.0,0.355,5.0,73.0,3.2396,4839,1805,80.1036,0.0970623,4775.0,,,38.0,38.0,0.0,,,1.6864,2155.0,2572.0,16.0,2251.0,2199.0,13.0,-96.0,373.0,3.0,0.0,1.0,0.0,0.0,2.0,0.0,3282.0,3559.0,25.0,3940.0,3346.0,23.0,-658.0,213.0,2.0,0.0,3.0,1.0,2.0,4.0,0.0,4399.0,5042.0,36.0,5437.0,4863.0,31.0,-1038.0,179.0,5.0,0.0,3.0,2.0,2.0,7.0,0.0,,,,,,,,,,,,,,,
ESPORTSTMNT05_3241498,complete,,EM,2023,Summer,0,2023-08-22 17:17:31,1,13.15,100,Blue,team,,,SK Gaming Prime,oe:team:aa8c3b781d96ddb7a24ab3240918988,,Jax,Ahri,Maokai,Nocturne,Poppy,Kai'Sa,Jayce,Rell,Yone,Alistar,1352,1,13,4,26,13,4,3.0,0.0,0.0,0.0,1.0,,,,0.5769,0.7544,1.0,3.0,0.0,3.0,0.0,1.0,1.0,1.0,0.0,0.0,0.0,,0.0,0.0,1.0,2.0,0.0,,,1.0,1.0,0.0,1.0,7.0,0.0,1.0,1.0,7.0,1.0,1.0,0.0,45792.0,2032.1893,,2164.0828,2503.713,80.0,3.5503,35.0,1.5533,28.0,173.0,7.6775,46575,31407,1393.8018,,40950.0,0.21501,3.05,,675.0,175.0,,,37.7219,16874.0,19956.0,377.0,14976.0,18371.0,324.0,1898.0,1585.0,53.0,2.0,4.0,1.0,1.0,3.0,2.0,27928.0,31900.0,584.0,23470.0,28715.0,488.0,4458.0,3185.0,96.0,6.0,12.0,4.0,4.0,9.0,6.0,38102.0,43632.0,764.0,30896.0,38918.0,666.0,7206.0,4714.0,98.0,9.0,19.0,4.0,4.0,9.0,9.0,,,,,,,,,,,,,,,
ESPORTSTMNT05_3241498,complete,,EM,2023,Summer,0,2023-08-22 17:17:31,1,13.15,200,Red,team,,,DSYRE,oe:team:3e3ca0895ded506fd637e723d6ae2a1,,Kalista,LeBlanc,Tristana,Aatrox,Ivern,Rumble,Rakan,Xayah,Sejuani,Azir,1352,0,4,13,9,4,13,0.0,0.0,0.0,0.0,0.0,,,,0.1775,0.7544,0.0,0.0,3.0,0.0,3.0,0.0,0.0,0.0,0.0,0.0,0.0,,0.0,0.0,0.0,0.0,2.0,,,0.0,0.0,1.0,0.0,0.0,7.0,0.0,0.0,1.0,7.0,0.0,1.0,30117.0,1336.5533,,2773.4911,2106.2574,72.0,3.1953,27.0,1.1982,16.0,155.0,6.8787,33768,18600,825.4438,,33000.0,-0.21501,-3.05,,605.0,116.0,,,31.997,14976.0,18371.0,324.0,16874.0,19956.0,377.0,-1898.0,-1585.0,-53.0,1.0,3.0,2.0,2.0,4.0,1.0,23470.0,28715.0,488.0,27928.0,31900.0,584.0,-4458.0,-3185.0,-96.0,4.0,9.0,6.0,6.0,12.0,4.0,30896.0,38918.0,666.0,38102.0,43632.0,764.0,-7206.0,-4714.0,-98.0,4.0,9.0,9.0,9.0,19.0,4.0,,,,,,,,,,,,,,,
ESPORTSTMNT05_3241500,complete,,EM,2023,Summer,0,2023-08-22 17:44:09,1,13.15,1,Blue,top,Marky,oe:player:197e012fb5163375e24dbbfdae34911,Movistar KOI,oe:team:4acc40654379b4da680be1bd3129dfa,Renekton,Ivern,Poppy,Taliyah,Lillia,Yone,,,,,,1811,1,1,3,14,22,13,0.0,0.0,0.0,0.0,0.0,0.0,0.0,0.0,0.7289,1.1264,,,,,,,,,,,,,,,,,,,,,0.0,0.0,,,,,,,,0.0,0.0,12442.0,412.2142,0.161295,908.0839,702.54,7.0,0.2319,8.0,0.265,2.0,30.0,0.9939,11433,7463,247.2557,0.183213,11100.0,,,251.0,247.0,4.0,,,8.3158,3307.0,5112.0,89.0,3081.0,4927.0,82.0,226.0,185.0,7.0,0.0,0.0,0.0,0.0,0.0,0.0,4898.0,7443.0,135.0,5463.0,8071.0,136.0,-565.0,-628.0,-1.0,0.0,0.0,0.0,0.0,2.0,0.0,6674.0,9981.0,176.0,7152.0,10007.0,175.0,-478.0,-26.0,1.0,0.0,1.0,0.0,0.0,2.0,1.0,9143.0,13011.0,208.0,9045.0,12455.0,212.0,98.0,556.0,-4.0,1.0,8.0,2.0,1.0,6.0,2.0
ESPORTSTMNT05_3241500,complete,,EM,2023,Summer,0,2023-08-22 17:44:09,1,13.15,2,Blue,jng,ISMA,oe:player:5450c7731de19c131ce20ea74933cc2,Movistar KOI,oe:team:4acc40654379b4da680be1bd3129dfa,Sejuani,Ivern,Poppy,Taliyah,Lillia,Yone,,,,,,1811,1,7,2,14,22,13,2.0,1.0,0.0,0.0,0.0,0.0,0.0,0.0,0.7289,1.1264,,,,,,,,,,,,,,,,,,,,,1.0,0.0,,,,,,,,1.0,0.0,12964.0,429.5086,0.168062,1049.1552,1402.2639,7.0,0.2319,12.0,0.3976,5.0,38.0,1.259,12717,8747,289.7957,0.214735,11475.0,,,164.0,44.0,120.0,,,5.4335,3369.0,3406.0,60.0,3238.0,2971.0,53.0,131.0,435.0,7.0,1.0,0.0,0.0,1.0,1.0,1.0,5037.0,5482.0,91.0,4505.0,4347.0,72.0,532.0,1135.0,19.0,1.0,1.0,1.0,1.0,3.0,1.0,7039.0,7579.0,116.0,5788.0,6203.0,92.0,1251.0,1376.0,24.0,2.0,2.0,1.0,1.0,3.0,2.0,9572.0,10100.0,129.0,7182.0,8154.0,104.0,2390.0,1946.0,25.0,5.0,7.0,2.0,2.0,7.0,4.0
ESPORTSTMNT05_3241500,complete,,EM,2023,Summer,0,2023-08-22 17:44:09,1,13.15,3,Blue,mid,Fresskowy,oe:player:cda093b28f577696b82604fb20037ad,Movistar KOI,oe:team:4acc40654379b4da680be1bd3129dfa,Sylas,Ivern,Poppy,Taliyah,Lillia,Yone,,,,,,1811,1,6,2,11,22,13,0.0,0.0,0.0,0.0,0.0,0.0,0.0,0.0,0.7289,1.1264,,,,,,,,,,,,,,,,,,,,,0.0,0.0,,,,,,,,0.0,0.0,18801.0,622.8934,0.243732,793.5174,539.735,13.0,0.4307,4.0,0.1325,3.0,26.0,0.8614,14203,10233,339.0282,0.251215,12825.0,,,222.0,218.0,4.0,,,7.3551,3058.0,4605.0,75.0,3308.0,4847.0,91.0,-250.0,-242.0,-16.0,0.0,0.0,0.0,0.0,0.0,0.0,5295.0,7342.0,120.0,5310.0,7494.0,146.0,-15.0,-152.0,-26.0,1.0,0.0,0.0,0.0,2.0,1.0,9147.0,10744.0,174.0,7365.0,9926.0,197.0,1782.0,818.0,-23.0,3.0,1.0,0.0,0.0,2.0,2.0,11313.0,13514.0,193.0,9027.0,11807.0,225.0,2286.0,1707.0,-32.0,4.0,7.0,1.0,1.0,5.0,3.0
ESPORTSTMNT05_3241500,complete,,EM,2023,Summer,0,2023-08-22 17:44:09,1,13.15,4,Blue,bot,Supa,oe:player:1223a0ed2bfab9b714c72d965df8133,Movistar KOI,oe:team:4acc40654379b4da680be1bd3129dfa,Kai'Sa,Ivern,Poppy,Taliyah,Lillia,Yone,,,,,,1811,1,8,2,10,22,13,3.0,1.0,0.0,0.0,0.0,0.0,0.0,1.0,0.7289,1.1264,,,,,,,,,,,,,,,,,,,,,0.0,0.0,,,,,,,,0.0,0.0,25845.0,856.2673,0.335049,433.7162,254.6438,15.0,0.497,4.0,0.1325,1.0,23.0,0.762,14380,10410,344.8923,0.255561,12529.0,,,236.0,211.0,25.0,,,7.8189,2964.0,2778.0,67.0,4078.0,3494.0,94.0,-1114.0,-716.0,-27.0,0.0,1.0,1.0,1.0,1.0,0.0,4710.0,5147.0,118.0,6803.0,6390.0,153.0,-2093.0,-1243.0,-35.0,0.0,1.0,1.0,3.0,1.0,0.0,6383.0,7133.0,156.0,9062.0,8697.0,209.0,-2679.0,-1564.0,-53.0,0.0,1.0,1.0,3.0,1.0,0.0,10175.0,10579.0,186.0,11140.0,10400.0,240.0,-965.0,179.0,-54.0,3.0,6.0,1.0,5.0,4.0,2.0
ESPORTSTMNT05_3241500,complete,,EM,2023,Summer,0,2023-08-22 17:44:09,1,13.15,5,Blue,sup,Alvaro,oe:player:f5bf9bd732b85e4dcab5121e4769ae4,Movistar KOI,oe:team:4acc40654379b4da680be1bd3129dfa,Alistar,Ivern,Poppy,Taliyah,Lillia,Yone,,,,,,1811,1,0,4,20,22,13,0.0,0.0,0.0,0.0,0.0,0.0,0.0,0.0,0.7289,1.1264,,,,,,,,,,,,,,,,,,,,,0.0,0.0,,,,,,,,0.0,0.0,7086.0,234.7653,0.0918613,703.1033,1138.1447,48.0,1.5903,12.0,0.3976,13.0,96.0,3.1806,7851,3881,128.5809,0.0952762,7075.0,,,37.0,37.0,0.0,,,1.2258,2127.0,2026.0,11.0,2589.0,2279.0,2.0,-462.0,-253.0,9.0,0.0,1.0,1.0,0.0,2.0,0.0,3280.0,3260.0,23.0,3772.0,3052.0,11.0,-492.0,208.0,12.0,0.0,1.0,2.0,0.0,4.0,0.0,4626.0,5438.0,30.0,4675.0,4427.0,13.0,-49.0,1011.0,17.0,0.0,3.0,2.0,0.0,4.0,0.0,6200.0,7613.0,34.0,5582.0,6495.0,13.0,618.0,1118.0,21.0,0.0,11.0,4.0,0.0,9.0,2.0
ESPORTSTMNT05_3241500,complete,,EM,2023,Summer,0,2023-08-22 17:44:09,1,13.15,6,Red,top,Ragner,oe:player:c0f78343a2ad4ba1463245d53a3b440,Team GO,oe:team:8d538207b9de9d20e1a525aae593515,Kled,Nocturne,Maokai,Rumble,LeBlanc,Tristana,,,,,,1811,0,1,4,8,12,22,0.0,0.0,0.0,0.0,0.0,0.0,0.0,0.0,0.3976,1.1264,,,,,,,,,,,,,,,,,,,,,0.0,0.0,,,,,,,,0.0,0.0,13178.0,436.5986,0.137622,914.4119,783.4787,10.0,0.3313,5.0,0.1657,1.0,23.0,0.762,10263,6293,208.4925,0.201873,9575.0,,,232.0,224.0,8.0,,,7.6864,3081.0,4927.0,82.0,3307.0,5112.0,89.0,-226.0,-185.0,-7.0,0.0,0.0,0.0,0.0,0.0,0.0,5463.0,8071.0,136.0,4898.0,7443.0,135.0,565.0,628.0,1.0,0.0,2.0,0.0,0.0,0.0,0.0,7152.0,10007.0,175.0,6674.0,9981.0,176.0,478.0,26.0,-1.0,0.0,2.0,1.0,0.0,1.0,0.0,9045.0,12455.0,212.0,9143.0,13011.0,208.0,-98.0,-556.0,4.0,1.0,6.0,2.0,1.0,8.0,2.0
ESPORTSTMNT05_3241500,complete,,EM,2023,Summer,0,2023-08-22 17:44:09,1,13.15,7,Red,jng,Lyncas,oe:player:ca9701f085966dfca32e31b1b1e9d55,Team GO,oe:team:8d538207b9de9d20e1a525aae593515,Rell,Nocturne,Maokai,Rumble,LeBlanc,Tristana,,,,,,1811,0,2,6,10,12,22,0.0,0.0,0.0,0.0,1.0,1.0,0.0,0.0,0.3976,1.1264,,,,,,,,,,,,,,,,,,,,,0.0,1.0,,,,,,,,0.0,1.0,11199.0,371.0326,0.116955,912.5897,1252.5787,9.0,0.2982,6.0,0.1988,7.0,35.0,1.1596,8130,4160,137.8244,0.133448,7625.0,,,111.0,9.0,102.0,,,3.6775,3238.0,2971.0,53.0,3369.0,3406.0,60.0,-131.0,-435.0,-7.0,1.0,1.0,1.0,1.0,0.0,0.0,4505.0,4347.0,72.0,5037.0,5482.0,91.0,-532.0,-1135.0,-19.0,1.0,3.0,1.0,1.0,1.0,1.0,5788.0,6203.0,92.0,7039.0,7579.0,116.0,-1251.0,-1376.0,-24.0,1.0,3.0,2.0,2.0,2.0,1.0,7182.0,8154.0,104.0,9572.0,10100.0,129.0,-2390.0,-1946.0,-25.0,2.0,7.0,4.0,5.0,7.0,2.0
ESPORTSTMNT05_3241500,complete,,EM,2023,Summer,0,2023-08-22 17:44:09,1,13.15,8,Red,mid,Toucouille,oe:player:525ac233cf71bc36a611e27a324144f,Team GO,oe:team:8d538207b9de9d20e1a525aae593515,Azir,Nocturne,Maokai,Rumble,LeBlanc,Tristana,,,,,,1811,0,3,5,6,12,22,0.0,0.0,0.0,0.0,0.0,0.0,0.0,0.0,0.3976,1.1264,,,,,,,,,,,,,,,,,,,,,0.0,0.0,,,,,,,,0.0,0.0,34380.0,1139.0392,0.359041,519.8896,349.365,10.0,0.3313,2.0,0.0663,5.0,18.0,0.5964,11931,7961,263.7548,0.255382,11360.0,,,275.0,267.0,8.0,,,9.111,3308.0,4847.0,91.0,3058.0,4605.0,75.0,250.0,242.0,16.0,0.0,0.0,0.0,0.0,0.0,0.0,5310.0,7494.0,146.0,5295.0,7342.0,120.0,15.0,152.0,26.0,0.0,2.0,1.0,1.0,0.0,0.0,7365.0,9926.0,197.0,9147.0,10744.0,174.0,-1782.0,-818.0,23.0,0.0,2.0,2.0,3.0,1.0,0.0,9027.0,11807.0,225.0,11313.0,13514.0,193.0,-2286.0,-1707.0,32.0,1.0,5.0,3.0,4.0,7.0,1.0
ESPORTSTMNT05_3241500,complete,,EM,2023,Summer,0,2023-08-22 17:44:09,1,13.15,9,Red,bot,Jezu,oe:player:4817d93e8f26002377aec42233b3fc2,Team GO,oe:team:8d538207b9de9d20e1a525aae593515,Kalista,Nocturne,Maokai,Rumble,LeBlanc,Tristana,,,,,,1811,0,6,4,6,12,22,1.0,0.0,0.0,0.0,1.0,0.0,1.0,0.0,0.3976,1.1264,,,,,,,,,,,,,,,,,,,,,0.0,0.0,,,,,,,,0.0,0.0,29327.0,971.6289,0.306271,697.206,347.9735,16.0,0.5301,3.0,0.0994,8.0,29.0,0.9608,14048,10078,333.8929,0.323293,13450.0,,,287.0,267.0,20.0,,,9.5086,4078.0,3494.0,94.0,2964.0,2778.0,67.0,1114.0,716.0,27.0,1.0,1.0,0.0,0.0,1.0,1.0,6803.0,6390.0,153.0,4710.0,5147.0,118.0,2093.0,1243.0,35.0,3.0,1.0,0.0,0.0,1.0,1.0,9062.0,8697.0,209.0,6383.0,7133.0,156.0,2679.0,1564.0,53.0,3.0,1.0,0.0,0.0,1.0,1.0,11140.0,10400.0,240.0,10175.0,10579.0,186.0,965.0,-179.0,54.0,5.0,4.0,2.0,3.0,6.0,1.0
ESPORTSTMNT05_3241500,complete,,EM,2023,Summer,0,2023-08-22 17:44:09,1,13.15,10,Red,sup,kamilius,oe:player:7aa0aebd379414d25f1fcdc396407f1,Team GO,oe:team:8d538207b9de9d20e1a525aae593515,Renata Glasc,Nocturne,Maokai,Rumble,LeBlanc,Tristana,,,,,,1811,0,0,3,12,12,22,0.0,0.0,0.0,0.0,1.0,0.0,1.0,0.0,0.3976,1.1264,,,,,,,,,,,,,,,,,,,,,0.0,0.0,,,,,,,,0.0,0.0,7671.0,254.1469,0.0801107,337.2722,279.6576,46.0,1.524,16.0,0.5301,14.0,96.0,3.1806,6651,2681,88.8239,0.0860032,6200.0,,,18.0,18.0,0.0,,,0.5964,2589.0,2279.0,2.0,2127.0,2026.0,11.0,462.0,253.0,-9.0,0.0,2.0,0.0,0.0,1.0,1.0,3772.0,3052.0,11.0,3280.0,3260.0,23.0,492.0,-208.0,-12.0,0.0,4.0,0.0,0.0,1.0,2.0,4675.0,4427.0,13.0,4626.0,5438.0,30.0,49.0,-1011.0,-17.0,0.0,4.0,0.0,0.0,3.0,2.0,5582.0,6495.0,13.0,6200.0,7613.0,34.0,-618.0,-1118.0,-21.0,0.0,9.0,2.0,0.0,11.0,4.0
ESPORTSTMNT05_3241500,complete,,EM,2023,Summer,0,2023-08-22 17:44:09,1,13.15,100,Blue,team,,,Movistar KOI,oe:team:4acc40654379b4da680be1bd3129dfa,,Ivern,Poppy,Taliyah,Lillia,Yone,Kai'Sa,Sejuani,Alistar,Renekton,Sylas,1811,1,22,13,69,22,13,5.0,2.0,0.0,0.0,0.0,,,,0.7289,1.1264,0.0,2.0,2.0,2.0,2.0,1.0,0.0,0.0,0.0,0.0,1.0,,0.0,0.0,1.0,2.0,0.0,,,1.0,1.0,0.0,0.0,9.0,2.0,1.0,1.0,4.0,7.0,1.0,0.0,77138.0,2555.6488,,3887.5759,4037.3274,90.0,2.9818,40.0,1.3252,24.0,213.0,7.0569,60584,40734,1349.5527,,55004.0,0.131649,-0.45,,757.0,153.0,,,30.1491,14825.0,17927.0,302.0,16294.0,18518.0,322.0,-1469.0,-591.0,-20.0,1.0,2.0,2.0,2.0,4.0,1.0,23220.0,28674.0,487.0,25853.0,29354.0,518.0,-2633.0,-680.0,-31.0,2.0,3.0,4.0,4.0,12.0,2.0,33869.0,40875.0,652.0,34042.0,39260.0,686.0,-173.0,1615.0,-34.0,5.0,8.0,4.0,4.0,12.0,5.0,46403.0,54817.0,750.0,41976.0,49311.0,794.0,4427.0,5506.0,-44.0,13.0,39.0,10.0,9.0,31.0,13.0
ESPORTSTMNT05_3241500,complete,,EM,2023,Summer,0,2023-08-22 17:44:09,1,13.15,200,Red,team,,,Team GO,oe:team:8d538207b9de9d20e1a525aae593515,,Nocturne,Maokai,Rumble,LeBlanc,Tristana,Rell,Kalista,Azir,Renata Glasc,Kled,1811,0,12,22,42,12,22,1.0,0.0,0.0,0.0,1.0,,,,0.3976,1.1264,1.0,2.0,2.0,2.0,2.0,1.0,0.0,0.0,0.0,1.0,0.0,,0.0,0.0,0.0,0.0,2.0,,,0.0,0.0,1.0,1.0,2.0,9.0,0.0,0.0,7.0,4.0,0.0,1.0,95755.0,3172.4462,,3381.3694,3013.0536,91.0,3.0149,32.0,1.0602,35.0,201.0,6.6593,51023,31173,1032.7885,,48210.0,-0.131649,0.45,,785.0,138.0,,,30.5798,16294.0,18518.0,322.0,14825.0,17927.0,302.0,1469.0,591.0,20.0,2.0,4.0,1.0,1.0,2.0,2.0,25853.0,29354.0,518.0,23220.0,28674.0,487.0,2633.0,680.0,31.0,4.0,12.0,2.0,2.0,3.0,4.0,34042.0,39260.0,686.0,33869.0,40875.0,652.0,173.0,-1615.0,34.0,4.0,12.0,5.0,5.0,8.0,4.0,41976.0,49311.0,794.0,46403.0,54817.0,750.0,-4427.0,-5506.0,44.0,9.0,31.0,13.0,13.0,39.0,10.0
ESPORTSTMNT05_3240472,complete,,EM,2023,Summer,0,2023-08-22 18:09:13,1,13.15,1,Blue,top,Matixx,oe:player:89bee56a2a53bdf22737c6d43eedb9c,AliorBank Team,oe:team:ccf3ac6ecc7f9a46f87a052deebe32e,Jax,Rumble,Ivern,Tristana,Alistar,Nautilus,,,,,,1470,0,3,5,0,7,25,0.0,0.0,0.0,0.0,0.0,0.0,0.0,0.0,0.2857,1.3061,,,,,,,,,,,,,,,,,,,,,0.0,0.0,,,,,,,,0.0,1.0,9755.0,398.1633,0.201491,812.8163,744.4082,5.0,0.2041,1.0,0.0408,1.0,12.0,0.4898,7904,4630,188.9796,0.196253,7025.0,,,162.0,156.0,6.0,,,6.6122,2825.0,4296.0,65.0,3488.0,4956.0,84.0,-663.0,-660.0,-19.0,0.0,0.0,1.0,1.0,0.0,0.0,4308.0,6504.0,101.0,6461.0,8213.0,141.0,-2153.0,-1709.0,-40.0,0.0,0.0,2.0,1.0,2.0,0.0,6549.0,9230.0,144.0,9804.0,12250.0,195.0,-3255.0,-3020.0,-51.0,2.0,0.0,3.0,3.0,6.0,0.0,7904.0,10571.0,162.0,13155.0,15853.0,231.0,-5251.0,-5282.0,-69.0,3.0,0.0,5.0,5.0,12.0,0.0
ESPORTSTMNT05_3240472,complete,,EM,2023,Summer,0,2023-08-22 18:09:13,1,13.15,2,Blue,jng,adi1,oe:player:6b7ca7e0fcad1f113f17bc2d30adbf5,AliorBank Team,oe:team:ccf3ac6ecc7f9a46f87a052deebe32e,Sejuani,Rumble,Ivern,Tristana,Alistar,Nautilus,,,,,,1470,0,1,4,4,7,25,0.0,0.0,0.0,0.0,0.0,0.0,0.0,0.0,0.2857,1.3061,,,,,,,,,,,,,,,,,,,,,0.0,1.0,,,,,,,,0.0,0.0,8346.0,340.6531,0.172388,1050.2041,1348.4082,13.0,0.5306,7.0,0.2857,10.0,43.0,1.7551,8097,4823,196.8571,0.204434,8165.0,,,154.0,39.0,115.0,,,6.2857,3450.0,3560.0,78.0,3033.0,3299.0,57.0,417.0,261.0,21.0,0.0,0.0,1.0,0.0,1.0,0.0,5373.0,5722.0,110.0,4537.0,5414.0,94.0,836.0,308.0,16.0,1.0,0.0,1.0,0.0,1.0,0.0,6877.0,7805.0,138.0,6579.0,7420.0,117.0,298.0,385.0,21.0,1.0,2.0,2.0,1.0,3.0,0.0,8097.0,9241.0,154.0,8993.0,10856.0,132.0,-896.0,-1615.0,22.0,1.0,4.0,4.0,2.0,12.0,0.0
ESPORTSTMNT05_3240472,complete,,EM,2023,Summer,0,2023-08-22 18:09:13,1,13.15,3,Blue,mid,many,oe:player:9970a9b7dfef2df3002d7217596010e,AliorBank Team,oe:team:ccf3ac6ecc7f9a46f87a052deebe32e,Jayce,Rumble,Ivern,Tristana,Alistar,Nautilus,,,,,,1470,0,1,5,5,7,25,0.0,0.0,0.0,0.0,0.0,0.0,0.0,1.0,0.2857,1.3061,,,,,,,,,,,,,,,,,,,,,0.0,0.0,,,,,,,,0.0,0.0,15234.0,621.7959,0.314661,579.4286,445.3878,6.0,0.2449,8.0,0.3265,1.0,18.0,0.7347,10002,6728,274.6122,0.285189,8975.0,,,211.0,211.0,0.0,,,8.6122,3269.0,4287.0,74.0,3948.0,4744.0,93.0,-679.0,-457.0,-19.0,0.0,1.0,1.0,1.0,0.0,0.0,5624.0,7097.0,131.0,6508.0,7361.0,138.0,-884.0,-264.0,-7.0,0.0,1.0,1.0,3.0,1.0,1.0,8034.0,9804.0,177.0,9107.0,9834.0,175.0,-1073.0,-30.0,2.0,1.0,3.0,3.0,3.0,3.0,3.0,10002.0,11762.0,211.0,12460.0,14074.0,219.0,-2458.0,-2312.0,-8.0,1.0,5.0,5.0,7.0,8.0,3.0
ESPORTSTMNT05_3240472,complete,,EM,2023,Summer,0,2023-08-22 18:09:13,1,13.15,4,Blue,bot,svns,oe:player:1ecc2cf8dc5f05719ca235f6d0be5e2,AliorBank Team,oe:team:ccf3ac6ecc7f9a46f87a052deebe32e,Ezreal,Rumble,Ivern,Tristana,Alistar,Nautilus,,,,,,1470,0,2,5,1,7,25,0.0,0.0,0.0,0.0,0.0,0.0,0.0,0.0,0.2857,1.3061,,,,,,,,,,,,,,,,,,,,,0.0,0.0,,,,,,,,0.0,0.0,11227.0,458.2449,0.231896,634.2857,289.7959,9.0,0.3673,2.0,0.0816,2.0,16.0,0.6531,8640,5366,219.0204,0.227452,7983.0,,,193.0,193.0,0.0,,,7.8776,3483.0,3508.0,86.0,3971.0,3716.0,92.0,-488.0,-208.0,-6.0,1.0,0.0,0.0,1.0,1.0,1.0,4749.0,4873.0,116.0,6415.0,6198.0,147.0,-1666.0,-1325.0,-31.0,1.0,0.0,1.0,2.0,2.0,1.0,6377.0,6833.0,159.0,10156.0,9528.0,207.0,-3779.0,-2695.0,-48.0,1.0,1.0,3.0,5.0,4.0,1.0,8640.0,8889.0,193.0,13635.0,12960.0,247.0,-4995.0,-4071.0,-54.0,2.0,1.0,5.0,9.0,9.0,2.0
ESPORTSTMNT05_3240472,complete,,EM,2023,Summer,0,2023-08-22 18:09:13,1,13.15,5,Blue,sup,minemaciek,oe:player:1f892f04e94e144dadcc8be197d4f5b,AliorBank Team,oe:team:ccf3ac6ecc7f9a46f87a052deebe32e,Rell,Rumble,Ivern,Tristana,Alistar,Nautilus,,,,,,1470,0,0,6,5,7,25,0.0,0.0,0.0,0.0,0.0,0.0,0.0,0.0,0.2857,1.3061,,,,,,,,,,,,,,,,,,,,,0.0,0.0,,,,,,,,0.0,0.0,3852.0,157.2245,0.0795638,752.1633,842.2857,29.0,1.1837,7.0,0.2857,9.0,64.0,2.6122,5319,2045,83.4694,0.0866723,5125.0,,,27.0,27.0,0.0,,,1.102,2181.0,2766.0,12.0,2446.0,2527.0,13.0,-265.0,239.0,-1.0,0.0,1.0,1.0,1.0,1.0,0.0,3297.0,3683.0,21.0,3657.0,3724.0,19.0,-360.0,-41.0,2.0,0.0,1.0,2.0,1.0,4.0,0.0,4367.0,5387.0,27.0,5387.0,5833.0,24.0,-1020.0,-446.0,3.0,0.0,3.0,3.0,2.0,8.0,1.0,5319.0,6435.0,27.0,7100.0,8557.0,28.0,-1781.0,-2122.0,-1.0,0.0,5.0,6.0,2.0,17.0,2.0
ESPORTSTMNT05_3240472,complete,,EM,2023,Summer,0,2023-08-22 18:09:13,1,13.15,6,Red,top,JNX,oe:player:4bb53c6fa9f5d75901136feb8bdf817,SK Gaming Prime,oe:team:aa8c3b781d96ddb7a24ab3240918988,K'Sante,Ziggs,Neeko,Azir,Draven,Renekton,,,,,,1470,1,5,0,12,25,7,1.0,0.0,0.0,0.0,0.0,0.0,0.0,0.0,1.0204,1.3061,,,,,,,,,,,,,,,,,,,,,0.0,0.0,,,,,,,,1.0,0.0,20121.0,821.2653,0.275664,707.6327,1338.5714,9.0,0.3673,4.0,0.1633,1.0,23.0,0.9388,13155,9881,403.3061,0.253537,11425.0,,,231.0,223.0,8.0,,,9.4286,3488.0,4956.0,84.0,2825.0,4296.0,65.0,663.0,660.0,19.0,1.0,0.0,0.0,0.0,0.0,1.0,6461.0,8213.0,141.0,4308.0,6504.0,101.0,2153.0,1709.0,40.0,1.0,2.0,0.0,0.0,0.0,2.0,9804.0,12250.0,195.0,6549.0,9230.0,144.0,3255.0,3020.0,51.0,3.0,6.0,0.0,2.0,0.0,3.0,13155.0,15853.0,231.0,7904.0,10571.0,162.0,5251.0,5282.0,69.0,5.0,12.0,0.0,3.0,0.0,5.0
ESPORTSTMNT05_3240472,complete,,EM,2023,Summer,0,2023-08-22 18:09:13,1,13.15,7,Red,jng,Lurox,oe:player:6fc5fe723eed4ba4c230292be365c66,SK Gaming Prime,oe:team:aa8c3b781d96ddb7a24ab3240918988,Maokai,Ziggs,Neeko,Azir,Draven,Renekton,,,,,,1470,1,2,0,12,25,7,0.0,0.0,0.0,0.0,1.0,0.0,1.0,0.0,1.0204,1.3061,,,,,,,,,,,,,,,,,,,,,1.0,0.0,,,,,,,,0.0,0.0,8636.0,352.4898,0.118316,945.8776,778.3673,6.0,0.2449,3.0,0.1224,5.0,18.0,0.7347,8993,5719,233.4286,0.14674,7675.0,,,132.0,8.0,124.0,,,5.3878,3033.0,3299.0,57.0,3450.0,3560.0,78.0,-417.0,-261.0,-21.0,0.0,1.0,0.0,0.0,0.0,1.0,4537.0,5414.0,94.0,5373.0,5722.0,110.0,-836.0,-308.0,-16.0,0.0,1.0,0.0,1.0,0.0,1.0,6579.0,7420.0,117.0,6877.0,7805.0,138.0,-298.0,-385.0,-21.0,1.0,3.0,0.0,1.0,2.0,2.0,8993.0,10856.0,132.0,8097.0,9241.0,154.0,896.0,1615.0,-22.0,2.0,12.0,0.0,1.0,4.0,4.0
ESPORTSTMNT05_3240472,complete,,EM,2023,Summer,0,2023-08-22 18:09:13,1,13.15,8,Red,mid,FEBIVEN,oe:player:d62421836c8b27dc3ffaffa058b8098,SK Gaming Prime,oe:team:aa8c3b781d96ddb7a24ab3240918988,LeBlanc,Ziggs,Neeko,Azir,Draven,Renekton,,,,,,1470,1,7,3,8,25,7,2.0,0.0,0.0,0.0,1.0,1.0,0.0,0.0,1.0204,1.3061,,,,,,,,,,,,,,,,,,,,,0.0,0.0,,,,,,,,0.0,0.0,15771.0,643.7143,0.216068,615.102,351.0204,7.0,0.2857,1.0,0.0408,4.0,19.0,0.7755,12460,9186,374.9388,0.235703,10800.0,,,219.0,219.0,0.0,,,8.9388,3948.0,4744.0,93.0,3269.0,4287.0,74.0,679.0,457.0,19.0,1.0,0.0,0.0,0.0,1.0,1.0,6508.0,7361.0,138.0,5624.0,7097.0,131.0,884.0,264.0,7.0,3.0,1.0,1.0,0.0,1.0,1.0,9107.0,9834.0,175.0,8034.0,9804.0,177.0,1073.0,30.0,-2.0,3.0,3.0,3.0,1.0,3.0,3.0,12460.0,14074.0,219.0,10002.0,11762.0,211.0,2458.0,2312.0,8.0,7.0,8.0,3.0,1.0,5.0,5.0
ESPORTSTMNT05_3240472,complete,,EM,2023,Summer,0,2023-08-22 18:09:13,1,13.15,9,Red,bot,Keduii,oe:player:44189e6dc3089dbf9520de800fa705a,SK Gaming Prime,oe:team:aa8c3b781d96ddb7a24ab3240918988,Kalista,Ziggs,Neeko,Azir,Draven,Renekton,,,,,,1470,1,9,2,9,25,7,2.0,2.0,0.0,0.0,0.0,0.0,0.0,0.0,1.0204,1.3061,,,,,,,,,,,,,,,,,,,,,0.0,0.0,,,,,,,,0.0,0.0,21307.0,869.6735,0.291913,458.0,275.6735,11.0,0.449,8.0,0.3265,4.0,32.0,1.3061,13635,10361,422.898,0.265854,10025.0,,,247.0,231.0,16.0,,,10.0816,3971.0,3716.0,92.0,3483.0,3508.0,86.0,488.0,208.0,6.0,1.0,1.0,1.0,1.0,0.0,0.0,6415.0,6198.0,147.0,4749.0,4873.0,116.0,1666.0,1325.0,31.0,2.0,2.0,1.0,1.0,0.0,1.0,10156.0,9528.0,207.0,6377.0,6833.0,159.0,3779.0,2695.0,48.0,5.0,4.0,1.0,1.0,1.0,3.0,13635.0,12960.0,247.0,8640.0,8889.0,193.0,4995.0,4071.0,54.0,9.0,9.0,2.0,2.0,1.0,5.0
ESPORTSTMNT05_3240472,complete,,EM,2023,Summer,0,2023-08-22 18:09:13,1,13.15,10,Red,sup,Prime,oe:player:e038414b765a8bda52e602f7eaeff04,SK Gaming Prime,oe:team:aa8c3b781d96ddb7a24ab3240918988,Blitzcrank,Ziggs,Neeko,Azir,Draven,Renekton,,,,,,1470,1,2,2,17,25,7,0.0,0.0,0.0,0.0,0.0,0.0,0.0,0.0,1.0204,1.3061,,,,,,,,,,,,,,,,,,,,,0.0,0.0,,,,,,,,0.0,0.0,7156.0,292.0816,0.0980395,444.5714,333.7143,30.0,1.2245,6.0,0.2449,8.0,61.0,2.4898,7100,3826,156.1633,0.0981653,5600.0,,,28.0,27.0,1.0,,,1.1429,2446.0,2527.0,13.0,2181.0,2766.0,12.0,265.0,-239.0,1.0,1.0,1.0,0.0,0.0,1.0,1.0,3657.0,3724.0,19.0,3297.0,3683.0,21.0,360.0,41.0,-2.0,1.0,4.0,0.0,0.0,1.0,2.0,5387.0,5833.0,24.0,4367.0,5387.0,27.0,1020.0,446.0,-3.0,2.0,8.0,1.0,0.0,3.0,3.0,7100.0,8557.0,28.0,5319.0,6435.0,27.0,1781.0,2122.0,1.0,2.0,17.0,2.0,0.0,5.0,6.0
ESPORTSTMNT05_3240472,complete,,EM,2023,Summer,0,2023-08-22 18:09:13,1,13.15,100,Blue,team,,,AliorBank Team,oe:team:ccf3ac6ecc7f9a46f87a052deebe32e,,Rumble,Ivern,Tristana,Alistar,Nautilus,Sejuani,Rell,Jayce,Jax,Ezreal,1470,0,7,25,15,7,25,0.0,0.0,0.0,0.0,0.0,,,,0.2857,1.3061,0.0,0.0,3.0,0.0,3.0,0.0,0.0,0.0,0.0,0.0,0.0,,0.0,0.0,1.0,1.0,1.0,,,0.0,0.0,1.0,0.0,1.0,9.0,0.0,0.0,3.0,7.0,0.0,1.0,48414.0,1976.0816,,3828.898,3670.2857,62.0,2.5306,25.0,1.0204,23.0,153.0,6.2449,39962,23590,962.8571,,37273.0,-0.199328,-3.5,,626.0,121.0,,,30.4898,15208.0,18417.0,315.0,16886.0,19242.0,339.0,-1678.0,-825.0,-24.0,1.0,2.0,4.0,4.0,3.0,1.0,23351.0,27879.0,479.0,27578.0,30910.0,539.0,-4227.0,-3031.0,-60.0,2.0,2.0,7.0,7.0,10.0,2.0,32204.0,39059.0,645.0,41033.0,44865.0,718.0,-8829.0,-5806.0,-73.0,5.0,9.0,14.0,14.0,24.0,5.0,39962.0,46898.0,747.0,55343.0,62300.0,857.0,-15381.0,-15402.0,-110.0,7.0,15.0,25.0,25.0,58.0,7.0
ESPORTSTMNT05_3240472,complete,,EM,2023,Summer,0,2023-08-22 18:09:13,1,13.15,200,Red,team,,,SK Gaming Prime,oe:team:aa8c3b781d96ddb7a24ab3240918988,,Ziggs,Neeko,Azir,Draven,Renekton,Maokai,LeBlanc,Kalista,Blitzcrank,K'Sante,1470,1,25,7,58,25,7,5.0,2.0,0.0,0.0,1.0,,,,1.0204,1.3061,1.0,3.0,0.0,3.0,0.0,0.0,1.0,0.0,1.0,1.0,0.0,,0.0,0.0,0.0,1.0,1.0,,,1.0,1.0,0.0,1.0,9.0,1.0,1.0,1.0,7.0,3.0,1.0,0.0,72991.0,2979.2245,,3171.1837,3077.3469,63.0,2.5714,22.0,0.898,22.0,153.0,6.2449,55343,38971,1590.6531,,45525.0,0.199328,3.5,,708.0,149.0,,,34.9796,16886.0,19242.0,339.0,15208.0,18417.0,315.0,1678.0,825.0,24.0,4.0,3.0,1.0,1.0,2.0,4.0,27578.0,30910.0,539.0,23351.0,27879.0,479.0,4227.0,3031.0,60.0,7.0,10.0,2.0,2.0,2.0,7.0,41033.0,44865.0,718.0,32204.0,39059.0,645.0,8829.0,5806.0,73.0,14.0,24.0,5.0,5.0,9.0,14.0,55343.0,62300.0,857.0,39962.0,46898.0,747.0,15381.0,15402.0,110.0,25.0,58.0,7.0,7.0,15.0,25.0
ESPORTSTMNT05_3240473,complete,,EM,2023,Summer,0,2023-08-22 18:34:18,1,13.15,1,Blue,top,Ragner,oe:player:c0f78343a2ad4ba1463245d53a3b440,Team GO,oe:team:8d538207b9de9d20e1a525aae593515,K'Sante,Maokai,Tristana,Poppy,Rakan,Alistar,,,,,,1722,1,2,1,7,19,6,1.0,0.0,0.0,0.0,0.0,0.0,0.0,0.0,0.662,0.8711,,,,,,,,,,,,,,,,,,,,,0.0,0.0,,,,,,,,0.0,0.0,10830.0,377.3519,0.157863,693.7631,1081.8467,13.0,0.453,3.0,0.1045,4.0,20.0,0.6969,11107,7319,255.0174,0.181774,10980.0,,,220.0,220.0,0.0,,,7.6655,3531.0,4652.0,86.0,3335.0,5051.0,80.0,196.0,-399.0,6.0,0.0,0.0,0.0,0.0,0.0,0.0,5476.0,7456.0,140.0,5231.0,8048.0,139.0,245.0,-592.0,1.0,0.0,0.0,0.0,0.0,0.0,0.0,8227.0,10373.0,182.0,7014.0,10148.0,172.0,1213.0,225.0,10.0,2.0,2.0,0.0,1.0,1.0,1.0,9899.0,12805.0,208.0,9860.0,12751.0,216.0,39.0,54.0,-8.0,2.0,5.0,1.0,2.0,1.0,2.0
ESPORTSTMNT05_3240473,complete,,EM,2023,Summer,0,2023-08-22 18:34:18,1,13.15,2,Blue,jng,Lyncas,oe:player:ca9701f085966dfca32e31b1b1e9d55,Team GO,oe:team:8d538207b9de9d20e1a525aae593515,Viego,Maokai,Tristana,Poppy,Rakan,Alistar,,,,,,1722,1,8,1,8,19,6,2.0,0.0,0.0,0.0,1.0,1.0,0.0,0.0,0.662,0.8711,,,,,,,,,,,,,,,,,,,,,1.0,0.0,,,,,,,,0.0,0.0,12030.0,419.1638,0.175354,920.9408,746.2369,9.0,0.3136,15.0,0.5226,8.0,52.0,1.8118,13116,9328,325.0174,0.231673,11658.0,,,195.0,18.0,177.0,,,6.7944,3454.0,3240.0,57.0,3168.0,3493.0,60.0,286.0,-253.0,-3.0,1.0,0.0,1.0,0.0,2.0,0.0,5342.0,5386.0,94.0,4555.0,5331.0,91.0,787.0,55.0,3.0,1.0,2.0,1.0,0.0,2.0,1.0,8415.0,8994.0,135.0,6107.0,7146.0,110.0,2308.0,1848.0,25.0,4.0,4.0,1.0,1.0,4.0,3.0,11111.0,12410.0,174.0,7297.0,8292.0,119.0,3814.0,4118.0,55.0,6.0,7.0,1.0,1.0,5.0,5.0
ESPORTSTMNT05_3240473,complete,,EM,2023,Summer,0,2023-08-22 18:34:18,1,13.15,3,Blue,mid,Toucouille,oe:player:525ac233cf71bc36a611e27a324144f,Team GO,oe:team:8d538207b9de9d20e1a525aae593515,Ahri,Maokai,Tristana,Poppy,Rakan,Alistar,,,,,,1722,1,3,1,10,19,6,0.0,0.0,0.0,0.0,0.0,0.0,0.0,0.0,0.662,0.8711,,,,,,,,,,,,,,,,,,,,,0.0,0.0,,,,,,,,1.0,0.0,21591.0,752.2997,0.314719,320.1742,174.7387,9.0,0.3136,3.0,0.1045,3.0,30.0,1.0453,14551,10763,375.0174,0.267315,12060.0,,,280.0,280.0,0.0,,,9.7561,3399.0,4686.0,82.0,3041.0,4527.0,72.0,358.0,159.0,10.0,0.0,1.0,1.0,0.0,1.0,1.0,5617.0,7883.0,140.0,5037.0,7935.0,139.0,580.0,-52.0,1.0,0.0,2.0,1.0,0.0,1.0,1.0,8720.0,11205.0,187.0,6750.0,10211.0,183.0,1970.0,994.0,4.0,1.0,6.0,1.0,0.0,3.0,3.0,11275.0,14896.0,233.0,8177.0,12132.0,212.0,3098.0,2764.0,21.0,2.0,8.0,1.0,0.0,3.0,4.0
ESPORTSTMNT05_3240473,complete,,EM,2023,Summer,0,2023-08-22 18:34:18,1,13.15,4,Blue,bot,Jezu,oe:player:4817d93e8f26002377aec42233b3fc2,Team GO,oe:team:8d538207b9de9d20e1a525aae593515,Vayne,Maokai,Tristana,Poppy,Rakan,Alistar,,,,,,1722,1,6,1,5,19,6,0.0,0.0,0.0,0.0,1.0,0.0,1.0,0.0,0.662,0.8711,,,,,,,,,,,,,,,,,,,,,0.0,0.0,,,,,,,,0.0,0.0,18287.0,637.1777,0.266559,339.547,195.0523,13.0,0.453,7.0,0.2439,3.0,35.0,1.2195,12876,9088,316.6551,0.225712,11858.0,,,251.0,228.0,23.0,,,8.7456,3399.0,2813.0,68.0,3235.0,2784.0,65.0,164.0,29.0,3.0,1.0,1.0,0.0,1.0,0.0,0.0,5841.0,5246.0,123.0,4843.0,4850.0,111.0,998.0,396.0,12.0,3.0,1.0,0.0,1.0,0.0,1.0,7974.0,7783.0,172.0,7684.0,7810.0,178.0,290.0,-27.0,-6.0,3.0,2.0,1.0,2.0,1.0,1.0,10843.0,11441.0,218.0,9804.0,10256.0,223.0,1039.0,1185.0,-5.0,5.0,5.0,1.0,2.0,2.0,1.0
ESPORTSTMNT05_3240473,complete,,EM,2023,Summer,0,2023-08-22 18:34:18,1,13.15,5,Blue,sup,kamilius,oe:player:7aa0aebd379414d25f1fcdc396407f1,Team GO,oe:team:8d538207b9de9d20e1a525aae593515,Rell,Maokai,Tristana,Poppy,Rakan,Alistar,,,,,,1722,1,0,2,17,19,6,0.0,0.0,0.0,0.0,1.0,0.0,1.0,0.0,0.662,0.8711,,,,,,,,,,,,,,,,,,,,,0.0,0.0,,,,,,,,0.0,0.0,5866.0,204.3902,0.0855052,352.1254,636.4111,46.0,1.6028,9.0,0.3136,13.0,91.0,3.1707,7554,3766,131.2195,0.0935263,6825.0,,,35.0,35.0,0.0,,,1.2195,2298.0,2438.0,17.0,2374.0,2062.0,12.0,-76.0,376.0,5.0,0.0,2.0,0.0,1.0,0.0,1.0,3573.0,3645.0,27.0,3376.0,3047.0,21.0,197.0,598.0,6.0,0.0,4.0,0.0,1.0,0.0,1.0,4879.0,5394.0,31.0,4384.0,4779.0,25.0,495.0,615.0,6.0,0.0,8.0,2.0,1.0,1.0,2.0,6351.0,7909.0,34.0,5336.0,5334.0,26.0,1015.0,2575.0,8.0,0.0,13.0,2.0,1.0,1.0,3.0
ESPORTSTMNT05_3240473,complete,,EM,2023,Summer,0,2023-08-22 18:34:18,1,13.15,6,Red,top,fabFabulous,oe:player:d12be4fd740afa31c400833bee2cba4,NASR eSports Turkey,oe:team:1bcba9d314932379a955b3de9e8654d,Malphite,Ivern,Taliyah,LeBlanc,Xayah,Kalista,,,,,,1722,0,2,3,1,6,19,0.0,0.0,0.0,0.0,0.0,0.0,0.0,0.0,0.2091,0.8711,,,,,,,,,,,,,,,,,,,,,0.0,0.0,,,,,,,,0.0,0.0,10041.0,349.8606,0.227682,664.6341,1299.7561,14.0,0.4878,6.0,0.2091,5.0,31.0,1.0801,10725,6937,241.7073,0.257666,10775.0,,,231.0,231.0,0.0,,,8.0488,3335.0,5051.0,80.0,3531.0,4652.0,86.0,-196.0,399.0,-6.0,0.0,0.0,0.0,0.0,0.0,0.0,5231.0,8048.0,139.0,5476.0,7456.0,140.0,-245.0,592.0,-1.0,0.0,0.0,0.0,0.0,0.0,0.0,7014.0,10148.0,172.0,8227.0,10373.0,182.0,-1213.0,-225.0,-10.0,1.0,1.0,1.0,2.0,2.0,0.0,9860.0,12751.0,216.0,9899.0,12805.0,208.0,-39.0,-54.0,8.0,2.0,1.0,2.0,2.0,5.0,1.0
ESPORTSTMNT05_3240473,complete,,EM,2023,Summer,0,2023-08-22 18:34:18,1,13.15,7,Red,jng,Typhoon,oe:player:8a729e3599082e74fcca776b295d0e1,NASR eSports Turkey,oe:team:1bcba9d314932379a955b3de9e8654d,Sejuani,Ivern,Taliyah,LeBlanc,Xayah,Kalista,,,,,,1722,0,1,6,5,6,19,0.0,0.0,0.0,0.0,0.0,0.0,0.0,0.0,0.2091,0.8711,,,,,,,,,,,,,,,,,,,,,0.0,1.0,,,,,,,,0.0,0.0,6139.0,213.9024,0.139203,866.0279,957.0383,5.0,0.1742,6.0,0.2091,5.0,27.0,0.9408,8061,4273,148.885,0.158708,7725.0,,,128.0,13.0,115.0,,,4.4599,3168.0,3493.0,60.0,3454.0,3240.0,57.0,-286.0,253.0,3.0,0.0,2.0,0.0,1.0,0.0,1.0,4555.0,5331.0,91.0,5342.0,5386.0,94.0,-787.0,-55.0,-3.0,0.0,2.0,1.0,1.0,2.0,1.0,6107.0,7146.0,110.0,8415.0,8994.0,135.0,-2308.0,-1848.0,-25.0,1.0,4.0,3.0,4.0,4.0,1.0,7297.0,8292.0,119.0,11111.0,12410.0,174.0,-3814.0,-4118.0,-55.0,1.0,5.0,5.0,6.0,7.0,1.0
ESPORTSTMNT05_3240473,complete,,EM,2023,Summer,0,2023-08-22 18:34:18,1,13.15,8,Red,mid,Whistle,oe:player:d62f8789d640fc4bf972663ddd10b77,NASR eSports Turkey,oe:team:1bcba9d314932379a955b3de9e8654d,Yone,Ivern,Taliyah,LeBlanc,Xayah,Kalista,,,,,,1722,0,0,4,3,6,19,0.0,0.0,0.0,0.0,0.0,0.0,0.0,0.0,0.2091,0.8711,,,,,,,,,,,,,,,,,,,,,0.0,0.0,,,,,,,,0.0,1.0,13575.0,472.9965,0.307816,651.0105,712.1254,6.0,0.2091,7.0,0.2439,2.0,31.0,1.0801,9577,5789,201.7073,0.215022,9750.0,,,247.0,243.0,4.0,,,8.6063,3041.0,4527.0,72.0,3399.0,4686.0,82.0,-358.0,-159.0,-10.0,0.0,1.0,1.0,0.0,1.0,1.0,5037.0,7935.0,139.0,5617.0,7883.0,140.0,-580.0,52.0,-1.0,0.0,1.0,1.0,0.0,2.0,1.0,6750.0,10211.0,183.0,8720.0,11205.0,187.0,-1970.0,-994.0,-4.0,0.0,3.0,3.0,1.0,6.0,1.0,8177.0,12132.0,212.0,11275.0,14896.0,233.0,-3098.0,-2764.0,-21.0,0.0,3.0,4.0,2.0,8.0,1.0
ESPORTSTMNT05_3240473,complete,,EM,2023,Summer,0,2023-08-22 18:34:18,1,13.15,9,Red,bot,Scorth,oe:player:a177d116efe77552eb3068675c777f2,NASR eSports Turkey,oe:team:1bcba9d314932379a955b3de9e8654d,Kai'Sa,Ivern,Taliyah,LeBlanc,Xayah,Kalista,,,,,,1722,0,2,2,2,6,19,0.0,0.0,0.0,0.0,0.0,0.0,0.0,0.0,0.2091,0.8711,,,,,,,,,,,,,,,,,,,,,0.0,0.0,,,,,,,,0.0,0.0,11969.0,417.0383,0.2714,277.0732,150.2091,14.0,0.4878,3.0,0.1045,4.0,23.0,0.8014,11625,7837,273.0662,0.291098,11435.0,,,276.0,274.0,2.0,,,9.6167,3235.0,2784.0,65.0,3399.0,2813.0,68.0,-164.0,-29.0,-3.0,1.0,0.0,0.0,1.0,1.0,0.0,4843.0,4850.0,111.0,5841.0,5246.0,123.0,-998.0,-396.0,-12.0,1.0,0.0,1.0,3.0,1.0,0.0,7684.0,7810.0,178.0,7974.0,7783.0,172.0,-290.0,27.0,6.0,2.0,1.0,1.0,3.0,2.0,1.0,9804.0,10256.0,223.0,10843.0,11441.0,218.0,-1039.0,-1185.0,5.0,2.0,2.0,1.0,5.0,5.0,1.0
ESPORTSTMNT05_3240473,complete,,EM,2023,Summer,0,2023-08-22 18:34:18,1,13.15,10,Red,sup,Patch,oe:player:7c8d8bf5d11af12d15aad3ce6bf5522,NASR eSports Turkey,oe:team:1bcba9d314932379a955b3de9e8654d,Leona,Ivern,Taliyah,LeBlanc,Xayah,Kalista,,,,,,1722,0,1,4,1,6,19,0.0,0.0,0.0,0.0,0.0,0.0,0.0,1.0,0.2091,0.8711,,,,,,,,,,,,,,,,,,,,,0.0,0.0,,,,,,,,0.0,0.0,2377.0,82.8223,0.053899,460.5575,499.2334,52.0,1.8118,7.0,0.2439,13.0,83.0,2.892,5875,2087,72.7178,0.0775064,5425.0,,,27.0,27.0,0.0,,,0.9408,2374.0,2062.0,12.0,2298.0,2438.0,17.0,76.0,-376.0,-5.0,1.0,0.0,1.0,0.0,2.0,0.0,3376.0,3047.0,21.0,3573.0,3645.0,27.0,-197.0,-598.0,-6.0,1.0,0.0,1.0,0.0,4.0,0.0,4384.0,4779.0,25.0,4879.0,5394.0,31.0,-495.0,-615.0,-6.0,1.0,1.0,2.0,0.0,8.0,2.0,5336.0,5334.0,26.0,6351.0,7909.0,34.0,-1015.0,-2575.0,-8.0,1.0,1.0,3.0,0.0,13.0,2.0
ESPORTSTMNT05_3240473,complete,,EM,2023,Summer,0,2023-08-22 18:34:18,1,13.15,100,Blue,team,,,Team GO,oe:team:8d538207b9de9d20e1a525aae593515,,Maokai,Tristana,Poppy,Rakan,Alistar,Rell,Ahri,Viego,Vayne,K'Sante,1722,1,19,6,47,19,6,3.0,0.0,0.0,0.0,1.0,,,,0.662,0.8711,1.0,3.0,0.0,3.0,0.0,0.0,1.0,1.0,0.0,0.0,1.0,,0.0,0.0,1.0,2.0,0.0,,,1.0,1.0,0.0,1.0,9.0,2.0,1.0,1.0,6.0,3.0,1.0,0.0,68604.0,2390.3833,,2626.5505,2834.2857,90.0,3.1359,37.0,1.2892,31.0,228.0,7.9443,59204,40262,1402.8571,,53381.0,0.167954,3.22,,781.0,200.0,,,34.1812,16081.0,17829.0,310.0,15153.0,17917.0,289.0,928.0,-88.0,21.0,2.0,4.0,2.0,2.0,3.0,2.0,25849.0,29616.0,524.0,23042.0,29211.0,501.0,2807.0,405.0,23.0,4.0,9.0,2.0,2.0,3.0,4.0,38215.0,43749.0,707.0,31939.0,40094.0,668.0,6276.0,3655.0,39.0,10.0,22.0,5.0,5.0,10.0,10.0,49479.0,59461.0,867.0,40474.0,48765.0,796.0,9005.0,10696.0,71.0,15.0,38.0,6.0,6.0,12.0,15.0
ESPORTSTMNT05_3240473,complete,,EM,2023,Summer,0,2023-08-22 18:34:18,1,13.15,200,Red,team,,,NASR eSports Turkey,oe:team:1bcba9d314932379a955b3de9e8654d,,Ivern,Taliyah,LeBlanc,Xayah,Kalista,Sejuani,Kai'Sa,Yone,Leona,Malphite,1722,0,6,19,12,6,19,0.0,0.0,0.0,0.0,0.0,,,,0.2091,0.8711,0.0,0.0,3.0,0.0,3.0,0.0,0.0,0.0,0.0,0.0,0.0,,0.0,0.0,0.0,0.0,2.0,,,0.0,0.0,1.0,0.0,2.0,9.0,0.0,0.0,3.0,6.0,0.0,1.0,44101.0,1536.6202,,2919.3031,3618.3624,91.0,3.1707,29.0,1.0105,29.0,195.0,6.7944,45863,26921,938.0139,,45110.0,-0.167954,-3.22,,788.0,121.0,,,31.6725,15153.0,17917.0,289.0,16081.0,17829.0,310.0,-928.0,88.0,-21.0,2.0,3.0,2.0,2.0,4.0,2.0,23042.0,29211.0,501.0,25849.0,29616.0,524.0,-2807.0,-405.0,-23.0,2.0,3.0,4.0,4.0,9.0,2.0,31939.0,40094.0,668.0,38215.0,43749.0,707.0,-6276.0,-3655.0,-39.0,5.0,10.0,10.0,10.0,22.0,5.0,40474.0,48765.0,796.0,49479.0,59461.0,867.0,-9005.0,-10696.0,-71.0,6.0,12.0,15.0,15.0,38.0,6.0
ESPORTSTMNT05_3240474,complete,,EM,2023,Summer,0,2023-08-22 18:51:06,1,13.15,1,Blue,top,Empyros,oe:player:9db3f170213f562a9613fe4f99d7dfa,DSYRE,oe:team:3e3ca0895ded506fd637e723d6ae2a1,Darius,Amumu,Azir,Maokai,Rell,Zeri,,,,,,2319,0,5,3,2,19,21,1.0,0.0,0.0,0.0,0.0,0.0,0.0,0.0,0.4916,1.0349,,,,,,,,,,,,,,,,,,,,,0.0,0.0,,,,,,,,0.0,0.0,14094.0,364.6572,0.137291,684.1915,714.8254,15.0,0.3881,7.0,0.1811,3.0,43.0,1.1125,15060,10054,260.1294,0.207248,15208.0,,,281.0,273.0,8.0,,,7.2704,3036.0,4231.0,80.0,3074.0,5046.0,76.0,-38.0,-815.0,4.0,0.0,0.0,0.0,0.0,0.0,0.0,4912.0,6570.0,121.0,5211.0,7756.0,127.0,-299.0,-1186.0,-6.0,1.0,0.0,1.0,0.0,1.0,0.0,6653.0,8786.0,157.0,7552.0,10988.0,186.0,-899.0,-2202.0,-29.0,1.0,0.0,1.0,0.0,1.0,0.0,8543.0,10882.0,197.0,9430.0,13969.0,220.0,-887.0,-3087.0,-23.0,2.0,0.0,1.0,0.0,1.0,0.0
ESPORTSTMNT05_3240474,complete,,EM,2023,Summer,0,2023-08-22 18:51:06,1,13.15,2,Blue,jng,Rhilech,oe:player:cbe20c64274a87a21e5bdac1ccc3e77,DSYRE,oe:team:3e3ca0895ded506fd637e723d6ae2a1,Wukong,Amumu,Azir,Maokai,Rell,Zeri,,,,,,2319,0,4,5,9,19,21,0.0,0.0,0.0,0.0,0.0,0.0,0.0,0.0,0.4916,1.0349,,,,,,,,,,,,,,,,,,,,,1.0,1.0,,,,,,,,0.0,0.0,13338.0,345.097,0.129927,1018.9651,818.9133,9.0,0.2329,9.0,0.2329,9.0,51.0,1.3195,14262,9256,239.4825,0.190798,14325.0,,,194.0,23.0,171.0,,,5.0194,3481.0,3622.0,61.0,3592.0,3601.0,72.0,-111.0,21.0,-11.0,1.0,0.0,1.0,1.0,1.0,0.0,6083.0,5370.0,81.0,5442.0,5968.0,103.0,641.0,-598.0,-22.0,3.0,2.0,2.0,3.0,1.0,1.0,7893.0,7919.0,122.0,7145.0,8416.0,144.0,748.0,-497.0,-22.0,3.0,2.0,2.0,3.0,1.0,1.0,9137.0,9277.0,141.0,8666.0,10661.0,167.0,471.0,-1384.0,-26.0,3.0,3.0,2.0,3.0,2.0,2.0
ESPORTSTMNT05_3240474,complete,,EM,2023,Summer,0,2023-08-22 18:51:06,1,13.15,3,Blue,mid,XoNix,oe:player:be877a261fb0c3a320db45091bdefec,DSYRE,oe:team:3e3ca0895ded506fd637e723d6ae2a1,Ahri,Amumu,Azir,Maokai,Rell,Zeri,,,,,,2319,0,1,7,10,19,21,0.0,0.0,0.0,0.0,0.0,0.0,0.0,0.0,0.4916,1.0349,,,,,,,,,,,,,,,,,,,,,0.0,1.0,,,,,,,,0.0,1.0,19193.0,496.5847,0.186961,579.0686,277.3351,10.0,0.2587,5.0,0.1294,5.0,27.0,0.6986,13352,8346,215.9379,0.172039,13625.0,,,277.0,277.0,0.0,,,7.1669,3394.0,4758.0,90.0,3539.0,4691.0,82.0,-145.0,67.0,8.0,0.0,1.0,1.0,0.0,2.0,1.0,5905.0,7358.0,135.0,5427.0,7476.0,135.0,478.0,-118.0,0.0,1.0,2.0,1.0,0.0,2.0,2.0,7543.0,9688.0,179.0,8076.0,11316.0,194.0,-533.0,-1628.0,-15.0,1.0,2.0,2.0,1.0,2.0,2.0,8911.0,11898.0,209.0,10394.0,14468.0,238.0,-1483.0,-2570.0,-29.0,1.0,4.0,3.0,2.0,2.0,2.0
ESPORTSTMNT05_3240474,complete,,EM,2023,Summer,0,2023-08-22 18:51:06,1,13.15,4,Blue,bot,Aetinoth,oe:player:d47955c8bc06bf316f24ee15d45407b,DSYRE,oe:team:3e3ca0895ded506fd637e723d6ae2a1,Xayah,Amumu,Azir,Maokai,Rell,Zeri,,,,,,2319,0,8,3,9,19,21,1.0,1.0,0.0,0.0,1.0,1.0,0.0,0.0,0.4916,1.0349,,,,,,,,,,,,,,,,,,,,,0.0,0.0,,,,,,,,0.0,0.0,50401.0,1304.0362,0.49096,454.903,198.8098,16.0,0.414,12.0,0.3105,2.0,39.0,1.0091,20617,15611,403.9069,0.321801,19000.0,,,393.0,358.0,35.0,,,10.1682,3723.0,3719.0,87.0,3620.0,3491.0,82.0,103.0,228.0,5.0,1.0,0.0,1.0,1.0,0.0,0.0,6831.0,6506.0,148.0,5417.0,5765.0,135.0,1414.0,741.0,13.0,2.0,3.0,1.0,1.0,0.0,1.0,9143.0,9408.0,215.0,7620.0,8404.0,196.0,1523.0,1004.0,19.0,2.0,3.0,1.0,1.0,0.0,1.0,10875.0,11010.0,255.0,9849.0,11168.0,246.0,1026.0,-158.0,9.0,2.0,5.0,1.0,1.0,1.0,1.0
ESPORTSTMNT05_3240474,complete,,EM,2023,Summer,0,2023-08-22 18:51:06,1,13.15,5,Blue,sup,Nash,oe:player:6b9f3420febdbc475dd3c1e4e0bcb5e,DSYRE,oe:team:3e3ca0895ded506fd637e723d6ae2a1,Rakan,Amumu,Azir,Maokai,Rell,Zeri,,,,,,2319,0,1,3,13,19,21,0.0,0.0,0.0,0.0,1.0,0.0,1.0,0.0,0.4916,1.0349,,,,,,,,,,,,,,,,,,,,,0.0,0.0,,,,,,,,0.0,0.0,5632.0,145.718,0.0548618,671.0479,886.132,109.0,2.8202,29.0,0.7503,18.0,200.0,5.1746,10251,5245,135.705,0.108114,10075.0,,,67.0,67.0,0.0,,,1.7335,2413.0,2723.0,21.0,2406.0,2124.0,12.0,7.0,599.0,9.0,0.0,2.0,0.0,1.0,1.0,1.0,3962.0,4306.0,34.0,3379.0,3181.0,20.0,583.0,1125.0,14.0,0.0,5.0,0.0,1.0,1.0,3.0,4979.0,5248.0,40.0,4449.0,4224.0,22.0,530.0,1024.0,18.0,0.0,5.0,0.0,1.0,1.0,3.0,6134.0,6741.0,44.0,5711.0,6479.0,28.0,423.0,262.0,16.0,1.0,6.0,0.0,1.0,2.0,4.0
ESPORTSTMNT05_3240474,complete,,EM,2023,Summer,0,2023-08-22 18:51:06,1,13.15,6,Red,top,Howling,oe:player:4f6302984cea43e6384d488973fe1d2,BK ROG Esports,oe:team:c40f6d0d20a7a718c60342e48c144a2,Renekton,Jax,Rumble,Tristana,Nocturne,Vi,,,,,,2319,1,0,3,7,21,19,0.0,0.0,0.0,0.0,0.0,0.0,0.0,0.0,0.5433,1.0349,,,,,,,,,,,,,,,,,,,,,0.0,0.0,,,,,,,,0.0,0.0,8657.0,223.9845,0.0839906,842.1992,1453.2212,10.0,0.2587,10.0,0.2587,4.0,42.0,1.0867,14634,9628,249.1074,0.189587,12800.0,,,283.0,283.0,0.0,,,7.3221,3074.0,5046.0,76.0,3036.0,4231.0,80.0,38.0,815.0,-4.0,0.0,0.0,0.0,0.0,0.0,0.0,5211.0,7756.0,127.0,4912.0,6570.0,121.0,299.0,1186.0,6.0,0.0,1.0,0.0,1.0,0.0,1.0,7552.0,10988.0,186.0,6653.0,8786.0,157.0,899.0,2202.0,29.0,0.0,1.0,0.0,1.0,0.0,1.0,9430.0,13969.0,220.0,8543.0,10882.0,197.0,887.0,3087.0,23.0,0.0,1.0,0.0,2.0,0.0,1.0
ESPORTSTMNT05_3240474,complete,,EM,2023,Summer,0,2023-08-22 18:51:06,1,13.15,7,Red,jng,Pridestalkr,oe:player:99594a251af944b3571fe7f37363303,BK ROG Esports,oe:team:c40f6d0d20a7a718c60342e48c144a2,Sejuani,Jax,Rumble,Tristana,Nocturne,Vi,,,,,,2319,1,3,3,13,21,19,0.0,0.0,0.0,0.0,0.0,0.0,0.0,0.0,0.5433,1.0349,,,,,,,,,,,,,,,,,,,,,1.0,1.0,,,,,,,,0.0,0.0,12687.0,328.2536,0.12309,908.0983,1698.1889,8.0,0.207,22.0,0.5692,9.0,64.0,1.6559,14008,9002,232.9107,0.17726,12875.0,,,237.0,53.0,184.0,,,6.132,3592.0,3601.0,72.0,3481.0,3622.0,61.0,111.0,-21.0,11.0,1.0,1.0,0.0,1.0,0.0,1.0,5442.0,5968.0,103.0,6083.0,5370.0,81.0,-641.0,598.0,22.0,3.0,1.0,1.0,3.0,2.0,2.0,7145.0,8416.0,144.0,7893.0,7919.0,122.0,-748.0,497.0,22.0,3.0,1.0,1.0,3.0,2.0,2.0,8666.0,10661.0,167.0,9137.0,9277.0,141.0,-471.0,1384.0,26.0,3.0,2.0,2.0,3.0,3.0,2.0
ESPORTSTMNT05_3240474,complete,,EM,2023,Summer,0,2023-08-22 18:51:06,1,13.15,8,Red,mid,Czekolad,oe:player:6606138426fa9bbef349c96b4afbc77,BK ROG Esports,oe:team:c40f6d0d20a7a718c60342e48c144a2,Taliyah,Jax,Rumble,Tristana,Nocturne,Vi,,,,,,2319,1,8,3,8,21,19,1.0,0.0,0.0,0.0,0.0,0.0,0.0,0.0,0.5433,1.0349,,,,,,,,,,,,,,,,,,,,,1.0,0.0,,,,,,,,1.0,0.0,39093.0,1011.4618,0.379282,454.7219,328.6158,18.0,0.4657,6.0,0.1552,5.0,44.0,1.1384,18425,13419,347.1928,0.264239,17325.0,,,332.0,308.0,24.0,,,8.5899,3539.0,4691.0,82.0,3394.0,4758.0,90.0,145.0,-67.0,-8.0,0.0,2.0,1.0,0.0,1.0,1.0,5427.0,7476.0,135.0,5905.0,7358.0,135.0,-478.0,118.0,0.0,0.0,2.0,2.0,1.0,2.0,1.0,8076.0,11316.0,194.0,7543.0,9688.0,179.0,533.0,1628.0,15.0,1.0,2.0,2.0,1.0,2.0,2.0,10394.0,14468.0,238.0,8911.0,11898.0,209.0,1483.0,2570.0,29.0,2.0,2.0,2.0,1.0,4.0,3.0
ESPORTSTMNT05_3240474,complete,,EM,2023,Summer,0,2023-08-22 18:51:06,1,13.15,9,Red,bot,Trigger,oe:player:5bc99370722c5ecbfa9b3c1e17338e6,BK ROG Esports,oe:team:c40f6d0d20a7a718c60342e48c144a2,Kai'Sa,Jax,Rumble,Tristana,Nocturne,Vi,,,,,,2319,1,8,3,5,21,19,2.0,2.0,0.0,0.0,0.0,0.0,0.0,0.0,0.5433,1.0349,,,,,,,,,,,,,,,,,,,,,0.0,0.0,,,,,,,,0.0,0.0,37722.0,975.9897,0.365981,455.1876,516.6365,12.0,0.3105,30.0,0.7762,2.0,53.0,1.3713,19136,14130,365.5886,0.27824,17200.0,,,385.0,360.0,25.0,,,9.9612,3620.0,3491.0,82.0,3723.0,3719.0,87.0,-103.0,-228.0,-5.0,1.0,0.0,0.0,1.0,0.0,1.0,5417.0,5765.0,135.0,6831.0,6506.0,148.0,-1414.0,-741.0,-13.0,1.0,0.0,1.0,2.0,3.0,1.0,7620.0,8404.0,196.0,9143.0,9408.0,215.0,-1523.0,-1004.0,-19.0,1.0,0.0,1.0,2.0,3.0,1.0,9849.0,11168.0,246.0,10875.0,11010.0,255.0,-1026.0,158.0,-9.0,1.0,1.0,1.0,2.0,5.0,1.0
ESPORTSTMNT05_3240474,complete,,EM,2023,Summer,0,2023-08-22 18:51:06,1,13.15,10,Red,sup,Veignorem,oe:player:e1dbe2b979510dba78b229327292a10,BK ROG Esports,oe:team:c40f6d0d20a7a718c60342e48c144a2,Alistar,Jax,Rumble,Tristana,Nocturne,Vi,,,,,,2319,1,2,7,10,21,19,0.0,0.0,0.0,0.0,0.0,0.0,0.0,1.0,0.5433,1.0349,,,,,,,,,,,,,,,,,,,,,0.0,0.0,,,,,,,,0.0,0.0,4912.0,127.0893,0.0476565,765.9508,1486.9082,76.0,1.9664,12.0,0.3105,20.0,125.0,3.2342,9611,4605,119.1462,0.0906743,8100.0,,,34.0,34.0,0.0,,,0.8797,2406.0,2124.0,12.0,2413.0,2723.0,21.0,-7.0,-599.0,-9.0,1.0,1.0,1.0,0.0,2.0,0.0,3379.0,3181.0,20.0,3962.0,4306.0,34.0,-583.0,-1125.0,-14.0,1.0,1.0,3.0,0.0,5.0,0.0,4449.0,4224.0,22.0,4979.0,5248.0,40.0,-530.0,-1024.0,-18.0,1.0,1.0,3.0,0.0,5.0,0.0,5711.0,6479.0,28.0,6134.0,6741.0,44.0,-423.0,-262.0,-16.0,1.0,2.0,4.0,1.0,6.0,0.0
ESPORTSTMNT05_3240474,complete,,EM,2023,Summer,0,2023-08-22 18:51:06,1,13.15,100,Blue,team,,,DSYRE,oe:team:3e3ca0895ded506fd637e723d6ae2a1,,Amumu,Azir,Maokai,Rell,Zeri,Ahri,Xayah,Rakan,Darius,Wukong,2319,0,19,21,43,19,21,2.0,1.0,0.0,0.0,1.0,,,,0.4916,1.0349,1.0,2.0,4.0,2.0,4.0,1.0,1.0,0.0,0.0,0.0,0.0,,0.0,0.0,1.0,2.0,0.0,,,0.0,1.0,2.0,1.0,6.0,11.0,0.0,0.0,6.0,7.0,0.0,1.0,102658.0,2656.0931,,3408.1759,2896.0155,159.0,4.1138,62.0,1.6041,37.0,360.0,9.3144,73542,48510,1255.11,,72233.0,0.0559726,0.28,,998.0,214.0,,,31.3583,16047.0,19053.0,339.0,16231.0,18953.0,324.0,-184.0,100.0,15.0,2.0,3.0,3.0,3.0,4.0,2.0,27693.0,30110.0,519.0,24876.0,30146.0,520.0,2817.0,-36.0,-1.0,7.0,12.0,5.0,5.0,5.0,7.0,36211.0,41049.0,713.0,34842.0,43348.0,742.0,1369.0,-2299.0,-29.0,7.0,12.0,6.0,6.0,5.0,7.0,43600.0,49808.0,846.0,44050.0,56745.0,899.0,-450.0,-6937.0,-53.0,9.0,18.0,7.0,7.0,8.0,9.0
ESPORTSTMNT05_3240474,complete,,EM,2023,Summer,0,2023-08-22 18:51:06,1,13.15,200,Red,team,,,BK ROG Esports,oe:team:c40f6d0d20a7a718c60342e48c144a2,,Jax,Rumble,Tristana,Nocturne,Vi,Sejuani,Renekton,Taliyah,Alistar,Kai'Sa,2319,1,21,19,43,21,19,3.0,2.0,0.0,0.0,0.0,,,,0.5433,1.0349,0.0,4.0,2.0,4.0,2.0,0.0,3.0,0.0,0.0,1.0,0.0,,0.0,0.0,0.0,0.0,2.0,,,1.0,2.0,1.0,0.0,11.0,6.0,1.0,1.0,7.0,6.0,1.0,0.0,103071.0,2666.7788,,3426.1578,5483.5705,124.0,3.2083,80.0,2.0699,40.0,328.0,8.4864,75814,50782,1313.8939,,68300.0,-0.0559726,-0.28,,1038.0,233.0,,,32.8849,16231.0,18953.0,324.0,16047.0,19053.0,339.0,184.0,-100.0,-15.0,3.0,4.0,2.0,2.0,3.0,3.0,24876.0,30146.0,520.0,27693.0,30110.0,519.0,-2817.0,36.0,1.0,5.0,5.0,7.0,7.0,12.0,5.0,34842.0,43348.0,742.0,36211.0,41049.0,713.0,-1369.0,2299.0,29.0,6.0,5.0,7.0,7.0,12.0,6.0,44050.0,56745.0,899.0,43600.0,49808.0,846.0,450.0,6937.0,53.0,7.0,8.0,9.0,9.0,18.0,7.0
ESPORTSTMNT05_3239462,complete,,EM,2023,Summer,0,2023-08-22 19:25:29,1,13.15,1,Blue,top,Venour,oe:player:df13ba84b4ea6932f7e10b5e51e7cf5,Unicorns of Love Sexy Edition,oe:team:6a060bd74c9041bf0aa89adf9d15d12,Aatrox,Nocturne,Poppy,Rell,LeBlanc,Azir,,,,,,1344,0,1,4,1,6,18,0.0,0.0,0.0,0.0,0.0,0.0,0.0,0.0,0.2679,1.0714,,,,,,,,,,,,,,,,,,,,,0.0,0.0,,,,,,,,0.0,0.0,8617.0,384.6875,0.221608,671.5625,416.7411,7.0,0.3125,1.0,0.0446,0.0,12.0,0.5357,6546,3529,157.5446,0.162324,5450.0,,,128.0,128.0,0.0,,,5.7143,2391.0,3973.0,47.0,4082.0,5007.0,83.0,-1691.0,-1034.0,-36.0,0.0,0.0,2.0,1.0,1.0,0.0,3803.0,6101.0,89.0,7364.0,8406.0,153.0,-3561.0,-2305.0,-64.0,0.0,0.0,2.0,1.0,1.0,0.0,5799.0,7752.0,117.0,9824.0,11192.0,197.0,-4025.0,-3440.0,-80.0,1.0,0.0,3.0,2.0,3.0,0.0,,,,,,,,,,,,,,,
ESPORTSTMNT05_3239462,complete,,EM,2023,Summer,0,2023-08-22 19:25:29,1,13.15,2,Blue,jng,CaD,oe:player:7d306cd72ad7ffa40115a6b36f8a07b,Unicorns of Love Sexy Edition,oe:team:6a060bd74c9041bf0aa89adf9d15d12,Trundle,Nocturne,Poppy,Rell,LeBlanc,Azir,,,,,,1344,0,1,2,2,6,18,0.0,0.0,0.0,0.0,1.0,0.0,1.0,0.0,0.2679,1.0714,,,,,,,,,,,,,,,,,,,,,0.0,1.0,,,,,,,,0.0,1.0,5418.0,241.875,0.139338,986.5625,744.5982,5.0,0.2232,13.0,0.5804,6.0,41.0,1.8304,7129,4112,183.5714,0.189144,6625.0,,,133.0,17.0,116.0,,,5.9375,3282.0,3541.0,72.0,3031.0,3386.0,51.0,251.0,155.0,21.0,0.0,1.0,0.0,0.0,1.0,0.0,4911.0,5245.0,97.0,4676.0,5328.0,79.0,235.0,-83.0,18.0,1.0,1.0,1.0,0.0,5.0,1.0,6496.0,7375.0,125.0,7135.0,7235.0,100.0,-639.0,140.0,25.0,1.0,1.0,1.0,1.0,7.0,1.0,,,,,,,,,,,,,,,
ESPORTSTMNT05_3239462,complete,,EM,2023,Summer,0,2023-08-22 19:25:29,1,13.15,3,Blue,mid,Mask,oe:player:4a18312b5b75f549d5551e5912ad6eb,Unicorns of Love Sexy Edition,oe:team:6a060bd74c9041bf0aa89adf9d15d12,Lissandra,Nocturne,Poppy,Rell,LeBlanc,Azir,,,,,,1344,0,2,5,2,6,18,1.0,0.0,0.0,0.0,0.0,0.0,0.0,0.0,0.2679,1.0714,,,,,,,,,,,,,,,,,,,,,0.0,0.0,,,,,,,,0.0,1.0,8590.0,383.4821,0.220913,680.8482,419.5089,7.0,0.3125,3.0,0.1339,4.0,23.0,1.0268,9061,6044,269.8214,0.278019,8950.0,,,214.0,214.0,0.0,,,9.5536,3344.0,4934.0,92.0,3370.0,4479.0,81.0,-26.0,455.0,11.0,0.0,0.0,0.0,1.0,0.0,0.0,6017.0,7988.0,151.0,5682.0,7731.0,133.0,335.0,257.0,18.0,2.0,1.0,1.0,2.0,3.0,0.0,7867.0,9874.0,186.0,8383.0,10556.0,175.0,-516.0,-682.0,11.0,2.0,2.0,3.0,3.0,5.0,0.0,,,,,,,,,,,,,,,
ESPORTSTMNT05_3239462,complete,,EM,2023,Summer,0,2023-08-22 19:25:29,1,13.15,4,Blue,bot,Fun K3y,oe:player:9ea5afea85321b13df74acb62bfb530,Unicorns of Love Sexy Edition,oe:team:6a060bd74c9041bf0aa89adf9d15d12,Xayah,Nocturne,Poppy,Rell,LeBlanc,Azir,,,,,,1344,0,2,3,3,6,18,0.0,0.0,0.0,0.0,1.0,1.0,0.0,0.0,0.2679,1.0714,,,,,,,,,,,,,,,,,,,,,0.0,0.0,,,,,,,,0.0,1.0,13128.0,586.0714,0.33762,506.5179,268.75,6.0,0.2679,3.0,0.1339,2.0,19.0,0.8482,9071,6054,270.2679,0.278479,8300.0,,,203.0,195.0,8.0,,,9.0625,3835.0,3779.0,86.0,3259.0,3287.0,87.0,576.0,492.0,-1.0,1.0,0.0,0.0,0.0,0.0,0.0,5692.0,6185.0,126.0,6538.0,5657.0,131.0,-846.0,528.0,-5.0,1.0,3.0,1.0,3.0,2.0,1.0,7653.0,8391.0,180.0,9841.0,8563.0,190.0,-2188.0,-172.0,-10.0,1.0,3.0,2.0,4.0,5.0,2.0,,,,,,,,,,,,,,,
ESPORTSTMNT05_3239462,complete,,EM,2023,Summer,0,2023-08-22 19:25:29,1,13.15,5,Blue,sup,Lekcyc,oe:player:74f3f60a44ee916ecc257a5381be756,Unicorns of Love Sexy Edition,oe:team:6a060bd74c9041bf0aa89adf9d15d12,Nautilus,Nocturne,Poppy,Rell,LeBlanc,Azir,,,,,,1344,0,0,4,4,6,18,0.0,0.0,0.0,0.0,1.0,0.0,1.0,0.0,0.2679,1.0714,,,,,,,,,,,,,,,,,,,,,0.0,0.0,,,,,,,,0.0,0.0,3131.0,139.7768,0.0805216,383.2143,414.0625,22.0,0.9821,3.0,0.1339,6.0,43.0,1.9196,5018,2001,89.3304,0.0920334,4350.0,,,29.0,29.0,0.0,,,1.2946,2287.0,1914.0,13.0,2276.0,2423.0,22.0,11.0,-509.0,-9.0,0.0,1.0,0.0,0.0,0.0,1.0,3318.0,2826.0,21.0,4224.0,3827.0,30.0,-906.0,-1001.0,-9.0,0.0,2.0,2.0,1.0,4.0,2.0,4506.0,4857.0,29.0,6394.0,5898.0,34.0,-1888.0,-1041.0,-5.0,0.0,3.0,3.0,2.0,8.0,2.0,,,,,,,,,,,,,,,
ESPORTSTMNT05_3239462,complete,,EM,2023,Summer,0,2023-08-22 19:25:29,1,13.15,6,Red,top,Marky,oe:player:197e012fb5163375e24dbbfdae34911,Movistar KOI,oe:team:4acc40654379b4da680be1bd3129dfa,Renekton,Alistar,Tristana,Taliyah,K'Sante,Xerath,,,,,,1344,1,3,0,6,18,6,0.0,0.0,0.0,0.0,0.0,0.0,0.0,0.0,0.8036,1.0714,,,,,,,,,,,,,,,,,,,,,0.0,0.0,,,,,,,,0.0,0.0,12846.0,573.4821,0.243392,750.7589,657.1875,7.0,0.3125,5.0,0.2232,4.0,29.0,1.2946,11247,8230,367.4107,0.24128,9850.0,,,202.0,198.0,4.0,,,9.0179,4082.0,5007.0,83.0,2391.0,3973.0,47.0,1691.0,1034.0,36.0,1.0,1.0,0.0,0.0,0.0,2.0,7364.0,8406.0,153.0,3803.0,6101.0,89.0,3561.0,2305.0,64.0,1.0,1.0,0.0,0.0,0.0,2.0,9824.0,11192.0,197.0,5799.0,7752.0,117.0,4025.0,3440.0,80.0,2.0,3.0,0.0,1.0,0.0,3.0,,,,,,,,,,,,,,,
ESPORTSTMNT05_3239462,complete,,EM,2023,Summer,0,2023-08-22 19:25:29,1,13.15,7,Red,jng,ISMA,oe:player:5450c7731de19c131ce20ea74933cc2,Movistar KOI,oe:team:4acc40654379b4da680be1bd3129dfa,Sejuani,Alistar,Tristana,Taliyah,K'Sante,Xerath,,,,,,1344,1,1,1,10,18,6,0.0,0.0,0.0,0.0,0.0,0.0,0.0,0.0,0.8036,1.0714,,,,,,,,,,,,,,,,,,,,,1.0,0.0,,,,,,,,1.0,0.0,5850.0,261.1607,0.11084,843.7946,929.375,5.0,0.2232,4.0,0.1786,3.0,19.0,0.8482,8355,5338,238.3036,0.156491,6925.0,,,110.0,20.0,90.0,,,4.9107,3031.0,3386.0,51.0,3282.0,3541.0,72.0,-251.0,-155.0,-21.0,0.0,1.0,0.0,0.0,1.0,0.0,4676.0,5328.0,79.0,4911.0,5245.0,97.0,-235.0,83.0,-18.0,0.0,5.0,1.0,1.0,1.0,1.0,7135.0,7235.0,100.0,6496.0,7375.0,125.0,639.0,-140.0,-25.0,1.0,7.0,1.0,1.0,1.0,1.0,,,,,,,,,,,,,,,
ESPORTSTMNT05_3239462,complete,,EM,2023,Summer,0,2023-08-22 19:25:29,1,13.15,8,Red,mid,Fresskowy,oe:player:cda093b28f577696b82604fb20037ad,Movistar KOI,oe:team:4acc40654379b4da680be1bd3129dfa,Ahri,Alistar,Tristana,Taliyah,K'Sante,Xerath,,,,,,1344,1,5,0,7,18,6,0.0,0.0,0.0,0.0,0.0,0.0,0.0,0.0,0.8036,1.0714,,,,,,,,,,,,,,,,,,,,,0.0,0.0,,,,,,,,1.0,0.0,11916.0,531.9643,0.225772,487.3214,305.1786,11.0,0.4911,3.0,0.1339,5.0,19.0,0.8482,10066,7049,314.6875,0.206655,8210.0,,,187.0,183.0,4.0,,,8.3482,3370.0,4479.0,81.0,3344.0,4934.0,92.0,26.0,-455.0,-11.0,1.0,0.0,0.0,0.0,0.0,0.0,5682.0,7731.0,133.0,6017.0,7988.0,151.0,-335.0,-257.0,-18.0,2.0,3.0,0.0,2.0,1.0,1.0,8383.0,10556.0,175.0,7867.0,9874.0,186.0,516.0,682.0,-11.0,3.0,5.0,0.0,2.0,2.0,3.0,,,,,,,,,,,,,,,
ESPORTSTMNT05_3239462,complete,,EM,2023,Summer,0,2023-08-22 19:25:29,1,13.15,9,Red,bot,Supa,oe:player:1223a0ed2bfab9b714c72d965df8133,Movistar KOI,oe:team:4acc40654379b4da680be1bd3129dfa,Kai'Sa,Alistar,Tristana,Taliyah,K'Sante,Xerath,,,,,,1344,1,7,2,8,18,6,2.0,1.0,0.0,0.0,0.0,0.0,0.0,0.0,0.8036,1.0714,,,,,,,,,,,,,,,,,,,,,0.0,0.0,,,,,,,,1.0,0.0,17291.0,771.9196,0.327611,357.5446,217.6339,9.0,0.4018,2.0,0.0893,3.0,18.0,0.8036,12087,9070,404.9107,0.265908,9800.0,,,210.0,199.0,11.0,,,9.375,3259.0,3287.0,87.0,3835.0,3779.0,86.0,-576.0,-492.0,1.0,0.0,0.0,0.0,1.0,0.0,0.0,6538.0,5657.0,131.0,5692.0,6185.0,126.0,846.0,-528.0,5.0,3.0,2.0,1.0,1.0,3.0,1.0,9841.0,8563.0,190.0,7653.0,8391.0,180.0,2188.0,172.0,10.0,4.0,5.0,2.0,1.0,3.0,2.0,,,,,,,,,,,,,,,
ESPORTSTMNT05_3239462,complete,,EM,2023,Summer,0,2023-08-22 19:25:29,1,13.15,10,Red,sup,Alvaro,oe:player:f5bf9bd732b85e4dcab5121e4769ae4,Movistar KOI,oe:team:4acc40654379b4da680be1bd3129dfa,Rakan,Alistar,Tristana,Taliyah,K'Sante,Xerath,,,,,,1344,1,2,3,12,18,6,0.0,0.0,0.0,0.0,0.0,0.0,0.0,1.0,0.8036,1.0714,,,,,,,,,,,,,,,,,,,,,0.0,0.0,,,,,,,,0.0,0.0,4876.0,217.6786,0.0923852,472.2768,550.8482,21.0,0.9375,7.0,0.3125,8.0,54.0,2.4107,7440,4423,197.4554,0.129665,7400.0,,,36.0,36.0,0.0,,,1.6071,2276.0,2423.0,22.0,2287.0,1914.0,13.0,-11.0,509.0,9.0,0.0,0.0,1.0,0.0,1.0,0.0,4224.0,3827.0,30.0,3318.0,2826.0,21.0,906.0,1001.0,9.0,1.0,4.0,2.0,0.0,2.0,2.0,6394.0,5898.0,34.0,4506.0,4857.0,29.0,1888.0,1041.0,5.0,2.0,8.0,2.0,0.0,3.0,3.0,,,,,,,,,,,,,,,
ESPORTSTMNT05_3239462,complete,,EM,2023,Summer,0,2023-08-22 19:25:29,1,13.15,100,Blue,team,,,Unicorns of Love Sexy Edition,oe:team:6a060bd74c9041bf0aa89adf9d15d12,,Nocturne,Poppy,Rell,LeBlanc,Azir,Nautilus,Xayah,Trundle,Lissandra,Aatrox,1344,0,6,18,12,6,18,1.0,0.0,0.0,0.0,1.0,,,,0.2679,1.0714,1.0,2.0,1.0,2.0,1.0,0.0,0.0,1.0,0.0,1.0,0.0,,0.0,0.0,0.0,0.0,2.0,,,0.0,0.0,1.0,0.0,1.0,11.0,0.0,0.0,3.0,12.0,0.0,3.0,38884.0,1735.8929,,3228.7054,2263.6607,47.0,2.0982,23.0,1.0268,18.0,138.0,6.1607,36825,21738,970.4464,,33675.0,-0.224361,-3.13,,583.0,124.0,,,31.5625,15139.0,18141.0,310.0,16018.0,18582.0,324.0,-879.0,-441.0,-14.0,1.0,2.0,2.0,2.0,2.0,1.0,23741.0,28345.0,484.0,28484.0,30949.0,526.0,-4743.0,-2604.0,-42.0,4.0,7.0,7.0,7.0,15.0,4.0,32321.0,38249.0,637.0,41577.0,43444.0,696.0,-9256.0,-5195.0,-59.0,5.0,9.0,12.0,12.0,28.0,5.0,,,,,,,,,,,,,,,
ESPORTSTMNT05_3239462,complete,,EM,2023,Summer,0,2023-08-22 19:25:29,1,13.15,200,Red,team,,,Movistar KOI,oe:team:4acc40654379b4da680be1bd3129dfa,,Alistar,Tristana,Taliyah,K'Sante,Xerath,Sejuani,Kai'Sa,Rakan,Ahri,Renekton,1344,1,18,6,43,18,6,2.0,1.0,0.0,0.0,0.0,,,,0.8036,1.0714,0.0,1.0,2.0,1.0,2.0,0.0,1.0,0.0,0.0,0.0,0.0,,0.0,0.0,1.0,2.0,0.0,,,1.0,1.0,0.0,1.0,11.0,1.0,1.0,1.0,12.0,3.0,3.0,0.0,52779.0,2356.2054,,2911.6964,2660.2232,53.0,2.3661,21.0,0.9375,23.0,139.0,6.2054,49195,34108,1522.6786,,42185.0,0.224361,3.13,,636.0,109.0,,,33.2589,16018.0,18582.0,324.0,15139.0,18141.0,310.0,879.0,441.0,14.0,2.0,2.0,1.0,1.0,2.0,2.0,28484.0,30949.0,526.0,23741.0,28345.0,484.0,4743.0,2604.0,42.0,7.0,15.0,4.0,4.0,7.0,7.0,41577.0,43444.0,696.0,32321.0,38249.0,637.0,9256.0,5195.0,59.0,12.0,28.0,5.0,5.0,9.0,12.0,,,,,,,,,,,,,,,
ESPORTSTMNT05_3241507,complete,,EM,2023,Summer,0,2023-08-23 14:56:59,1,13.15,1,Blue,top,ACD,oe:player:72c5cc0e2586935d16539f31a2a4fec,Macko Esports,oe:team:a2e63aee03585f0b37ff4cad936e349,Gangplank,Azir,LeBlanc,Taliyah,Neeko,Jayce,,,,,,1791,1,7,1,8,17,8,2.0,0.0,0.0,0.0,0.0,0.0,0.0,0.0,0.5695,0.8375,,,,,,,,,,,,,,,,,,,,,0.0,0.0,,,,,,,,0.0,0.0,29840.0,999.665,0.344999,521.608,318.593,18.0,0.603,5.0,0.1675,7.0,36.0,1.206,16357,12428,416.3484,0.292729,15225.0,,,255.0,241.0,14.0,,,8.5427,3284.0,4742.0,72.0,3194.0,4806.0,80.0,90.0,-64.0,-8.0,0.0,1.0,0.0,0.0,0.0,0.0,5923.0,7931.0,129.0,5150.0,7956.0,138.0,773.0,-25.0,-9.0,1.0,3.0,0.0,0.0,0.0,0.0,9535.0,11075.0,182.0,6555.0,9959.0,164.0,2980.0,1116.0,18.0,3.0,4.0,0.0,0.0,0.0,1.0,12657.0,13970.0,213.0,9032.0,12668.0,210.0,3625.0,1302.0,3.0,5.0,7.0,1.0,1.0,0.0,1.0
ESPORTSTMNT05_3241507,complete,,EM,2023,Summer,0,2023-08-23 14:56:59,1,13.15,2,Blue,jng,Cboi,oe:player:702efc23873d774e479682ef680d911,Macko Esports,oe:team:a2e63aee03585f0b37ff4cad936e349,Maokai,Azir,LeBlanc,Taliyah,Neeko,Jayce,,,,,,1791,1,2,2,11,17,8,1.0,0.0,0.0,0.0,0.0,0.0,0.0,0.0,0.5695,0.8375,,,,,,,,,,,,,,,,,,,,,2.0,0.0,,,,,,,,1.0,0.0,9920.0,332.3283,0.114691,924.8241,1353.8693,15.0,0.5025,6.0,0.201,10.0,42.0,1.407,10395,6466,216.6164,0.152297,9850.0,,,133.0,11.0,122.0,,,4.4556,3044.0,3038.0,53.0,2949.0,2829.0,54.0,95.0,209.0,-1.0,0.0,2.0,1.0,0.0,3.0,2.0,5251.0,5180.0,85.0,4573.0,4799.0,89.0,678.0,381.0,-4.0,2.0,2.0,2.0,0.0,4.0,3.0,6680.0,7105.0,97.0,6013.0,6898.0,116.0,667.0,207.0,-19.0,2.0,4.0,2.0,0.0,5.0,3.0,8591.0,10198.0,114.0,7014.0,8413.0,128.0,1577.0,1785.0,-14.0,2.0,9.0,2.0,0.0,6.0,5.0
ESPORTSTMNT05_3241507,complete,,EM,2023,Summer,0,2023-08-23 14:56:59,1,13.15,3,Blue,mid,Six10,oe:player:325397710b4294aeb7a18881c34f33b,Macko Esports,oe:team:a2e63aee03585f0b37ff4cad936e349,Ahri,Azir,LeBlanc,Taliyah,Neeko,Jayce,,,,,,1791,1,4,0,7,17,8,0.0,0.0,0.0,0.0,0.0,0.0,0.0,0.0,0.5695,0.8375,,,,,,,,,,,,,,,,,,,,,0.0,0.0,,,,,,,,0.0,0.0,18605.0,623.2831,0.215104,370.8878,259.8325,23.0,0.7705,13.0,0.4355,6.0,49.0,1.6415,12501,8572,287.1692,0.201903,12050.0,,,277.0,272.0,5.0,,,9.2797,3540.0,4746.0,84.0,3732.0,4673.0,86.0,-192.0,73.0,-2.0,1.0,2.0,0.0,1.0,2.0,1.0,5415.0,7995.0,146.0,6412.0,7997.0,144.0,-997.0,-2.0,2.0,1.0,2.0,0.0,3.0,2.0,1.0,7117.0,9742.0,175.0,8536.0,10309.0,190.0,-1419.0,-567.0,-15.0,2.0,4.0,0.0,4.0,2.0,1.0,10093.0,13754.0,232.0,9909.0,11786.0,218.0,184.0,1968.0,14.0,4.0,5.0,0.0,4.0,3.0,3.0
ESPORTSTMNT05_3241507,complete,,EM,2023,Summer,0,2023-08-23 14:56:59,1,13.15,4,Blue,bot,Vzz,oe:player:ba6e76e259419420ddff269bb6ef074,Macko Esports,oe:team:a2e63aee03585f0b37ff4cad936e349,Jinx,Azir,LeBlanc,Taliyah,Neeko,Jayce,,,,,,1791,1,3,2,13,17,8,0.0,0.0,0.0,0.0,0.0,0.0,0.0,0.0,0.5695,0.8375,,,,,,,,,,,,,,,,,,,,,0.0,0.0,,,,,,,,1.0,0.0,23509.0,787.5712,0.271802,394.3049,203.6516,15.0,0.5025,13.0,0.4355,6.0,50.0,1.675,14807,10878,364.4221,0.25622,13450.0,,,272.0,239.0,33.0,,,9.1122,3587.0,2888.0,73.0,4022.0,3648.0,81.0,-435.0,-760.0,-8.0,1.0,2.0,1.0,2.0,2.0,0.0,6301.0,4870.0,123.0,5727.0,6049.0,125.0,574.0,-1179.0,-2.0,1.0,5.0,2.0,2.0,3.0,1.0,8573.0,6881.0,177.0,7890.0,8776.0,186.0,683.0,-1895.0,-9.0,1.0,7.0,2.0,2.0,4.0,2.0,11820.0,10280.0,224.0,9732.0,10981.0,237.0,2088.0,-701.0,-13.0,2.0,11.0,2.0,2.0,5.0,3.0
ESPORTSTMNT05_3241507,complete,,EM,2023,Summer,0,2023-08-23 14:56:59,1,13.15,5,Blue,sup,Click,oe:player:1e249a5688255bde7f7213b5d257b3c,Macko Esports,oe:team:a2e63aee03585f0b37ff4cad936e349,Rell,Azir,LeBlanc,Taliyah,Neeko,Jayce,,,,,,1791,1,1,3,14,17,8,0.0,0.0,0.0,0.0,0.0,0.0,0.0,1.0,0.5695,0.8375,,,,,,,,,,,,,,,,,,,,,0.0,0.0,,,,,,,,0.0,0.0,4619.0,154.7404,0.0534032,430.6868,544.4891,48.0,1.608,6.0,0.201,13.0,86.0,2.8811,8041,4112,137.7554,0.0968503,7325.0,,,31.0,29.0,2.0,,,1.0385,2650.0,2954.0,18.0,2651.0,2051.0,13.0,-1.0,903.0,5.0,1.0,1.0,2.0,1.0,3.0,0.0,3934.0,4279.0,26.0,3653.0,3221.0,19.0,281.0,1058.0,7.0,1.0,4.0,2.0,1.0,3.0,1.0,4998.0,5491.0,29.0,4863.0,4885.0,33.0,135.0,606.0,-4.0,1.0,6.0,3.0,1.0,4.0,2.0,6427.0,7966.0,29.0,5672.0,6414.0,35.0,755.0,1552.0,-6.0,1.0,11.0,3.0,1.0,5.0,2.0
ESPORTSTMNT05_3241507,complete,,EM,2023,Summer,0,2023-08-23 14:56:59,1,13.15,6,Red,top,Cabochard,oe:player:010c1b0d37c2b7459b215dae7ffeeac,Karmine Corp,oe:team:f3aa9bbd924ce3af42ac53f8326bc7c,K'Sante,Kled,Tristana,Rumble,Zeri,Xayah,,,,,,1791,0,1,2,0,8,17,0.0,0.0,0.0,0.0,0.0,0.0,0.0,0.0,0.268,0.8375,,,,,,,,,,,,,,,,,,,,,0.0,0.0,,,,,,,,0.0,0.0,6097.0,204.2546,0.117889,787.0352,945.7956,11.0,0.3685,8.0,0.268,6.0,28.0,0.938,9966,6037,202.2446,0.201994,9850.0,,,220.0,220.0,0.0,,,7.3702,3194.0,4806.0,80.0,3284.0,4742.0,72.0,-90.0,64.0,8.0,0.0,0.0,0.0,0.0,1.0,0.0,5150.0,7956.0,138.0,5923.0,7931.0,129.0,-773.0,25.0,9.0,0.0,0.0,0.0,1.0,3.0,0.0,6555.0,9959.0,164.0,9535.0,11075.0,182.0,-2980.0,-1116.0,-18.0,0.0,0.0,1.0,3.0,4.0,0.0,9032.0,12668.0,210.0,12657.0,13970.0,213.0,-3625.0,-1302.0,-3.0,1.0,0.0,1.0,5.0,7.0,1.0
ESPORTSTMNT05_3241507,complete,,EM,2023,Summer,0,2023-08-23 14:56:59,1,13.15,7,Red,jng,Cinkrof,oe:player:6b3481654facc1e7fe3e312883ea8f3,Karmine Corp,oe:team:f3aa9bbd924ce3af42ac53f8326bc7c,Sejuani,Kled,Tristana,Rumble,Zeri,Xayah,,,,,,1791,0,0,5,6,8,17,0.0,0.0,0.0,0.0,1.0,0.0,1.0,0.0,0.268,0.8375,,,,,,,,,,,,,,,,,,,,,0.0,2.0,,,,,,,,0.0,1.0,8513.0,285.1926,0.164604,952.0938,1100.1675,9.0,0.3015,14.0,0.469,9.0,46.0,1.541,8375,4446,148.9447,0.148758,7300.0,,,148.0,24.0,124.0,,,4.9581,2949.0,2829.0,54.0,3044.0,3038.0,53.0,-95.0,-209.0,1.0,0.0,3.0,2.0,0.0,2.0,1.0,4573.0,4799.0,89.0,5251.0,5180.0,85.0,-678.0,-381.0,4.0,0.0,4.0,3.0,2.0,2.0,2.0,6013.0,6898.0,116.0,6680.0,7105.0,97.0,-667.0,-207.0,19.0,0.0,5.0,3.0,2.0,4.0,2.0,7014.0,8413.0,128.0,8591.0,10198.0,114.0,-1577.0,-1785.0,14.0,0.0,6.0,5.0,2.0,9.0,2.0
ESPORTSTMNT05_3241507,complete,,EM,2023,Summer,0,2023-08-23 14:56:59,1,13.15,8,Red,mid,SAKEN,oe:player:1d43b8dc600eba61cd7dd2cd8d6baf6,Karmine Corp,oe:team:f3aa9bbd924ce3af42ac53f8326bc7c,Sylas,Kled,Tristana,Rumble,Zeri,Xayah,,,,,,1791,0,4,4,3,8,17,1.0,0.0,0.0,0.0,1.0,0.0,1.0,0.0,0.268,0.8375,,,,,,,,,,,,,,,,,,,,,0.0,0.0,,,,,,,,0.0,0.0,15569.0,521.5745,0.301036,813.2998,652.1943,10.0,0.335,6.0,0.201,4.0,33.0,1.1055,12135,8206,274.9079,0.274571,12135.0,,,260.0,252.0,8.0,,,8.7102,3732.0,4673.0,86.0,3540.0,4746.0,84.0,192.0,-73.0,2.0,1.0,2.0,1.0,1.0,2.0,0.0,6412.0,7997.0,144.0,5415.0,7995.0,146.0,997.0,2.0,-2.0,3.0,2.0,1.0,1.0,2.0,0.0,8536.0,10309.0,190.0,7117.0,9742.0,175.0,1419.0,567.0,15.0,4.0,2.0,1.0,2.0,4.0,0.0,9909.0,11786.0,218.0,10093.0,13754.0,232.0,-184.0,-1968.0,-14.0,4.0,3.0,3.0,4.0,5.0,0.0
ESPORTSTMNT05_3241507,complete,,EM,2023,Summer,0,2023-08-23 14:56:59,1,13.15,9,Red,bot,Caliste,oe:player:e2af2b779499aa25ab9a9c10c9a5ffd,Karmine Corp,oe:team:f3aa9bbd924ce3af42ac53f8326bc7c,Kai'Sa,Kled,Tristana,Rumble,Zeri,Xayah,,,,,,1791,0,2,4,5,8,17,0.0,0.0,0.0,0.0,1.0,0.0,1.0,0.0,0.268,0.8375,,,,,,,,,,,,,,,,,,,,,0.0,0.0,,,,,,,,0.0,1.0,15765.0,528.1407,0.304826,608.8442,387.5042,11.0,0.3685,8.0,0.268,2.0,36.0,1.206,12316,8387,280.9715,0.280627,12250.0,,,306.0,281.0,25.0,,,10.2513,4022.0,3648.0,81.0,3587.0,2888.0,73.0,435.0,760.0,8.0,2.0,2.0,0.0,1.0,2.0,1.0,5727.0,6049.0,125.0,6301.0,4870.0,123.0,-574.0,1179.0,2.0,2.0,3.0,1.0,1.0,5.0,2.0,7890.0,8776.0,186.0,8573.0,6881.0,177.0,-683.0,1895.0,9.0,2.0,4.0,2.0,1.0,7.0,2.0,9732.0,10981.0,237.0,11820.0,10280.0,224.0,-2088.0,701.0,13.0,2.0,5.0,3.0,2.0,11.0,2.0
ESPORTSTMNT05_3241507,complete,,EM,2023,Summer,0,2023-08-23 14:56:59,1,13.15,10,Red,sup,Targamas,oe:player:eaf899c6268995f9b1e40d1932c6888,Karmine Corp,oe:team:f3aa9bbd924ce3af42ac53f8326bc7c,Rakan,Kled,Tristana,Rumble,Zeri,Xayah,,,,,,1791,0,1,2,5,8,17,0.0,0.0,0.0,0.0,1.0,1.0,0.0,0.0,0.268,0.8375,,,,,,,,,,,,,,,,,,,,,0.0,0.0,,,,,,,,0.0,0.0,5774.0,193.4338,0.111644,548.4087,508.7437,35.0,1.1725,20.0,0.67,9.0,88.0,2.9481,6740,2811,94.1709,0.09405,6175.0,,,46.0,46.0,0.0,,,1.541,2651.0,2051.0,13.0,2650.0,2954.0,18.0,1.0,-903.0,-5.0,1.0,3.0,0.0,1.0,1.0,2.0,3653.0,3221.0,19.0,3934.0,4279.0,26.0,-281.0,-1058.0,-7.0,1.0,3.0,1.0,1.0,4.0,2.0,4863.0,4885.0,33.0,4998.0,5491.0,29.0,-135.0,-606.0,4.0,1.0,4.0,2.0,1.0,6.0,3.0,5672.0,6414.0,35.0,6427.0,7966.0,29.0,-755.0,-1552.0,6.0,1.0,5.0,2.0,1.0,11.0,3.0
ESPORTSTMNT05_3241507,complete,,EM,2023,Summer,0,2023-08-23 14:56:59,1,13.15,100,Blue,team,,,Macko Esports,oe:team:a2e63aee03585f0b37ff4cad936e349,,Azir,LeBlanc,Taliyah,Neeko,Jayce,Maokai,Ahri,Gangplank,Jinx,Rell,1791,1,17,8,53,17,8,3.0,0.0,0.0,0.0,0.0,,,,0.5695,0.8375,1.0,3.0,1.0,3.0,1.0,1.0,0.0,0.0,0.0,2.0,0.0,,0.0,0.0,1.0,2.0,0.0,,,1.0,2.0,0.0,1.0,11.0,2.0,1.0,1.0,5.0,3.0,2.0,0.0,86493.0,2897.5879,,2642.3116,2680.4355,119.0,3.9866,43.0,1.4405,42.0,263.0,8.8107,62101,42455,1422.2781,,57900.0,0.192974,1.79,,792.0,176.0,,,32.4288,16105.0,18368.0,300.0,16548.0,18007.0,314.0,-443.0,361.0,-14.0,3.0,8.0,4.0,4.0,10.0,3.0,26824.0,30255.0,509.0,25515.0,30022.0,515.0,1309.0,233.0,-6.0,6.0,16.0,6.0,6.0,12.0,6.0,36903.0,40294.0,660.0,33857.0,40827.0,689.0,3046.0,-533.0,-29.0,9.0,25.0,7.0,7.0,15.0,9.0,49588.0,56168.0,812.0,41359.0,50262.0,828.0,8229.0,5906.0,-16.0,14.0,43.0,8.0,8.0,19.0,14.0
ESPORTSTMNT05_3241507,complete,,EM,2023,Summer,0,2023-08-23 14:56:59,1,13.15,200,Red,team,,,Karmine Corp,oe:team:f3aa9bbd924ce3af42ac53f8326bc7c,,Kled,Tristana,Rumble,Zeri,Xayah,Sejuani,Kai'Sa,K'Sante,Sylas,Rakan,1791,0,8,17,19,8,17,1.0,0.0,0.0,0.0,1.0,,,,0.268,0.8375,0.0,1.0,3.0,1.0,3.0,0.0,0.0,0.0,0.0,0.0,1.0,,0.0,0.0,0.0,0.0,2.0,,,0.0,0.0,2.0,0.0,2.0,11.0,0.0,0.0,3.0,5.0,0.0,2.0,51718.0,1732.5963,,3709.6817,3594.4054,76.0,2.5461,56.0,1.876,30.0,231.0,7.7387,49532,29886,1001.206,,47710.0,-0.192974,-1.79,,823.0,157.0,,,32.8308,16548.0,18007.0,314.0,16105.0,18368.0,300.0,443.0,-361.0,14.0,4.0,10.0,3.0,3.0,8.0,4.0,25515.0,30022.0,515.0,26824.0,30255.0,509.0,-1309.0,-233.0,6.0,6.0,12.0,6.0,6.0,16.0,6.0,33857.0,40827.0,689.0,36903.0,40294.0,660.0,-3046.0,533.0,29.0,7.0,15.0,9.0,9.0,25.0,7.0,41359.0,50262.0,828.0,49588.0,56168.0,812.0,-8229.0,-5906.0,16.0,8.0,19.0,14.0,14.0,43.0,8.0
ESPORTSTMNT05_3239469,complete,,EM,2023,Summer,0,2023-08-23 15:02:42,1,13.15,1,Blue,top,CPM,oe:player:cbdaba5605992f8e1635ad782152d65,GTZ Esports,oe:team:3659b5cb3434354530c31ce71461fc1,K'Sante,Gwen,Tristana,Taliyah,Lee Sin,Irelia,,,,,,2163,0,1,5,9,19,22,0.0,0.0,0.0,0.0,0.0,0.0,0.0,0.0,0.527,1.1373,,,,,,,,,,,,,,,,,,,,,0.0,0.0,,,,,,,,0.0,0.0,7892.0,218.9182,0.0849854,770.7906,1358.1692,9.0,0.2497,3.0,0.0832,0.0,24.0,0.6657,11072,6384,177.0874,0.153886,10650.0,,,210.0,209.0,1.0,,,5.8252,3052.0,4500.0,71.0,3197.0,4433.0,81.0,-145.0,67.0,-10.0,0.0,1.0,0.0,0.0,0.0,1.0,4546.0,6965.0,112.0,5616.0,7454.0,140.0,-1070.0,-489.0,-28.0,0.0,1.0,0.0,0.0,0.0,1.0,6074.0,9136.0,148.0,8623.0,10090.0,187.0,-2549.0,-954.0,-39.0,0.0,1.0,1.0,1.0,0.0,1.0,7789.0,11375.0,169.0,10313.0,11928.0,225.0,-2524.0,-553.0,-56.0,1.0,1.0,2.0,2.0,0.0,1.0
ESPORTSTMNT05_3239469,complete,,EM,2023,Summer,0,2023-08-23 15:02:42,1,13.15,2,Blue,jng,Time,oe:player:550fa477eff3885416f22c0b3f2fc88,GTZ Esports,oe:team:3659b5cb3434354530c31ce71461fc1,Kindred,Gwen,Tristana,Taliyah,Lee Sin,Irelia,,,,,,2163,0,7,4,6,19,22,0.0,0.0,0.0,0.0,0.0,0.0,0.0,0.0,0.527,1.1373,,,,,,,,,,,,,,,,,,,,,1.0,0.0,,,,,,,,0.0,0.0,27699.0,768.3495,0.298278,861.5534,937.8086,4.0,0.111,13.0,0.3606,5.0,43.0,1.1928,14430,9742,270.2358,0.234832,14308.0,,,217.0,39.0,178.0,,,6.0194,3346.0,3499.0,51.0,3356.0,3364.0,68.0,-10.0,135.0,-17.0,2.0,0.0,0.0,0.0,1.0,0.0,5302.0,5736.0,92.0,4946.0,5561.0,103.0,356.0,175.0,-11.0,3.0,0.0,0.0,0.0,2.0,0.0,7436.0,7972.0,122.0,6322.0,7433.0,125.0,1114.0,539.0,-3.0,3.0,0.0,0.0,0.0,3.0,0.0,9844.0,12047.0,167.0,7671.0,9023.0,134.0,2173.0,3024.0,33.0,4.0,1.0,0.0,1.0,4.0,1.0
ESPORTSTMNT05_3239469,complete,,EM,2023,Summer,0,2023-08-23 15:02:42,1,13.15,3,Blue,mid,Heroic,oe:player:c71b4244f70372f8be07a3e83c58490,GTZ Esports,oe:team:3659b5cb3434354530c31ce71461fc1,Ahri,Gwen,Tristana,Taliyah,Lee Sin,Irelia,,,,,,2163,0,5,6,5,19,22,1.0,0.0,0.0,0.0,0.0,0.0,0.0,0.0,0.527,1.1373,,,,,,,,,,,,,,,,,,,,,0.0,1.0,,,,,,,,0.0,0.0,21267.0,589.9307,0.229015,699.3065,478.835,8.0,0.2219,6.0,0.1664,5.0,32.0,0.8877,14719,10031,278.2524,0.241799,13775.0,,,278.0,270.0,8.0,,,7.7115,3255.0,4447.0,73.0,3496.0,4245.0,74.0,-241.0,202.0,-1.0,1.0,0.0,1.0,1.0,0.0,1.0,5026.0,7136.0,119.0,5285.0,7179.0,129.0,-259.0,-43.0,-10.0,1.0,0.0,2.0,1.0,1.0,1.0,6953.0,9587.0,163.0,7862.0,10889.0,194.0,-909.0,-1302.0,-31.0,1.0,0.0,2.0,1.0,2.0,1.0,8801.0,12486.0,205.0,9694.0,13072.0,234.0,-893.0,-586.0,-29.0,1.0,0.0,3.0,2.0,2.0,2.0
ESPORTSTMNT05_3239469,complete,,EM,2023,Summer,0,2023-08-23 15:02:42,1,13.15,4,Blue,bot,Avra,oe:player:1a38c55db5f8af06ebac94d8530ff71,GTZ Esports,oe:team:3659b5cb3434354530c31ce71461fc1,Zeri,Gwen,Tristana,Taliyah,Lee Sin,Irelia,,,,,,2163,0,6,4,8,19,22,1.0,0.0,0.0,0.0,0.0,0.0,0.0,1.0,0.527,1.1373,,,,,,,,,,,,,,,,,,,,,0.0,0.0,,,,,,,,1.0,1.0,31510.0,874.0638,0.339317,650.3745,482.2746,15.0,0.4161,21.0,0.5825,3.0,57.0,1.5811,16309,11621,322.3578,0.280127,15875.0,,,331.0,307.0,24.0,,,9.1817,3234.0,3232.0,78.0,4229.0,3516.0,96.0,-995.0,-284.0,-18.0,0.0,1.0,2.0,2.0,0.0,1.0,5536.0,5689.0,139.0,6015.0,5943.0,153.0,-479.0,-254.0,-14.0,0.0,2.0,2.0,2.0,0.0,2.0,8028.0,7948.0,205.0,8211.0,8714.0,214.0,-183.0,-766.0,-9.0,0.0,2.0,2.0,2.0,0.0,2.0,10576.0,11111.0,250.0,9831.0,10515.0,256.0,745.0,596.0,-6.0,1.0,4.0,2.0,2.0,1.0,3.0
ESPORTSTMNT05_3239469,complete,,EM,2023,Summer,0,2023-08-23 15:02:42,1,13.15,5,Blue,sup,Nightmares,oe:player:fb20df3c2584739649c47e15bdd1e1e,GTZ Esports,oe:team:3659b5cb3434354530c31ce71461fc1,Lulu,Gwen,Tristana,Taliyah,Lee Sin,Irelia,,,,,,2163,0,0,3,14,19,22,0.0,0.0,0.0,0.0,0.0,0.0,0.0,0.0,0.527,1.1373,,,,,,,,,,,,,,,,,,,,,0.0,0.0,,,,,,,,0.0,0.0,4495.0,124.6879,0.0484046,452.6214,225.0763,41.0,1.1373,4.0,0.111,10.0,82.0,2.2746,8395,3707,102.8294,0.089356,8150.0,,,31.0,31.0,0.0,,,0.8599,2093.0,2422.0,11.0,2239.0,2809.0,13.0,-146.0,-387.0,-2.0,0.0,1.0,0.0,0.0,2.0,0.0,3345.0,3975.0,26.0,3426.0,4117.0,17.0,-81.0,-142.0,9.0,0.0,2.0,0.0,1.0,2.0,0.0,4519.0,5399.0,28.0,4554.0,5312.0,29.0,-35.0,87.0,-1.0,0.0,2.0,0.0,1.0,3.0,0.0,5923.0,7892.0,29.0,5674.0,6849.0,32.0,249.0,1043.0,-3.0,0.0,5.0,1.0,1.0,6.0,0.0
ESPORTSTMNT05_3239469,complete,,EM,2023,Summer,0,2023-08-23 15:02:42,1,13.15,6,Red,top,Myrwn,oe:player:ede24d5e0911d7a4f6ec514a67802ff,BISONS ECLUB,oe:team:b346309564f4fc7f30ac14403e93010,Varus,Ornn,Sion,Syndra,Malphite,Poppy,,,,,,2163,1,5,4,2,22,19,0.0,0.0,0.0,0.0,0.0,0.0,0.0,0.0,0.6103,1.1373,,,,,,,,,,,,,,,,,,,,,0.0,0.0,,,,,,,,0.0,0.0,21914.0,607.8779,0.217991,538.6408,453.0929,13.0,0.3606,4.0,0.111,1.0,44.0,1.2205,15500,10812,299.9168,0.237695,13975.0,,,280.0,253.0,27.0,,,7.767,3197.0,4433.0,81.0,3052.0,4500.0,71.0,145.0,-67.0,10.0,0.0,0.0,1.0,0.0,1.0,0.0,5616.0,7454.0,140.0,4546.0,6965.0,112.0,1070.0,489.0,28.0,0.0,0.0,1.0,0.0,1.0,0.0,8623.0,10090.0,187.0,6074.0,9136.0,148.0,2549.0,954.0,39.0,1.0,0.0,1.0,0.0,1.0,1.0,10313.0,11928.0,225.0,7789.0,11375.0,169.0,2524.0,553.0,56.0,2.0,0.0,1.0,1.0,1.0,2.0
ESPORTSTMNT05_3239469,complete,,EM,2023,Summer,0,2023-08-23 15:02:42,1,13.15,7,Red,jng,NoName,oe:player:6d2795b5d0550bbbae88cb973b287b0,BISONS ECLUB,oe:team:b346309564f4fc7f30ac14403e93010,Nocturne,Ornn,Sion,Syndra,Malphite,Poppy,,,,,,2163,1,4,4,10,22,19,0.0,0.0,0.0,0.0,0.0,0.0,0.0,0.0,0.6103,1.1373,,,,,,,,,,,,,,,,,,,,,0.0,1.0,,,,,,,,0.0,0.0,11370.0,315.3953,0.113104,981.5257,1161.5257,4.0,0.111,8.0,0.2219,3.0,36.0,0.9986,12206,7518,208.5437,0.165278,11925.0,,,159.0,15.0,144.0,,,4.4105,3356.0,3364.0,68.0,3346.0,3499.0,51.0,10.0,-135.0,17.0,0.0,1.0,0.0,2.0,0.0,0.0,4946.0,5561.0,103.0,5302.0,5736.0,92.0,-356.0,-175.0,11.0,0.0,2.0,0.0,3.0,0.0,0.0,6322.0,7433.0,125.0,7436.0,7972.0,122.0,-1114.0,-539.0,3.0,0.0,3.0,0.0,3.0,0.0,0.0,7671.0,9023.0,134.0,9844.0,12047.0,167.0,-2173.0,-3024.0,-33.0,1.0,4.0,1.0,4.0,1.0,0.0
ESPORTSTMNT05_3239469,complete,,EM,2023,Summer,0,2023-08-23 15:02:42,1,13.15,8,Red,mid,Random,oe:player:64663f4646781c9c0110838b905daa2,BISONS ECLUB,oe:team:b346309564f4fc7f30ac14403e93010,LeBlanc,Ornn,Sion,Syndra,Malphite,Poppy,,,,,,2163,1,6,4,5,22,19,2.0,0.0,0.0,0.0,0.0,0.0,0.0,0.0,0.6103,1.1373,,,,,,,,,,,,,,,,,,,,,1.0,0.0,,,,,,,,0.0,0.0,29680.0,823.301,0.295244,791.068,565.2982,8.0,0.2219,3.0,0.0832,0.0,19.0,0.527,16468,11780,326.7684,0.258976,15840.0,,,326.0,314.0,12.0,,,9.043,3496.0,4245.0,74.0,3255.0,4447.0,73.0,241.0,-202.0,1.0,1.0,0.0,1.0,1.0,0.0,1.0,5285.0,7179.0,129.0,5026.0,7136.0,119.0,259.0,43.0,10.0,1.0,1.0,1.0,1.0,0.0,2.0,7862.0,10889.0,194.0,6953.0,9587.0,163.0,909.0,1302.0,31.0,1.0,2.0,1.0,1.0,0.0,2.0,9694.0,13072.0,234.0,8801.0,12486.0,205.0,893.0,586.0,29.0,2.0,2.0,2.0,1.0,0.0,3.0
ESPORTSTMNT05_3239469,complete,,EM,2023,Summer,0,2023-08-23 15:02:42,1,13.15,9,Red,bot,Legolas,oe:player:5cfc41b7eccda649db08ead84343554,BISONS ECLUB,oe:team:b346309564f4fc7f30ac14403e93010,Xayah,Ornn,Sion,Syndra,Malphite,Poppy,,,,,,2163,1,5,5,6,22,19,0.0,0.0,0.0,0.0,1.0,1.0,0.0,0.0,0.6103,1.1373,,,,,,,,,,,,,,,,,,,,,0.0,0.0,,,,,,,,1.0,1.0,30197.0,837.6422,0.300387,702.2191,453.62,14.0,0.3883,4.0,0.111,2.0,27.0,0.749,16108,11420,316.7822,0.251061,14100.0,,,369.0,348.0,21.0,,,10.2358,4229.0,3516.0,96.0,3234.0,3232.0,78.0,995.0,284.0,18.0,2.0,0.0,1.0,0.0,1.0,2.0,6015.0,5943.0,153.0,5536.0,5689.0,139.0,479.0,254.0,14.0,2.0,0.0,2.0,0.0,2.0,2.0,8211.0,8714.0,214.0,8028.0,7948.0,205.0,183.0,766.0,9.0,2.0,0.0,2.0,0.0,2.0,2.0,9831.0,10515.0,256.0,10576.0,11111.0,250.0,-745.0,-596.0,6.0,2.0,1.0,3.0,1.0,4.0,2.0
ESPORTSTMNT05_3239469,complete,,EM,2023,Summer,0,2023-08-23 15:02:42,1,13.15,10,Red,sup,Oscure,oe:player:cc51227ea88c71dabc8f6e601b0ec41,BISONS ECLUB,oe:team:b346309564f4fc7f30ac14403e93010,Rakan,Ornn,Sion,Syndra,Malphite,Poppy,,,,,,2163,1,2,2,11,22,19,0.0,0.0,0.0,0.0,1.0,0.0,1.0,0.0,0.6103,1.1373,,,,,,,,,,,,,,,,,,,,,0.0,0.0,,,,,,,,0.0,0.0,7366.0,204.3273,0.0732738,514.0361,765.7975,93.0,2.5798,6.0,0.1664,20.0,132.0,3.6616,8645,3957,109.7642,0.0869904,8675.0,,,37.0,37.0,0.0,,,1.0264,2239.0,2809.0,13.0,2093.0,2422.0,11.0,146.0,387.0,2.0,0.0,2.0,0.0,0.0,1.0,0.0,3426.0,4117.0,17.0,3345.0,3975.0,26.0,81.0,142.0,-9.0,1.0,2.0,0.0,0.0,2.0,0.0,4554.0,5312.0,29.0,4519.0,5399.0,28.0,35.0,-87.0,1.0,1.0,3.0,0.0,0.0,2.0,0.0,5674.0,6849.0,32.0,5923.0,7892.0,29.0,-249.0,-1043.0,3.0,1.0,6.0,0.0,0.0,5.0,1.0
ESPORTSTMNT05_3239469,complete,,EM,2023,Summer,0,2023-08-23 15:02:42,1,13.15,100,Blue,team,,,GTZ Esports,oe:team:3659b5cb3434354530c31ce71461fc1,,Gwen,Tristana,Taliyah,Lee Sin,Irelia,Zeri,Lulu,Ahri,K'Sante,Kindred,2163,0,19,22,42,19,22,2.0,0.0,0.0,0.0,0.0,,,,0.527,1.1373,0.0,1.0,4.0,1.0,4.0,1.0,0.0,0.0,0.0,0.0,0.0,,0.0,0.0,0.0,1.0,1.0,,,1.0,1.0,1.0,1.0,9.0,8.0,1.0,0.0,1.0,3.0,1.0,1.0,92863.0,2575.9501,,3434.6463,3482.1637,77.0,2.1359,47.0,1.3037,23.0,238.0,6.6019,64925,41484,1150.7351,,62758.0,-0.0276099,-1.37,,856.0,211.0,,,29.5978,14980.0,18100.0,284.0,16517.0,18367.0,332.0,-1537.0,-267.0,-48.0,3.0,3.0,3.0,3.0,3.0,3.0,23755.0,29501.0,488.0,25288.0,30254.0,542.0,-1533.0,-753.0,-54.0,4.0,5.0,4.0,4.0,5.0,4.0,33010.0,40042.0,666.0,35572.0,42438.0,749.0,-2562.0,-2396.0,-83.0,4.0,5.0,5.0,5.0,8.0,4.0,42933.0,54911.0,820.0,43183.0,51387.0,881.0,-250.0,3524.0,-61.0,7.0,11.0,8.0,8.0,13.0,7.0
ESPORTSTMNT05_3239469,complete,,EM,2023,Summer,0,2023-08-23 15:02:42,1,13.15,200,Red,team,,,BISONS ECLUB,oe:team:b346309564f4fc7f30ac14403e93010,,Ornn,Sion,Syndra,Malphite,Poppy,Xayah,Rakan,LeBlanc,Nocturne,Varus,2163,1,22,19,34,22,19,2.0,0.0,0.0,0.0,1.0,,,,0.6103,1.1373,1.0,4.0,1.0,4.0,1.0,2.0,1.0,0.0,0.0,1.0,0.0,,0.0,0.0,1.0,1.0,1.0,,,0.0,1.0,1.0,0.0,8.0,9.0,0.0,1.0,3.0,1.0,1.0,1.0,100527.0,2788.5437,,3527.4896,3399.3343,132.0,3.6616,25.0,0.6935,26.0,258.0,7.1567,68927,45486,1261.7476,,64515.0,0.0276099,1.37,,967.0,204.0,,,32.4827,16517.0,18367.0,332.0,14980.0,18100.0,284.0,1537.0,267.0,48.0,3.0,3.0,3.0,3.0,3.0,3.0,25288.0,30254.0,542.0,23755.0,29501.0,488.0,1533.0,753.0,54.0,4.0,5.0,4.0,4.0,5.0,4.0,35572.0,42438.0,749.0,33010.0,40042.0,666.0,2562.0,2396.0,83.0,5.0,8.0,4.0,4.0,5.0,5.0,43183.0,51387.0,881.0,42933.0,54911.0,820.0,250.0,-3524.0,61.0,8.0,13.0,7.0,7.0,11.0,8.0
ESPORTSTMNT05_3239471,complete,,EM,2023,Summer,0,2023-08-23 15:47:45,1,13.15,1,Blue,top,Eyliph,oe:player:4b20700639bada36a5a58cc4a8e7135,Anorthosis Famagusta Esports,oe:team:5f1bc4a914b49c7b7ff4c2f1b8d8df9,Renekton,Azir,Sejuani,Rumble,Braum,Ornn,,,,,,1774,0,0,4,2,4,18,0.0,0.0,0.0,0.0,0.0,0.0,0.0,0.0,0.1353,0.7441,,,,,,,,,,,,,,,,,,,,,0.0,0.0,,,,,,,,0.0,0.0,16945.0,573.1116,0.301287,1230.6426,934.2277,12.0,0.4059,6.0,0.2029,4.0,34.0,1.1499,11242,7347,248.4893,0.245281,11125.0,,,256.0,252.0,4.0,,,8.6584,3814.0,5188.0,100.0,3109.0,4943.0,80.0,705.0,245.0,20.0,0.0,0.0,0.0,0.0,0.0,0.0,5815.0,8247.0,156.0,4919.0,7592.0,129.0,896.0,655.0,27.0,0.0,0.0,0.0,0.0,0.0,0.0,8468.0,10967.0,203.0,6603.0,10136.0,167.0,1865.0,831.0,36.0,0.0,1.0,0.0,0.0,1.0,0.0,9693.0,12071.0,221.0,8877.0,13654.0,208.0,816.0,-1583.0,13.0,0.0,1.0,2.0,0.0,4.0,0.0
ESPORTSTMNT05_3239471,complete,,EM,2023,Summer,0,2023-08-23 15:47:45,1,13.15,2,Blue,jng,SPOOKY,oe:player:11389d6d8a29729807c3cf528a98050,Anorthosis Famagusta Esports,oe:team:5f1bc4a914b49c7b7ff4c2f1b8d8df9,Jarvan IV,Azir,Sejuani,Rumble,Braum,Ornn,,,,,,1774,0,1,4,2,4,18,0.0,0.0,0.0,0.0,0.0,0.0,0.0,1.0,0.1353,0.7441,,,,,,,,,,,,,,,,,,,,,0.0,1.0,,,,,,,,0.0,0.0,6899.0,233.3371,0.122666,772.3224,1182.345,9.0,0.3044,11.0,0.372,7.0,42.0,1.4205,9152,5257,177.8016,0.17551,9075.0,,,173.0,16.0,157.0,,,5.8512,3048.0,2966.0,61.0,3359.0,3418.0,56.0,-311.0,-452.0,5.0,0.0,0.0,1.0,1.0,1.0,0.0,4677.0,5242.0,94.0,4892.0,5657.0,96.0,-215.0,-415.0,-2.0,0.0,1.0,1.0,1.0,1.0,0.0,6418.0,7897.0,134.0,6510.0,8254.0,123.0,-92.0,-357.0,11.0,0.0,2.0,2.0,1.0,2.0,0.0,7592.0,9774.0,155.0,8928.0,11306.0,146.0,-1336.0,-1532.0,9.0,0.0,2.0,3.0,2.0,6.0,0.0
ESPORTSTMNT05_3239471,complete,,EM,2023,Summer,0,2023-08-23 15:47:45,1,13.15,3,Blue,mid,HAWHAW,oe:player:ae06413dcf80aa496ab8448d8ea586f,Anorthosis Famagusta Esports,oe:team:5f1bc4a914b49c7b7ff4c2f1b8d8df9,Syndra,Azir,Sejuani,Rumble,Braum,Ornn,,,,,,1774,0,2,5,2,4,18,0.0,0.0,0.0,0.0,0.0,0.0,0.0,0.0,0.1353,0.7441,,,,,,,,,,,,,,,,,,,,,0.0,0.0,,,,,,,,0.0,0.0,22052.0,745.8399,0.392091,452.7396,248.8613,14.0,0.4735,3.0,0.1015,6.0,26.0,0.8794,12046,8151,275.6821,0.272121,11985.0,,,256.0,251.0,5.0,,,8.6584,3554.0,4874.0,99.0,4112.0,5004.0,92.0,-558.0,-130.0,7.0,0.0,0.0,1.0,1.0,1.0,0.0,5871.0,7922.0,159.0,5674.0,7222.0,136.0,197.0,700.0,23.0,1.0,0.0,1.0,1.0,1.0,1.0,7992.0,10054.0,197.0,8565.0,10186.0,187.0,-573.0,-132.0,10.0,1.0,1.0,3.0,4.0,1.0,2.0,10493.0,12338.0,230.0,12541.0,13117.0,220.0,-2048.0,-779.0,10.0,2.0,1.0,4.0,7.0,2.0,3.0
ESPORTSTMNT05_3239471,complete,,EM,2023,Summer,0,2023-08-23 15:47:45,1,13.15,4,Blue,bot,GOLDENTO4ST,oe:player:5c58c2e986e8aec0ee6f2465823349a,Anorthosis Famagusta Esports,oe:team:5f1bc4a914b49c7b7ff4c2f1b8d8df9,Tristana,Azir,Sejuani,Rumble,Braum,Ornn,,,,,,1774,0,0,2,0,4,18,0.0,0.0,0.0,0.0,0.0,0.0,0.0,0.0,0.1353,0.7441,,,,,,,,,,,,,,,,,,,,,0.0,0.0,,,,,,,,0.0,1.0,6015.0,203.4386,0.106949,417.7678,247.3732,14.0,0.4735,9.0,0.3044,5.0,34.0,1.1499,10958,7063,238.8839,0.2358,10775.0,,,295.0,282.0,13.0,,,9.9775,3471.0,3262.0,99.0,3271.0,3180.0,88.0,200.0,82.0,11.0,0.0,0.0,0.0,0.0,0.0,0.0,5030.0,5317.0,145.0,5313.0,5482.0,141.0,-283.0,-165.0,4.0,0.0,0.0,1.0,1.0,0.0,0.0,6855.0,7418.0,189.0,7527.0,7687.0,195.0,-672.0,-269.0,-6.0,0.0,0.0,1.0,1.0,1.0,0.0,9304.0,10342.0,255.0,10398.0,10735.0,237.0,-1094.0,-393.0,18.0,0.0,0.0,1.0,2.0,4.0,0.0
ESPORTSTMNT05_3239471,complete,,EM,2023,Summer,0,2023-08-23 15:47:45,1,13.15,5,Blue,sup,iLEVI,oe:player:b226880189cb11f7da7a0c86544b556,Anorthosis Famagusta Esports,oe:team:5f1bc4a914b49c7b7ff4c2f1b8d8df9,Alistar,Azir,Sejuani,Rumble,Braum,Ornn,,,,,,1774,0,1,3,2,4,18,0.0,0.0,0.0,0.0,0.0,0.0,0.0,0.0,0.1353,0.7441,,,,,,,,,,,,,,,,,,,,,0.0,0.0,,,,,,,,0.0,0.0,4331.0,146.4825,0.0770065,592.8636,694.4307,34.0,1.1499,6.0,0.2029,8.0,77.0,2.6043,6030,2135,72.2097,0.0712878,5550.0,,,23.0,23.0,0.0,,,0.7779,2120.0,2900.0,13.0,2270.0,3198.0,16.0,-150.0,-298.0,-3.0,0.0,0.0,0.0,0.0,1.0,0.0,2966.0,3774.0,14.0,3570.0,5097.0,26.0,-604.0,-1323.0,-12.0,0.0,1.0,0.0,0.0,2.0,0.0,4249.0,4703.0,17.0,4582.0,6775.0,26.0,-333.0,-2072.0,-9.0,1.0,1.0,0.0,0.0,3.0,0.0,5266.0,6427.0,21.0,6180.0,9556.0,27.0,-914.0,-3129.0,-6.0,1.0,1.0,1.0,0.0,8.0,0.0
ESPORTSTMNT05_3239471,complete,,EM,2023,Summer,0,2023-08-23 15:47:45,1,13.15,6,Red,top,Shikari,oe:player:41f0dede57989f2777d3cfe2dbf6bac,Nativz,oe:team:a73a242584df96b35d6e606d93608f8,Poppy,Ivern,LeBlanc,Rell,Malphite,Neeko,,,,,,1774,1,2,0,8,18,4,1.0,0.0,0.0,0.0,0.0,0.0,0.0,0.0,0.6088,0.7441,,,,,,,,,,,,,,,,,,,,,0.0,0.0,,,,,,,,0.0,0.0,19177.0,648.602,0.226553,562.3901,744.2503,18.0,0.6088,5.0,0.1691,8.0,32.0,1.0823,11327,7432,251.3641,0.193326,10230.0,,,239.0,235.0,4.0,,,8.0834,3109.0,4943.0,80.0,3814.0,5188.0,100.0,-705.0,-245.0,-20.0,0.0,0.0,0.0,0.0,0.0,0.0,4919.0,7592.0,129.0,5815.0,8247.0,156.0,-896.0,-655.0,-27.0,0.0,0.0,0.0,0.0,0.0,0.0,6603.0,10136.0,167.0,8468.0,10967.0,203.0,-1865.0,-831.0,-36.0,0.0,1.0,0.0,0.0,1.0,0.0,8877.0,13654.0,208.0,9693.0,12071.0,221.0,-816.0,1583.0,-13.0,0.0,4.0,0.0,0.0,1.0,2.0
ESPORTSTMNT05_3239471,complete,,EM,2023,Summer,0,2023-08-23 15:47:45,1,13.15,7,Red,jng,Stefan,oe:player:752b048c76633399b04f6e87a8b211c,Nativz,oe:team:a73a242584df96b35d6e606d93608f8,Maokai,Ivern,LeBlanc,Rell,Malphite,Neeko,,,,,,1774,1,2,0,12,18,4,0.0,0.0,0.0,0.0,1.0,1.0,0.0,0.0,0.6088,0.7441,,,,,,,,,,,,,,,,,,,,,1.0,0.0,,,,,,,,0.0,0.0,17022.0,575.7159,0.201094,986.1105,1027.3055,19.0,0.6426,7.0,0.2368,5.0,54.0,1.8264,10712,6817,230.5637,0.177329,9875.0,,,167.0,25.0,142.0,,,5.6483,3359.0,3418.0,56.0,3048.0,2966.0,61.0,311.0,452.0,-5.0,1.0,1.0,0.0,0.0,0.0,1.0,4892.0,5657.0,96.0,4677.0,5242.0,94.0,215.0,415.0,2.0,1.0,1.0,0.0,0.0,1.0,1.0,6510.0,8254.0,123.0,6418.0,7897.0,134.0,92.0,357.0,-11.0,1.0,2.0,0.0,0.0,2.0,2.0,8928.0,11306.0,146.0,7592.0,9774.0,155.0,1336.0,1532.0,-9.0,2.0,6.0,0.0,0.0,2.0,3.0
ESPORTSTMNT05_3239471,complete,,EM,2023,Summer,0,2023-08-23 15:47:45,1,13.15,8,Red,mid,Vladi,oe:player:367fecc4cb53a8234abbd9f283b7997,Nativz,oe:team:a73a242584df96b35d6e606d93608f8,Jayce,Ivern,LeBlanc,Rell,Malphite,Neeko,,,,,,1774,1,8,3,8,18,4,2.0,0.0,0.0,0.0,1.0,0.0,1.0,0.0,0.6088,0.7441,,,,,,,,,,,,,,,,,,,,,0.0,0.0,,,,,,,,0.0,0.0,25397.0,858.9741,0.300034,559.4476,378.7373,9.0,0.3044,8.0,0.2706,5.0,33.0,1.1161,14922,11027,372.9538,0.286835,14375.0,,,241.0,225.0,16.0,,,8.1511,4112.0,5004.0,92.0,3554.0,4874.0,99.0,558.0,130.0,-7.0,1.0,1.0,0.0,0.0,0.0,1.0,5674.0,7222.0,136.0,5871.0,7922.0,159.0,-197.0,-700.0,-23.0,1.0,1.0,1.0,1.0,0.0,1.0,8565.0,10186.0,187.0,7992.0,10054.0,197.0,573.0,132.0,-10.0,4.0,1.0,2.0,1.0,1.0,3.0,12541.0,13117.0,220.0,10493.0,12338.0,230.0,2048.0,779.0,-10.0,7.0,2.0,3.0,2.0,1.0,4.0
ESPORTSTMNT05_3239471,complete,,EM,2023,Summer,0,2023-08-23 15:47:45,1,13.15,9,Red,bot,DenVoksne,oe:player:ccfb5c69ebcc2008b1dca4ef5c56142,Nativz,oe:team:a73a242584df96b35d6e606d93608f8,Aphelios,Ivern,LeBlanc,Rell,Malphite,Neeko,,,,,,1774,1,6,1,5,18,4,2.0,0.0,0.0,0.0,0.0,0.0,0.0,0.0,0.6088,0.7441,,,,,,,,,,,,,,,,,,,,,0.0,0.0,,,,,,,,1.0,0.0,20727.0,701.0259,0.244864,512.0631,447.7678,13.0,0.4397,7.0,0.2368,4.0,29.0,0.9808,13410,9515,321.8151,0.247507,10650.0,,,276.0,264.0,12.0,,,9.3348,3271.0,3180.0,88.0,3471.0,3262.0,99.0,-200.0,-82.0,-11.0,0.0,0.0,0.0,0.0,0.0,0.0,5313.0,5482.0,141.0,5030.0,5317.0,145.0,283.0,165.0,-4.0,1.0,0.0,0.0,0.0,0.0,1.0,7527.0,7687.0,195.0,6855.0,7418.0,189.0,672.0,269.0,6.0,1.0,1.0,0.0,0.0,0.0,1.0,10398.0,10735.0,237.0,9304.0,10342.0,255.0,1094.0,393.0,-18.0,2.0,4.0,0.0,0.0,0.0,1.0
ESPORTSTMNT05_3239471,complete,,EM,2023,Summer,0,2023-08-23 15:47:45,1,13.15,10,Red,sup,Twiizt,oe:player:ae20b1872a922cdc5b8707fbe66c4f0,Nativz,oe:team:a73a242584df96b35d6e606d93608f8,Zilean,Ivern,LeBlanc,Rell,Malphite,Neeko,,,,,,1774,1,0,0,15,18,4,0.0,0.0,0.0,0.0,0.0,0.0,0.0,0.0,0.6088,0.7441,,,,,,,,,,,,,,,,,,,,,0.0,0.0,,,,,,,,0.0,0.0,2324.0,78.602,0.0274552,312.9538,134.6449,37.0,1.2514,6.0,0.2029,9.0,76.0,2.5705,7547,3652,123.5175,0.0950038,6175.0,,,32.0,32.0,0.0,,,1.0823,2270.0,3198.0,16.0,2120.0,2900.0,13.0,150.0,298.0,3.0,0.0,1.0,0.0,0.0,0.0,0.0,3570.0,5097.0,26.0,2966.0,3774.0,14.0,604.0,1323.0,12.0,0.0,2.0,0.0,0.0,1.0,0.0,4582.0,6775.0,26.0,4249.0,4703.0,17.0,333.0,2072.0,9.0,0.0,3.0,0.0,1.0,1.0,0.0,6180.0,9556.0,27.0,5266.0,6427.0,21.0,914.0,3129.0,6.0,0.0,8.0,0.0,1.0,1.0,1.0
ESPORTSTMNT05_3239471,complete,,EM,2023,Summer,0,2023-08-23 15:47:45,1,13.15,100,Blue,team,,,Anorthosis Famagusta Esports,oe:team:5f1bc4a914b49c7b7ff4c2f1b8d8df9,,Azir,Sejuani,Rumble,Braum,Ornn,Tristana,Renekton,Alistar,Syndra,Jarvan IV,1774,0,4,18,8,4,18,0.0,0.0,0.0,0.0,0.0,,,,0.1353,0.7441,1.0,1.0,4.0,1.0,4.0,0.0,0.0,0.0,0.0,0.0,1.0,,0.0,0.0,1.0,1.0,1.0,,,0.0,0.0,1.0,1.0,4.0,9.0,0.0,1.0,6.0,2.0,0.0,1.0,56242.0,1902.2097,,3466.336,3307.2379,83.0,2.8072,35.0,1.1838,30.0,213.0,7.2041,49428,29955,1013.1342,,48510.0,-0.0560036,-0.19,,824.0,179.0,,,33.9233,16007.0,19190.0,372.0,16121.0,19743.0,332.0,-114.0,-553.0,40.0,0.0,0.0,2.0,2.0,3.0,0.0,24359.0,30502.0,568.0,24368.0,31050.0,528.0,-9.0,-548.0,40.0,1.0,2.0,3.0,3.0,4.0,1.0,33982.0,41039.0,740.0,33787.0,43038.0,698.0,195.0,-1999.0,42.0,2.0,5.0,6.0,6.0,8.0,2.0,42348.0,50952.0,882.0,46924.0,58368.0,838.0,-4576.0,-7416.0,44.0,3.0,5.0,11.0,11.0,24.0,3.0
ESPORTSTMNT05_3239471,complete,,EM,2023,Summer,0,2023-08-23 15:47:45,1,13.15,200,Red,team,,,Nativz,oe:team:a73a242584df96b35d6e606d93608f8,,Ivern,LeBlanc,Rell,Malphite,Neeko,Maokai,Aphelios,Jayce,Zilean,Poppy,1774,1,18,4,48,18,4,5.0,0.0,0.0,0.0,1.0,,,,0.6088,0.7441,0.0,4.0,1.0,4.0,1.0,0.0,0.0,0.0,3.0,1.0,0.0,,0.0,0.0,0.0,1.0,1.0,,,1.0,1.0,0.0,0.0,9.0,4.0,1.0,0.0,2.0,6.0,1.0,0.0,84647.0,2862.92,,2932.9651,2732.7057,96.0,3.2469,33.0,1.1161,31.0,224.0,7.5761,57918,38445,1300.2818,,51305.0,0.0560036,0.19,,781.0,174.0,,,32.2999,16121.0,19743.0,332.0,16007.0,19190.0,372.0,114.0,553.0,-40.0,2.0,3.0,0.0,0.0,0.0,2.0,24368.0,31050.0,528.0,24359.0,30502.0,568.0,9.0,548.0,-40.0,3.0,4.0,1.0,1.0,2.0,3.0,33787.0,43038.0,698.0,33982.0,41039.0,740.0,-195.0,1999.0,-42.0,6.0,8.0,2.0,2.0,5.0,6.0,46924.0,58368.0,838.0,42348.0,50952.0,882.0,4576.0,7416.0,-44.0,11.0,24.0,3.0,3.0,5.0,11.0
ESPORTSTMNT05_3240484,complete,,EM,2023,Summer,0,2023-08-23 16:01:32,1,13.15,1,Blue,top,pr1me,oe:player:f3f1edfba7200c65b417d359a6f9c82,Orbit Anonymo Esports,oe:team:f9f16e15a84c85d050aa09b4a21c757,Renekton,Poppy,Jayce,Maokai,Nocturne,Jarvan IV,,,,,,1849,0,2,5,0,5,21,0.0,0.0,0.0,0.0,0.0,0.0,0.0,1.0,0.1622,0.8437,,,,,,,,,,,,,,,,,,,,,0.0,0.0,,,,,,,,0.0,0.0,11364.0,368.7615,0.171044,1021.2655,810.2109,10.0,0.3245,3.0,0.0973,1.0,20.0,0.649,10664,6616,214.689,0.214881,10075.0,,,228.0,224.0,4.0,,,7.3986,3027.0,4635.0,74.0,3459.0,4881.0,88.0,-432.0,-246.0,-14.0,0.0,0.0,0.0,0.0,0.0,0.0,4468.0,6576.0,111.0,6429.0,7460.0,131.0,-1961.0,-884.0,-20.0,0.0,0.0,1.0,1.0,0.0,0.0,6025.0,8657.0,149.0,8678.0,10582.0,196.0,-2653.0,-1925.0,-47.0,0.0,0.0,2.0,1.0,1.0,0.0,7653.0,10732.0,193.0,11147.0,14330.0,247.0,-3494.0,-3598.0,-54.0,0.0,0.0,3.0,1.0,6.0,0.0
ESPORTSTMNT05_3240484,complete,,EM,2023,Summer,0,2023-08-23 16:01:32,1,13.15,2,Blue,jng,Savero,oe:player:565edcb58e76115e571f38521946e41,Orbit Anonymo Esports,oe:team:f9f16e15a84c85d050aa09b4a21c757,Rumble,Poppy,Jayce,Maokai,Nocturne,Jarvan IV,,,,,,1849,0,0,6,3,5,21,0.0,0.0,0.0,0.0,0.0,0.0,0.0,0.0,0.1622,0.8437,,,,,,,,,,,,,,,,,,,,,0.0,2.0,,,,,,,,0.0,0.0,15462.0,501.7415,0.232725,870.4056,696.6036,3.0,0.0973,7.0,0.2271,2.0,25.0,0.8112,9220,5172,167.8313,0.167984,8885.0,,,174.0,25.0,149.0,,,5.6463,3391.0,4018.0,79.0,3075.0,3245.0,57.0,316.0,773.0,22.0,0.0,0.0,0.0,0.0,0.0,0.0,4909.0,6160.0,116.0,4769.0,5491.0,86.0,140.0,669.0,30.0,0.0,0.0,1.0,0.0,3.0,0.0,6701.0,8020.0,148.0,6424.0,7949.0,115.0,277.0,71.0,33.0,0.0,1.0,1.0,0.0,4.0,0.0,7648.0,8894.0,153.0,9062.0,11406.0,135.0,-1414.0,-2512.0,18.0,0.0,2.0,4.0,3.0,7.0,0.0
ESPORTSTMNT05_3240484,complete,,EM,2023,Summer,0,2023-08-23 16:01:32,1,13.15,3,Blue,mid,Roison,oe:player:1428134d4ece3f00321b6b870ca2152,Orbit Anonymo Esports,oe:team:f9f16e15a84c85d050aa09b4a21c757,Sivir,Poppy,Jayce,Maokai,Nocturne,Jarvan IV,,,,,,1849,0,1,3,3,5,21,0.0,0.0,0.0,0.0,0.0,0.0,0.0,0.0,0.1622,0.8437,,,,,,,,,,,,,,,,,,,,,0.0,0.0,,,,,,,,0.0,0.0,22694.0,736.4197,0.341576,680.2812,248.729,10.0,0.3245,4.0,0.1298,1.0,20.0,0.649,11612,7564,245.4516,0.245669,11785.0,,,279.0,279.0,0.0,,,9.0535,3226.0,4528.0,81.0,3217.0,4985.0,86.0,9.0,-457.0,-5.0,0.0,0.0,0.0,0.0,0.0,0.0,5462.0,6968.0,129.0,5768.0,8403.0,152.0,-306.0,-1435.0,-23.0,0.0,0.0,1.0,1.0,1.0,0.0,7279.0,9736.0,180.0,8337.0,11564.0,208.0,-1058.0,-1828.0,-28.0,0.0,0.0,1.0,1.0,2.0,1.0,9168.0,11956.0,215.0,12722.0,15735.0,254.0,-3554.0,-3779.0,-39.0,1.0,1.0,3.0,5.0,6.0,1.0
ESPORTSTMNT05_3240484,complete,,EM,2023,Summer,0,2023-08-23 16:01:32,1,13.15,4,Blue,bot,Neramin,oe:player:c032df73970ffb2f2b585d912f6b20d,Orbit Anonymo Esports,oe:team:f9f16e15a84c85d050aa09b4a21c757,Xayah,Poppy,Jayce,Maokai,Nocturne,Jarvan IV,,,,,,1849,0,2,3,2,5,21,0.0,0.0,0.0,0.0,0.0,0.0,0.0,0.0,0.1622,0.8437,,,,,,,,,,,,,,,,,,,,,0.0,0.0,,,,,,,,0.0,1.0,13621.0,442.0011,0.205015,488.9886,237.1444,10.0,0.3245,9.0,0.292,1.0,22.0,0.7139,13404,9356,303.6019,0.303867,13450.0,,,290.0,279.0,11.0,,,9.4105,3331.0,3410.0,87.0,3482.0,3595.0,99.0,-151.0,-185.0,-12.0,0.0,0.0,0.0,0.0,0.0,0.0,6508.0,6295.0,151.0,5237.0,6006.0,143.0,1271.0,289.0,8.0,0.0,0.0,0.0,0.0,2.0,0.0,8862.0,8903.0,200.0,8005.0,8285.0,193.0,857.0,618.0,7.0,1.0,0.0,0.0,1.0,3.0,0.0,10765.0,10657.0,224.0,11108.0,11935.0,218.0,-343.0,-1278.0,6.0,2.0,1.0,2.0,4.0,7.0,2.0
ESPORTSTMNT05_3240484,complete,,EM,2023,Summer,0,2023-08-23 16:01:32,1,13.15,5,Blue,sup,Czypsy,oe:player:df5866d3078c786ce03084b78b1f5d9,Orbit Anonymo Esports,oe:team:f9f16e15a84c85d050aa09b4a21c757,Nautilus,Poppy,Jayce,Maokai,Nocturne,Jarvan IV,,,,,,1849,0,0,4,1,5,21,0.0,0.0,0.0,0.0,0.0,0.0,0.0,0.0,0.1622,0.8437,,,,,,,,,,,,,,,,,,,,,0.0,0.0,,,,,,,,0.0,0.0,3298.0,107.02,0.0496395,576.344,774.3862,57.0,1.8496,10.0,0.3245,11.0,97.0,3.1476,6129,2081,67.5284,0.0675985,5875.0,,,48.0,48.0,0.0,,,1.5576,2130.0,2284.0,15.0,2121.0,2157.0,13.0,9.0,127.0,2.0,0.0,0.0,0.0,0.0,0.0,0.0,3197.0,3303.0,28.0,3582.0,3700.0,20.0,-385.0,-397.0,8.0,0.0,0.0,0.0,1.0,1.0,0.0,4245.0,5017.0,36.0,5086.0,4950.0,26.0,-841.0,67.0,10.0,0.0,1.0,1.0,2.0,2.0,0.0,5207.0,6189.0,45.0,6640.0,7675.0,29.0,-1433.0,-1486.0,16.0,0.0,1.0,3.0,2.0,7.0,0.0
ESPORTSTMNT05_3240484,complete,,EM,2023,Summer,0,2023-08-23 16:01:32,1,13.15,6,Red,top,Destroy,oe:player:21846207612858fb49a468b43e56dd3,İstanbul Wildcats,oe:team:a65adb2808377018a2a7832eb2bd7f4,Quinn,Jax,Tristana,Fiora,Azir,Camille,,,,,,1849,1,3,0,9,21,5,1.0,0.0,0.0,0.0,1.0,1.0,0.0,0.0,0.6814,0.8437,,,,,,,,,,,,,,,,,,,,,0.0,0.0,,,,,,,,0.0,0.0,20092.0,651.9849,0.21276,552.331,391.152,18.0,0.5841,5.0,0.1622,7.0,49.0,1.59,14884,10836,351.6279,0.248256,13575.0,,,318.0,282.0,36.0,,,10.3191,3459.0,4881.0,88.0,3027.0,4635.0,74.0,432.0,246.0,14.0,0.0,0.0,0.0,0.0,0.0,0.0,6429.0,7460.0,131.0,4468.0,6576.0,111.0,1961.0,884.0,20.0,1.0,0.0,0.0,0.0,0.0,1.0,8678.0,10582.0,196.0,6025.0,8657.0,149.0,2653.0,1925.0,47.0,1.0,1.0,0.0,0.0,0.0,2.0,11147.0,14330.0,247.0,7653.0,10732.0,193.0,3494.0,3598.0,54.0,1.0,6.0,0.0,0.0,0.0,3.0
ESPORTSTMNT05_3240484,complete,,EM,2023,Summer,0,2023-08-23 16:01:32,1,13.15,7,Red,jng,Ferret,oe:player:92b76c3a9967d6322741aa6d2ba4a2b,İstanbul Wildcats,oe:team:a65adb2808377018a2a7832eb2bd7f4,Sejuani,Jax,Tristana,Fiora,Azir,Camille,,,,,,1849,1,4,0,10,21,5,0.0,0.0,0.0,0.0,1.0,0.0,1.0,0.0,0.6814,0.8437,,,,,,,,,,,,,,,,,,,,,2.0,0.0,,,,,,,,0.0,0.0,7852.0,254.7972,0.0831471,987.9719,1536.993,10.0,0.3245,7.0,0.2271,8.0,43.0,1.3953,11222,7174,232.7961,0.164362,10100.0,,,162.0,14.0,148.0,,,5.2569,3075.0,3245.0,57.0,3391.0,4018.0,79.0,-316.0,-773.0,-22.0,0.0,0.0,0.0,0.0,0.0,0.0,4769.0,5491.0,86.0,4909.0,6160.0,116.0,-140.0,-669.0,-30.0,0.0,3.0,0.0,0.0,0.0,1.0,6424.0,7949.0,115.0,6701.0,8020.0,148.0,-277.0,-71.0,-33.0,0.0,4.0,0.0,0.0,1.0,1.0,9062.0,11406.0,135.0,7648.0,8894.0,153.0,1414.0,2512.0,-18.0,3.0,7.0,0.0,0.0,2.0,4.0
ESPORTSTMNT05_3240484,complete,,EM,2023,Summer,0,2023-08-23 16:01:32,1,13.15,8,Red,mid,Kofte,oe:player:db0cbdc72184ad44ab905be61fc0756,İstanbul Wildcats,oe:team:a65adb2808377018a2a7832eb2bd7f4,LeBlanc,Jax,Tristana,Fiora,Azir,Camille,,,,,,1849,1,5,2,11,21,5,0.0,0.0,0.0,0.0,1.0,0.0,1.0,0.0,0.6814,0.8437,,,,,,,,,,,,,,,,,,,,,0.0,0.0,,,,,,,,0.0,0.0,29157.0,946.1439,0.308752,756.1493,564.1428,8.0,0.2596,9.0,0.292,6.0,32.0,1.0384,15310,11262,365.4516,0.258016,15000.0,,,300.0,295.0,5.0,,,9.735,3217.0,4985.0,86.0,3226.0,4528.0,81.0,-9.0,457.0,5.0,0.0,0.0,0.0,0.0,0.0,0.0,5768.0,8403.0,152.0,5462.0,6968.0,129.0,306.0,1435.0,23.0,1.0,1.0,0.0,0.0,0.0,1.0,8337.0,11564.0,208.0,7279.0,9736.0,180.0,1058.0,1828.0,28.0,1.0,2.0,1.0,0.0,0.0,1.0,12722.0,15735.0,254.0,9168.0,11956.0,215.0,3554.0,3779.0,39.0,5.0,6.0,1.0,1.0,1.0,3.0
ESPORTSTMNT05_3240484,complete,,EM,2023,Summer,0,2023-08-23 16:01:32,1,13.15,9,Red,bot,BAO,oe:player:6c1d0c529e73fe4c8b9a5306867c4bf,İstanbul Wildcats,oe:team:a65adb2808377018a2a7832eb2bd7f4,Kai'Sa,Jax,Tristana,Fiora,Azir,Camille,,,,,,1849,1,6,3,10,21,5,2.0,0.0,0.0,0.0,0.0,0.0,0.0,0.0,0.6814,0.8437,,,,,,,,,,,,,,,,,,,,,0.0,0.0,,,,,,,,1.0,0.0,31044.0,1007.377,0.328734,539.9351,371.1952,15.0,0.4867,7.0,0.2271,5.0,40.0,1.298,13952,9904,321.3845,0.226905,12330.0,,,260.0,252.0,8.0,,,8.437,3482.0,3595.0,99.0,3331.0,3410.0,87.0,151.0,185.0,12.0,0.0,0.0,0.0,0.0,0.0,0.0,5237.0,6006.0,143.0,6508.0,6295.0,151.0,-1271.0,-289.0,-8.0,0.0,2.0,0.0,0.0,0.0,0.0,8005.0,8285.0,193.0,8862.0,8903.0,200.0,-857.0,-618.0,-7.0,1.0,3.0,0.0,1.0,0.0,0.0,11108.0,11935.0,218.0,10765.0,10657.0,224.0,343.0,1278.0,-6.0,4.0,7.0,2.0,2.0,1.0,2.0
ESPORTSTMNT05_3240484,complete,,EM,2023,Summer,0,2023-08-23 16:01:32,1,13.15,10,Red,sup,Parus,oe:player:a9cfbc13e22eefdd22af7b346ce2af4,İstanbul Wildcats,oe:team:a65adb2808377018a2a7832eb2bd7f4,Rell,Jax,Tristana,Fiora,Azir,Camille,,,,,,1849,1,3,0,12,21,5,0.0,0.0,0.0,0.0,0.0,0.0,0.0,0.0,0.6814,0.8437,,,,,,,,,,,,,,,,,,,,,0.0,0.0,,,,,,,,0.0,0.0,6290.0,204.1103,0.0666067,493.8237,867.4851,46.0,1.4927,8.0,0.2596,11.0,103.0,3.3423,8520,4472,145.1163,0.102461,7175.0,,,32.0,32.0,0.0,,,1.0384,2121.0,2157.0,13.0,2130.0,2284.0,15.0,-9.0,-127.0,-2.0,0.0,0.0,0.0,0.0,0.0,0.0,3582.0,3700.0,20.0,3197.0,3303.0,28.0,385.0,397.0,-8.0,1.0,1.0,0.0,0.0,0.0,0.0,5086.0,4950.0,26.0,4245.0,5017.0,36.0,841.0,-67.0,-10.0,2.0,2.0,0.0,0.0,1.0,1.0,6640.0,7675.0,29.0,5207.0,6189.0,45.0,1433.0,1486.0,-16.0,2.0,7.0,0.0,0.0,1.0,3.0
ESPORTSTMNT05_3240484,complete,,EM,2023,Summer,0,2023-08-23 16:01:32,1,13.15,100,Blue,team,,,Orbit Anonymo Esports,oe:team:f9f16e15a84c85d050aa09b4a21c757,,Poppy,Jayce,Maokai,Nocturne,Jarvan IV,Rumble,Xayah,Nautilus,Renekton,Sivir,1849,0,5,21,9,5,21,0.0,0.0,0.0,0.0,0.0,,,,0.1622,0.8437,1.0,2.0,2.0,2.0,2.0,0.0,0.0,1.0,0.0,0.0,1.0,,0.0,0.0,0.0,0.0,2.0,,,0.0,0.0,2.0,0.0,2.0,9.0,0.0,0.0,5.0,3.0,0.0,1.0,66439.0,2155.9438,,3637.285,2767.0741,90.0,2.9205,33.0,1.0708,16.0,184.0,5.9708,51029,30791,999.1671,,50070.0,-0.149838,-2.1,,855.0,164.0,,,33.0665,15105.0,18875.0,336.0,15354.0,18863.0,343.0,-249.0,12.0,-7.0,0.0,0.0,0.0,0.0,0.0,0.0,24544.0,29302.0,535.0,25785.0,31060.0,532.0,-1241.0,-1758.0,3.0,0.0,0.0,3.0,3.0,7.0,0.0,33112.0,40333.0,713.0,36530.0,43330.0,738.0,-3418.0,-2997.0,-25.0,1.0,2.0,5.0,5.0,12.0,1.0,40441.0,48428.0,830.0,50679.0,61081.0,883.0,-10238.0,-12653.0,-53.0,3.0,5.0,15.0,15.0,33.0,3.0
ESPORTSTMNT05_3240484,complete,,EM,2023,Summer,0,2023-08-23 16:01:32,1,13.15,200,Red,team,,,İstanbul Wildcats,oe:team:a65adb2808377018a2a7832eb2bd7f4,,Jax,Tristana,Fiora,Azir,Camille,Kai'Sa,Rell,LeBlanc,Sejuani,Quinn,1849,1,21,5,52,21,5,3.0,0.0,0.0,0.0,1.0,,,,0.6814,0.8437,0.0,2.0,2.0,2.0,2.0,0.0,2.0,0.0,0.0,0.0,0.0,,0.0,0.0,1.0,2.0,0.0,,,1.0,2.0,0.0,1.0,9.0,2.0,1.0,1.0,3.0,5.0,1.0,0.0,94435.0,3064.4132,,3330.2109,3730.9681,97.0,3.1476,36.0,1.1682,37.0,267.0,8.6641,63888,43650,1416.4413,,58180.0,0.149838,2.1,,875.0,197.0,,,34.7864,15354.0,18863.0,343.0,15105.0,18875.0,336.0,249.0,-12.0,7.0,0.0,0.0,0.0,0.0,0.0,0.0,25785.0,31060.0,532.0,24544.0,29302.0,535.0,1241.0,1758.0,-3.0,3.0,7.0,0.0,0.0,0.0,3.0,36530.0,43330.0,738.0,33112.0,40333.0,713.0,3418.0,2997.0,25.0,5.0,12.0,1.0,1.0,2.0,5.0,50679.0,61081.0,883.0,40441.0,48428.0,830.0,10238.0,12653.0,53.0,15.0,33.0,3.0,3.0,5.0,15.0
ESPORTSTMNT05_3239472,complete,,EM,2023,Summer,0,2023-08-23 16:45:27,1,13.15,1,Blue,top,Cabochard,oe:player:010c1b0d37c2b7459b215dae7ffeeac,Karmine Corp,oe:team:f3aa9bbd924ce3af42ac53f8326bc7c,Renekton,Ivern,Rumble,Tristana,Jayce,Karthus,,,,,,1182,1,1,1,2,20,3,0.0,0.0,0.0,0.0,0.0,0.0,0.0,0.0,1.0152,1.1675,,,,,,,,,,,,,,,,,,,,,0.0,0.0,,,,,,,,1.0,0.0,6160.0,312.6904,0.119463,580.4061,347.6142,9.0,0.4569,4.0,0.203,4.0,23.0,1.1675,7273,4586,232.7919,0.149066,6700.0,,,160.0,150.0,10.0,,,8.1218,3267.0,4256.0,76.0,3221.0,4662.0,68.0,46.0,-406.0,8.0,0.0,0.0,1.0,1.0,0.0,0.0,5152.0,6854.0,124.0,4523.0,5800.0,96.0,629.0,1054.0,28.0,0.0,2.0,1.0,1.0,2.0,1.0,7273.0,9178.0,160.0,6006.0,7974.0,133.0,1267.0,1204.0,27.0,1.0,2.0,1.0,1.0,2.0,2.0,,,,,,,,,,,,,,,
ESPORTSTMNT05_3239472,complete,,EM,2023,Summer,0,2023-08-23 16:45:27,1,13.15,2,Blue,jng,Cinkrof,oe:player:6b3481654facc1e7fe3e312883ea8f3,Karmine Corp,oe:team:f3aa9bbd924ce3af42ac53f8326bc7c,Maokai,Ivern,Rumble,Tristana,Jayce,Karthus,,,,,,1182,1,2,1,11,20,3,0.0,0.0,0.0,0.0,0.0,0.0,0.0,0.0,1.0152,1.1675,,,,,,,,,,,,,,,,,,,,,0.0,0.0,,,,,,,,0.0,0.0,5286.0,268.3249,0.102513,811.3706,660.8122,6.0,0.3046,2.0,0.1015,6.0,21.0,1.066,7085,4398,223.2487,0.142956,6350.0,,,84.0,7.0,77.0,,,4.264,3654.0,3254.0,60.0,3042.0,3194.0,59.0,612.0,60.0,1.0,2.0,1.0,0.0,0.0,1.0,1.0,5475.0,4678.0,73.0,5182.0,4869.0,85.0,293.0,-191.0,-12.0,2.0,6.0,1.0,2.0,1.0,2.0,7085.0,6656.0,84.0,6420.0,6618.0,110.0,665.0,38.0,-26.0,2.0,11.0,1.0,2.0,1.0,3.0,,,,,,,,,,,,,,,
ESPORTSTMNT05_3239472,complete,,EM,2023,Summer,0,2023-08-23 16:45:27,1,13.15,3,Blue,mid,SAKEN,oe:player:1d43b8dc600eba61cd7dd2cd8d6baf6,Karmine Corp,oe:team:f3aa9bbd924ce3af42ac53f8326bc7c,Viktor,Ivern,Rumble,Tristana,Jayce,Karthus,,,,,,1182,1,4,0,6,20,3,1.0,0.0,0.0,0.0,0.0,0.0,0.0,0.0,1.0152,1.1675,,,,,,,,,,,,,,,,,,,,,0.0,0.0,,,,,,,,0.0,0.0,12823.0,650.9137,0.248681,239.5939,249.1878,8.0,0.4061,2.0,0.1015,2.0,15.0,0.7614,9220,6533,331.6244,0.212351,8550.0,,,168.0,164.0,4.0,,,8.5279,3589.0,4921.0,91.0,3307.0,4504.0,79.0,282.0,417.0,12.0,0.0,0.0,0.0,0.0,0.0,0.0,6352.0,7544.0,140.0,4993.0,6844.0,127.0,1359.0,700.0,13.0,2.0,1.0,0.0,0.0,0.0,1.0,9220.0,9950.0,168.0,6165.0,8344.0,153.0,3055.0,1606.0,15.0,4.0,6.0,0.0,0.0,0.0,3.0,,,,,,,,,,,,,,,
ESPORTSTMNT05_3239472,complete,,EM,2023,Summer,0,2023-08-23 16:45:27,1,13.15,4,Blue,bot,Caliste,oe:player:e2af2b779499aa25ab9a9c10c9a5ffd,Karmine Corp,oe:team:f3aa9bbd924ce3af42ac53f8326bc7c,Zeri,Ivern,Rumble,Tristana,Jayce,Karthus,,,,,,1182,1,13,0,6,20,3,3.0,1.0,0.0,0.0,1.0,1.0,0.0,0.0,1.0152,1.1675,,,,,,,,,,,,,,,,,,,,,0.0,0.0,,,,,,,,0.0,0.0,22580.0,1146.1929,0.437902,344.7716,253.7056,9.0,0.4569,5.0,0.2538,3.0,23.0,1.1675,14926,12239,621.269,0.397818,13575.0,,,220.0,205.0,15.0,,,11.1675,5968.0,3596.0,93.0,2669.0,2475.0,62.0,3299.0,1121.0,31.0,3.0,2.0,0.0,0.0,0.0,2.0,10710.0,6671.0,155.0,4155.0,4681.0,101.0,6555.0,1990.0,54.0,7.0,4.0,0.0,0.0,0.0,3.0,14926.0,9479.0,220.0,5521.0,6737.0,138.0,9405.0,2742.0,82.0,13.0,6.0,0.0,0.0,0.0,5.0,,,,,,,,,,,,,,,
ESPORTSTMNT05_3239472,complete,,EM,2023,Summer,0,2023-08-23 16:45:27,1,13.15,5,Blue,sup,Targamas,oe:player:eaf899c6268995f9b1e40d1932c6888,Karmine Corp,oe:team:f3aa9bbd924ce3af42ac53f8326bc7c,Nautilus,Ivern,Rumble,Tristana,Jayce,Karthus,,,,,,1182,1,0,1,15,20,3,0.0,0.0,0.0,0.0,1.0,0.0,1.0,0.0,1.0152,1.1675,,,,,,,,,,,,,,,,,,,,,0.0,0.0,,,,,,,,0.0,0.0,4715.0,239.3401,0.0914398,429.0355,548.6294,18.0,0.9137,6.0,0.3046,5.0,52.0,2.6396,5696,3009,152.7411,0.0978079,5025.0,,,27.0,27.0,0.0,,,1.3706,2671.0,2521.0,16.0,2171.0,2040.0,15.0,500.0,481.0,1.0,0.0,4.0,0.0,0.0,1.0,2.0,4083.0,4114.0,26.0,3321.0,3326.0,24.0,762.0,788.0,2.0,0.0,7.0,1.0,0.0,3.0,4.0,5696.0,6108.0,27.0,4076.0,3711.0,27.0,1620.0,2397.0,0.0,0.0,15.0,1.0,0.0,3.0,7.0,,,,,,,,,,,,,,,
ESPORTSTMNT05_3239472,complete,,EM,2023,Summer,0,2023-08-23 16:45:27,1,13.15,6,Red,top,Eyliph,oe:player:4b20700639bada36a5a58cc4a8e7135,Anorthosis Famagusta Esports,oe:team:5f1bc4a914b49c7b7ff4c2f1b8d8df9,Ornn,LeBlanc,Azir,Sejuani,Alistar,Braum,,,,,,1182,0,1,2,2,3,20,0.0,0.0,0.0,0.0,0.0,0.0,0.0,0.0,0.1523,1.1675,,,,,,,,,,,,,,,,,,,,,0.0,0.0,,,,,,,,0.0,1.0,7641.0,387.868,0.299271,751.9797,606.9036,9.0,0.4569,0.0,0.0,2.0,14.0,0.7107,6006,3319,168.4772,0.22497,5200.0,,,133.0,133.0,0.0,,,6.7513,3221.0,4662.0,68.0,3267.0,4256.0,76.0,-46.0,406.0,-8.0,1.0,0.0,0.0,0.0,0.0,1.0,4523.0,5800.0,96.0,5152.0,6854.0,124.0,-629.0,-1054.0,-28.0,1.0,2.0,1.0,0.0,2.0,1.0,6006.0,7974.0,133.0,7273.0,9178.0,160.0,-1267.0,-1204.0,-27.0,1.0,2.0,2.0,1.0,2.0,1.0,,,,,,,,,,,,,,,
ESPORTSTMNT05_3239472,complete,,EM,2023,Summer,0,2023-08-23 16:45:27,1,13.15,7,Red,jng,SPOOKY,oe:player:11389d6d8a29729807c3cf528a98050,Anorthosis Famagusta Esports,oe:team:5f1bc4a914b49c7b7ff4c2f1b8d8df9,Viego,LeBlanc,Azir,Sejuani,Alistar,Braum,,,,,,1182,0,2,3,1,3,20,1.0,0.0,0.0,0.0,0.0,0.0,0.0,0.0,0.1523,1.1675,,,,,,,,,,,,,,,,,,,,,0.0,0.0,,,,,,,,0.0,0.0,4021.0,204.1117,0.157489,987.5635,549.8477,5.0,0.2538,7.0,0.3553,3.0,22.0,1.1168,6420,3733,189.4924,0.253031,5883.0,,,110.0,10.0,100.0,,,5.5838,3042.0,3194.0,59.0,3654.0,3254.0,60.0,-612.0,-60.0,-1.0,0.0,1.0,1.0,2.0,1.0,0.0,5182.0,4869.0,85.0,5475.0,4678.0,73.0,-293.0,191.0,12.0,2.0,1.0,2.0,2.0,6.0,1.0,6420.0,6618.0,110.0,7085.0,6656.0,84.0,-665.0,-38.0,26.0,2.0,1.0,3.0,2.0,11.0,1.0,,,,,,,,,,,,,,,
ESPORTSTMNT05_3239472,complete,,EM,2023,Summer,0,2023-08-23 16:45:27,1,13.15,8,Red,mid,HAWHAW,oe:player:ae06413dcf80aa496ab8448d8ea586f,Anorthosis Famagusta Esports,oe:team:5f1bc4a914b49c7b7ff4c2f1b8d8df9,Naafiri,LeBlanc,Azir,Sejuani,Alistar,Braum,,,,,,1182,0,0,3,0,3,20,0.0,0.0,0.0,0.0,0.0,0.0,0.0,0.0,0.1523,1.1675,,,,,,,,,,,,,,,,,,,,,0.0,0.0,,,,,,,,0.0,0.0,6144.0,311.8782,0.240639,564.2132,414.6193,5.0,0.2538,0.0,0.0,0.0,7.0,0.3553,6165,3478,176.5482,0.235747,5700.0,,,153.0,153.0,0.0,,,7.7665,3307.0,4504.0,79.0,3589.0,4921.0,91.0,-282.0,-417.0,-12.0,0.0,0.0,0.0,0.0,0.0,0.0,4993.0,6844.0,127.0,6352.0,7544.0,140.0,-1359.0,-700.0,-13.0,0.0,0.0,1.0,2.0,1.0,0.0,6165.0,8344.0,153.0,9220.0,9950.0,168.0,-3055.0,-1606.0,-15.0,0.0,0.0,3.0,4.0,6.0,0.0,,,,,,,,,,,,,,,
ESPORTSTMNT05_3239472,complete,,EM,2023,Summer,0,2023-08-23 16:45:27,1,13.15,9,Red,bot,GOLDENTO4ST,oe:player:5c58c2e986e8aec0ee6f2465823349a,Anorthosis Famagusta Esports,oe:team:5f1bc4a914b49c7b7ff4c2f1b8d8df9,Kai'Sa,LeBlanc,Azir,Sejuani,Alistar,Braum,,,,,,1182,0,0,5,0,3,20,0.0,0.0,0.0,0.0,0.0,0.0,0.0,0.0,0.1523,1.1675,,,,,,,,,,,,,,,,,,,,,0.0,0.0,,,,,,,,0.0,0.0,5137.0,260.7614,0.201199,444.8731,219.797,5.0,0.2538,2.0,0.1015,0.0,8.0,0.4061,5521,2834,143.8579,0.192097,5400.0,,,138.0,138.0,0.0,,,7.0051,2669.0,2475.0,62.0,5968.0,3596.0,93.0,-3299.0,-1121.0,-31.0,0.0,0.0,2.0,3.0,2.0,0.0,4155.0,4681.0,101.0,10710.0,6671.0,155.0,-6555.0,-1990.0,-54.0,0.0,0.0,3.0,7.0,4.0,0.0,5521.0,6737.0,138.0,14926.0,9479.0,220.0,-9405.0,-2742.0,-82.0,0.0,0.0,5.0,13.0,6.0,0.0,,,,,,,,,,,,,,,
ESPORTSTMNT05_3239472,complete,,EM,2023,Summer,0,2023-08-23 16:45:27,1,13.15,10,Red,sup,iLEVI,oe:player:b226880189cb11f7da7a0c86544b556,Anorthosis Famagusta Esports,oe:team:5f1bc4a914b49c7b7ff4c2f1b8d8df9,Rell,LeBlanc,Azir,Sejuani,Alistar,Braum,,,,,,1182,0,0,7,3,3,20,0.0,0.0,0.0,0.0,0.0,0.0,0.0,1.0,0.1523,1.1675,,,,,,,,,,,,,,,,,,,,,0.0,0.0,,,,,,,,0.0,0.0,2589.0,131.4213,0.101402,595.0761,501.3198,20.0,1.0152,8.0,0.4061,6.0,43.0,2.1827,4076,1389,70.5076,0.0941546,3550.0,,,27.0,27.0,0.0,,,1.3706,2171.0,2040.0,15.0,2671.0,2521.0,16.0,-500.0,-481.0,-1.0,0.0,1.0,2.0,0.0,4.0,0.0,3321.0,3326.0,24.0,4083.0,4114.0,26.0,-762.0,-788.0,-2.0,0.0,3.0,4.0,0.0,7.0,1.0,4076.0,3711.0,27.0,5696.0,6108.0,27.0,-1620.0,-2397.0,0.0,0.0,3.0,7.0,0.0,15.0,1.0,,,,,,,,,,,,,,,
ESPORTSTMNT05_3239472,complete,,EM,2023,Summer,0,2023-08-23 16:45:27,1,13.15,100,Blue,team,,,Karmine Corp,oe:team:f3aa9bbd924ce3af42ac53f8326bc7c,,Ivern,Rumble,Tristana,Jayce,Karthus,Maokai,Zeri,Renekton,Nautilus,Viktor,1182,1,20,3,40,20,3,4.0,1.0,0.0,0.0,1.0,,,,1.0152,1.1675,1.0,2.0,0.0,2.0,0.0,1.0,0.0,0.0,0.0,0.0,1.0,,0.0,0.0,1.0,2.0,0.0,,,0.0,0.0,0.0,1.0,9.0,0.0,1.0,1.0,15.0,2.0,1.0,0.0,51564.0,2617.4619,,2405.1777,2059.9492,50.0,2.5381,19.0,0.9645,20.0,134.0,6.802,44200,30766,1561.7259,,40200.0,0.438839,6.59,,553.0,106.0,,,33.4518,19149.0,18548.0,336.0,14410.0,16875.0,283.0,4739.0,1673.0,53.0,5.0,7.0,1.0,1.0,2.0,5.0,31772.0,29861.0,518.0,22174.0,25520.0,433.0,9598.0,4341.0,85.0,11.0,20.0,3.0,3.0,6.0,11.0,44200.0,41371.0,659.0,28188.0,33384.0,561.0,16012.0,7987.0,98.0,20.0,40.0,3.0,3.0,6.0,20.0,,,,,,,,,,,,,,,
ESPORTSTMNT05_3239472,complete,,EM,2023,Summer,0,2023-08-23 16:45:27,1,13.15,200,Red,team,,,Anorthosis Famagusta Esports,oe:team:5f1bc4a914b49c7b7ff4c2f1b8d8df9,,LeBlanc,Azir,Sejuani,Alistar,Braum,Rell,Kai'Sa,Ornn,Viego,Naafiri,1182,0,3,20,6,3,20,1.0,0.0,0.0,0.0,0.0,,,,0.1523,1.1675,0.0,0.0,2.0,0.0,2.0,0.0,0.0,0.0,0.0,0.0,0.0,,0.0,0.0,0.0,0.0,2.0,,,0.0,0.0,0.0,0.0,0.0,9.0,0.0,0.0,2.0,15.0,0.0,1.0,25532.0,1296.0406,,3343.7056,2292.4873,44.0,2.2335,17.0,0.8629,11.0,94.0,4.7716,28188,14754,748.934,,25733.0,-0.438839,-6.59,,461.0,100.0,,,28.4772,14410.0,16875.0,283.0,19149.0,18548.0,336.0,-4739.0,-1673.0,-53.0,1.0,2.0,5.0,5.0,7.0,1.0,22174.0,25520.0,433.0,31772.0,29861.0,518.0,-9598.0,-4341.0,-85.0,3.0,6.0,11.0,11.0,20.0,3.0,28188.0,33384.0,561.0,44200.0,41371.0,659.0,-16012.0,-7987.0,-98.0,3.0,6.0,20.0,20.0,40.0,3.0,,,,,,,,,,,,,,,
ESPORTSTMNT05_3241515,complete,,EM,2023,Summer,0,2023-08-23 16:59:35,1,13.15,1,Blue,top,CPM,oe:player:cbdaba5605992f8e1635ad782152d65,GTZ Esports,oe:team:3659b5cb3434354530c31ce71461fc1,Ornn,Fiora,Camille,Rumble,Jayce,Tristana,,,,,,1772,1,3,2,8,22,14,1.0,0.0,0.0,0.0,0.0,0.0,0.0,0.0,0.7449,1.219,,,,,,,,,,,,,,,,,,,,,0.0,0.0,,,,,,,,0.0,0.0,11486.0,388.9165,0.139874,794.526,1109.0858,6.0,0.2032,2.0,0.0677,0.0,17.0,0.5756,10581,6691,226.5576,0.178859,8850.0,,,197.0,193.0,4.0,,,6.6704,3182.0,4637.0,73.0,3275.0,4089.0,75.0,-93.0,548.0,-2.0,0.0,1.0,0.0,1.0,0.0,1.0,4984.0,7452.0,121.0,5419.0,7399.0,137.0,-435.0,53.0,-16.0,0.0,2.0,0.0,1.0,0.0,1.0,7225.0,10376.0,165.0,7586.0,9637.0,173.0,-361.0,739.0,-8.0,1.0,5.0,0.0,2.0,0.0,2.0,8226.0,11637.0,177.0,10282.0,13023.0,200.0,-2056.0,-1386.0,-23.0,1.0,6.0,2.0,4.0,3.0,3.0
ESPORTSTMNT05_3241515,complete,,EM,2023,Summer,0,2023-08-23 16:59:35,1,13.15,2,Blue,jng,Time,oe:player:550fa477eff3885416f22c0b3f2fc88,GTZ Esports,oe:team:3659b5cb3434354530c31ce71461fc1,Viego,Fiora,Camille,Rumble,Jayce,Tristana,,,,,,1772,1,9,2,12,22,14,1.0,0.0,0.0,0.0,0.0,0.0,0.0,0.0,0.7449,1.219,,,,,,,,,,,,,,,,,,,,,0.0,1.0,,,,,,,,0.0,0.0,16798.0,568.781,0.204562,905.0113,899.1874,8.0,0.2709,9.0,0.3047,16.0,46.0,1.5576,12839,8949,303.0135,0.239223,11225.0,,,157.0,14.0,143.0,,,5.316,3790.0,3145.0,61.0,3556.0,3088.0,58.0,234.0,57.0,3.0,2.0,2.0,0.0,1.0,2.0,1.0,6076.0,5300.0,96.0,5130.0,5200.0,88.0,946.0,100.0,8.0,4.0,3.0,0.0,1.0,4.0,2.0,8463.0,7565.0,123.0,6879.0,7504.0,119.0,1584.0,61.0,4.0,6.0,6.0,1.0,1.0,6.0,3.0,10926.0,10101.0,137.0,8743.0,10043.0,135.0,2183.0,58.0,2.0,8.0,8.0,2.0,1.0,10.0,4.0
ESPORTSTMNT05_3241515,complete,,EM,2023,Summer,0,2023-08-23 16:59:35,1,13.15,3,Blue,mid,Heroic,oe:player:c71b4244f70372f8be07a3e83c58490,GTZ Esports,oe:team:3659b5cb3434354530c31ce71461fc1,Taliyah,Fiora,Camille,Rumble,Jayce,Tristana,,,,,,1772,1,6,2,12,22,14,0.0,0.0,0.0,0.0,0.0,0.0,0.0,0.0,0.7449,1.219,,,,,,,,,,,,,,,,,,,,,0.0,0.0,,,,,,,,0.0,0.0,29448.0,997.1106,0.35861,399.5147,225.9819,12.0,0.4063,1.0,0.0339,2.0,29.0,0.9819,13626,9736,329.6614,0.260262,12510.0,,,273.0,251.0,22.0,,,9.2438,3636.0,4674.0,85.0,3440.0,4588.0,85.0,196.0,86.0,0.0,1.0,2.0,1.0,0.0,3.0,0.0,5661.0,7640.0,137.0,5213.0,6794.0,119.0,448.0,846.0,18.0,1.0,4.0,1.0,1.0,3.0,1.0,8352.0,10862.0,189.0,6630.0,9133.0,154.0,1722.0,1729.0,35.0,3.0,7.0,1.0,1.0,4.0,2.0,10916.0,13564.0,222.0,8118.0,11443.0,166.0,2798.0,2121.0,56.0,5.0,9.0,2.0,1.0,10.0,3.0
ESPORTSTMNT05_3241515,complete,,EM,2023,Summer,0,2023-08-23 16:59:35,1,13.15,4,Blue,bot,Avra,oe:player:1a38c55db5f8af06ebac94d8530ff71,GTZ Esports,oe:team:3659b5cb3434354530c31ce71461fc1,Varus,Fiora,Camille,Rumble,Jayce,Tristana,,,,,,1772,1,3,4,9,22,14,0.0,0.0,0.0,0.0,0.0,0.0,0.0,0.0,0.7449,1.219,,,,,,,,,,,,,,,,,,,,,0.0,0.0,,,,,,,,1.0,0.0,18681.0,632.5395,0.227492,404.0181,252.6975,12.0,0.4063,16.0,0.5418,3.0,58.0,1.9639,12537,8647,292.7878,0.23115,11025.0,,,262.0,250.0,12.0,,,8.8713,3699.0,3407.0,83.0,3247.0,3191.0,76.0,452.0,216.0,7.0,1.0,2.0,0.0,0.0,1.0,2.0,5775.0,5149.0,120.0,5322.0,5468.0,130.0,453.0,-319.0,-10.0,2.0,3.0,1.0,1.0,2.0,2.0,8387.0,7692.0,183.0,7900.0,8473.0,204.0,487.0,-781.0,-21.0,2.0,5.0,2.0,2.0,2.0,3.0,10137.0,9244.0,225.0,11703.0,11474.0,235.0,-1566.0,-2230.0,-10.0,2.0,5.0,4.0,6.0,4.0,4.0
ESPORTSTMNT05_3241515,complete,,EM,2023,Summer,0,2023-08-23 16:59:35,1,13.15,5,Blue,sup,Nightmares,oe:player:fb20df3c2584739649c47e15bdd1e1e,GTZ Esports,oe:team:3659b5cb3434354530c31ce71461fc1,Alistar,Fiora,Camille,Rumble,Jayce,Tristana,,,,,,1772,1,1,4,16,22,14,0.0,0.0,0.0,0.0,0.0,0.0,0.0,1.0,0.7449,1.219,,,,,,,,,,,,,,,,,,,,,0.0,0.0,,,,,,,,0.0,0.0,5704.0,193.1377,0.0694619,511.0497,606.2302,36.0,1.219,6.0,0.2032,11.0,83.0,2.8104,7276,3386,114.6501,0.090506,7075.0,,,34.0,34.0,0.0,,,1.1512,2393.0,2041.0,10.0,2501.0,2203.0,15.0,-108.0,-162.0,-5.0,1.0,2.0,2.0,1.0,2.0,1.0,3520.0,3373.0,20.0,3854.0,3817.0,28.0,-334.0,-444.0,-8.0,1.0,5.0,3.0,1.0,4.0,2.0,5072.0,5940.0,30.0,4886.0,5311.0,32.0,186.0,629.0,-2.0,1.0,10.0,3.0,1.0,6.0,3.0,6147.0,7483.0,32.0,6348.0,8339.0,35.0,-201.0,-856.0,-3.0,1.0,11.0,3.0,1.0,12.0,3.0
ESPORTSTMNT05_3241515,complete,,EM,2023,Summer,0,2023-08-23 16:59:35,1,13.15,6,Red,top,pr1me,oe:player:f3f1edfba7200c65b417d359a6f9c82,Orbit Anonymo Esports,oe:team:f9f16e15a84c85d050aa09b4a21c757,Aatrox,Zeri,Syndra,Nocturne,Kindred,Azir,,,,,,1772,0,4,4,4,14,22,0.0,0.0,0.0,0.0,0.0,0.0,0.0,0.0,0.474,1.219,,,,,,,,,,,,,,,,,,,,,0.0,0.0,,,,,,,,0.0,0.0,18474.0,625.5305,0.266419,978.3183,676.3205,13.0,0.4402,3.0,0.1016,3.0,34.0,1.1512,11497,7607,257.5734,0.232298,11175.0,,,223.0,208.0,15.0,,,7.5508,3275.0,4089.0,75.0,3182.0,4637.0,73.0,93.0,-548.0,2.0,1.0,0.0,1.0,0.0,1.0,0.0,5419.0,7399.0,137.0,4984.0,7452.0,121.0,435.0,-53.0,16.0,1.0,0.0,1.0,0.0,2.0,0.0,7586.0,9637.0,173.0,7225.0,10376.0,165.0,361.0,-739.0,8.0,2.0,0.0,2.0,1.0,5.0,0.0,10282.0,13023.0,200.0,8226.0,11637.0,177.0,2056.0,1386.0,23.0,4.0,3.0,3.0,1.0,6.0,2.0
ESPORTSTMNT05_3241515,complete,,EM,2023,Summer,0,2023-08-23 16:59:35,1,13.15,7,Red,jng,Savero,oe:player:565edcb58e76115e571f38521946e41,Orbit Anonymo Esports,oe:team:f9f16e15a84c85d050aa09b4a21c757,Maokai,Zeri,Syndra,Nocturne,Kindred,Azir,,,,,,1772,0,1,5,11,14,22,0.0,0.0,0.0,0.0,1.0,1.0,0.0,0.0,0.474,1.219,,,,,,,,,,,,,,,,,,,,,1.0,0.0,,,,,,,,0.0,0.0,17577.0,595.158,0.253483,1001.851,771.0271,5.0,0.1693,3.0,0.1016,4.0,32.0,1.0835,10280,6390,216.3657,0.195132,10150.0,,,163.0,10.0,153.0,,,5.5192,3556.0,3088.0,58.0,3790.0,3145.0,61.0,-234.0,-57.0,-3.0,1.0,2.0,1.0,2.0,2.0,0.0,5130.0,5200.0,88.0,6076.0,5300.0,96.0,-946.0,-100.0,-8.0,1.0,4.0,2.0,4.0,3.0,0.0,6879.0,7504.0,119.0,8463.0,7565.0,123.0,-1584.0,-61.0,-4.0,1.0,6.0,3.0,6.0,6.0,1.0,8743.0,10043.0,135.0,10926.0,10101.0,137.0,-2183.0,-58.0,-2.0,1.0,10.0,4.0,8.0,8.0,2.0
ESPORTSTMNT05_3241515,complete,,EM,2023,Summer,0,2023-08-23 16:59:35,1,13.15,8,Red,mid,Roison,oe:player:1428134d4ece3f00321b6b870ca2152,Orbit Anonymo Esports,oe:team:f9f16e15a84c85d050aa09b4a21c757,Swain,Zeri,Syndra,Nocturne,Kindred,Azir,,,,,,1772,0,1,4,11,14,22,0.0,0.0,0.0,0.0,1.0,0.0,1.0,0.0,0.474,1.219,,,,,,,,,,,,,,,,,,,,,0.0,0.0,,,,,,,,0.0,0.0,13352.0,452.0993,0.192553,802.6862,662.5056,8.0,0.2709,6.0,0.2032,2.0,23.0,0.7788,8971,5081,172.0429,0.155156,8435.0,,,175.0,175.0,0.0,,,5.9255,3440.0,4588.0,85.0,3636.0,4674.0,85.0,-196.0,-86.0,0.0,0.0,3.0,0.0,1.0,2.0,1.0,5213.0,6794.0,119.0,5661.0,7640.0,137.0,-448.0,-846.0,-18.0,1.0,3.0,1.0,1.0,4.0,1.0,6630.0,9133.0,154.0,8352.0,10862.0,189.0,-1722.0,-1729.0,-35.0,1.0,4.0,2.0,3.0,7.0,1.0,8118.0,11443.0,166.0,10916.0,13564.0,222.0,-2798.0,-2121.0,-56.0,1.0,10.0,3.0,5.0,9.0,2.0
ESPORTSTMNT05_3241515,complete,,EM,2023,Summer,0,2023-08-23 16:59:35,1,13.15,9,Red,bot,Neramin,oe:player:c032df73970ffb2f2b585d912f6b20d,Orbit Anonymo Esports,oe:team:f9f16e15a84c85d050aa09b4a21c757,Kai'Sa,Zeri,Syndra,Nocturne,Kindred,Azir,,,,,,1772,0,7,5,4,14,22,0.0,0.0,0.0,0.0,1.0,0.0,1.0,0.0,0.474,1.219,,,,,,,,,,,,,,,,,,,,,0.0,0.0,,,,,,,,0.0,1.0,15559.0,526.8284,0.224381,515.9932,284.3905,7.0,0.237,4.0,0.1354,1.0,19.0,0.6433,14153,10263,347.5056,0.313411,13925.0,,,286.0,258.0,28.0,,,9.684,3247.0,3191.0,76.0,3699.0,3407.0,83.0,-452.0,-216.0,-7.0,0.0,1.0,2.0,1.0,2.0,0.0,5322.0,5468.0,130.0,5775.0,5149.0,120.0,-453.0,319.0,10.0,1.0,2.0,2.0,2.0,3.0,1.0,7900.0,8473.0,204.0,8387.0,7692.0,183.0,-487.0,781.0,21.0,2.0,2.0,3.0,2.0,5.0,2.0,11703.0,11474.0,235.0,10137.0,9244.0,225.0,1566.0,2230.0,10.0,6.0,4.0,4.0,2.0,5.0,4.0
ESPORTSTMNT05_3241515,complete,,EM,2023,Summer,0,2023-08-23 16:59:35,1,13.15,10,Red,sup,Czypsy,oe:player:df5866d3078c786ce03084b78b1f5d9,Orbit Anonymo Esports,oe:team:f9f16e15a84c85d050aa09b4a21c757,Rell,Zeri,Syndra,Nocturne,Kindred,Azir,,,,,,1772,0,1,4,13,14,22,0.0,0.0,0.0,0.0,1.0,0.0,1.0,0.0,0.474,1.219,,,,,,,,,,,,,,,,,,,,,0.0,0.0,,,,,,,,0.0,0.0,4380.0,148.307,0.0631652,467.9797,753.6569,45.0,1.5237,9.0,0.3047,10.0,89.0,3.0135,7296,3406,115.3273,0.104002,6900.0,,,38.0,38.0,0.0,,,1.2867,2501.0,2203.0,15.0,2393.0,2041.0,10.0,108.0,162.0,5.0,1.0,2.0,1.0,1.0,2.0,2.0,3854.0,3817.0,28.0,3520.0,3373.0,20.0,334.0,444.0,8.0,1.0,4.0,2.0,1.0,5.0,3.0,4886.0,5311.0,32.0,5072.0,5940.0,30.0,-186.0,-629.0,2.0,1.0,6.0,3.0,1.0,10.0,3.0,6348.0,8339.0,35.0,6147.0,7483.0,32.0,201.0,856.0,3.0,1.0,12.0,3.0,1.0,11.0,3.0
ESPORTSTMNT05_3241515,complete,,EM,2023,Summer,0,2023-08-23 16:59:35,1,13.15,100,Blue,team,,,GTZ Esports,oe:team:3659b5cb3434354530c31ce71461fc1,,Fiora,Camille,Rumble,Jayce,Tristana,Varus,Ornn,Alistar,Taliyah,Viego,1772,1,22,14,57,22,14,2.0,0.0,0.0,0.0,0.0,,,,0.7449,1.219,0.0,1.0,3.0,1.0,3.0,0.0,1.0,0.0,0.0,0.0,0.0,,0.0,0.0,1.0,2.0,0.0,,,0.0,0.0,1.0,1.0,7.0,3.0,1.0,1.0,6.0,4.0,1.0,0.0,82117.0,2780.4853,,3014.1196,3093.1828,74.0,2.5056,34.0,1.1512,32.0,233.0,7.8894,56859,37407,1266.6027,,50685.0,0.00197492,1.03,,742.0,181.0,,,31.2528,16700.0,17904.0,312.0,16019.0,17159.0,309.0,681.0,745.0,3.0,5.0,9.0,3.0,3.0,8.0,5.0,26016.0,28914.0,494.0,24938.0,28678.0,502.0,1078.0,236.0,-8.0,8.0,17.0,5.0,5.0,13.0,8.0,37499.0,42435.0,690.0,33881.0,40058.0,682.0,3618.0,2377.0,8.0,13.0,33.0,7.0,7.0,18.0,13.0,46352.0,52029.0,793.0,45194.0,54322.0,771.0,1158.0,-2293.0,22.0,17.0,39.0,13.0,13.0,39.0,17.0
ESPORTSTMNT05_3241515,complete,,EM,2023,Summer,0,2023-08-23 16:59:35,1,13.15,200,Red,team,,,Orbit Anonymo Esports,oe:team:f9f16e15a84c85d050aa09b4a21c757,,Zeri,Syndra,Nocturne,Kindred,Azir,Kai'Sa,Maokai,Rell,Aatrox,Swain,1772,0,14,22,43,14,22,0.0,0.0,0.0,0.0,1.0,,,,0.474,1.219,1.0,3.0,1.0,3.0,1.0,0.0,1.0,0.0,0.0,1.0,1.0,,0.0,0.0,0.0,0.0,2.0,,,1.0,1.0,0.0,0.0,3.0,7.0,0.0,0.0,4.0,6.0,0.0,1.0,69342.0,2347.9233,,3766.8284,3147.9007,78.0,2.6411,25.0,0.8465,20.0,197.0,6.6704,52197,32745,1108.7472,,50585.0,-0.00197492,-1.03,,689.0,196.0,,,29.9661,16019.0,17159.0,309.0,16700.0,17904.0,312.0,-681.0,-745.0,-3.0,3.0,8.0,5.0,5.0,9.0,3.0,24938.0,28678.0,502.0,26016.0,28914.0,494.0,-1078.0,-236.0,8.0,5.0,13.0,8.0,8.0,17.0,5.0,33881.0,40058.0,682.0,37499.0,42435.0,690.0,-3618.0,-2377.0,-8.0,7.0,18.0,13.0,13.0,33.0,7.0,45194.0,54322.0,771.0,46352.0,52029.0,793.0,-1158.0,2293.0,-22.0,13.0,39.0,17.0,17.0,39.0,13.0
ESPORTSTMNT05_3240490,complete,,EM,2023,Summer,0,2023-08-23 17:24:38,1,13.15,1,Blue,top,Shikari,oe:player:41f0dede57989f2777d3cfe2dbf6bac,Nativz,oe:team:a73a242584df96b35d6e606d93608f8,Sion,Kled,LeBlanc,Ahri,Rakan,Rell,,,,,,2484,0,3,8,7,13,31,0.0,0.0,0.0,0.0,1.0,0.0,1.0,0.0,0.314,1.0628,,,,,,,,,,,,,,,,,,,,,0.0,0.0,,,,,,,,0.0,0.0,17910.0,432.6087,0.138314,1399.3961,2781.087,24.0,0.5797,4.0,0.0966,10.0,57.0,1.3768,13757,8414,203.2367,0.180326,13025.0,,,218.0,218.0,0.0,,,5.2657,2957.0,4023.0,70.0,3796.0,4811.0,79.0,-839.0,-788.0,-9.0,0.0,1.0,1.0,1.0,1.0,0.0,4722.0,7198.0,125.0,6190.0,8233.0,139.0,-1468.0,-1035.0,-14.0,0.0,1.0,1.0,1.0,1.0,0.0,6027.0,9060.0,153.0,8634.0,10484.0,182.0,-2607.0,-1424.0,-29.0,0.0,3.0,2.0,1.0,5.0,0.0,7453.0,11784.0,175.0,11952.0,13439.0,233.0,-4499.0,-1655.0,-58.0,0.0,4.0,2.0,3.0,6.0,0.0
ESPORTSTMNT05_3240490,complete,,EM,2023,Summer,0,2023-08-23 17:24:38,1,13.15,2,Blue,jng,Stefan,oe:player:752b048c76633399b04f6e87a8b211c,Nativz,oe:team:a73a242584df96b35d6e606d93608f8,Maokai,Kled,LeBlanc,Ahri,Rakan,Rell,,,,,,2484,0,1,7,8,13,31,0.0,0.0,0.0,0.0,1.0,0.0,1.0,0.0,0.314,1.0628,,,,,,,,,,,,,,,,,,,,,2.0,1.0,,,,,,,,0.0,0.0,23383.0,564.8068,0.18058,1373.4541,1504.4444,21.0,0.5072,9.0,0.2174,3.0,56.0,1.3527,13449,8106,195.7971,0.173725,12525.0,,,201.0,38.0,163.0,,,4.8551,2868.0,2814.0,53.0,3312.0,3630.0,70.0,-444.0,-816.0,-17.0,0.0,1.0,1.0,0.0,0.0,1.0,4470.0,5266.0,93.0,4943.0,5127.0,100.0,-473.0,139.0,-7.0,0.0,1.0,1.0,0.0,0.0,1.0,6166.0,8075.0,132.0,7102.0,7723.0,130.0,-936.0,352.0,2.0,0.0,3.0,1.0,0.0,4.0,1.0,7457.0,9621.0,147.0,8586.0,9360.0,149.0,-1129.0,261.0,-2.0,0.0,4.0,3.0,0.0,6.0,1.0
ESPORTSTMNT05_3240490,complete,,EM,2023,Summer,0,2023-08-23 17:24:38,1,13.15,3,Blue,mid,Vladi,oe:player:367fecc4cb53a8234abbd9f283b7997,Nativz,oe:team:a73a242584df96b35d6e606d93608f8,Azir,Kled,LeBlanc,Ahri,Rakan,Rell,,,,,,2484,0,3,4,10,13,31,1.0,0.0,0.0,0.0,1.0,0.0,1.0,0.0,0.314,1.0628,,,,,,,,,,,,,,,,,,,,,0.0,0.0,,,,,,,,0.0,2.0,39171.0,946.1594,0.302507,701.2802,591.9324,23.0,0.5556,8.0,0.1932,9.0,48.0,1.1594,18151,12808,309.372,0.274496,17575.0,,,399.0,384.0,15.0,,,9.6377,2893.0,4275.0,67.0,3582.0,4791.0,88.0,-689.0,-516.0,-21.0,0.0,1.0,1.0,0.0,2.0,0.0,4700.0,7379.0,128.0,5292.0,7527.0,142.0,-592.0,-148.0,-14.0,0.0,1.0,1.0,0.0,2.0,0.0,6910.0,10008.0,176.0,7964.0,10103.0,188.0,-1054.0,-95.0,-12.0,1.0,2.0,1.0,2.0,3.0,1.0,9032.0,13098.0,219.0,9380.0,11567.0,204.0,-348.0,1531.0,15.0,1.0,3.0,1.0,2.0,6.0,2.0
ESPORTSTMNT05_3240490,complete,,EM,2023,Summer,0,2023-08-23 17:24:38,1,13.15,4,Blue,bot,DenVoksne,oe:player:ccfb5c69ebcc2008b1dca4ef5c56142,Nativz,oe:team:a73a242584df96b35d6e606d93608f8,Jinx,Kled,LeBlanc,Ahri,Rakan,Rell,,,,,,2484,0,6,5,4,13,31,1.0,0.0,0.0,0.0,1.0,1.0,0.0,0.0,0.314,1.0628,,,,,,,,,,,,,,,,,,,,,0.0,0.0,,,,,,,,0.0,1.0,41224.0,995.7488,0.318362,733.43,349.1063,13.0,0.314,12.0,0.2899,3.0,44.0,1.0628,18552,13209,319.058,0.28309,16725.0,,,396.0,361.0,35.0,,,9.5652,3612.0,2821.0,80.0,3166.0,3414.0,84.0,446.0,-593.0,-4.0,1.0,0.0,0.0,0.0,0.0,0.0,5624.0,5199.0,140.0,4819.0,5748.0,135.0,805.0,-549.0,5.0,1.0,0.0,0.0,0.0,0.0,0.0,7785.0,7180.0,188.0,7250.0,7860.0,179.0,535.0,-680.0,9.0,2.0,0.0,1.0,2.0,1.0,0.0,9885.0,9991.0,231.0,9380.0,9643.0,214.0,505.0,348.0,17.0,3.0,0.0,2.0,4.0,3.0,0.0
ESPORTSTMNT05_3240490,complete,,EM,2023,Summer,0,2023-08-23 17:24:38,1,13.15,5,Blue,sup,Twiizt,oe:player:ae20b1872a922cdc5b8707fbe66c4f0,Nativz,oe:team:a73a242584df96b35d6e606d93608f8,Alistar,Kled,LeBlanc,Ahri,Rakan,Rell,,,,,,2484,0,0,7,12,13,31,0.0,0.0,0.0,0.0,1.0,0.0,1.0,0.0,0.314,1.0628,,,,,,,,,,,,,,,,,,,,,0.0,0.0,,,,,,,,0.0,0.0,7800.0,188.4058,0.0602372,999.1063,1535.2415,61.0,1.4734,8.0,0.1932,14.0,110.0,2.657,9466,4123,99.5894,0.0883631,8950.0,,,40.0,40.0,0.0,,,0.9662,2136.0,2730.0,13.0,2694.0,2750.0,18.0,-558.0,-20.0,-5.0,0.0,1.0,0.0,2.0,0.0,0.0,3320.0,3872.0,23.0,3733.0,3927.0,25.0,-413.0,-55.0,-2.0,0.0,1.0,0.0,2.0,0.0,0.0,4247.0,5114.0,26.0,4881.0,5093.0,29.0,-634.0,21.0,-3.0,0.0,3.0,2.0,2.0,3.0,1.0,5374.0,6590.0,29.0,5897.0,6783.0,32.0,-523.0,-193.0,-3.0,0.0,3.0,3.0,2.0,6.0,1.0
ESPORTSTMNT05_3240490,complete,,EM,2023,Summer,0,2023-08-23 17:24:38,1,13.15,6,Red,top,ACD,oe:player:72c5cc0e2586935d16539f31a2a4fec,Macko Esports,oe:team:a2e63aee03585f0b37ff4cad936e349,Gangplank,Aphelios,Rumble,Tristana,Zilean,Renekton,,,,,,2484,1,12,2,15,31,13,1.0,0.0,0.0,0.0,0.0,0.0,0.0,0.0,0.7488,1.0628,,,,,,,,,,,,,,,,,,,,,0.0,0.0,,,,,,,,0.0,0.0,65464.0,1581.256,0.361135,925.8937,681.9807,16.0,0.3865,4.0,0.0966,1.0,40.0,0.9662,22604,17261,416.9324,0.312574,19925.0,,,337.0,313.0,24.0,,,8.1401,3796.0,4811.0,79.0,2957.0,4023.0,70.0,839.0,788.0,9.0,1.0,1.0,0.0,0.0,1.0,1.0,6190.0,8233.0,139.0,4722.0,7198.0,125.0,1468.0,1035.0,14.0,1.0,1.0,0.0,0.0,1.0,1.0,8634.0,10484.0,182.0,6027.0,9060.0,153.0,2607.0,1424.0,29.0,1.0,5.0,0.0,0.0,3.0,2.0,11952.0,13439.0,233.0,7453.0,11784.0,175.0,4499.0,1655.0,58.0,3.0,6.0,0.0,0.0,4.0,2.0
ESPORTSTMNT05_3240490,complete,,EM,2023,Summer,0,2023-08-23 17:24:38,1,13.15,7,Red,jng,Cboi,oe:player:702efc23873d774e479682ef680d911,Macko Esports,oe:team:a2e63aee03585f0b37ff4cad936e349,Sejuani,Aphelios,Rumble,Tristana,Zilean,Renekton,,,,,,2484,1,2,3,21,31,13,0.0,0.0,0.0,0.0,0.0,0.0,0.0,1.0,0.7488,1.0628,,,,,,,,,,,,,,,,,,,,,1.0,2.0,,,,,,,,0.0,0.0,15578.0,376.2802,0.0859367,1216.1111,2416.3285,17.0,0.4106,15.0,0.3623,12.0,61.0,1.4734,13550,8207,198.2367,0.148618,12400.0,,,181.0,28.0,153.0,,,4.372,3312.0,3630.0,70.0,2868.0,2814.0,53.0,444.0,816.0,17.0,0.0,0.0,1.0,0.0,1.0,1.0,4943.0,5127.0,100.0,4470.0,5266.0,93.0,473.0,-139.0,7.0,0.0,0.0,1.0,0.0,1.0,1.0,7102.0,7723.0,130.0,6166.0,8075.0,132.0,936.0,-352.0,-2.0,0.0,4.0,1.0,0.0,3.0,1.0,8586.0,9360.0,149.0,7457.0,9621.0,147.0,1129.0,-261.0,2.0,0.0,6.0,1.0,0.0,4.0,3.0
ESPORTSTMNT05_3240490,complete,,EM,2023,Summer,0,2023-08-23 17:24:38,1,13.15,8,Red,mid,Six10,oe:player:325397710b4294aeb7a18881c34f33b,Macko Esports,oe:team:a2e63aee03585f0b37ff4cad936e349,Neeko,Aphelios,Rumble,Tristana,Zilean,Renekton,,,,,,2484,1,4,3,15,31,13,1.0,0.0,0.0,0.0,0.0,0.0,0.0,0.0,0.7488,1.0628,,,,,,,,,,,,,,,,,,,,,0.0,0.0,,,,,,,,2.0,0.0,32865.0,793.8406,0.181301,624.6135,489.4686,8.0,0.1932,12.0,0.2899,5.0,48.0,1.1594,17196,11853,286.3043,0.214643,16275.0,,,347.0,319.0,28.0,,,8.3816,3582.0,4791.0,88.0,2893.0,4275.0,67.0,689.0,516.0,21.0,0.0,2.0,0.0,0.0,1.0,1.0,5292.0,7527.0,142.0,4700.0,7379.0,128.0,592.0,148.0,14.0,0.0,2.0,0.0,0.0,1.0,1.0,7964.0,10103.0,188.0,6910.0,10008.0,176.0,1054.0,95.0,12.0,2.0,3.0,1.0,1.0,2.0,1.0,9380.0,11567.0,204.0,9032.0,13098.0,219.0,348.0,-1531.0,-15.0,2.0,6.0,2.0,1.0,3.0,1.0
ESPORTSTMNT05_3240490,complete,,EM,2023,Summer,0,2023-08-23 17:24:38,1,13.15,9,Red,bot,Vzz,oe:player:ba6e76e259419420ddff269bb6ef074,Macko Esports,oe:team:a2e63aee03585f0b37ff4cad936e349,Xayah,Aphelios,Rumble,Tristana,Zilean,Renekton,,,,,,2484,1,10,2,14,31,13,2.0,0.0,0.0,0.0,0.0,0.0,0.0,0.0,0.7488,1.0628,,,,,,,,,,,,,,,,,,,,,0.0,0.0,,,,,,,,1.0,0.0,53581.0,1294.2271,0.295582,625.0,407.4155,19.0,0.4589,19.0,0.4589,7.0,67.0,1.6184,18328,12985,313.6473,0.235142,17425.0,,,347.0,292.0,55.0,,,8.3816,3166.0,3414.0,84.0,3612.0,2821.0,80.0,-446.0,593.0,4.0,0.0,0.0,0.0,1.0,0.0,0.0,4819.0,5748.0,135.0,5624.0,5199.0,140.0,-805.0,549.0,-5.0,0.0,0.0,0.0,1.0,0.0,0.0,7250.0,7860.0,179.0,7785.0,7180.0,188.0,-535.0,680.0,-9.0,2.0,1.0,0.0,2.0,0.0,1.0,9380.0,9643.0,214.0,9885.0,9991.0,231.0,-505.0,-348.0,-17.0,4.0,3.0,0.0,3.0,0.0,2.0
ESPORTSTMNT05_3240490,complete,,EM,2023,Summer,0,2023-08-23 17:24:38,1,13.15,10,Red,sup,Click,oe:player:1e249a5688255bde7f7213b5d257b3c,Macko Esports,oe:team:a2e63aee03585f0b37ff4cad936e349,Braum,Aphelios,Rumble,Tristana,Zilean,Renekton,,,,,,2484,1,3,3,24,31,13,1.0,0.0,0.0,0.0,0.0,0.0,0.0,0.0,0.7488,1.0628,,,,,,,,,,,,,,,,,,,,,0.0,0.0,,,,,,,,0.0,0.0,13785.0,332.971,0.0760455,667.6812,888.0918,66.0,1.5942,13.0,0.314,12.0,134.0,3.2367,10259,4916,118.744,0.0890229,9600.0,,,36.0,36.0,0.0,,,0.8696,2694.0,2750.0,18.0,2136.0,2730.0,13.0,558.0,20.0,5.0,2.0,0.0,0.0,0.0,1.0,0.0,3733.0,3927.0,25.0,3320.0,3872.0,23.0,413.0,55.0,2.0,2.0,0.0,0.0,0.0,1.0,0.0,4881.0,5093.0,29.0,4247.0,5114.0,26.0,634.0,-21.0,3.0,2.0,3.0,1.0,0.0,3.0,2.0,5897.0,6783.0,32.0,5374.0,6590.0,29.0,523.0,193.0,3.0,2.0,6.0,1.0,0.0,3.0,3.0
ESPORTSTMNT05_3240490,complete,,EM,2023,Summer,0,2023-08-23 17:24:38,1,13.15,100,Blue,team,,,Nativz,oe:team:a73a242584df96b35d6e606d93608f8,,Kled,LeBlanc,Ahri,Rakan,Rell,Maokai,Azir,Jinx,Sion,Alistar,2484,0,13,31,41,13,31,2.0,0.0,0.0,0.0,1.0,,,,0.314,1.0628,0.0,2.0,4.0,2.0,4.0,0.0,0.0,0.0,0.0,0.0,2.0,,0.0,0.0,0.0,0.0,2.0,,,1.0,2.0,1.0,0.0,4.0,11.0,0.0,0.0,1.0,4.0,0.0,3.0,129488.0,3127.7295,,5206.6667,6761.8116,142.0,3.43,41.0,0.9903,39.0,315.0,7.6087,73375,46660,1127.0531,,68800.0,-0.0945127,-2.9,,1041.0,213.0,,,30.2899,14466.0,16663.0,283.0,16550.0,19396.0,339.0,-2084.0,-2733.0,-56.0,1.0,4.0,3.0,3.0,3.0,1.0,22836.0,28914.0,509.0,24977.0,30562.0,541.0,-2141.0,-1648.0,-32.0,1.0,4.0,3.0,3.0,3.0,1.0,31135.0,39437.0,675.0,35831.0,41263.0,708.0,-4696.0,-1826.0,-33.0,3.0,11.0,7.0,7.0,16.0,3.0,39201.0,51084.0,801.0,45195.0,50792.0,832.0,-5994.0,292.0,-31.0,4.0,14.0,11.0,11.0,27.0,4.0
ESPORTSTMNT05_3240490,complete,,EM,2023,Summer,0,2023-08-23 17:24:38,1,13.15,200,Red,team,,,Macko Esports,oe:team:a2e63aee03585f0b37ff4cad936e349,,Aphelios,Rumble,Tristana,Zilean,Renekton,Xayah,Sejuani,Gangplank,Neeko,Braum,2484,1,31,13,89,31,13,5.0,0.0,0.0,0.0,0.0,,,,0.7488,1.0628,1.0,4.0,2.0,4.0,2.0,1.0,1.0,0.0,0.0,0.0,2.0,,0.0,0.0,1.0,2.0,0.0,,,0.0,1.0,2.0,1.0,11.0,4.0,1.0,1.0,4.0,1.0,3.0,0.0,181273.0,4378.5749,,4059.2995,4883.285,126.0,3.0435,63.0,1.5217,37.0,350.0,8.4541,81937,55222,1333.8647,,75625.0,0.0945127,2.9,,988.0,260.0,,,30.1449,16550.0,19396.0,339.0,14466.0,16663.0,283.0,2084.0,2733.0,56.0,3.0,3.0,1.0,1.0,4.0,3.0,24977.0,30562.0,541.0,22836.0,28914.0,509.0,2141.0,1648.0,32.0,3.0,3.0,1.0,1.0,4.0,3.0,35831.0,41263.0,708.0,31135.0,39437.0,675.0,4696.0,1826.0,33.0,7.0,16.0,3.0,3.0,11.0,7.0,45195.0,50792.0,832.0,39201.0,51084.0,801.0,5994.0,-292.0,31.0,11.0,27.0,4.0,4.0,14.0,11.0
ESPORTSTMNT05_3241516,complete,,EM,2023,Summer,0,2023-08-23 17:49:10,1,13.15,1,Blue,top,Myrwn,oe:player:ede24d5e0911d7a4f6ec514a67802ff,BISONS ECLUB,oe:team:b346309564f4fc7f30ac14403e93010,Kennen,Rumble,Tristana,Jayce,Lee Sin,Viego,,,,,,1615,0,0,3,2,9,21,0.0,0.0,0.0,0.0,0.0,0.0,0.0,0.0,0.3344,1.1146,,,,,,,,,,,,,,,,,,,,,0.0,1.0,,,,,,,,0.0,1.0,9594.0,356.4334,0.22157,500.6563,304.644,9.0,0.3344,4.0,0.1486,1.0,18.0,0.6687,8643,5073,188.4706,0.204738,8675.0,,,230.0,230.0,0.0,,,8.5449,3342.0,5051.0,91.0,3665.0,5051.0,93.0,-323.0,0.0,-2.0,0.0,0.0,0.0,0.0,0.0,0.0,4967.0,7592.0,137.0,6397.0,7911.0,144.0,-1430.0,-319.0,-7.0,0.0,0.0,1.0,1.0,0.0,0.0,6519.0,10064.0,179.0,9441.0,11579.0,217.0,-2922.0,-1515.0,-38.0,0.0,0.0,1.0,3.0,0.0,0.0,8173.0,12759.0,222.0,12687.0,17874.0,278.0,-4514.0,-5115.0,-56.0,0.0,2.0,2.0,3.0,3.0,0.0
ESPORTSTMNT05_3241516,complete,,EM,2023,Summer,0,2023-08-23 17:49:10,1,13.15,2,Blue,jng,NoName,oe:player:6d2795b5d0550bbbae88cb973b287b0,BISONS ECLUB,oe:team:b346309564f4fc7f30ac14403e93010,Ivern,Rumble,Tristana,Jayce,Lee Sin,Viego,,,,,,1615,0,1,4,7,9,21,0.0,0.0,0.0,0.0,0.0,0.0,0.0,0.0,0.3344,1.1146,,,,,,,,,,,,,,,,,,,,,0.0,0.0,,,,,,,,0.0,1.0,3271.0,121.5232,0.0755427,365.8328,190.3282,5.0,0.1858,9.0,0.3344,4.0,27.0,1.0031,7421,3851,143.0712,0.155418,7300.0,,,100.0,11.0,89.0,,,3.7152,2785.0,2683.0,51.0,2836.0,2954.0,44.0,-51.0,-271.0,7.0,0.0,0.0,0.0,0.0,2.0,0.0,4873.0,5565.0,79.0,4881.0,5243.0,59.0,-8.0,322.0,20.0,1.0,3.0,0.0,3.0,3.0,1.0,6073.0,6834.0,90.0,6943.0,7855.0,89.0,-870.0,-1021.0,1.0,1.0,4.0,2.0,4.0,4.0,1.0,7175.0,8561.0,100.0,9533.0,10290.0,113.0,-2358.0,-1729.0,-13.0,1.0,7.0,3.0,5.0,7.0,2.0
ESPORTSTMNT05_3241516,complete,,EM,2023,Summer,0,2023-08-23 17:49:10,1,13.15,3,Blue,mid,Random,oe:player:64663f4646781c9c0110838b905daa2,BISONS ECLUB,oe:team:b346309564f4fc7f30ac14403e93010,Lucian,Rumble,Tristana,Jayce,Lee Sin,Viego,,,,,,1615,0,4,5,1,9,21,1.0,0.0,0.0,0.0,0.0,0.0,0.0,0.0,0.3344,1.1146,,,,,,,,,,,,,,,,,,,,,0.0,0.0,,,,,,,,0.0,0.0,12476.0,463.5046,0.288129,608.1362,392.6192,10.0,0.3715,4.0,0.1486,0.0,21.0,0.7802,10003,6433,238.9969,0.259628,9300.0,,,227.0,223.0,4.0,,,8.4334,3175.0,4842.0,85.0,3684.0,4744.0,89.0,-509.0,98.0,-4.0,0.0,0.0,0.0,1.0,1.0,0.0,5626.0,7620.0,143.0,5773.0,7676.0,142.0,-147.0,-56.0,1.0,2.0,0.0,1.0,1.0,2.0,0.0,7794.0,10159.0,195.0,7812.0,10425.0,186.0,-18.0,-266.0,9.0,3.0,0.0,2.0,1.0,5.0,0.0,9436.0,11473.0,217.0,11270.0,14611.0,238.0,-1834.0,-3138.0,-21.0,4.0,1.0,4.0,3.0,8.0,0.0
ESPORTSTMNT05_3241516,complete,,EM,2023,Summer,0,2023-08-23 17:49:10,1,13.15,4,Blue,bot,Legolas,oe:player:5cfc41b7eccda649db08ead84343554,BISONS ECLUB,oe:team:b346309564f4fc7f30ac14403e93010,Xayah,Rumble,Tristana,Jayce,Lee Sin,Viego,,,,,,1615,0,4,5,2,9,21,0.0,0.0,0.0,0.0,0.0,0.0,0.0,1.0,0.3344,1.1146,,,,,,,,,,,,,,,,,,,,,0.0,0.0,,,,,,,,0.0,0.0,13197.0,490.291,0.304781,426.5387,238.6997,8.0,0.2972,7.0,0.2601,1.0,21.0,0.7802,10710,7140,265.2632,0.288162,10075.0,,,239.0,227.0,12.0,,,8.8793,3126.0,3478.0,77.0,3838.0,3392.0,86.0,-712.0,86.0,-9.0,0.0,0.0,2.0,2.0,1.0,0.0,5080.0,5824.0,123.0,5984.0,5821.0,136.0,-904.0,3.0,-13.0,1.0,1.0,3.0,2.0,3.0,1.0,7674.0,8935.0,179.0,7913.0,8458.0,185.0,-239.0,477.0,-6.0,2.0,1.0,3.0,2.0,4.0,2.0,10203.0,11307.0,228.0,12215.0,12784.0,239.0,-2012.0,-1477.0,-11.0,4.0,2.0,4.0,5.0,7.0,2.0
ESPORTSTMNT05_3241516,complete,,EM,2023,Summer,0,2023-08-23 17:49:10,1,13.15,5,Blue,sup,Oscure,oe:player:cc51227ea88c71dabc8f6e601b0ec41,BISONS ECLUB,oe:team:b346309564f4fc7f30ac14403e93010,Nautilus,Rumble,Tristana,Jayce,Lee Sin,Viego,,,,,,1615,0,0,4,7,9,21,0.0,0.0,0.0,0.0,0.0,0.0,0.0,0.0,0.3344,1.1146,,,,,,,,,,,,,,,,,,,,,0.0,0.0,,,,,,,,0.0,0.0,4762.0,176.9164,0.109977,367.6161,401.6842,41.0,1.5232,11.0,0.4087,13.0,84.0,3.1207,5851,2281,84.743,0.0920531,5625.0,,,36.0,36.0,0.0,,,1.3375,1975.0,2045.0,14.0,2104.0,2227.0,13.0,-129.0,-182.0,1.0,0.0,0.0,1.0,0.0,2.0,1.0,3217.0,3393.0,19.0,3299.0,3560.0,22.0,-82.0,-167.0,-3.0,0.0,3.0,2.0,0.0,4.0,3.0,4640.0,5039.0,31.0,4378.0,4575.0,25.0,262.0,464.0,6.0,0.0,5.0,2.0,0.0,6.0,4.0,5581.0,6775.0,36.0,6081.0,6921.0,31.0,-500.0,-146.0,5.0,0.0,7.0,3.0,0.0,10.0,6.0
ESPORTSTMNT05_3241516,complete,,EM,2023,Summer,0,2023-08-23 17:49:10,1,13.15,6,Red,top,Destroy,oe:player:21846207612858fb49a468b43e56dd3,İstanbul Wildcats,oe:team:a65adb2808377018a2a7832eb2bd7f4,Ryze,K'Sante,Ahri,Maokai,Rakan,Alistar,,,,,,1615,1,4,0,5,21,10,0.0,0.0,0.0,0.0,0.0,0.0,0.0,0.0,0.7802,1.1146,,,,,,,,,,,,,,,,,,,,,1.0,0.0,,,,,,,,1.0,0.0,13849.0,514.5139,0.253019,593.7214,437.3498,13.0,0.483,2.0,0.0743,4.0,32.0,1.1889,14204,10634,395.0712,0.265832,12250.0,,,305.0,264.0,41.0,,,11.3313,3665.0,5051.0,93.0,3342.0,5051.0,91.0,323.0,0.0,2.0,0.0,0.0,0.0,0.0,0.0,0.0,6397.0,7911.0,144.0,4967.0,7592.0,137.0,1430.0,319.0,7.0,1.0,0.0,0.0,0.0,0.0,1.0,9441.0,11579.0,217.0,6519.0,10064.0,179.0,2922.0,1515.0,38.0,3.0,0.0,0.0,0.0,0.0,1.0,12687.0,17874.0,278.0,8173.0,12759.0,222.0,4514.0,5115.0,56.0,3.0,3.0,0.0,0.0,2.0,2.0
ESPORTSTMNT05_3241516,complete,,EM,2023,Summer,0,2023-08-23 17:49:10,1,13.15,7,Red,jng,Ferret,oe:player:92b76c3a9967d6322741aa6d2ba4a2b,İstanbul Wildcats,oe:team:a65adb2808377018a2a7832eb2bd7f4,Poppy,K'Sante,Ahri,Maokai,Rakan,Alistar,,,,,,1615,1,5,2,11,21,10,1.0,0.0,0.0,0.0,1.0,0.0,1.0,0.0,0.7802,1.1146,,,,,,,,,,,,,,,,,,,,,0.0,0.0,,,,,,,,1.0,0.0,6414.0,238.291,0.117183,580.3839,959.0712,12.0,0.4458,14.0,0.5201,10.0,51.0,1.8947,10477,6907,256.6068,0.172661,9100.0,,,123.0,19.0,104.0,,,4.5697,2836.0,2954.0,44.0,2785.0,2683.0,51.0,51.0,271.0,-7.0,0.0,2.0,0.0,0.0,0.0,0.0,4881.0,5243.0,59.0,4873.0,5565.0,79.0,8.0,-322.0,-20.0,3.0,3.0,1.0,1.0,3.0,0.0,6943.0,7855.0,89.0,6073.0,6834.0,90.0,870.0,1021.0,-1.0,4.0,4.0,1.0,1.0,4.0,2.0,9533.0,10290.0,113.0,7175.0,8561.0,100.0,2358.0,1729.0,13.0,5.0,7.0,2.0,1.0,7.0,3.0
ESPORTSTMNT05_3241516,complete,,EM,2023,Summer,0,2023-08-23 17:49:10,1,13.15,8,Red,mid,Kofte,oe:player:db0cbdc72184ad44ab905be61fc0756,İstanbul Wildcats,oe:team:a65adb2808377018a2a7832eb2bd7f4,Syndra,K'Sante,Ahri,Maokai,Rakan,Alistar,,,,,,1615,1,5,0,8,21,10,1.0,0.0,0.0,0.0,1.0,1.0,0.0,0.0,0.7802,1.1146,,,,,,,,,,,,,,,,,,,,,0.0,0.0,,,,,,,,0.0,0.0,13908.0,516.7059,0.254097,353.9443,242.2291,12.0,0.4458,2.0,0.0743,2.0,21.0,0.7802,12580,9010,334.7368,0.225234,11550.0,,,252.0,246.0,6.0,,,9.3622,3684.0,4744.0,89.0,3175.0,4842.0,85.0,509.0,-98.0,4.0,1.0,1.0,0.0,0.0,0.0,0.0,5773.0,7676.0,142.0,5626.0,7620.0,143.0,147.0,56.0,-1.0,1.0,2.0,0.0,2.0,0.0,1.0,7812.0,10425.0,186.0,7794.0,10159.0,195.0,18.0,266.0,-9.0,1.0,5.0,0.0,3.0,0.0,2.0,11270.0,14611.0,238.0,9436.0,11473.0,217.0,1834.0,3138.0,21.0,3.0,8.0,0.0,4.0,1.0,4.0
ESPORTSTMNT05_3241516,complete,,EM,2023,Summer,0,2023-08-23 17:49:10,1,13.15,9,Red,bot,BAO,oe:player:6c1d0c529e73fe4c8b9a5306867c4bf,İstanbul Wildcats,oe:team:a65adb2808377018a2a7832eb2bd7f4,Kai'Sa,K'Sante,Ahri,Maokai,Rakan,Alistar,,,,,,1615,1,7,2,9,21,10,2.0,1.0,0.0,0.0,1.0,0.0,1.0,0.0,0.7802,1.1146,,,,,,,,,,,,,,,,,,,,,0.0,0.0,,,,,,,,0.0,0.0,16756.0,622.5139,0.30613,488.1734,310.4025,11.0,0.4087,3.0,0.1115,1.0,22.0,0.8173,13818,10248,380.7307,0.256182,12375.0,,,261.0,245.0,16.0,,,9.6966,3838.0,3392.0,86.0,3126.0,3478.0,77.0,712.0,-86.0,9.0,2.0,1.0,0.0,0.0,0.0,2.0,5984.0,5821.0,136.0,5080.0,5824.0,123.0,904.0,-3.0,13.0,2.0,3.0,1.0,1.0,1.0,3.0,7913.0,8458.0,185.0,7674.0,8935.0,179.0,239.0,-477.0,6.0,2.0,4.0,2.0,2.0,1.0,3.0,12215.0,12784.0,239.0,10203.0,11307.0,228.0,2012.0,1477.0,11.0,5.0,7.0,2.0,4.0,2.0,4.0
ESPORTSTMNT05_3241516,complete,,EM,2023,Summer,0,2023-08-23 17:49:10,1,13.15,10,Red,sup,Parus,oe:player:a9cfbc13e22eefdd22af7b346ce2af4,İstanbul Wildcats,oe:team:a65adb2808377018a2a7832eb2bd7f4,Rell,K'Sante,Ahri,Maokai,Rakan,Alistar,,,,,,1615,1,0,6,14,21,10,0.0,0.0,0.0,0.0,1.0,0.0,1.0,0.0,0.7802,1.1146,,,,,,,,,,,,,,,,,,,,,0.0,0.0,,,,,,,,0.0,0.0,3808.0,141.4737,0.0695716,505.3003,742.9598,30.0,1.1146,11.0,0.4087,6.0,75.0,2.7864,6774,3204,119.0341,0.080091,5650.0,,,32.0,32.0,0.0,,,1.1889,2104.0,2227.0,13.0,1975.0,2045.0,14.0,129.0,182.0,-1.0,0.0,2.0,1.0,0.0,0.0,1.0,3299.0,3560.0,22.0,3217.0,3393.0,19.0,82.0,167.0,3.0,0.0,4.0,3.0,0.0,3.0,2.0,4378.0,4575.0,25.0,4640.0,5039.0,31.0,-262.0,-464.0,-6.0,0.0,6.0,4.0,0.0,5.0,2.0,6081.0,6921.0,31.0,5581.0,6775.0,36.0,500.0,146.0,-5.0,0.0,10.0,6.0,0.0,7.0,3.0
ESPORTSTMNT05_3241516,complete,,EM,2023,Summer,0,2023-08-23 17:49:10,1,13.15,100,Blue,team,,,BISONS ECLUB,oe:team:b346309564f4fc7f30ac14403e93010,,Rumble,Tristana,Jayce,Lee Sin,Viego,Xayah,Ivern,Lucian,Nautilus,Kennen,1615,0,9,21,19,9,21,1.0,0.0,0.0,0.0,0.0,,,,0.3344,1.1146,0.0,0.0,3.0,0.0,3.0,0.0,0.0,0.0,0.0,0.0,0.0,,0.0,0.0,0.0,0.0,2.0,,,0.0,0.0,1.0,0.0,1.0,11.0,0.0,0.0,1.0,5.0,0.0,2.0,43300.0,1608.6687,,2268.7802,1527.9752,73.0,2.7121,35.0,1.3003,19.0,171.0,6.3529,42628,24777,920.5077,,40975.0,-0.21654,-3.07,,727.0,105.0,,,30.9102,14403.0,18099.0,318.0,16127.0,18368.0,325.0,-1724.0,-269.0,-7.0,0.0,0.0,3.0,3.0,6.0,1.0,23763.0,29994.0,501.0,26334.0,30211.0,503.0,-2571.0,-217.0,-2.0,4.0,7.0,7.0,7.0,12.0,5.0,32700.0,41031.0,674.0,36487.0,42892.0,702.0,-3787.0,-1861.0,-28.0,6.0,10.0,10.0,10.0,19.0,7.0,40568.0,50875.0,803.0,51786.0,62480.0,899.0,-11218.0,-11605.0,-96.0,9.0,19.0,16.0,16.0,35.0,10.0
ESPORTSTMNT05_3241516,complete,,EM,2023,Summer,0,2023-08-23 17:49:10,1,13.15,200,Red,team,,,İstanbul Wildcats,oe:team:a65adb2808377018a2a7832eb2bd7f4,,K'Sante,Ahri,Maokai,Rakan,Alistar,Kai'Sa,Rell,Syndra,Poppy,Ryze,1615,1,21,10,47,21,10,4.0,1.0,0.0,0.0,1.0,,,,0.7802,1.1146,1.0,3.0,0.0,3.0,0.0,1.0,1.0,0.0,0.0,0.0,1.0,,0.0,0.0,1.0,2.0,0.0,,,1.0,1.0,0.0,1.0,11.0,1.0,1.0,1.0,5.0,1.0,2.0,0.0,54735.0,2033.4985,,2521.5232,2692.0124,78.0,2.8978,32.0,1.1889,23.0,201.0,7.4675,57853,40002,1486.1424,,50925.0,0.21654,3.07,,806.0,167.0,,,36.1486,16127.0,18368.0,325.0,14403.0,18099.0,318.0,1724.0,269.0,7.0,3.0,6.0,1.0,0.0,0.0,3.0,26334.0,30211.0,503.0,23763.0,29994.0,501.0,2571.0,217.0,2.0,7.0,12.0,5.0,4.0,7.0,7.0,36487.0,42892.0,702.0,32700.0,41031.0,674.0,3787.0,1861.0,28.0,10.0,19.0,7.0,6.0,10.0,10.0,51786.0,62480.0,899.0,40568.0,50875.0,803.0,11218.0,11605.0,96.0,16.0,35.0,10.0,9.0,19.0,16.0
ESPORTSTMNT05_3240492,complete,,EM,2023,Summer,0,2023-08-23 18:32:24,1,13.15,1,Blue,top,ACD,oe:player:72c5cc0e2586935d16539f31a2a4fec,Macko Esports,oe:team:a2e63aee03585f0b37ff4cad936e349,Ornn,Ivern,LeBlanc,Rumble,Viego,Nocturne,,,,,,1809,1,0,2,10,17,14,0.0,0.0,0.0,0.0,0.0,0.0,0.0,0.0,0.5638,1.0282,,,,,,,,,,,,,,,,,,,,,0.0,0.0,,,,,,,,0.0,0.0,16572.0,549.6517,0.210891,843.8806,1128.7562,18.0,0.597,2.0,0.0663,8.0,31.0,1.0282,11670,7704,255.5224,0.192537,10375.0,,,253.0,253.0,0.0,,,8.3914,3193.0,5144.0,83.0,3196.0,4731.0,78.0,-3.0,413.0,5.0,0.0,1.0,0.0,0.0,1.0,1.0,4644.0,7602.0,125.0,4753.0,7233.0,122.0,-109.0,369.0,3.0,0.0,1.0,0.0,0.0,1.0,1.0,7470.0,10989.0,184.0,6323.0,9545.0,164.0,1147.0,1444.0,20.0,0.0,2.0,0.0,0.0,1.0,1.0,9217.0,13165.0,211.0,8510.0,13159.0,204.0,707.0,6.0,7.0,0.0,5.0,2.0,0.0,3.0,2.0
ESPORTSTMNT05_3240492,complete,,EM,2023,Summer,0,2023-08-23 18:32:24,1,13.15,2,Blue,jng,Cboi,oe:player:702efc23873d774e479682ef680d911,Macko Esports,oe:team:a2e63aee03585f0b37ff4cad936e349,Maokai,Ivern,LeBlanc,Rumble,Viego,Nocturne,,,,,,1809,1,0,5,12,17,14,0.0,0.0,0.0,0.0,1.0,0.0,1.0,0.0,0.5638,1.0282,,,,,,,,,,,,,,,,,,,,,1.0,1.0,,,,,,,,0.0,0.0,9199.0,305.1078,0.117064,1013.3665,1277.7446,9.0,0.2985,4.0,0.1327,7.0,29.0,0.9619,9174,5208,172.7363,0.130158,8525.0,,,131.0,18.0,113.0,,,4.3449,2979.0,3184.0,57.0,4021.0,3824.0,71.0,-1042.0,-640.0,-14.0,0.0,2.0,2.0,2.0,0.0,0.0,4234.0,4917.0,80.0,5970.0,5872.0,109.0,-1736.0,-955.0,-29.0,0.0,2.0,2.0,2.0,0.0,0.0,5780.0,6852.0,96.0,8024.0,9104.0,154.0,-2244.0,-2252.0,-58.0,0.0,3.0,3.0,3.0,0.0,0.0,7190.0,9254.0,113.0,10634.0,13324.0,194.0,-3444.0,-4070.0,-81.0,0.0,8.0,4.0,3.0,5.0,1.0
ESPORTSTMNT05_3240492,complete,,EM,2023,Summer,0,2023-08-23 18:32:24,1,13.15,3,Blue,mid,Six10,oe:player:325397710b4294aeb7a18881c34f33b,Macko Esports,oe:team:a2e63aee03585f0b37ff4cad936e349,Tristana,Ivern,LeBlanc,Rumble,Viego,Nocturne,,,,,,1809,1,9,3,2,17,14,2.0,1.0,0.0,0.0,0.0,0.0,0.0,0.0,0.5638,1.0282,,,,,,,,,,,,,,,,,,,,,0.0,0.0,,,,,,,,1.0,0.0,25800.0,855.7214,0.328324,529.9171,679.2371,13.0,0.4312,12.0,0.398,5.0,40.0,1.3267,17246,13280,440.4643,0.331891,15375.0,,,349.0,299.0,50.0,,,11.5755,3866.0,4596.0,91.0,3383.0,4629.0,75.0,483.0,-33.0,16.0,1.0,0.0,1.0,1.0,1.0,0.0,6254.0,7642.0,157.0,5295.0,7391.0,128.0,959.0,251.0,29.0,1.0,0.0,1.0,1.0,1.0,0.0,9510.0,11292.0,229.0,7460.0,9996.0,180.0,2050.0,1296.0,49.0,3.0,0.0,1.0,1.0,1.0,0.0,12790.0,14074.0,280.0,9797.0,12751.0,207.0,2993.0,1323.0,73.0,6.0,1.0,2.0,1.0,6.0,2.0
ESPORTSTMNT05_3240492,complete,,EM,2023,Summer,0,2023-08-23 18:32:24,1,13.15,4,Blue,bot,Vzz,oe:player:ba6e76e259419420ddff269bb6ef074,Macko Esports,oe:team:a2e63aee03585f0b37ff4cad936e349,Zeri,Ivern,LeBlanc,Rumble,Viego,Nocturne,,,,,,1809,1,8,3,6,17,14,0.0,0.0,0.0,0.0,1.0,1.0,0.0,0.0,0.5638,1.0282,,,,,,,,,,,,,,,,,,,,,0.0,0.0,,,,,,,,0.0,1.0,21697.0,719.6352,0.27611,407.7944,341.0945,14.0,0.4643,18.0,0.597,6.0,43.0,1.4262,14097,10131,336.0199,0.253192,12550.0,,,275.0,255.0,20.0,,,9.1211,3919.0,3378.0,76.0,3766.0,3646.0,88.0,153.0,-268.0,-12.0,2.0,0.0,1.0,1.0,0.0,1.0,6373.0,6181.0,143.0,5420.0,6215.0,137.0,953.0,-34.0,6.0,3.0,0.0,1.0,1.0,0.0,2.0,9188.0,8806.0,223.0,7342.0,9086.0,188.0,1846.0,-280.0,35.0,3.0,0.0,1.0,1.0,1.0,2.0,11709.0,10958.0,255.0,12097.0,12677.0,232.0,-388.0,-1719.0,23.0,6.0,3.0,2.0,5.0,3.0,3.0
ESPORTSTMNT05_3240492,complete,,EM,2023,Summer,0,2023-08-23 18:32:24,1,13.15,5,Blue,sup,Click,oe:player:1e249a5688255bde7f7213b5d257b3c,Macko Esports,oe:team:a2e63aee03585f0b37ff4cad936e349,Rakan,Ivern,LeBlanc,Rumble,Viego,Nocturne,,,,,,1809,1,0,1,14,17,14,0.0,0.0,0.0,0.0,1.0,0.0,1.0,0.0,0.5638,1.0282,,,,,,,,,,,,,,,,,,,,,0.0,0.0,,,,,,,,0.0,0.0,5313.0,176.2189,0.0676118,328.9884,426.1028,52.0,1.7247,12.0,0.398,12.0,95.0,3.1509,7656,3690,122.3881,0.0922206,7100.0,,,38.0,38.0,0.0,,,1.2604,2402.0,2338.0,16.0,2782.0,2526.0,14.0,-380.0,-188.0,2.0,0.0,2.0,0.0,0.0,2.0,1.0,3596.0,3995.0,26.0,3790.0,3077.0,22.0,-194.0,918.0,4.0,0.0,3.0,0.0,0.0,2.0,1.0,4834.0,5208.0,31.0,4947.0,4161.0,34.0,-113.0,1047.0,-3.0,0.0,3.0,0.0,0.0,2.0,3.0,6053.0,7224.0,32.0,8489.0,7370.0,45.0,-2436.0,-146.0,-13.0,0.0,9.0,1.0,2.0,4.0,4.0
ESPORTSTMNT05_3240492,complete,,EM,2023,Summer,0,2023-08-23 18:32:24,1,13.15,6,Red,top,Eyliph,oe:player:4b20700639bada36a5a58cc4a8e7135,Anorthosis Famagusta Esports,oe:team:5f1bc4a914b49c7b7ff4c2f1b8d8df9,Mordekaiser,Kled,Ahri,Gangplank,Alistar,Braum,,,,,,1809,0,0,3,5,14,17,0.0,0.0,0.0,0.0,0.0,0.0,0.0,0.0,0.4643,1.0282,,,,,,,,,,,,,,,,,,,,,0.0,0.0,,,,,,,,0.0,0.0,12504.0,414.7264,0.186099,779.6683,665.6053,10.0,0.3317,4.0,0.1327,2.0,25.0,0.8292,9848,5882,195.0912,0.155592,9300.0,,,227.0,219.0,8.0,,,7.529,3196.0,4731.0,78.0,3193.0,5144.0,83.0,3.0,-413.0,-5.0,0.0,1.0,1.0,0.0,1.0,0.0,4753.0,7233.0,122.0,4644.0,7602.0,125.0,109.0,-369.0,-3.0,0.0,1.0,1.0,0.0,1.0,0.0,6323.0,9545.0,164.0,7470.0,10989.0,184.0,-1147.0,-1444.0,-20.0,0.0,1.0,1.0,0.0,2.0,0.0,8510.0,13159.0,204.0,9217.0,13165.0,211.0,-707.0,-6.0,-7.0,0.0,3.0,2.0,0.0,5.0,2.0
ESPORTSTMNT05_3240492,complete,,EM,2023,Summer,0,2023-08-23 18:32:24,1,13.15,7,Red,jng,SPOOKY,oe:player:11389d6d8a29729807c3cf528a98050,Anorthosis Famagusta Esports,oe:team:5f1bc4a914b49c7b7ff4c2f1b8d8df9,Lee Sin,Kled,Ahri,Gangplank,Alistar,Braum,,,,,,1809,0,3,3,8,14,17,0.0,0.0,0.0,0.0,0.0,0.0,0.0,0.0,0.4643,1.0282,,,,,,,,,,,,,,,,,,,,,1.0,1.0,,,,,,,,0.0,0.0,8558.0,283.8474,0.12737,907.0315,1445.0083,15.0,0.4975,9.0,0.2985,9.0,47.0,1.5589,11883,7917,262.5871,0.209422,11275.0,,,211.0,16.0,195.0,,,6.9983,4021.0,3824.0,71.0,2979.0,3184.0,57.0,1042.0,640.0,14.0,2.0,0.0,0.0,0.0,2.0,2.0,5970.0,5872.0,109.0,4234.0,4917.0,80.0,1736.0,955.0,29.0,2.0,0.0,0.0,0.0,2.0,2.0,8024.0,9104.0,154.0,5780.0,6852.0,96.0,2244.0,2252.0,58.0,3.0,0.0,0.0,0.0,3.0,3.0,10634.0,13324.0,194.0,7190.0,9254.0,113.0,3444.0,4070.0,81.0,3.0,5.0,1.0,0.0,8.0,4.0
ESPORTSTMNT05_3240492,complete,,EM,2023,Summer,0,2023-08-23 18:32:24,1,13.15,8,Red,mid,HAWHAW,oe:player:ae06413dcf80aa496ab8448d8ea586f,Anorthosis Famagusta Esports,oe:team:5f1bc4a914b49c7b7ff4c2f1b8d8df9,Malphite,Kled,Ahri,Gangplank,Alistar,Braum,,,,,,1809,0,3,3,7,14,17,0.0,0.0,0.0,0.0,0.0,0.0,0.0,0.0,0.4643,1.0282,,,,,,,,,,,,,,,,,,,,,0.0,0.0,,,,,,,,0.0,1.0,10425.0,345.7711,0.155157,609.6517,1380.8624,10.0,0.3317,4.0,0.1327,2.0,19.0,0.6302,11734,7768,257.6451,0.205481,11200.0,,,230.0,230.0,0.0,,,7.6285,3383.0,4629.0,75.0,3866.0,4596.0,91.0,-483.0,33.0,-16.0,1.0,1.0,0.0,1.0,0.0,1.0,5295.0,7391.0,128.0,6254.0,7642.0,157.0,-959.0,-251.0,-29.0,1.0,1.0,0.0,1.0,0.0,1.0,7460.0,9996.0,180.0,9510.0,11292.0,229.0,-2050.0,-1296.0,-49.0,1.0,1.0,0.0,3.0,0.0,1.0,9797.0,12751.0,207.0,12790.0,14074.0,280.0,-2993.0,-1323.0,-73.0,1.0,6.0,2.0,6.0,1.0,2.0
ESPORTSTMNT05_3240492,complete,,EM,2023,Summer,0,2023-08-23 18:32:24,1,13.15,9,Red,bot,GOLDENTO4ST,oe:player:5c58c2e986e8aec0ee6f2465823349a,Anorthosis Famagusta Esports,oe:team:5f1bc4a914b49c7b7ff4c2f1b8d8df9,Xayah,Kled,Ahri,Gangplank,Alistar,Braum,,,,,,1809,0,6,3,5,14,17,1.0,1.0,1.0,0.0,0.0,0.0,0.0,1.0,0.4643,1.0282,,,,,,,,,,,,,,,,,,,,,0.0,0.0,,,,,,,,1.0,0.0,28970.0,960.8624,0.431165,517.8773,292.9353,11.0,0.3648,0.0,0.0,3.0,24.0,0.796,14609,10643,353.0017,0.281531,14625.0,,,282.0,270.0,12.0,,,9.3532,3766.0,3646.0,88.0,3919.0,3378.0,76.0,-153.0,268.0,12.0,1.0,0.0,1.0,2.0,0.0,1.0,5420.0,6215.0,137.0,6373.0,6181.0,143.0,-953.0,34.0,-6.0,1.0,0.0,2.0,3.0,0.0,1.0,7342.0,9086.0,188.0,9188.0,8806.0,223.0,-1846.0,280.0,-35.0,1.0,1.0,2.0,3.0,0.0,1.0,12097.0,12677.0,232.0,11709.0,10958.0,255.0,388.0,1719.0,-23.0,5.0,3.0,3.0,6.0,3.0,2.0
ESPORTSTMNT05_3240492,complete,,EM,2023,Summer,0,2023-08-23 18:32:24,1,13.15,10,Red,sup,iLEVI,oe:player:b226880189cb11f7da7a0c86544b556,Anorthosis Famagusta Esports,oe:team:5f1bc4a914b49c7b7ff4c2f1b8d8df9,Pyke,Kled,Ahri,Gangplank,Alistar,Braum,,,,,,1809,0,2,5,7,14,17,0.0,0.0,0.0,0.0,0.0,0.0,0.0,0.0,0.4643,1.0282,,,,,,,,,,,,,,,,,,,,,0.0,0.0,,,,,,,,0.0,0.0,6733.0,223.3167,0.100208,481.3267,312.869,77.0,2.5539,31.0,1.0282,10.0,156.0,5.1741,9560,5594,185.539,0.147974,8900.0,,,51.0,51.0,0.0,,,1.6915,2782.0,2526.0,14.0,2402.0,2338.0,16.0,380.0,188.0,-2.0,0.0,2.0,1.0,0.0,2.0,0.0,3790.0,3077.0,22.0,3596.0,3995.0,26.0,194.0,-918.0,-4.0,0.0,2.0,1.0,0.0,3.0,0.0,4947.0,4161.0,34.0,4834.0,5208.0,31.0,113.0,-1047.0,3.0,0.0,2.0,3.0,0.0,3.0,0.0,8489.0,7370.0,45.0,6053.0,7224.0,32.0,2436.0,146.0,13.0,2.0,4.0,4.0,0.0,9.0,1.0
ESPORTSTMNT05_3240492,complete,,EM,2023,Summer,0,2023-08-23 18:32:24,1,13.15,100,Blue,team,,,Macko Esports,oe:team:a2e63aee03585f0b37ff4cad936e349,,Ivern,LeBlanc,Rumble,Viego,Nocturne,Tristana,Maokai,Zeri,Ornn,Rakan,1809,1,17,14,44,17,14,2.0,1.0,0.0,0.0,1.0,,,,0.5638,1.0282,1.0,3.0,2.0,3.0,2.0,1.0,0.0,0.0,0.0,1.0,1.0,,0.0,0.0,0.0,1.0,1.0,,,0.0,1.0,1.0,1.0,10.0,5.0,1.0,1.0,4.0,5.0,1.0,1.0,78581.0,2606.335,,3123.9469,3852.9353,106.0,3.5158,48.0,1.592,38.0,238.0,7.8939,59843,40013,1327.131,,53925.0,-0.0251774,0.48,,863.0,183.0,,,34.6932,16359.0,18640.0,323.0,17148.0,19356.0,326.0,-789.0,-716.0,-3.0,3.0,5.0,4.0,4.0,4.0,3.0,25101.0,30337.0,531.0,25228.0,29788.0,518.0,-127.0,549.0,13.0,4.0,6.0,4.0,4.0,4.0,4.0,36782.0,43147.0,763.0,34096.0,41892.0,720.0,2686.0,1255.0,43.0,6.0,8.0,5.0,5.0,5.0,6.0,46959.0,54675.0,891.0,49527.0,59281.0,882.0,-2568.0,-4606.0,9.0,12.0,26.0,11.0,11.0,21.0,12.0
ESPORTSTMNT05_3240492,complete,,EM,2023,Summer,0,2023-08-23 18:32:24,1,13.15,200,Red,team,,,Anorthosis Famagusta Esports,oe:team:5f1bc4a914b49c7b7ff4c2f1b8d8df9,,Kled,Ahri,Gangplank,Alistar,Braum,Xayah,Pyke,Malphite,Lee Sin,Mordekaiser,1809,0,14,17,32,14,17,1.0,1.0,1.0,0.0,0.0,,,,0.4643,1.0282,0.0,2.0,3.0,2.0,3.0,0.0,0.0,0.0,0.0,2.0,0.0,,0.0,0.0,1.0,1.0,1.0,,,1.0,1.0,1.0,0.0,5.0,10.0,0.0,0.0,5.0,4.0,1.0,1.0,67190.0,2228.524,,3295.5556,4097.2803,123.0,4.0796,48.0,1.592,26.0,271.0,8.9884,57634,37804,1253.864,,55300.0,0.0251774,-0.48,,786.0,215.0,,,33.2007,17148.0,19356.0,326.0,16359.0,18640.0,323.0,789.0,716.0,3.0,4.0,4.0,3.0,3.0,5.0,4.0,25228.0,29788.0,518.0,25101.0,30337.0,531.0,127.0,-549.0,-13.0,4.0,4.0,4.0,4.0,6.0,4.0,34096.0,41892.0,720.0,36782.0,43147.0,763.0,-2686.0,-1255.0,-43.0,5.0,5.0,6.0,6.0,8.0,5.0,49527.0,59281.0,882.0,46959.0,54675.0,891.0,2568.0,4606.0,-9.0,11.0,21.0,12.0,12.0,26.0,11.0
ESPORTSTMNT05_3239473,complete,,EM,2023,Summer,0,2023-08-23 18:35:26,1,13.15,1,Blue,top,pr1me,oe:player:f3f1edfba7200c65b417d359a6f9c82,Orbit Anonymo Esports,oe:team:f9f16e15a84c85d050aa09b4a21c757,Rumble,Ivern,Tristana,Maokai,Gwen,LeBlanc,,,,,,1818,0,2,5,6,33,32,0.0,0.0,0.0,0.0,0.0,0.0,0.0,0.0,1.0891,2.1452,,,,,,,,,,,,,,,,,,,,,0.0,1.0,,,,,,,,0.0,0.0,12399.0,409.2079,0.119762,760.066,739.67,11.0,0.363,5.0,0.165,3.0,25.0,0.8251,12195,8211,270.9901,0.187217,11225.0,,,235.0,231.0,4.0,,,7.7558,3370.0,5254.0,92.0,3676.0,5158.0,102.0,-306.0,96.0,-10.0,0.0,0.0,0.0,0.0,0.0,0.0,5107.0,8079.0,140.0,6267.0,8324.0,162.0,-1160.0,-245.0,-22.0,0.0,0.0,0.0,0.0,1.0,0.0,7228.0,10950.0,179.0,8926.0,11373.0,218.0,-1698.0,-423.0,-39.0,1.0,0.0,2.0,1.0,1.0,1.0,9783.0,14216.0,219.0,11455.0,14303.0,265.0,-1672.0,-87.0,-46.0,1.0,1.0,3.0,1.0,5.0,3.0
ESPORTSTMNT05_3239473,complete,,EM,2023,Summer,0,2023-08-23 18:35:26,1,13.15,2,Blue,jng,Savero,oe:player:565edcb58e76115e571f38521946e41,Orbit Anonymo Esports,oe:team:f9f16e15a84c85d050aa09b4a21c757,Nocturne,Ivern,Tristana,Maokai,Gwen,LeBlanc,,,,,,1818,0,2,8,14,33,32,0.0,0.0,0.0,0.0,0.0,0.0,0.0,0.0,1.0891,2.1452,,,,,,,,,,,,,,,,,,,,,0.0,0.0,,,,,,,,0.0,0.0,17421.0,574.9505,0.16827,1245.8746,1316.5017,6.0,0.198,13.0,0.429,4.0,34.0,1.1221,10650,6666,220.0,0.151989,10450.0,,,167.0,28.0,139.0,,,5.5116,3401.0,3581.0,69.0,3531.0,3704.0,69.0,-130.0,-123.0,0.0,0.0,2.0,0.0,1.0,1.0,0.0,5496.0,6015.0,99.0,5741.0,5674.0,90.0,-245.0,341.0,9.0,1.0,5.0,2.0,3.0,3.0,1.0,7304.0,8592.0,133.0,7857.0,9238.0,143.0,-553.0,-646.0,-10.0,2.0,5.0,3.0,3.0,4.0,1.0,9323.0,11906.0,149.0,10388.0,12042.0,172.0,-1065.0,-136.0,-23.0,2.0,9.0,5.0,5.0,6.0,3.0
ESPORTSTMNT05_3239473,complete,,EM,2023,Summer,0,2023-08-23 18:35:26,1,13.15,3,Blue,mid,Roison,oe:player:1428134d4ece3f00321b6b870ca2152,Orbit Anonymo Esports,oe:team:f9f16e15a84c85d050aa09b4a21c757,Taliyah,Ivern,Tristana,Maokai,Gwen,LeBlanc,,,,,,1818,0,12,5,12,33,32,1.0,0.0,0.0,0.0,0.0,0.0,0.0,1.0,1.0891,2.1452,,,,,,,,,,,,,,,,,,,,,0.0,0.0,,,,,,,,0.0,1.0,33944.0,1120.264,0.327866,626.4026,398.9109,11.0,0.363,3.0,0.099,3.0,29.0,0.9571,15102,11118,366.9307,0.253502,13675.0,,,236.0,232.0,4.0,,,7.7888,3690.0,5217.0,91.0,3613.0,4541.0,84.0,77.0,676.0,7.0,1.0,0.0,1.0,0.0,2.0,1.0,6653.0,8420.0,131.0,5688.0,6755.0,123.0,965.0,1665.0,8.0,5.0,2.0,2.0,0.0,4.0,3.0,9162.0,11751.0,188.0,7866.0,9480.0,165.0,1296.0,2271.0,23.0,6.0,3.0,2.0,0.0,6.0,5.0,13428.0,15483.0,219.0,9274.0,11405.0,189.0,4154.0,4078.0,30.0,11.0,8.0,3.0,0.0,8.0,7.0
ESPORTSTMNT05_3239473,complete,,EM,2023,Summer,0,2023-08-23 18:35:26,1,13.15,4,Blue,bot,Neramin,oe:player:c032df73970ffb2f2b585d912f6b20d,Orbit Anonymo Esports,oe:team:f9f16e15a84c85d050aa09b4a21c757,Ezreal,Ivern,Tristana,Maokai,Gwen,LeBlanc,,,,,,1818,0,14,5,6,33,32,1.0,0.0,0.0,0.0,0.0,0.0,0.0,0.0,1.0891,2.1452,,,,,,,,,,,,,,,,,,,,,1.0,0.0,,,,,,,,0.0,0.0,33889.0,1118.4488,0.327335,685.2145,402.8383,8.0,0.264,6.0,0.198,1.0,31.0,1.0231,16834,12850,424.0924,0.292994,15808.0,,,242.0,206.0,36.0,,,7.9868,4087.0,3329.0,78.0,4252.0,3063.0,83.0,-165.0,266.0,-5.0,3.0,0.0,1.0,2.0,1.0,2.0,7264.0,5821.0,132.0,6220.0,5316.0,118.0,1044.0,505.0,14.0,4.0,0.0,1.0,3.0,2.0,5.0,9411.0,7909.0,172.0,9602.0,8534.0,163.0,-191.0,-625.0,9.0,5.0,1.0,2.0,6.0,2.0,5.0,13769.0,11769.0,216.0,12110.0,11425.0,189.0,1659.0,344.0,27.0,9.0,4.0,3.0,9.0,4.0,7.0
ESPORTSTMNT05_3239473,complete,,EM,2023,Summer,0,2023-08-23 18:35:26,1,13.15,5,Blue,sup,Czypsy,oe:player:df5866d3078c786ce03084b78b1f5d9,Orbit Anonymo Esports,oe:team:f9f16e15a84c85d050aa09b4a21c757,Nautilus,Ivern,Tristana,Maokai,Gwen,LeBlanc,,,,,,1818,0,3,9,18,33,32,0.0,0.0,0.0,0.0,0.0,0.0,0.0,0.0,1.0891,2.1452,,,,,,,,,,,,,,,,,,,,,0.0,0.0,,,,,,,,0.0,0.0,5877.0,193.9604,0.0567662,579.4059,776.0066,47.0,1.5512,6.0,0.198,14.0,93.0,3.0693,8997,5013,165.4455,0.114298,8300.0,,,24.0,24.0,0.0,,,0.7921,2339.0,2190.0,11.0,2886.0,2731.0,17.0,-547.0,-541.0,-6.0,0.0,3.0,2.0,1.0,2.0,2.0,4246.0,3877.0,18.0,4081.0,3476.0,19.0,165.0,401.0,-1.0,1.0,6.0,3.0,2.0,4.0,3.0,5195.0,4657.0,19.0,5366.0,5133.0,23.0,-171.0,-476.0,-4.0,1.0,8.0,3.0,2.0,7.0,4.0,7507.0,7468.0,22.0,7968.0,8261.0,23.0,-461.0,-793.0,-1.0,2.0,12.0,5.0,4.0,12.0,6.0
ESPORTSTMNT05_3239473,complete,,EM,2023,Summer,0,2023-08-23 18:35:26,1,13.15,6,Red,top,Myrwn,oe:player:ede24d5e0911d7a4f6ec514a67802ff,BISONS ECLUB,oe:team:b346309564f4fc7f30ac14403e93010,Zeri,Fiora,Xayah,Kai'Sa,Jax,Renekton,,,,,,1818,1,6,4,12,32,34,1.0,0.0,0.0,0.0,0.0,0.0,0.0,0.0,1.0561,2.1452,,,,,,,,,,,,,,,,,,,,,1.0,0.0,,,,,,,,0.0,0.0,31762.0,1048.2508,0.333883,737.0627,340.6601,11.0,0.363,7.0,0.231,1.0,32.0,1.0561,17117,13133,433.4323,0.271401,13675.0,,,328.0,304.0,24.0,,,10.8251,3676.0,5158.0,102.0,3370.0,5254.0,92.0,306.0,-96.0,10.0,0.0,0.0,0.0,0.0,0.0,0.0,6267.0,8324.0,162.0,5107.0,8079.0,140.0,1160.0,245.0,22.0,0.0,1.0,0.0,0.0,0.0,0.0,8926.0,11373.0,218.0,7228.0,10950.0,179.0,1698.0,423.0,39.0,1.0,1.0,1.0,1.0,0.0,2.0,11455.0,14303.0,265.0,9783.0,14216.0,219.0,1672.0,87.0,46.0,1.0,5.0,3.0,1.0,1.0,3.0
ESPORTSTMNT05_3239473,complete,,EM,2023,Summer,0,2023-08-23 18:35:26,1,13.15,7,Red,jng,NoName,oe:player:6d2795b5d0550bbbae88cb973b287b0,BISONS ECLUB,oe:team:b346309564f4fc7f30ac14403e93010,Viego,Fiora,Xayah,Kai'Sa,Jax,Renekton,,,,,,1818,1,5,5,12,32,34,0.0,0.0,0.0,0.0,0.0,0.0,0.0,0.0,1.0561,2.1452,,,,,,,,,,,,,,,,,,,,,0.0,0.0,,,,,,,,0.0,0.0,15125.0,499.1749,0.158995,1133.7294,1006.5677,7.0,0.231,10.0,0.33,10.0,37.0,1.2211,12734,8750,288.7789,0.180822,12783.0,,,199.0,32.0,167.0,,,6.5677,3531.0,3704.0,69.0,3401.0,3581.0,69.0,130.0,123.0,0.0,1.0,1.0,0.0,0.0,2.0,0.0,5741.0,5674.0,90.0,5496.0,6015.0,99.0,245.0,-341.0,-9.0,3.0,3.0,1.0,1.0,5.0,2.0,7857.0,9238.0,143.0,7304.0,8592.0,133.0,553.0,646.0,10.0,3.0,4.0,1.0,2.0,5.0,3.0,10388.0,12042.0,172.0,9323.0,11906.0,149.0,1065.0,136.0,23.0,5.0,6.0,3.0,2.0,9.0,5.0
ESPORTSTMNT05_3239473,complete,,EM,2023,Summer,0,2023-08-23 18:35:26,1,13.15,8,Red,mid,Random,oe:player:64663f4646781c9c0110838b905daa2,BISONS ECLUB,oe:team:b346309564f4fc7f30ac14403e93010,Twisted Fate,Fiora,Xayah,Kai'Sa,Jax,Renekton,,,,,,1818,1,2,9,17,32,34,1.0,0.0,0.0,0.0,0.0,0.0,0.0,0.0,1.0561,2.1452,,,,,,,,,,,,,,,,,,,,,0.0,0.0,,,,,,,,1.0,0.0,11505.0,379.703,0.120941,875.5776,371.8152,13.0,0.429,2.0,0.066,2.0,21.0,0.6931,12380,8396,277.0957,0.173506,10800.0,,,209.0,209.0,0.0,,,6.8977,3613.0,4541.0,84.0,3690.0,5217.0,91.0,-77.0,-676.0,-7.0,0.0,2.0,1.0,1.0,0.0,1.0,5688.0,6755.0,123.0,6653.0,8420.0,131.0,-965.0,-1665.0,-8.0,0.0,4.0,3.0,5.0,2.0,2.0,7866.0,9480.0,165.0,9162.0,11751.0,188.0,-1296.0,-2271.0,-23.0,0.0,6.0,5.0,6.0,3.0,2.0,9274.0,11405.0,189.0,13428.0,15483.0,219.0,-4154.0,-4078.0,-30.0,0.0,8.0,7.0,11.0,8.0,3.0
ESPORTSTMNT05_3239473,complete,,EM,2023,Summer,0,2023-08-23 18:35:26,1,13.15,9,Red,bot,Legolas,oe:player:5cfc41b7eccda649db08ead84343554,BISONS ECLUB,oe:team:b346309564f4fc7f30ac14403e93010,Vayne,Fiora,Xayah,Kai'Sa,Jax,Renekton,,,,,,1818,1,15,8,4,32,34,2.0,0.0,0.0,0.0,1.0,1.0,0.0,0.0,1.0561,2.1452,,,,,,,,,,,,,,,,,,,,,0.0,1.0,,,,,,,,0.0,0.0,28948.0,955.3795,0.304303,863.1683,449.3399,10.0,0.33,8.0,0.264,0.0,26.0,0.8581,15917,11933,393.8284,0.246602,14483.0,,,205.0,190.0,15.0,,,6.7657,4252.0,3063.0,83.0,4087.0,3329.0,78.0,165.0,-266.0,5.0,2.0,1.0,2.0,3.0,0.0,1.0,6220.0,5316.0,118.0,7264.0,5821.0,132.0,-1044.0,-505.0,-14.0,3.0,2.0,5.0,4.0,0.0,1.0,9602.0,8534.0,163.0,9411.0,7909.0,172.0,191.0,625.0,-9.0,6.0,2.0,5.0,5.0,1.0,2.0,12110.0,11425.0,189.0,13769.0,11769.0,216.0,-1659.0,-344.0,-27.0,9.0,4.0,7.0,9.0,4.0,3.0
ESPORTSTMNT05_3239473,complete,,EM,2023,Summer,0,2023-08-23 18:35:26,1,13.15,10,Red,sup,Oscure,oe:player:cc51227ea88c71dabc8f6e601b0ec41,BISONS ECLUB,oe:team:b346309564f4fc7f30ac14403e93010,Rell,Fiora,Xayah,Kai'Sa,Jax,Renekton,,,,,,1818,1,4,8,23,32,34,1.0,0.0,0.0,0.0,0.0,0.0,0.0,0.0,1.0561,2.1452,,,,,,,,,,,,,,,,,,,,,0.0,0.0,,,,,,,,0.0,0.0,7789.0,257.0627,0.0818783,776.0726,724.0594,53.0,1.7492,4.0,0.132,18.0,88.0,2.9043,10162,6178,203.8944,0.127669,8500.0,,,25.0,25.0,0.0,,,0.8251,2886.0,2731.0,17.0,2339.0,2190.0,11.0,547.0,541.0,6.0,1.0,2.0,2.0,0.0,3.0,2.0,4081.0,3476.0,19.0,4246.0,3877.0,18.0,-165.0,-401.0,1.0,2.0,4.0,3.0,1.0,6.0,3.0,5366.0,5133.0,23.0,5195.0,4657.0,19.0,171.0,476.0,4.0,2.0,7.0,4.0,1.0,8.0,3.0,7968.0,8261.0,23.0,7507.0,7468.0,22.0,461.0,793.0,1.0,4.0,12.0,6.0,2.0,12.0,5.0
ESPORTSTMNT05_3239473,complete,,EM,2023,Summer,0,2023-08-23 18:35:26,1,13.15,100,Blue,team,,,Orbit Anonymo Esports,oe:team:f9f16e15a84c85d050aa09b4a21c757,,Ivern,Tristana,Maokai,Gwen,LeBlanc,Rumble,Nautilus,Ezreal,Taliyah,Nocturne,1818,0,33,32,56,33,32,2.0,0.0,0.0,0.0,0.0,,,,1.0891,2.1452,0.0,3.0,2.0,3.0,2.0,3.0,0.0,0.0,0.0,0.0,0.0,,0.0,0.0,0.0,1.0,1.0,,,1.0,1.0,1.0,1.0,6.0,8.0,1.0,0.0,6.0,9.0,0.0,1.0,103530.0,3416.8317,,3896.9637,3633.9274,83.0,2.7393,33.0,1.0891,25.0,212.0,6.9967,63778,43856,1447.3927,,59458.0,-0.0130828,-0.45,,721.0,183.0,,,29.835,16887.0,19571.0,341.0,17958.0,19197.0,355.0,-1071.0,374.0,-14.0,4.0,5.0,4.0,4.0,6.0,5.0,28766.0,32212.0,520.0,27997.0,29545.0,512.0,769.0,2667.0,8.0,11.0,13.0,8.0,8.0,14.0,12.0,38300.0,43859.0,691.0,39617.0,43758.0,712.0,-1317.0,101.0,-21.0,15.0,17.0,12.0,12.0,20.0,16.0,53810.0,60842.0,825.0,51195.0,57436.0,838.0,2615.0,3406.0,-13.0,25.0,34.0,19.0,19.0,35.0,26.0
ESPORTSTMNT05_3239473,complete,,EM,2023,Summer,0,2023-08-23 18:35:26,1,13.15,200,Red,team,,,BISONS ECLUB,oe:team:b346309564f4fc7f30ac14403e93010,,Fiora,Xayah,Kai'Sa,Jax,Renekton,Zeri,Rell,Viego,Twisted Fate,Vayne,1818,1,32,34,68,32,34,5.0,0.0,0.0,0.0,1.0,,,,1.0561,2.1452,1.0,2.0,3.0,2.0,3.0,0.0,0.0,0.0,0.0,1.0,1.0,,0.0,0.0,1.0,1.0,1.0,,,0.0,1.0,1.0,0.0,8.0,6.0,0.0,1.0,9.0,6.0,1.0,0.0,95129.0,3139.571,,4385.6106,2892.4422,94.0,3.1023,31.0,1.0231,31.0,204.0,6.7327,68310,48388,1596.9637,,60241.0,0.0130828,0.45,,760.0,206.0,,,31.8812,17958.0,19197.0,355.0,16887.0,19571.0,341.0,1071.0,-374.0,14.0,4.0,6.0,5.0,4.0,5.0,4.0,27997.0,29545.0,512.0,28766.0,32212.0,520.0,-769.0,-2667.0,-8.0,8.0,14.0,12.0,11.0,13.0,8.0,39617.0,43758.0,712.0,38300.0,43859.0,691.0,1317.0,-101.0,21.0,12.0,20.0,16.0,15.0,17.0,12.0,51195.0,57436.0,838.0,53810.0,60842.0,825.0,-2615.0,-3406.0,13.0,19.0,35.0,26.0,25.0,34.0,19.0
ESPORTSTMNT05_3240495,complete,,EM,2023,Summer,0,2023-08-23 19:21:57,1,13.15,1,Blue,top,Shikari,oe:player:41f0dede57989f2777d3cfe2dbf6bac,Nativz,oe:team:a73a242584df96b35d6e606d93608f8,Jax,LeBlanc,Azir,Renekton,Viktor,Taliyah,,,,,,2576,1,2,4,13,25,21,0.0,0.0,0.0,0.0,0.0,0.0,0.0,0.0,0.5823,1.0714,,,,,,,,,,,,,,,,,,,,,0.0,0.0,,,,,,,,1.0,0.0,21864.0,509.2547,0.148502,926.8323,795.396,25.0,0.5823,11.0,0.2562,10.0,61.0,1.4208,15677,10146,236.3199,0.191326,15550.0,,,298.0,278.0,20.0,,,6.941,3183.0,4544.0,75.0,3089.0,4410.0,81.0,94.0,134.0,-6.0,0.0,1.0,0.0,0.0,0.0,1.0,5046.0,7412.0,120.0,5208.0,7116.0,117.0,-162.0,296.0,3.0,0.0,2.0,1.0,1.0,0.0,2.0,6784.0,9579.0,152.0,7229.0,8926.0,147.0,-445.0,653.0,5.0,0.0,4.0,2.0,2.0,1.0,3.0,9239.0,12420.0,192.0,8968.0,10699.0,171.0,271.0,1721.0,21.0,2.0,6.0,2.0,3.0,2.0,3.0
ESPORTSTMNT05_3240495,complete,,EM,2023,Summer,0,2023-08-23 19:21:57,1,13.15,2,Blue,jng,Stefan,oe:player:752b048c76633399b04f6e87a8b211c,Nativz,oe:team:a73a242584df96b35d6e606d93608f8,Sejuani,LeBlanc,Azir,Renekton,Viktor,Taliyah,,,,,,2576,1,3,2,15,25,21,0.0,0.0,0.0,0.0,0.0,0.0,0.0,1.0,0.5823,1.0714,,,,,,,,,,,,,,,,,,,,,0.0,0.0,,,,,,,,0.0,0.0,23492.0,547.1739,0.15956,1192.8727,2200.8773,14.0,0.3261,13.0,0.3028,9.0,55.0,1.2811,14734,9203,214.3556,0.173544,13075.0,,,227.0,73.0,154.0,,,5.2873,3193.0,3327.0,61.0,3499.0,3467.0,70.0,-306.0,-140.0,-9.0,0.0,1.0,1.0,1.0,0.0,0.0,5595.0,5820.0,106.0,5668.0,5533.0,95.0,-73.0,287.0,11.0,2.0,2.0,1.0,3.0,1.0,1.0,7206.0,8002.0,136.0,7113.0,7457.0,113.0,93.0,545.0,23.0,2.0,6.0,1.0,3.0,3.0,1.0,8782.0,10427.0,163.0,8452.0,9379.0,138.0,330.0,1048.0,25.0,2.0,10.0,1.0,3.0,4.0,2.0
ESPORTSTMNT05_3240495,complete,,EM,2023,Summer,0,2023-08-23 19:21:57,1,13.15,3,Blue,mid,Vladi,oe:player:367fecc4cb53a8234abbd9f283b7997,Nativz,oe:team:a73a242584df96b35d6e606d93608f8,Yone,LeBlanc,Azir,Renekton,Viktor,Taliyah,,,,,,2576,1,7,8,8,25,21,1.0,1.0,0.0,0.0,0.0,0.0,0.0,0.0,0.5823,1.0714,,,,,,,,,,,,,,,,,,,,,0.0,0.0,,,,,,,,1.0,0.0,25629.0,596.9488,0.174075,805.8773,1022.4457,16.0,0.3727,6.0,0.1398,12.0,43.0,1.0016,16497,10966,255.4193,0.206788,14850.0,,,269.0,253.0,16.0,,,6.2655,3474.0,5099.0,62.0,3582.0,4407.0,83.0,-108.0,692.0,-21.0,2.0,0.0,1.0,1.0,1.0,1.0,5645.0,7595.0,105.0,5554.0,7843.0,142.0,91.0,-248.0,-37.0,3.0,1.0,2.0,1.0,2.0,1.0,8124.0,9627.0,132.0,6929.0,9551.0,164.0,1195.0,76.0,-32.0,6.0,2.0,3.0,1.0,4.0,2.0,9728.0,12197.0,172.0,8642.0,12076.0,205.0,1086.0,121.0,-33.0,6.0,4.0,4.0,1.0,4.0,3.0
ESPORTSTMNT05_3240495,complete,,EM,2023,Summer,0,2023-08-23 19:21:57,1,13.15,4,Blue,bot,DenVoksne,oe:player:ccfb5c69ebcc2008b1dca4ef5c56142,Nativz,oe:team:a73a242584df96b35d6e606d93608f8,Xayah,LeBlanc,Azir,Renekton,Viktor,Taliyah,,,,,,2576,1,13,3,6,25,21,4.0,2.0,0.0,0.0,0.0,0.0,0.0,0.0,0.5823,1.0714,,,,,,,,,,,,,,,,,,,,,1.0,1.0,,,,,,,,1.0,0.0,71329.0,1661.3898,0.484473,706.6304,423.8665,15.0,0.3494,14.0,0.3261,4.0,50.0,1.1646,23419,17888,416.646,0.337314,21850.0,,,430.0,374.0,56.0,,,10.0155,3228.0,3772.0,86.0,3537.0,3973.0,96.0,-309.0,-201.0,-10.0,0.0,0.0,0.0,0.0,0.0,0.0,5158.0,5838.0,132.0,6952.0,6608.0,148.0,-1794.0,-770.0,-16.0,0.0,0.0,1.0,1.0,1.0,0.0,8227.0,8531.0,198.0,9286.0,8677.0,200.0,-1059.0,-146.0,-2.0,1.0,3.0,1.0,2.0,1.0,1.0,10794.0,10783.0,251.0,11791.0,11308.0,259.0,-997.0,-525.0,-8.0,3.0,4.0,2.0,3.0,2.0,2.0
ESPORTSTMNT05_3240495,complete,,EM,2023,Summer,0,2023-08-23 19:21:57,1,13.15,5,Blue,sup,Twiizt,oe:player:ae20b1872a922cdc5b8707fbe66c4f0,Nativz,oe:team:a73a242584df96b35d6e606d93608f8,Braum,LeBlanc,Azir,Renekton,Viktor,Taliyah,,,,,,2576,1,0,4,19,25,21,0.0,0.0,0.0,0.0,0.0,0.0,0.0,0.0,0.5823,1.0714,,,,,,,,,,,,,,,,,,,,,0.0,0.0,,,,,,,,0.0,0.0,4916.0,114.5031,0.0333899,809.7671,834.0373,58.0,1.3509,7.0,0.163,18.0,110.0,2.5621,10358,4827,112.4301,0.0910276,9700.0,,,29.0,29.0,0.0,,,0.6755,1937.0,1830.0,10.0,2419.0,2131.0,18.0,-482.0,-301.0,-8.0,0.0,0.0,0.0,0.0,2.0,1.0,3166.0,3483.0,17.0,3573.0,3399.0,23.0,-407.0,84.0,-6.0,0.0,3.0,1.0,0.0,5.0,2.0,4597.0,5230.0,23.0,4852.0,5314.0,28.0,-255.0,-84.0,-5.0,0.0,7.0,1.0,0.0,7.0,3.0,5517.0,6731.0,23.0,5919.0,6385.0,32.0,-402.0,346.0,-9.0,0.0,11.0,1.0,0.0,9.0,4.0
ESPORTSTMNT05_3240495,complete,,EM,2023,Summer,0,2023-08-23 19:21:57,1,13.15,6,Red,top,Cabochard,oe:player:010c1b0d37c2b7459b215dae7ffeeac,Karmine Corp,oe:team:f3aa9bbd924ce3af42ac53f8326bc7c,Poppy,Tristana,Rumble,Maokai,Rakan,Zilean,,,,,,2576,0,4,4,8,21,26,0.0,0.0,0.0,0.0,0.0,0.0,0.0,0.0,0.4891,1.0714,,,,,,,,,,,,,,,,,,,,,0.0,0.0,,,,,,,,0.0,1.0,24755.0,576.5916,0.164694,870.9084,1907.9348,27.0,0.6289,9.0,0.2096,15.0,59.0,1.3742,14375,8844,205.9938,0.1843,13185.0,,,258.0,254.0,4.0,,,6.0093,3089.0,4410.0,81.0,3183.0,4544.0,75.0,-94.0,-134.0,6.0,0.0,0.0,1.0,0.0,1.0,0.0,5208.0,7116.0,117.0,5046.0,7412.0,120.0,162.0,-296.0,-3.0,1.0,0.0,2.0,0.0,2.0,1.0,7229.0,8926.0,147.0,6784.0,9579.0,152.0,445.0,-653.0,-5.0,2.0,1.0,3.0,0.0,4.0,2.0,8968.0,10699.0,171.0,9239.0,12420.0,192.0,-271.0,-1721.0,-21.0,3.0,2.0,3.0,2.0,6.0,2.0
ESPORTSTMNT05_3240495,complete,,EM,2023,Summer,0,2023-08-23 19:21:57,1,13.15,7,Red,jng,Cinkrof,oe:player:6b3481654facc1e7fe3e312883ea8f3,Karmine Corp,oe:team:f3aa9bbd924ce3af42ac53f8326bc7c,Trundle,Tristana,Rumble,Maokai,Rakan,Zilean,,,,,,2576,0,3,4,14,21,26,0.0,0.0,0.0,0.0,1.0,1.0,0.0,0.0,0.4891,1.0714,,,,,,,,,,,,,,,,,,,,,0.0,0.0,,,,,,,,0.0,0.0,14871.0,346.3742,0.0989362,1126.0947,1907.0264,12.0,0.2795,15.0,0.3494,10.0,66.0,1.5373,13490,7959,185.3804,0.165859,13250.0,,,197.0,30.0,167.0,,,4.5885,3499.0,3467.0,70.0,3193.0,3327.0,61.0,306.0,140.0,9.0,1.0,0.0,0.0,0.0,1.0,1.0,5668.0,5533.0,95.0,5595.0,5820.0,106.0,73.0,-287.0,-11.0,3.0,1.0,1.0,2.0,2.0,1.0,7113.0,7457.0,113.0,7206.0,8002.0,136.0,-93.0,-545.0,-23.0,3.0,3.0,1.0,2.0,6.0,1.0,8452.0,9379.0,138.0,8782.0,10427.0,163.0,-330.0,-1048.0,-25.0,3.0,4.0,2.0,2.0,10.0,1.0
ESPORTSTMNT05_3240495,complete,,EM,2023,Summer,0,2023-08-23 19:21:57,1,13.15,8,Red,mid,SAKEN,oe:player:1d43b8dc600eba61cd7dd2cd8d6baf6,Karmine Corp,oe:team:f3aa9bbd924ce3af42ac53f8326bc7c,Neeko,Tristana,Rumble,Maokai,Rakan,Zilean,,,,,,2576,0,3,6,9,21,26,0.0,0.0,0.0,0.0,1.0,0.0,1.0,0.0,0.4891,1.0714,,,,,,,,,,,,,,,,,,,,,0.0,0.0,,,,,,,,0.0,1.0,41902.0,975.9783,0.278772,701.6227,575.6366,7.0,0.163,6.0,0.1398,6.0,38.0,0.8851,14830,9299,216.5916,0.193782,14925.0,,,273.0,269.0,4.0,,,6.3587,3582.0,4407.0,83.0,3474.0,5099.0,62.0,108.0,-692.0,21.0,1.0,1.0,1.0,2.0,0.0,1.0,5554.0,7843.0,142.0,5645.0,7595.0,105.0,-91.0,248.0,37.0,1.0,2.0,1.0,3.0,1.0,2.0,6929.0,9551.0,164.0,8124.0,9627.0,132.0,-1195.0,-76.0,32.0,1.0,4.0,2.0,6.0,2.0,3.0,8642.0,12076.0,205.0,9728.0,12197.0,172.0,-1086.0,-121.0,33.0,1.0,4.0,3.0,6.0,4.0,4.0
ESPORTSTMNT05_3240495,complete,,EM,2023,Summer,0,2023-08-23 19:21:57,1,13.15,9,Red,bot,Caliste,oe:player:e2af2b779499aa25ab9a9c10c9a5ffd,Karmine Corp,oe:team:f3aa9bbd924ce3af42ac53f8326bc7c,Zeri,Tristana,Rumble,Maokai,Rakan,Zilean,,,,,,2576,0,11,5,4,21,26,1.0,1.0,1.0,0.0,0.0,0.0,0.0,0.0,0.4891,1.0714,,,,,,,,,,,,,,,,,,,,,1.0,1.0,,,,,,,,0.0,1.0,58088.0,1352.9814,0.386457,734.604,769.8447,17.0,0.396,15.0,0.3494,3.0,52.0,1.2112,23004,17473,406.9798,0.364113,27845.0,,,467.0,415.0,52.0,,,10.8773,3537.0,3973.0,96.0,3228.0,3772.0,86.0,309.0,201.0,10.0,0.0,0.0,0.0,0.0,0.0,0.0,6952.0,6608.0,148.0,5158.0,5838.0,132.0,1794.0,770.0,16.0,1.0,1.0,0.0,0.0,0.0,1.0,9286.0,8677.0,200.0,8227.0,8531.0,198.0,1059.0,146.0,2.0,2.0,1.0,1.0,1.0,3.0,1.0,11791.0,11308.0,259.0,10794.0,10783.0,251.0,997.0,525.0,8.0,3.0,2.0,2.0,3.0,4.0,2.0
ESPORTSTMNT05_3240495,complete,,EM,2023,Summer,0,2023-08-23 19:21:57,1,13.15,10,Red,sup,Targamas,oe:player:eaf899c6268995f9b1e40d1932c6888,Karmine Corp,oe:team:f3aa9bbd924ce3af42ac53f8326bc7c,Rell,Tristana,Rumble,Maokai,Rakan,Zilean,,,,,,2576,0,0,7,19,21,26,0.0,0.0,0.0,0.0,1.0,0.0,1.0,0.0,0.4891,1.0714,,,,,,,,,,,,,,,,,,,,,0.0,0.0,,,,,,,,0.0,0.0,10693.0,249.0606,0.0711401,660.3261,943.882,69.0,1.6071,13.0,0.3028,15.0,149.0,3.4705,9943,4412,102.764,0.0919456,9975.0,,,38.0,38.0,0.0,,,0.8851,2419.0,2131.0,18.0,1937.0,1830.0,10.0,482.0,301.0,8.0,0.0,2.0,1.0,0.0,0.0,0.0,3573.0,3399.0,23.0,3166.0,3483.0,17.0,407.0,-84.0,6.0,0.0,5.0,2.0,0.0,3.0,1.0,4852.0,5314.0,28.0,4597.0,5230.0,23.0,255.0,84.0,5.0,0.0,7.0,3.0,0.0,7.0,1.0,5919.0,6385.0,32.0,5517.0,6731.0,23.0,402.0,-346.0,9.0,0.0,9.0,4.0,0.0,11.0,1.0
ESPORTSTMNT05_3240495,complete,,EM,2023,Summer,0,2023-08-23 19:21:57,1,13.15,100,Blue,team,,,Nativz,oe:team:a73a242584df96b35d6e606d93608f8,,LeBlanc,Azir,Renekton,Viktor,Taliyah,Sejuani,Jax,Xayah,Braum,Yone,2576,1,25,21,61,25,21,5.0,3.0,0.0,0.0,0.0,,,,0.5823,1.0714,0.0,2.0,4.0,1.0,4.0,0.0,0.0,0.0,1.0,0.0,0.0,,1.0,0.0,1.0,1.0,1.0,,,0.0,1.0,1.0,0.0,11.0,5.0,1.0,1.0,3.0,6.0,5.0,0.0,147230.0,3429.2702,,4441.9798,5276.6227,128.0,2.9814,51.0,1.1879,53.0,319.0,7.4301,80685,53032,1235.2174,,75025.0,-0.0538893,-0.59,,1007.0,246.0,,,29.1848,15015.0,18572.0,294.0,16126.0,18388.0,348.0,-1111.0,184.0,-54.0,2.0,2.0,2.0,2.0,3.0,3.0,24610.0,30148.0,480.0,26955.0,30499.0,525.0,-2345.0,-351.0,-45.0,5.0,8.0,6.0,6.0,9.0,6.0,34938.0,40969.0,641.0,35409.0,39925.0,652.0,-471.0,1044.0,-11.0,9.0,22.0,8.0,8.0,16.0,10.0,44060.0,52558.0,801.0,43772.0,49847.0,805.0,288.0,2711.0,-4.0,13.0,35.0,10.0,10.0,21.0,14.0
ESPORTSTMNT05_3240495,complete,,EM,2023,Summer,0,2023-08-23 19:21:57,1,13.15,200,Red,team,,,Karmine Corp,oe:team:f3aa9bbd924ce3af42ac53f8326bc7c,,Tristana,Rumble,Maokai,Rakan,Zilean,Rell,Zeri,Poppy,Neeko,Trundle,2576,0,21,26,54,21,26,1.0,1.0,1.0,0.0,1.0,,,,0.4891,1.0714,1.0,4.0,2.0,4.0,1.0,0.0,1.0,0.0,2.0,0.0,1.0,,0.0,1.0,0.0,1.0,1.0,,,1.0,1.0,1.0,1.0,5.0,11.0,0.0,0.0,6.0,3.0,0.0,5.0,150309.0,3500.986,,4093.5559,6104.3245,132.0,3.0745,58.0,1.3509,49.0,364.0,8.4783,75642,47989,1117.7562,,79180.0,0.0538893,0.59,,1006.0,227.0,,,28.7189,16126.0,18388.0,348.0,15015.0,18572.0,294.0,1111.0,-184.0,54.0,2.0,3.0,3.0,2.0,2.0,2.0,26955.0,30499.0,525.0,24610.0,30148.0,480.0,2345.0,351.0,45.0,6.0,9.0,6.0,5.0,8.0,6.0,35409.0,39925.0,652.0,34938.0,40969.0,641.0,471.0,-1044.0,11.0,8.0,16.0,10.0,9.0,22.0,8.0,43772.0,49847.0,805.0,44060.0,52558.0,801.0,-288.0,-2711.0,4.0,10.0,21.0,14.0,13.0,35.0,10.0
ESPORTSTMNT05_3241517,complete,,EM,2023,Summer,0,2023-08-23 19:26:04,1,13.15,1,Blue,top,Destroy,oe:player:21846207612858fb49a468b43e56dd3,İstanbul Wildcats,oe:team:a65adb2808377018a2a7832eb2bd7f4,Aatrox,Syndra,Ornn,Xayah,Rell,Vi,,,,,,1571,1,2,2,10,24,12,0.0,0.0,0.0,0.0,0.0,0.0,0.0,0.0,0.9166,1.3749,,,,,,,,,,,,,,,,,,,,,0.0,1.0,,,,,,,,0.0,0.0,17395.0,664.3539,0.198464,1000.9421,737.8358,10.0,0.3819,3.0,0.1146,7.0,29.0,1.1076,11162,7682,293.3927,0.192463,10625.0,,,256.0,219.0,37.0,,,9.7772,3191.0,4898.0,85.0,3334.0,4862.0,77.0,-143.0,36.0,8.0,0.0,0.0,1.0,1.0,0.0,0.0,5311.0,8187.0,151.0,5064.0,7921.0,129.0,247.0,266.0,22.0,0.0,0.0,1.0,1.0,0.0,0.0,8372.0,12161.0,223.0,7071.0,10555.0,182.0,1301.0,1606.0,41.0,0.0,4.0,1.0,2.0,0.0,1.0,10777.0,14282.0,253.0,8736.0,12167.0,207.0,2041.0,2115.0,46.0,2.0,8.0,2.0,3.0,0.0,3.0
ESPORTSTMNT05_3241517,complete,,EM,2023,Summer,0,2023-08-23 19:26:04,1,13.15,2,Blue,jng,Ferret,oe:player:92b76c3a9967d6322741aa6d2ba4a2b,İstanbul Wildcats,oe:team:a65adb2808377018a2a7832eb2bd7f4,Maokai,Syndra,Ornn,Xayah,Rell,Vi,,,,,,1571,1,5,1,11,24,12,1.0,1.0,0.0,0.0,0.0,0.0,0.0,0.0,0.9166,1.3749,,,,,,,,,,,,,,,,,,,,,0.0,0.0,,,,,,,,0.0,0.0,20740.0,792.1069,0.236628,746.1617,451.5468,6.0,0.2292,4.0,0.1528,3.0,34.0,1.2985,12509,9029,344.8377,0.226213,10575.0,,,149.0,23.0,126.0,,,5.6906,4039.0,3883.0,73.0,3846.0,3002.0,46.0,193.0,881.0,27.0,1.0,1.0,0.0,3.0,1.0,1.0,6308.0,5722.0,100.0,5398.0,5172.0,73.0,910.0,550.0,27.0,1.0,3.0,1.0,3.0,3.0,2.0,8679.0,7877.0,125.0,6854.0,7708.0,106.0,1825.0,169.0,19.0,1.0,5.0,1.0,3.0,5.0,3.0,11280.0,10152.0,144.0,7717.0,8867.0,115.0,3563.0,1285.0,29.0,2.0,11.0,1.0,3.0,6.0,5.0
ESPORTSTMNT05_3241517,complete,,EM,2023,Summer,0,2023-08-23 19:26:04,1,13.15,3,Blue,mid,Kofte,oe:player:db0cbdc72184ad44ab905be61fc0756,İstanbul Wildcats,oe:team:a65adb2808377018a2a7832eb2bd7f4,Tristana,Syndra,Ornn,Xayah,Rell,Vi,,,,,,1571,1,9,3,10,24,12,1.0,0.0,0.0,0.0,0.0,0.0,0.0,1.0,0.9166,1.3749,,,,,,,,,,,,,,,,,,,,,0.0,0.0,,,,,,,,1.0,0.0,23704.0,905.3087,0.270445,545.2705,413.6983,13.0,0.4965,11.0,0.4201,4.0,37.0,1.4131,14420,10940,417.823,0.274093,13060.0,,,227.0,211.0,16.0,,,8.6696,3721.0,4096.0,65.0,3741.0,4536.0,72.0,-20.0,-440.0,-7.0,1.0,1.0,3.0,1.0,3.0,1.0,6667.0,6820.0,119.0,5740.0,6974.0,118.0,927.0,-154.0,1.0,2.0,2.0,3.0,2.0,4.0,2.0,10270.0,10617.0,183.0,7368.0,8975.0,158.0,2902.0,1642.0,25.0,3.0,4.0,3.0,2.0,6.0,2.0,13561.0,13146.0,216.0,8445.0,10697.0,179.0,5116.0,2449.0,37.0,8.0,8.0,3.0,2.0,7.0,4.0
ESPORTSTMNT05_3241517,complete,,EM,2023,Summer,0,2023-08-23 19:26:04,1,13.15,4,Blue,bot,BAO,oe:player:6c1d0c529e73fe4c8b9a5306867c4bf,İstanbul Wildcats,oe:team:a65adb2808377018a2a7832eb2bd7f4,Zeri,Syndra,Ornn,Xayah,Rell,Vi,,,,,,1571,1,8,2,11,24,12,1.0,1.0,0.0,0.0,0.0,0.0,0.0,0.0,0.9166,1.3749,,,,,,,,,,,,,,,,,,,,,0.0,0.0,,,,,,,,0.0,0.0,21693.0,828.5041,0.247501,523.6919,290.6811,14.0,0.5347,14.0,0.5347,4.0,49.0,1.8714,12403,8923,340.7893,0.223557,11050.0,,,225.0,205.0,20.0,,,8.5933,3070.0,2866.0,76.0,3691.0,3170.0,84.0,-621.0,-304.0,-8.0,0.0,0.0,1.0,1.0,1.0,0.0,5613.0,5261.0,130.0,5594.0,5440.0,144.0,19.0,-179.0,-14.0,1.0,1.0,1.0,1.0,1.0,0.0,8444.0,8086.0,180.0,7925.0,7163.0,183.0,519.0,923.0,-3.0,4.0,2.0,2.0,3.0,2.0,1.0,11559.0,11237.0,221.0,9509.0,8703.0,217.0,2050.0,2534.0,4.0,7.0,7.0,2.0,3.0,2.0,3.0
ESPORTSTMNT05_3241517,complete,,EM,2023,Summer,0,2023-08-23 19:26:04,1,13.15,5,Blue,sup,Parus,oe:player:a9cfbc13e22eefdd22af7b346ce2af4,İstanbul Wildcats,oe:team:a65adb2808377018a2a7832eb2bd7f4,Rakan,Syndra,Ornn,Xayah,Rell,Vi,,,,,,1571,1,0,4,17,24,12,0.0,0.0,0.0,0.0,0.0,0.0,0.0,0.0,0.9166,1.3749,,,,,,,,,,,,,,,,,,,,,0.0,0.0,,,,,,,,1.0,0.0,4116.0,157.1992,0.0469606,653.6219,668.5169,47.0,1.795,8.0,0.3055,8.0,82.0,3.1318,6820,3340,127.5621,0.0836735,5800.0,,,29.0,29.0,0.0,,,1.1076,2046.0,2543.0,13.0,2352.0,2645.0,12.0,-306.0,-102.0,1.0,0.0,0.0,1.0,0.0,2.0,0.0,3417.0,3746.0,21.0,3655.0,4142.0,19.0,-238.0,-396.0,2.0,0.0,2.0,2.0,1.0,2.0,0.0,4591.0,4326.0,26.0,4703.0,5459.0,22.0,-112.0,-1133.0,4.0,0.0,4.0,4.0,1.0,5.0,1.0,6313.0,7812.0,29.0,5615.0,6985.0,27.0,698.0,827.0,2.0,0.0,13.0,4.0,1.0,6.0,4.0
ESPORTSTMNT05_3241517,complete,,EM,2023,Summer,0,2023-08-23 19:26:04,1,13.15,6,Red,top,CPM,oe:player:cbdaba5605992f8e1635ad782152d65,GTZ Esports,oe:team:3659b5cb3434354530c31ce71461fc1,Sion,Gwen,Rumble,Jayce,Ryze,Lulu,,,,,,1571,0,3,4,0,12,24,0.0,0.0,0.0,0.0,0.0,0.0,0.0,0.0,0.4583,1.3749,,,,,,,,,,,,,,,,,,,,,1.0,0.0,,,,,,,,0.0,0.0,11292.0,431.2667,0.185254,1205.8816,2012.1579,5.0,0.191,5.0,0.191,2.0,18.0,0.6875,9427,5947,227.1292,0.22936,8100.0,,,218.0,214.0,4.0,,,8.3259,3334.0,4862.0,77.0,3191.0,4898.0,85.0,143.0,-36.0,-8.0,1.0,0.0,0.0,0.0,0.0,1.0,5064.0,7921.0,129.0,5311.0,8187.0,151.0,-247.0,-266.0,-22.0,1.0,0.0,0.0,0.0,0.0,1.0,7071.0,10555.0,182.0,8372.0,12161.0,223.0,-1301.0,-1606.0,-41.0,2.0,0.0,1.0,0.0,4.0,1.0,8736.0,12167.0,207.0,10777.0,14282.0,253.0,-2041.0,-2115.0,-46.0,3.0,0.0,3.0,2.0,8.0,2.0
ESPORTSTMNT05_3241517,complete,,EM,2023,Summer,0,2023-08-23 19:26:04,1,13.15,7,Red,jng,Time,oe:player:550fa477eff3885416f22c0b3f2fc88,GTZ Esports,oe:team:3659b5cb3434354530c31ce71461fc1,Poppy,Gwen,Rumble,Jayce,Ryze,Lulu,,,,,,1571,0,3,6,6,12,24,0.0,0.0,0.0,0.0,1.0,1.0,0.0,0.0,0.4583,1.3749,,,,,,,,,,,,,,,,,,,,,0.0,0.0,,,,,,,,0.0,0.0,10955.0,418.3959,0.179726,842.9026,1009.0006,9.0,0.3437,9.0,0.3437,7.0,36.0,1.3749,8282,4802,183.3991,0.185197,7425.0,,,115.0,14.0,101.0,,,4.3921,3846.0,3002.0,46.0,4039.0,3883.0,73.0,-193.0,-881.0,-27.0,3.0,1.0,1.0,1.0,1.0,0.0,5398.0,5172.0,73.0,6308.0,5722.0,100.0,-910.0,-550.0,-27.0,3.0,3.0,2.0,1.0,3.0,1.0,6854.0,7708.0,106.0,8679.0,7877.0,125.0,-1825.0,-169.0,-19.0,3.0,5.0,3.0,1.0,5.0,1.0,7717.0,8867.0,115.0,11280.0,10152.0,144.0,-3563.0,-1285.0,-29.0,3.0,6.0,5.0,2.0,11.0,1.0
ESPORTSTMNT05_3241517,complete,,EM,2023,Summer,0,2023-08-23 19:26:04,1,13.15,8,Red,mid,Heroic,oe:player:c71b4244f70372f8be07a3e83c58490,GTZ Esports,oe:team:3659b5cb3434354530c31ce71461fc1,Taliyah,Gwen,Rumble,Jayce,Ryze,Lulu,,,,,,1571,0,2,5,7,12,24,0.0,0.0,0.0,0.0,1.0,0.0,1.0,0.0,0.4583,1.3749,,,,,,,,,,,,,,,,,,,,,0.0,0.0,,,,,,,,0.0,1.0,19264.0,735.7352,0.316042,560.2037,304.1248,13.0,0.4965,5.0,0.191,4.0,24.0,0.9166,9150,5670,216.55,0.218676,7700.0,,,183.0,175.0,8.0,,,6.9892,3741.0,4536.0,72.0,3721.0,4096.0,65.0,20.0,440.0,7.0,1.0,3.0,1.0,1.0,1.0,3.0,5740.0,6974.0,118.0,6667.0,6820.0,119.0,-927.0,154.0,-1.0,2.0,4.0,2.0,2.0,2.0,3.0,7368.0,8975.0,158.0,10270.0,10617.0,183.0,-2902.0,-1642.0,-25.0,2.0,6.0,2.0,3.0,4.0,3.0,8445.0,10697.0,179.0,13561.0,13146.0,216.0,-5116.0,-2449.0,-37.0,2.0,7.0,4.0,8.0,8.0,3.0
ESPORTSTMNT05_3241517,complete,,EM,2023,Summer,0,2023-08-23 19:26:04,1,13.15,9,Red,bot,Avra,oe:player:1a38c55db5f8af06ebac94d8530ff71,GTZ Esports,oe:team:3659b5cb3434354530c31ce71461fc1,Varus,Gwen,Rumble,Jayce,Ryze,Lulu,,,,,,1571,0,3,4,2,12,24,0.0,0.0,0.0,0.0,0.0,0.0,0.0,0.0,0.4583,1.3749,,,,,,,,,,,,,,,,,,,,,0.0,0.0,,,,,,,,0.0,0.0,15548.0,593.8129,0.255078,423.1318,227.2438,10.0,0.3819,16.0,0.6111,4.0,39.0,1.4895,10268,6788,259.2489,0.261797,9875.0,,,224.0,224.0,0.0,,,8.5551,3691.0,3170.0,84.0,3070.0,2866.0,76.0,621.0,304.0,8.0,1.0,1.0,0.0,0.0,0.0,1.0,5594.0,5440.0,144.0,5613.0,5261.0,130.0,-19.0,179.0,14.0,1.0,1.0,0.0,1.0,1.0,1.0,7925.0,7163.0,183.0,8444.0,8086.0,180.0,-519.0,-923.0,3.0,3.0,2.0,1.0,4.0,2.0,2.0,9509.0,8703.0,217.0,11559.0,11237.0,221.0,-2050.0,-2534.0,-4.0,3.0,2.0,3.0,7.0,7.0,2.0
ESPORTSTMNT05_3241517,complete,,EM,2023,Summer,0,2023-08-23 19:26:04,1,13.15,10,Red,sup,Nightmares,oe:player:fb20df3c2584739649c47e15bdd1e1e,GTZ Esports,oe:team:3659b5cb3434354530c31ce71461fc1,Alistar,Gwen,Rumble,Jayce,Ryze,Lulu,,,,,,1571,0,1,5,6,12,24,0.0,0.0,0.0,0.0,0.0,0.0,0.0,0.0,0.4583,1.3749,,,,,,,,,,,,,,,,,,,,,0.0,0.0,,,,,,,,0.0,1.0,3895.0,148.7588,0.0639006,758.2304,809.1789,33.0,1.2603,2.0,0.0764,10.0,53.0,2.0242,6202,2722,103.9593,0.104971,5450.0,,,27.0,27.0,0.0,,,1.0312,2352.0,2645.0,12.0,2046.0,2543.0,13.0,306.0,102.0,-1.0,0.0,2.0,0.0,0.0,0.0,1.0,3655.0,4142.0,19.0,3417.0,3746.0,21.0,238.0,396.0,-2.0,1.0,2.0,0.0,0.0,2.0,2.0,4703.0,5459.0,22.0,4591.0,4326.0,26.0,112.0,1133.0,-4.0,1.0,5.0,1.0,0.0,4.0,4.0,5615.0,6985.0,27.0,6313.0,7812.0,29.0,-698.0,-827.0,-2.0,1.0,6.0,4.0,0.0,13.0,4.0
ESPORTSTMNT05_3241517,complete,,EM,2023,Summer,0,2023-08-23 19:26:04,1,13.15,100,Blue,team,,,İstanbul Wildcats,oe:team:a65adb2808377018a2a7832eb2bd7f4,,Syndra,Ornn,Xayah,Rell,Vi,Aatrox,Maokai,Tristana,Zeri,Rakan,1571,1,24,12,59,24,12,3.0,2.0,0.0,0.0,0.0,,,,0.9166,1.3749,1.0,1.0,1.0,1.0,1.0,0.0,0.0,0.0,0.0,0.0,1.0,,0.0,0.0,1.0,2.0,0.0,,,0.0,0.0,1.0,1.0,10.0,0.0,1.0,1.0,7.0,1.0,2.0,0.0,87648.0,3347.4729,,3469.6881,2562.2788,90.0,3.4373,40.0,1.5277,26.0,231.0,8.8224,57314,39912,1524.3285,,51110.0,0.28017,2.51,,687.0,199.0,,,33.8383,16067.0,18286.0,312.0,16964.0,18215.0,291.0,-897.0,71.0,21.0,2.0,2.0,6.0,6.0,7.0,2.0,27316.0,29736.0,521.0,25451.0,29649.0,483.0,1865.0,87.0,38.0,4.0,8.0,8.0,8.0,10.0,4.0,40356.0,43067.0,737.0,33921.0,39860.0,651.0,6435.0,3207.0,86.0,8.0,19.0,11.0,11.0,18.0,8.0,53490.0,56629.0,863.0,40022.0,47419.0,745.0,13468.0,9210.0,118.0,19.0,47.0,12.0,12.0,21.0,19.0
ESPORTSTMNT05_3241517,complete,,EM,2023,Summer,0,2023-08-23 19:26:04,1,13.15,200,Red,team,,,GTZ Esports,oe:team:3659b5cb3434354530c31ce71461fc1,,Gwen,Rumble,Jayce,Ryze,Lulu,Sion,Alistar,Taliyah,Varus,Poppy,1571,0,12,24,21,12,24,0.0,0.0,0.0,0.0,1.0,,,,0.4583,1.3749,0.0,1.0,1.0,1.0,1.0,1.0,0.0,0.0,0.0,0.0,0.0,,0.0,0.0,0.0,0.0,2.0,,,1.0,1.0,0.0,0.0,0.0,10.0,0.0,0.0,1.0,7.0,0.0,2.0,60954.0,2327.9694,,3790.3501,4361.7059,70.0,2.6735,37.0,1.4131,27.0,170.0,6.4927,43329,25927,990.2101,,38550.0,-0.28017,-2.51,,654.0,113.0,,,29.2934,16964.0,18215.0,291.0,16067.0,18286.0,312.0,897.0,-71.0,-21.0,6.0,7.0,2.0,2.0,2.0,6.0,25451.0,29649.0,483.0,27316.0,29736.0,521.0,-1865.0,-87.0,-38.0,8.0,10.0,4.0,4.0,8.0,8.0,33921.0,39860.0,651.0,40356.0,43067.0,737.0,-6435.0,-3207.0,-86.0,11.0,18.0,8.0,8.0,19.0,11.0,40022.0,47419.0,745.0,53490.0,56629.0,863.0,-13468.0,-9210.0,-118.0,12.0,21.0,19.0,19.0,47.0,12.0
ESPORTSTMNT05_3241518,complete,,EM,2023,Summer,0,2023-08-23 20:29:49,1,13.15,1,Blue,top,Cabochard,oe:player:010c1b0d37c2b7459b215dae7ffeeac,Karmine Corp,oe:team:f3aa9bbd924ce3af42ac53f8326bc7c,Gnar,Tristana,Rumble,Sejuani,Ivern,Yone,,,,,,1916,1,0,3,4,14,10,0.0,0.0,0.0,0.0,0.0,0.0,0.0,0.0,0.4384,0.7516,,,,,,,,,,,,,,,,,,,,,0.0,0.0,,,,,,,,1.0,0.0,11376.0,356.2422,0.141598,539.5929,537.7453,13.0,0.4071,2.0,0.0626,6.0,31.0,0.9708,13931,9747,305.2296,0.229256,13108.0,,,286.0,262.0,24.0,,,8.9562,3190.0,4837.0,77.0,2897.0,4772.0,73.0,293.0,65.0,4.0,0.0,0.0,0.0,0.0,0.0,0.0,5097.0,7028.0,113.0,5450.0,8031.0,124.0,-353.0,-1003.0,-11.0,0.0,1.0,2.0,2.0,0.0,0.0,7964.0,10131.0,172.0,7238.0,10785.0,170.0,726.0,-654.0,2.0,0.0,1.0,2.0,2.0,0.0,0.0,10661.0,14155.0,222.0,9468.0,13041.0,202.0,1193.0,1114.0,20.0,0.0,2.0,2.0,3.0,2.0,0.0
ESPORTSTMNT05_3241518,complete,,EM,2023,Summer,0,2023-08-23 20:29:49,1,13.15,2,Blue,jng,Cinkrof,oe:player:6b3481654facc1e7fe3e312883ea8f3,Karmine Corp,oe:team:f3aa9bbd924ce3af42ac53f8326bc7c,Maokai,Tristana,Rumble,Sejuani,Ivern,Yone,,,,,,1916,1,1,3,8,14,10,0.0,0.0,0.0,0.0,1.0,0.0,1.0,0.0,0.4384,0.7516,,,,,,,,,,,,,,,,,,,,,1.0,0.0,,,,,,,,0.0,0.0,15965.0,499.9478,0.198718,978.1942,938.7683,11.0,0.3445,14.0,0.4384,9.0,54.0,1.691,10320,6136,192.1503,0.144321,10075.0,,,172.0,19.0,153.0,,,5.3862,3336.0,3475.0,66.0,3074.0,3308.0,68.0,262.0,167.0,-2.0,0.0,2.0,1.0,0.0,0.0,1.0,4830.0,5520.0,96.0,5134.0,6950.0,112.0,-304.0,-1430.0,-16.0,0.0,3.0,1.0,0.0,2.0,1.0,6126.0,7295.0,119.0,6590.0,8684.0,147.0,-464.0,-1389.0,-28.0,0.0,3.0,1.0,0.0,2.0,1.0,7970.0,10066.0,152.0,8658.0,10739.0,174.0,-688.0,-673.0,-22.0,0.0,5.0,2.0,1.0,5.0,2.0
ESPORTSTMNT05_3241518,complete,,EM,2023,Summer,0,2023-08-23 20:29:49,1,13.15,3,Blue,mid,SAKEN,oe:player:1d43b8dc600eba61cd7dd2cd8d6baf6,Karmine Corp,oe:team:f3aa9bbd924ce3af42ac53f8326bc7c,Ahri,Tristana,Rumble,Sejuani,Ivern,Yone,,,,,,1916,1,5,0,6,14,10,1.0,0.0,0.0,0.0,1.0,0.0,1.0,0.0,0.4384,0.7516,,,,,,,,,,,,,,,,,,,,,0.0,0.0,,,,,,,,0.0,0.0,18519.0,579.9269,0.230508,237.8079,158.9562,21.0,0.6576,11.0,0.3445,9.0,60.0,1.8789,13985,9801,306.9207,0.230526,13025.0,,,288.0,280.0,8.0,,,9.0188,3532.0,4505.0,86.0,3488.0,4528.0,88.0,44.0,-23.0,-2.0,0.0,3.0,0.0,1.0,0.0,1.0,5748.0,7751.0,146.0,5160.0,6913.0,137.0,588.0,838.0,9.0,1.0,3.0,0.0,1.0,0.0,2.0,8223.0,11214.0,212.0,6758.0,9405.0,180.0,1465.0,1809.0,32.0,1.0,3.0,0.0,1.0,0.0,2.0,10609.0,14720.0,252.0,8539.0,11483.0,204.0,2070.0,3237.0,48.0,3.0,3.0,0.0,2.0,3.0,3.0
ESPORTSTMNT05_3241518,complete,,EM,2023,Summer,0,2023-08-23 20:29:49,1,13.15,4,Blue,bot,Caliste,oe:player:e2af2b779499aa25ab9a9c10c9a5ffd,Karmine Corp,oe:team:f3aa9bbd924ce3af42ac53f8326bc7c,Zeri,Tristana,Rumble,Sejuani,Ivern,Yone,,,,,,1916,1,5,1,4,14,10,1.0,0.0,0.0,0.0,0.0,0.0,0.0,0.0,0.4384,0.7516,,,,,,,,,,,,,,,,,,,,,1.0,0.0,,,,,,,,0.0,0.0,28784.0,901.3779,0.358277,444.1127,375.6263,12.0,0.3758,5.0,0.1566,1.0,26.0,0.8142,16397,12213,382.453,0.287259,14555.0,,,360.0,331.0,29.0,,,11.2735,3513.0,3729.0,83.0,3494.0,3496.0,91.0,19.0,233.0,-8.0,1.0,0.0,0.0,0.0,1.0,0.0,6689.0,6869.0,138.0,5773.0,5472.0,154.0,916.0,1397.0,-16.0,2.0,0.0,0.0,0.0,1.0,1.0,9147.0,9801.0,206.0,7925.0,7927.0,217.0,1222.0,1874.0,-11.0,2.0,0.0,0.0,0.0,1.0,1.0,11388.0,13248.0,259.0,10706.0,10868.0,273.0,682.0,2380.0,-14.0,2.0,2.0,1.0,1.0,4.0,1.0
ESPORTSTMNT05_3241518,complete,,EM,2023,Summer,0,2023-08-23 20:29:49,1,13.15,5,Blue,sup,Targamas,oe:player:eaf899c6268995f9b1e40d1932c6888,Karmine Corp,oe:team:f3aa9bbd924ce3af42ac53f8326bc7c,Rell,Tristana,Rumble,Sejuani,Ivern,Yone,,,,,,1916,1,3,3,8,14,10,0.0,0.0,0.0,0.0,1.0,1.0,0.0,0.0,0.4384,0.7516,,,,,,,,,,,,,,,,,,,,,0.0,0.0,,,,,,,,1.0,0.0,5696.0,178.3716,0.0708987,339.1754,498.1002,42.0,1.3152,12.0,0.3758,10.0,97.0,3.0376,8803,4619,144.6451,0.108639,7800.0,,,34.0,34.0,0.0,,,1.0647,2905.0,2567.0,20.0,2204.0,2752.0,14.0,701.0,-185.0,6.0,2.0,1.0,0.0,0.0,1.0,1.0,3782.0,3245.0,22.0,3385.0,4445.0,25.0,397.0,-1200.0,-3.0,2.0,2.0,0.0,0.0,1.0,1.0,4983.0,4219.0,28.0,4147.0,5798.0,25.0,836.0,-1579.0,3.0,2.0,2.0,0.0,0.0,1.0,1.0,6317.0,6061.0,32.0,5282.0,7268.0,26.0,1035.0,-1207.0,6.0,2.0,4.0,2.0,0.0,5.0,1.0
ESPORTSTMNT05_3241518,complete,,EM,2023,Summer,0,2023-08-23 20:29:49,1,13.15,6,Red,top,Shikari,oe:player:41f0dede57989f2777d3cfe2dbf6bac,Nativz,oe:team:a73a242584df96b35d6e606d93608f8,Jax,LeBlanc,Azir,Renekton,Viktor,Taliyah,,,,,,1916,0,3,2,3,10,14,0.0,0.0,0.0,0.0,0.0,0.0,0.0,0.0,0.3132,0.7516,,,,,,,,,,,,,,,,,,,,,0.0,0.0,,,,,,,,0.0,1.0,7242.0,226.785,0.174767,663.5386,506.1795,18.0,0.5637,4.0,0.1253,7.0,36.0,1.1273,11551,7367,230.6994,0.222273,11475.0,,,246.0,242.0,4.0,,,7.7035,2897.0,4772.0,73.0,3190.0,4837.0,77.0,-293.0,-65.0,-4.0,0.0,0.0,0.0,0.0,0.0,0.0,5450.0,8031.0,124.0,5097.0,7028.0,113.0,353.0,1003.0,11.0,2.0,0.0,0.0,0.0,1.0,2.0,7238.0,10785.0,170.0,7964.0,10131.0,172.0,-726.0,654.0,-2.0,2.0,0.0,0.0,0.0,1.0,2.0,9468.0,13041.0,202.0,10661.0,14155.0,222.0,-1193.0,-1114.0,-20.0,3.0,2.0,0.0,0.0,2.0,2.0
ESPORTSTMNT05_3241518,complete,,EM,2023,Summer,0,2023-08-23 20:29:49,1,13.15,7,Red,jng,Stefan,oe:player:752b048c76633399b04f6e87a8b211c,Nativz,oe:team:a73a242584df96b35d6e606d93608f8,Trundle,LeBlanc,Azir,Renekton,Viktor,Taliyah,,,,,,1916,0,1,2,8,10,14,0.0,0.0,0.0,0.0,0.0,0.0,0.0,1.0,0.3132,0.7516,,,,,,,,,,,,,,,,,,,,,0.0,1.0,,,,,,,,0.0,0.0,6067.0,189.9896,0.146412,1121.2735,1396.8163,7.0,0.2192,14.0,0.4384,5.0,41.0,1.2839,10377,6193,193.9353,0.186851,9875.0,,,193.0,55.0,138.0,,,6.0438,3074.0,3308.0,68.0,3336.0,3475.0,66.0,-262.0,-167.0,2.0,0.0,0.0,1.0,0.0,2.0,1.0,5134.0,6950.0,112.0,4830.0,5520.0,96.0,304.0,1430.0,16.0,0.0,2.0,1.0,0.0,3.0,1.0,6590.0,8684.0,147.0,6126.0,7295.0,119.0,464.0,1389.0,28.0,0.0,2.0,1.0,0.0,3.0,1.0,8658.0,10739.0,174.0,7970.0,10066.0,152.0,688.0,673.0,22.0,1.0,5.0,2.0,0.0,5.0,2.0
ESPORTSTMNT05_3241518,complete,,EM,2023,Summer,0,2023-08-23 20:29:49,1,13.15,8,Red,mid,Vladi,oe:player:367fecc4cb53a8234abbd9f283b7997,Nativz,oe:team:a73a242584df96b35d6e606d93608f8,Neeko,LeBlanc,Azir,Renekton,Viktor,Taliyah,,,,,,1916,0,3,5,4,10,14,0.0,0.0,0.0,0.0,0.0,0.0,0.0,0.0,0.3132,0.7516,,,,,,,,,,,,,,,,,,,,,0.0,0.0,,,,,,,,0.0,0.0,11604.0,363.382,0.280033,468.0376,312.0877,8.0,0.2505,6.0,0.1879,4.0,22.0,0.6889,10950,6766,211.8789,0.20414,10185.0,,,250.0,246.0,4.0,,,7.8288,3488.0,4528.0,88.0,3532.0,4505.0,86.0,-44.0,23.0,2.0,1.0,0.0,1.0,0.0,3.0,0.0,5160.0,6913.0,137.0,5748.0,7751.0,146.0,-588.0,-838.0,-9.0,1.0,0.0,2.0,1.0,3.0,0.0,6758.0,9405.0,180.0,8223.0,11214.0,212.0,-1465.0,-1809.0,-32.0,1.0,0.0,2.0,1.0,3.0,0.0,8539.0,11483.0,204.0,10609.0,14720.0,252.0,-2070.0,-3237.0,-48.0,2.0,3.0,3.0,3.0,3.0,0.0
ESPORTSTMNT05_3241518,complete,,EM,2023,Summer,0,2023-08-23 20:29:49,1,13.15,9,Red,bot,DenVoksne,oe:player:ccfb5c69ebcc2008b1dca4ef5c56142,Nativz,oe:team:a73a242584df96b35d6e606d93608f8,Xayah,LeBlanc,Azir,Renekton,Viktor,Taliyah,,,,,,1916,0,3,2,5,10,14,0.0,0.0,0.0,0.0,0.0,0.0,0.0,0.0,0.3132,0.7516,,,,,,,,,,,,,,,,,,,,,0.0,1.0,,,,,,,,0.0,0.0,14726.0,461.1482,0.355374,424.3841,245.8873,10.0,0.3132,11.0,0.3445,1.0,27.0,0.8455,14773,10589,331.5971,0.319489,14475.0,,,362.0,338.0,24.0,,,11.3361,3494.0,3496.0,91.0,3513.0,3729.0,83.0,-19.0,-233.0,8.0,0.0,1.0,0.0,1.0,0.0,0.0,5773.0,5472.0,154.0,6689.0,6869.0,138.0,-916.0,-1397.0,16.0,0.0,1.0,1.0,2.0,0.0,0.0,7925.0,7927.0,217.0,9147.0,9801.0,206.0,-1222.0,-1874.0,11.0,0.0,1.0,1.0,2.0,0.0,0.0,10706.0,10868.0,273.0,11388.0,13248.0,259.0,-682.0,-2380.0,14.0,1.0,4.0,1.0,2.0,2.0,1.0
ESPORTSTMNT05_3241518,complete,,EM,2023,Summer,0,2023-08-23 20:29:49,1,13.15,10,Red,sup,Twiizt,oe:player:ae20b1872a922cdc5b8707fbe66c4f0,Nativz,oe:team:a73a242584df96b35d6e606d93608f8,Braum,LeBlanc,Azir,Renekton,Viktor,Taliyah,,,,,,1916,0,0,3,7,10,14,0.0,0.0,0.0,0.0,0.0,0.0,0.0,0.0,0.3132,0.7516,,,,,,,,,,,,,,,,,,,,,0.0,0.0,,,,,,,,0.0,1.0,1799.0,56.3361,0.0434143,586.8476,754.4468,44.0,1.3779,3.0,0.0939,12.0,70.0,2.1921,6413,2229,69.8017,0.0672472,6275.0,,,26.0,26.0,0.0,,,0.8142,2204.0,2752.0,14.0,2905.0,2567.0,20.0,-701.0,185.0,-6.0,0.0,1.0,1.0,2.0,1.0,0.0,3385.0,4445.0,25.0,3782.0,3245.0,22.0,-397.0,1200.0,3.0,0.0,1.0,1.0,2.0,2.0,0.0,4147.0,5798.0,25.0,4983.0,4219.0,28.0,-836.0,1579.0,-3.0,0.0,1.0,1.0,2.0,2.0,0.0,5282.0,7268.0,26.0,6317.0,6061.0,32.0,-1035.0,1207.0,-6.0,0.0,5.0,1.0,2.0,4.0,2.0
ESPORTSTMNT05_3241518,complete,,EM,2023,Summer,0,2023-08-23 20:29:49,1,13.15,100,Blue,team,,,Karmine Corp,oe:team:f3aa9bbd924ce3af42ac53f8326bc7c,,Tristana,Rumble,Sejuani,Ivern,Yone,Maokai,Zeri,Rell,Gnar,Ahri,1916,1,14,10,30,14,10,2.0,0.0,0.0,0.0,1.0,,,,0.4384,0.7516,0.0,3.0,2.0,3.0,2.0,0.0,2.0,1.0,0.0,0.0,0.0,,0.0,0.0,1.0,1.0,1.0,,,1.0,2.0,0.0,1.0,10.0,1.0,1.0,1.0,4.0,1.0,2.0,0.0,80340.0,2515.8664,,2538.8831,2509.1962,99.0,3.1002,44.0,1.3779,35.0,268.0,8.3925,63436,42515,1331.3674,,58563.0,0.113272,1.71,,926.0,214.0,,,35.6994,16476.0,19113.0,332.0,15157.0,18856.0,334.0,1319.0,257.0,-2.0,3.0,6.0,1.0,1.0,2.0,3.0,26146.0,30413.0,515.0,24902.0,31811.0,552.0,1244.0,-1398.0,-37.0,5.0,9.0,3.0,3.0,4.0,5.0,36443.0,42660.0,737.0,32658.0,42599.0,739.0,3785.0,61.0,-2.0,5.0,9.0,3.0,3.0,4.0,5.0,46945.0,58250.0,917.0,42653.0,53399.0,879.0,4292.0,4851.0,38.0,7.0,16.0,7.0,7.0,19.0,7.0
ESPORTSTMNT05_3241518,complete,,EM,2023,Summer,0,2023-08-23 20:29:49,1,13.15,200,Red,team,,,Nativz,oe:team:a73a242584df96b35d6e606d93608f8,,LeBlanc,Azir,Renekton,Viktor,Taliyah,Jax,Xayah,Braum,Trundle,Neeko,1916,0,10,14,27,10,14,0.0,0.0,0.0,0.0,0.0,,,,0.3132,0.7516,1.0,2.0,3.0,2.0,3.0,0.0,1.0,0.0,0.0,0.0,1.0,,0.0,0.0,0.0,1.0,1.0,,,0.0,0.0,2.0,0.0,1.0,10.0,0.0,0.0,1.0,4.0,0.0,2.0,41438.0,1297.6409,,3264.0814,3215.4175,87.0,2.7244,38.0,1.19,29.0,196.0,6.1378,54064,33143,1037.881,,52285.0,-0.113272,-1.71,,907.0,170.0,,,33.7265,15157.0,18856.0,334.0,16476.0,19113.0,332.0,-1319.0,-257.0,2.0,1.0,2.0,3.0,3.0,6.0,1.0,24902.0,31811.0,552.0,26146.0,30413.0,515.0,-1244.0,1398.0,37.0,3.0,4.0,5.0,5.0,9.0,3.0,32658.0,42599.0,739.0,36443.0,42660.0,737.0,-3785.0,-61.0,2.0,3.0,4.0,5.0,5.0,9.0,3.0,42653.0,53399.0,879.0,46945.0,58250.0,917.0,-4292.0,-4851.0,-38.0,7.0,19.0,7.0,7.0,16.0,7.0
ESPORTSTMNT05_3239479,complete,,EM,2023,Summer,0,2023-08-24 14:58:42,1,13.15,1,Blue,top,Marky,oe:player:197e012fb5163375e24dbbfdae34911,Movistar KOI,oe:team:4acc40654379b4da680be1bd3129dfa,Gnar,LeBlanc,Maokai,Rumble,K'Sante,Viego,,,,,,1782,0,2,5,2,9,18,0.0,0.0,0.0,0.0,0.0,0.0,0.0,0.0,0.303,0.9091,,,,,,,,,,,,,,,,,,,,,0.0,0.0,,,,,,,,0.0,0.0,10897.0,366.9024,0.199196,981.3468,727.2054,10.0,0.3367,7.0,0.2357,8.0,34.0,1.1448,10721,6810,229.2929,0.246336,10708.0,,,219.0,206.0,13.0,,,7.3737,3847.0,5230.0,88.0,2926.0,4565.0,72.0,921.0,665.0,16.0,1.0,0.0,0.0,0.0,0.0,1.0,6516.0,8147.0,146.0,4656.0,7490.0,129.0,1860.0,657.0,17.0,1.0,0.0,0.0,0.0,0.0,1.0,7912.0,10213.0,181.0,6156.0,9727.0,156.0,1756.0,486.0,25.0,1.0,0.0,2.0,0.0,1.0,1.0,9581.0,12881.0,218.0,8446.0,12068.0,184.0,1135.0,813.0,34.0,1.0,2.0,3.0,2.0,4.0,1.0
ESPORTSTMNT05_3239479,complete,,EM,2023,Summer,0,2023-08-24 14:58:42,1,13.15,2,Blue,jng,ISMA,oe:player:5450c7731de19c131ce20ea74933cc2,Movistar KOI,oe:team:4acc40654379b4da680be1bd3129dfa,Sejuani,LeBlanc,Maokai,Rumble,K'Sante,Viego,,,,,,1782,0,0,2,6,9,18,0.0,0.0,0.0,0.0,0.0,0.0,0.0,0.0,0.303,0.9091,,,,,,,,,,,,,,,,,,,,,0.0,1.0,,,,,,,,0.0,0.0,5734.0,193.064,0.104817,835.4882,1013.1987,10.0,0.3367,14.0,0.4714,9.0,51.0,1.7172,8563,4652,156.633,0.168277,8275.0,,,141.0,24.0,117.0,,,4.7475,3145.0,3068.0,44.0,2849.0,3044.0,54.0,296.0,24.0,-10.0,0.0,2.0,1.0,0.0,2.0,0.0,5094.0,6080.0,84.0,4431.0,4954.0,82.0,663.0,1126.0,2.0,0.0,4.0,1.0,1.0,2.0,0.0,6465.0,7711.0,109.0,6546.0,7630.0,111.0,-81.0,81.0,-2.0,0.0,5.0,1.0,2.0,3.0,0.0,7515.0,8993.0,124.0,8012.0,9497.0,124.0,-497.0,-504.0,0.0,0.0,6.0,1.0,3.0,7.0,0.0
ESPORTSTMNT05_3239479,complete,,EM,2023,Summer,0,2023-08-24 14:58:42,1,13.15,3,Blue,mid,Fresskowy,oe:player:cda093b28f577696b82604fb20037ad,Movistar KOI,oe:team:4acc40654379b4da680be1bd3129dfa,Ahri,LeBlanc,Maokai,Rumble,K'Sante,Viego,,,,,,1782,0,3,2,3,9,18,0.0,0.0,0.0,0.0,0.0,0.0,0.0,0.0,0.303,0.9091,,,,,,,,,,,,,,,,,,,,,0.0,0.0,,,,,,,,0.0,1.0,13847.0,466.229,0.253121,481.3468,303.5017,16.0,0.5387,5.0,0.1684,6.0,34.0,1.1448,10466,6555,220.7071,0.237113,9950.0,,,229.0,229.0,0.0,,,7.7104,3355.0,4949.0,77.0,3433.0,4976.0,96.0,-78.0,-27.0,-19.0,1.0,0.0,0.0,0.0,1.0,1.0,5444.0,7805.0,132.0,5340.0,7468.0,140.0,104.0,337.0,-8.0,2.0,0.0,1.0,0.0,2.0,3.0,7770.0,10536.0,179.0,7288.0,9626.0,180.0,482.0,910.0,-1.0,3.0,0.0,1.0,0.0,3.0,3.0,9096.0,12080.0,201.0,8531.0,11295.0,198.0,565.0,785.0,3.0,3.0,2.0,2.0,0.0,6.0,3.0
ESPORTSTMNT05_3239479,complete,,EM,2023,Summer,0,2023-08-24 14:58:42,1,13.15,4,Blue,bot,Supa,oe:player:1223a0ed2bfab9b714c72d965df8133,Movistar KOI,oe:team:4acc40654379b4da680be1bd3129dfa,Kai'Sa,LeBlanc,Maokai,Rumble,K'Sante,Viego,,,,,,1782,0,4,3,2,9,18,0.0,0.0,0.0,0.0,0.0,0.0,0.0,0.0,0.303,0.9091,,,,,,,,,,,,,,,,,,,,,0.0,0.0,,,,,,,,0.0,0.0,20567.0,692.4916,0.375962,385.6229,205.2862,7.0,0.2357,11.0,0.3704,0.0,32.0,1.0774,11618,7707,259.4949,0.278783,11450.0,,,244.0,240.0,4.0,,,8.2155,3087.0,3136.0,82.0,4228.0,3126.0,88.0,-1141.0,10.0,-6.0,0.0,0.0,0.0,2.0,0.0,0.0,5672.0,6440.0,146.0,6855.0,6352.0,155.0,-1183.0,88.0,-9.0,1.0,0.0,0.0,3.0,1.0,0.0,7673.0,8650.0,196.0,9744.0,9294.0,224.0,-2071.0,-644.0,-28.0,1.0,1.0,0.0,4.0,3.0,0.0,10624.0,10368.0,231.0,12395.0,11308.0,274.0,-1771.0,-940.0,-43.0,4.0,1.0,1.0,6.0,6.0,1.0
ESPORTSTMNT05_3239479,complete,,EM,2023,Summer,0,2023-08-24 14:58:42,1,13.15,5,Blue,sup,Alvaro,oe:player:f5bf9bd732b85e4dcab5121e4769ae4,Movistar KOI,oe:team:4acc40654379b4da680be1bd3129dfa,Nautilus,LeBlanc,Maokai,Rumble,K'Sante,Viego,,,,,,1782,0,0,6,5,9,18,0.0,0.0,0.0,0.0,0.0,0.0,0.0,1.0,0.303,0.9091,,,,,,,,,,,,,,,,,,,,,0.0,0.0,,,,,,,,0.0,0.0,3660.0,123.2323,0.0669043,514.4108,588.5522,40.0,1.3468,5.0,0.1684,13.0,72.0,2.4242,5832,1921,64.6801,0.069491,5800.0,,,31.0,31.0,0.0,,,1.0438,1943.0,1897.0,13.0,2375.0,2886.0,16.0,-432.0,-989.0,-3.0,0.0,0.0,1.0,0.0,2.0,0.0,3042.0,3447.0,19.0,3530.0,4072.0,24.0,-488.0,-625.0,-5.0,0.0,2.0,2.0,0.0,4.0,0.0,4095.0,4384.0,24.0,5005.0,6093.0,29.0,-910.0,-1709.0,-5.0,0.0,3.0,3.0,1.0,6.0,1.0,5027.0,5858.0,29.0,5921.0,7361.0,30.0,-894.0,-1503.0,-1.0,0.0,4.0,5.0,1.0,9.0,3.0
ESPORTSTMNT05_3239479,complete,,EM,2023,Summer,0,2023-08-24 14:58:42,1,13.15,6,Red,top,fabFabulous,oe:player:d12be4fd740afa31c400833bee2cba4,NASR eSports Turkey,oe:team:1bcba9d314932379a955b3de9e8654d,Malphite,Tristana,Taliyah,Nocturne,Alistar,Blitzcrank,,,,,,1782,1,2,2,7,18,9,0.0,0.0,0.0,0.0,0.0,0.0,0.0,0.0,0.6061,0.9091,,,,,,,,,,,,,,,,,,,,,0.0,0.0,,,,,,,,0.0,0.0,13378.0,450.4377,0.184037,576.0606,1203.4343,20.0,0.6734,7.0,0.2357,10.0,52.0,1.7508,10254,6343,213.569,0.175916,9150.0,,,195.0,191.0,4.0,,,6.5657,2926.0,4565.0,72.0,3847.0,5230.0,88.0,-921.0,-665.0,-16.0,0.0,0.0,1.0,1.0,0.0,0.0,4656.0,7490.0,129.0,6516.0,8147.0,146.0,-1860.0,-657.0,-17.0,0.0,0.0,1.0,1.0,0.0,0.0,6156.0,9727.0,156.0,7912.0,10213.0,181.0,-1756.0,-486.0,-25.0,0.0,1.0,1.0,1.0,0.0,2.0,8446.0,12068.0,184.0,9581.0,12881.0,218.0,-1135.0,-813.0,-34.0,2.0,4.0,1.0,1.0,2.0,3.0
ESPORTSTMNT05_3239479,complete,,EM,2023,Summer,0,2023-08-24 14:58:42,1,13.15,7,Red,jng,Typhoon,oe:player:8a729e3599082e74fcca776b295d0e1,NASR eSports Turkey,oe:team:1bcba9d314932379a955b3de9e8654d,Poppy,Tristana,Taliyah,Nocturne,Alistar,Blitzcrank,,,,,,1782,1,3,0,10,18,9,0.0,0.0,0.0,0.0,1.0,0.0,1.0,0.0,0.6061,0.9091,,,,,,,,,,,,,,,,,,,,,1.0,0.0,,,,,,,,0.0,0.0,5003.0,168.4512,0.0688246,585.0505,948.4175,9.0,0.303,11.0,0.3704,6.0,42.0,1.4141,9781,5870,197.6431,0.162798,8750.0,,,140.0,22.0,118.0,,,4.7138,2849.0,3044.0,54.0,3145.0,3068.0,44.0,-296.0,-24.0,10.0,0.0,2.0,0.0,0.0,2.0,1.0,4431.0,4954.0,82.0,5094.0,6080.0,84.0,-663.0,-1126.0,-2.0,1.0,2.0,0.0,0.0,4.0,1.0,6546.0,7630.0,111.0,6465.0,7711.0,109.0,81.0,-81.0,2.0,2.0,3.0,0.0,0.0,5.0,1.0,8012.0,9497.0,124.0,7515.0,8993.0,124.0,497.0,504.0,0.0,3.0,7.0,0.0,0.0,6.0,1.0
ESPORTSTMNT05_3239479,complete,,EM,2023,Summer,0,2023-08-24 14:58:42,1,13.15,8,Red,mid,Whistle,oe:player:d62f8789d640fc4bf972663ddd10b77,NASR eSports Turkey,oe:team:1bcba9d314932379a955b3de9e8654d,Neeko,Tristana,Taliyah,Nocturne,Alistar,Blitzcrank,,,,,,1782,1,1,3,11,18,9,0.0,0.0,0.0,0.0,1.0,0.0,1.0,0.0,0.6061,0.9091,,,,,,,,,,,,,,,,,,,,,0.0,0.0,,,,,,,,1.0,0.0,21770.0,732.9966,0.299483,536.8687,335.3535,8.0,0.2694,8.0,0.2694,5.0,36.0,1.2121,11213,7302,245.8586,0.202513,9525.0,,,215.0,211.0,4.0,,,7.2391,3433.0,4976.0,96.0,3355.0,4949.0,77.0,78.0,27.0,19.0,0.0,1.0,1.0,1.0,0.0,0.0,5340.0,7468.0,140.0,5444.0,7805.0,132.0,-104.0,-337.0,8.0,0.0,2.0,3.0,2.0,0.0,1.0,7288.0,9626.0,180.0,7770.0,10536.0,179.0,-482.0,-910.0,1.0,0.0,3.0,3.0,3.0,0.0,1.0,8531.0,11295.0,198.0,9096.0,12080.0,201.0,-565.0,-785.0,-3.0,0.0,6.0,3.0,3.0,2.0,2.0
ESPORTSTMNT05_3239479,complete,,EM,2023,Summer,0,2023-08-24 14:58:42,1,13.15,9,Red,bot,Scorth,oe:player:a177d116efe77552eb3068675c777f2,NASR eSports Turkey,oe:team:1bcba9d314932379a955b3de9e8654d,Xayah,Tristana,Taliyah,Nocturne,Alistar,Blitzcrank,,,,,,1782,1,11,1,7,18,9,1.0,1.0,0.0,0.0,1.0,1.0,0.0,0.0,0.6061,0.9091,,,,,,,,,,,,,,,,,,,,,0.0,0.0,,,,,,,,0.0,0.0,28350.0,954.5455,0.390002,373.8384,197.3401,14.0,0.4714,11.0,0.3704,5.0,44.0,1.4815,16721,12810,431.3131,0.355268,14475.0,,,326.0,304.0,22.0,,,10.9764,4228.0,3126.0,88.0,3087.0,3136.0,82.0,1141.0,-10.0,6.0,2.0,0.0,0.0,0.0,0.0,0.0,6855.0,6352.0,155.0,5672.0,6440.0,146.0,1183.0,-88.0,9.0,3.0,1.0,0.0,1.0,0.0,0.0,9744.0,9294.0,224.0,7673.0,8650.0,196.0,2071.0,644.0,28.0,4.0,3.0,0.0,1.0,1.0,0.0,12395.0,11308.0,274.0,10624.0,10368.0,231.0,1771.0,940.0,43.0,6.0,6.0,1.0,4.0,1.0,1.0
ESPORTSTMNT05_3239479,complete,,EM,2023,Summer,0,2023-08-24 14:58:42,1,13.15,10,Red,sup,Patch,oe:player:7c8d8bf5d11af12d15aad3ce6bf5522,NASR eSports Turkey,oe:team:1bcba9d314932379a955b3de9e8654d,Rell,Tristana,Taliyah,Nocturne,Alistar,Blitzcrank,,,,,,1782,1,1,3,15,18,9,0.0,0.0,0.0,0.0,1.0,0.0,1.0,0.0,0.6061,0.9091,,,,,,,,,,,,,,,,,,,,,0.0,0.0,,,,,,,,0.0,0.0,4191.0,141.1111,0.0576542,476.5657,714.9832,47.0,1.5825,9.0,0.303,12.0,91.0,3.064,7643,3732,125.6566,0.103504,6650.0,,,34.0,34.0,0.0,,,1.1448,2375.0,2886.0,16.0,1943.0,1897.0,13.0,432.0,989.0,3.0,0.0,2.0,0.0,0.0,0.0,1.0,3530.0,4072.0,24.0,3042.0,3447.0,19.0,488.0,625.0,5.0,0.0,4.0,0.0,0.0,2.0,2.0,5005.0,6093.0,29.0,4095.0,4384.0,24.0,910.0,1709.0,5.0,1.0,6.0,1.0,0.0,3.0,3.0,5921.0,7361.0,30.0,5027.0,5858.0,29.0,894.0,1503.0,1.0,1.0,9.0,3.0,0.0,4.0,5.0
ESPORTSTMNT05_3239479,complete,,EM,2023,Summer,0,2023-08-24 14:58:42,1,13.15,100,Blue,team,,,Movistar KOI,oe:team:4acc40654379b4da680be1bd3129dfa,,LeBlanc,Maokai,Rumble,K'Sante,Viego,Kai'Sa,Sejuani,Ahri,Nautilus,Gnar,1782,0,9,18,18,9,18,0.0,0.0,0.0,0.0,0.0,,,,0.303,0.9091,0.0,0.0,4.0,0.0,4.0,0.0,0.0,0.0,0.0,0.0,0.0,,0.0,0.0,1.0,1.0,1.0,,,0.0,0.0,1.0,1.0,2.0,9.0,0.0,0.0,6.0,5.0,0.0,1.0,54705.0,1841.9192,,3198.2155,2837.7441,83.0,2.7946,42.0,1.4141,36.0,223.0,7.5084,47200,27646,930.8418,,46183.0,-0.049972,-0.57,,730.0,134.0,,,29.0909,15377.0,18280.0,304.0,15811.0,18597.0,326.0,-434.0,-317.0,-22.0,2.0,2.0,2.0,2.0,5.0,2.0,25768.0,31919.0,527.0,24812.0,30336.0,530.0,956.0,1583.0,-3.0,4.0,6.0,4.0,4.0,9.0,4.0,33915.0,41494.0,689.0,34739.0,42370.0,700.0,-824.0,-876.0,-11.0,5.0,9.0,7.0,7.0,16.0,5.0,41843.0,50180.0,803.0,43305.0,51529.0,810.0,-1462.0,-1349.0,-7.0,8.0,15.0,12.0,12.0,32.0,8.0
ESPORTSTMNT05_3239479,complete,,EM,2023,Summer,0,2023-08-24 14:58:42,1,13.15,200,Red,team,,,NASR eSports Turkey,oe:team:1bcba9d314932379a955b3de9e8654d,,Tristana,Taliyah,Nocturne,Alistar,Blitzcrank,Xayah,Rell,Neeko,Poppy,Malphite,1782,1,18,9,50,18,9,1.0,1.0,0.0,0.0,1.0,,,,0.6061,0.9091,1.0,4.0,0.0,4.0,0.0,0.0,0.0,1.0,1.0,2.0,0.0,,0.0,0.0,0.0,1.0,1.0,,,1.0,1.0,0.0,0.0,9.0,2.0,1.0,1.0,5.0,6.0,1.0,0.0,72692.0,2447.5421,,2548.3838,3399.5286,98.0,3.2997,46.0,1.5488,38.0,265.0,8.9226,55612,36058,1214.0741,,48550.0,0.049972,0.57,,762.0,148.0,,,30.6397,15811.0,18597.0,326.0,15377.0,18280.0,304.0,434.0,317.0,22.0,2.0,5.0,2.0,2.0,2.0,2.0,24812.0,30336.0,530.0,25768.0,31919.0,527.0,-956.0,-1583.0,3.0,4.0,9.0,4.0,4.0,6.0,4.0,34739.0,42370.0,700.0,33915.0,41494.0,689.0,824.0,876.0,11.0,7.0,16.0,5.0,5.0,9.0,7.0,43305.0,51529.0,810.0,41843.0,50180.0,803.0,1462.0,1349.0,7.0,12.0,32.0,8.0,8.0,15.0,12.0
ESPORTSTMNT05_3241525,complete,,EM,2023,Summer,0,2023-08-24 15:03:08,1,13.15,1,Blue,top,JNX,oe:player:4bb53c6fa9f5d75901136feb8bdf817,SK Gaming Prime,oe:team:aa8c3b781d96ddb7a24ab3240918988,K'Sante,Renekton,Amumu,Kai'Sa,Jax,Alistar,,,,,,1820,1,5,0,3,19,6,1.0,0.0,0.0,0.0,0.0,0.0,0.0,0.0,0.6264,0.8242,,,,,,,,,,,,,,,,,,,,,0.0,0.0,,,,,,,,0.0,0.0,8927.0,294.2967,0.158011,481.2857,838.3846,18.0,0.5934,5.0,0.1648,7.0,42.0,1.3846,14169,10181,335.6374,0.23379,12025.0,,,275.0,261.0,14.0,,,9.0659,3391.0,5083.0,94.0,3445.0,5112.0,98.0,-54.0,-29.0,-4.0,0.0,0.0,0.0,0.0,0.0,0.0,5597.0,8496.0,143.0,5362.0,7732.0,145.0,235.0,764.0,-2.0,1.0,0.0,0.0,0.0,0.0,1.0,8283.0,11611.0,197.0,7259.0,10420.0,192.0,1024.0,1191.0,5.0,2.0,1.0,0.0,0.0,1.0,2.0,11083.0,14717.0,240.0,8602.0,12492.0,225.0,2481.0,2225.0,15.0,3.0,2.0,0.0,0.0,1.0,3.0
ESPORTSTMNT05_3241525,complete,,EM,2023,Summer,0,2023-08-24 15:03:08,1,13.15,2,Blue,jng,Lurox,oe:player:6fc5fe723eed4ba4c230292be365c66,SK Gaming Prime,oe:team:aa8c3b781d96ddb7a24ab3240918988,Maokai,Renekton,Amumu,Kai'Sa,Jax,Alistar,,,,,,1820,1,0,1,15,19,6,0.0,0.0,0.0,0.0,1.0,0.0,1.0,0.0,0.6264,0.8242,,,,,,,,,,,,,,,,,,,,,1.0,0.0,,,,,,,,0.0,0.0,7331.0,241.6813,0.129761,930.8242,945.6923,8.0,0.2637,15.0,0.4945,7.0,54.0,1.7802,10318,6330,208.6813,0.145354,8825.0,,,165.0,27.0,138.0,,,5.4396,3494.0,3706.0,71.0,3816.0,3686.0,68.0,-322.0,20.0,3.0,0.0,3.0,1.0,1.0,2.0,1.0,5018.0,5527.0,103.0,5288.0,5844.0,104.0,-270.0,-317.0,-1.0,0.0,3.0,1.0,1.0,2.0,1.0,6699.0,8302.0,133.0,7239.0,8312.0,133.0,-540.0,-10.0,0.0,0.0,7.0,1.0,2.0,3.0,1.0,8326.0,11000.0,144.0,8329.0,10054.0,150.0,-3.0,946.0,-6.0,0.0,11.0,1.0,2.0,3.0,2.0
ESPORTSTMNT05_3241525,complete,,EM,2023,Summer,0,2023-08-24 15:03:08,1,13.15,3,Blue,mid,FEBIVEN,oe:player:d62421836c8b27dc3ffaffa058b8098,SK Gaming Prime,oe:team:aa8c3b781d96ddb7a24ab3240918988,LeBlanc,Renekton,Amumu,Kai'Sa,Jax,Alistar,,,,,,1820,1,7,2,10,19,6,1.0,0.0,0.0,0.0,1.0,1.0,0.0,0.0,0.6264,0.8242,,,,,,,,,,,,,,,,,,,,,0.0,0.0,,,,,,,,1.0,0.0,21611.0,712.4505,0.382523,535.0549,394.3516,13.0,0.4286,14.0,0.4615,6.0,44.0,1.4505,15610,11622,383.1429,0.266881,12600.0,,,300.0,300.0,0.0,,,9.8901,4386.0,5089.0,94.0,3199.0,4712.0,83.0,1187.0,377.0,11.0,2.0,2.0,0.0,0.0,1.0,1.0,6504.0,8230.0,155.0,5008.0,7721.0,140.0,1496.0,509.0,15.0,2.0,2.0,0.0,0.0,1.0,1.0,9172.0,11083.0,197.0,6756.0,9580.0,174.0,2416.0,1503.0,23.0,4.0,4.0,2.0,0.0,2.0,3.0,11914.0,15440.0,255.0,8772.0,11520.0,207.0,3142.0,3920.0,48.0,5.0,7.0,2.0,1.0,2.0,4.0
ESPORTSTMNT05_3241525,complete,,EM,2023,Summer,0,2023-08-24 15:03:08,1,13.15,4,Blue,bot,Keduii,oe:player:44189e6dc3089dbf9520de800fa705a,SK Gaming Prime,oe:team:aa8c3b781d96ddb7a24ab3240918988,Xayah,Renekton,Amumu,Kai'Sa,Jax,Alistar,,,,,,1820,1,6,2,4,19,6,1.0,0.0,0.0,0.0,0.0,0.0,0.0,0.0,0.6264,0.8242,,,,,,,,,,,,,,,,,,,,,1.0,0.0,,,,,,,,0.0,0.0,14363.0,473.5055,0.25423,362.011,180.0,14.0,0.4615,13.0,0.4286,5.0,49.0,1.6154,15322,11334,373.6484,0.260267,11725.0,,,329.0,265.0,64.0,,,10.8462,3572.0,2806.0,72.0,4124.0,3247.0,90.0,-552.0,-441.0,-18.0,2.0,0.0,1.0,2.0,1.0,2.0,5559.0,5672.0,134.0,6419.0,5845.0,151.0,-860.0,-173.0,-17.0,2.0,0.0,1.0,2.0,1.0,2.0,8583.0,8984.0,198.0,9122.0,8475.0,211.0,-539.0,509.0,-13.0,4.0,2.0,1.0,3.0,1.0,2.0,11296.0,12669.0,263.0,11635.0,11765.0,283.0,-339.0,904.0,-20.0,5.0,2.0,2.0,3.0,2.0,2.0
ESPORTSTMNT05_3241525,complete,,EM,2023,Summer,0,2023-08-24 15:03:08,1,13.15,5,Blue,sup,Prime,oe:player:e038414b765a8bda52e602f7eaeff04,SK Gaming Prime,oe:team:aa8c3b781d96ddb7a24ab3240918988,Blitzcrank,Renekton,Amumu,Kai'Sa,Jax,Alistar,,,,,,1820,1,1,1,12,19,6,0.0,0.0,0.0,0.0,1.0,0.0,1.0,0.0,0.6264,0.8242,,,,,,,,,,,,,,,,,,,,,0.0,0.0,,,,,,,,0.0,0.0,4264.0,140.5714,0.0754744,279.5604,195.3956,60.0,1.978,11.0,0.3626,18.0,111.0,3.6593,8069,4081,134.5385,0.0937078,6750.0,,,39.0,39.0,0.0,,,1.2857,2234.0,2149.0,12.0,2277.0,2294.0,11.0,-43.0,-145.0,1.0,0.0,3.0,1.0,0.0,3.0,0.0,3333.0,3190.0,24.0,3303.0,3215.0,20.0,30.0,-25.0,4.0,0.0,3.0,1.0,0.0,3.0,0.0,4857.0,5115.0,32.0,4343.0,4864.0,23.0,514.0,251.0,9.0,0.0,7.0,1.0,0.0,4.0,2.0,6439.0,7194.0,36.0,5355.0,5498.0,26.0,1084.0,1696.0,10.0,1.0,8.0,1.0,0.0,5.0,3.0
ESPORTSTMNT05_3241525,complete,,EM,2023,Summer,0,2023-08-24 15:03:08,1,13.15,6,Red,top,Howling,oe:player:4f6302984cea43e6384d488973fe1d2,BK ROG Esports,oe:team:c40f6d0d20a7a718c60342e48c144a2,Gnar,Kalista,Rumble,Tristana,Poppy,Rakan,,,,,,1820,0,0,4,1,6,19,0.0,0.0,0.0,0.0,0.0,0.0,0.0,0.0,0.1978,0.8242,,,,,,,,,,,,,,,,,,,,,0.0,0.0,,,,,,,,0.0,0.0,11050.0,364.2857,0.209284,598.4835,500.1429,11.0,0.3626,4.0,0.1319,0.0,23.0,0.7582,10625,6637,218.8022,0.219799,10158.0,,,274.0,270.0,4.0,,,9.033,3445.0,5112.0,98.0,3391.0,5083.0,94.0,54.0,29.0,4.0,0.0,0.0,0.0,0.0,0.0,0.0,5362.0,7732.0,145.0,5597.0,8496.0,143.0,-235.0,-764.0,2.0,0.0,0.0,1.0,1.0,0.0,0.0,7259.0,10420.0,192.0,8283.0,11611.0,197.0,-1024.0,-1191.0,-5.0,0.0,1.0,2.0,2.0,1.0,0.0,8602.0,12492.0,225.0,11083.0,14717.0,240.0,-2481.0,-2225.0,-15.0,0.0,1.0,3.0,3.0,2.0,0.0
ESPORTSTMNT05_3241525,complete,,EM,2023,Summer,0,2023-08-24 15:03:08,1,13.15,7,Red,jng,Pridestalkr,oe:player:99594a251af944b3571fe7f37363303,BK ROG Esports,oe:team:c40f6d0d20a7a718c60342e48c144a2,Sejuani,Kalista,Rumble,Tristana,Poppy,Rakan,,,,,,1820,0,2,3,3,6,19,0.0,0.0,0.0,0.0,0.0,0.0,0.0,1.0,0.1978,0.8242,,,,,,,,,,,,,,,,,,,,,0.0,1.0,,,,,,,,0.0,0.0,4762.0,156.989,0.0901911,820.1209,1218.1319,7.0,0.2308,3.0,0.0989,6.0,23.0,0.7582,9192,5204,171.5604,0.172339,8650.0,,,155.0,11.0,144.0,,,5.1099,3816.0,3686.0,68.0,3494.0,3706.0,71.0,322.0,-20.0,-3.0,1.0,2.0,1.0,0.0,3.0,1.0,5288.0,5844.0,104.0,5018.0,5527.0,103.0,270.0,317.0,1.0,1.0,2.0,1.0,0.0,3.0,1.0,7239.0,8312.0,133.0,6699.0,8302.0,133.0,540.0,10.0,0.0,2.0,3.0,1.0,0.0,7.0,1.0,8329.0,10054.0,150.0,8326.0,11000.0,144.0,3.0,-946.0,6.0,2.0,3.0,2.0,0.0,11.0,1.0
ESPORTSTMNT05_3241525,complete,,EM,2023,Summer,0,2023-08-24 15:03:08,1,13.15,8,Red,mid,Czekolad,oe:player:6606138426fa9bbef349c96b4afbc77,BK ROG Esports,oe:team:c40f6d0d20a7a718c60342e48c144a2,Azir,Kalista,Rumble,Tristana,Poppy,Rakan,,,,,,1820,0,1,5,2,6,19,0.0,0.0,0.0,0.0,0.0,0.0,0.0,0.0,0.1978,0.8242,,,,,,,,,,,,,,,,,,,,,0.0,0.0,,,,,,,,0.0,1.0,14980.0,493.8462,0.283717,590.9011,422.6374,12.0,0.3956,4.0,0.1319,1.0,23.0,0.7582,10220,6232,205.4505,0.206385,9425.0,,,242.0,239.0,3.0,,,7.978,3199.0,4712.0,83.0,4386.0,5089.0,94.0,-1187.0,-377.0,-11.0,0.0,1.0,1.0,2.0,2.0,0.0,5008.0,7721.0,140.0,6504.0,8230.0,155.0,-1496.0,-509.0,-15.0,0.0,1.0,1.0,2.0,2.0,0.0,6756.0,9580.0,174.0,9172.0,11083.0,197.0,-2416.0,-1503.0,-23.0,0.0,2.0,3.0,4.0,4.0,2.0,8772.0,11520.0,207.0,11914.0,15440.0,255.0,-3142.0,-3920.0,-48.0,1.0,2.0,4.0,5.0,7.0,2.0
ESPORTSTMNT05_3241525,complete,,EM,2023,Summer,0,2023-08-24 15:03:08,1,13.15,9,Red,bot,Trigger,oe:player:5bc99370722c5ecbfa9b3c1e17338e6,BK ROG Esports,oe:team:c40f6d0d20a7a718c60342e48c144a2,Zeri,Kalista,Rumble,Tristana,Poppy,Rakan,,,,,,1820,0,3,3,2,6,19,0.0,0.0,0.0,0.0,0.0,0.0,0.0,0.0,0.1978,0.8242,,,,,,,,,,,,,,,,,,,,,0.0,1.0,,,,,,,,0.0,0.0,18454.0,608.3736,0.349514,395.3407,298.9121,12.0,0.3956,29.0,0.956,4.0,71.0,2.3407,13914,9926,327.2308,0.328728,13350.0,,,333.0,308.0,25.0,,,10.978,4124.0,3247.0,90.0,3572.0,2806.0,72.0,552.0,441.0,18.0,2.0,1.0,2.0,2.0,0.0,1.0,6419.0,5845.0,151.0,5559.0,5672.0,134.0,860.0,173.0,17.0,2.0,1.0,2.0,2.0,0.0,1.0,9122.0,8475.0,211.0,8583.0,8984.0,198.0,539.0,-509.0,13.0,3.0,1.0,2.0,4.0,2.0,1.0,11635.0,11765.0,283.0,11296.0,12669.0,263.0,339.0,-904.0,20.0,3.0,2.0,2.0,5.0,2.0,2.0
ESPORTSTMNT05_3241525,complete,,EM,2023,Summer,0,2023-08-24 15:03:08,1,13.15,10,Red,sup,Veignorem,oe:player:e1dbe2b979510dba78b229327292a10,BK ROG Esports,oe:team:c40f6d0d20a7a718c60342e48c144a2,Rell,Kalista,Rumble,Tristana,Poppy,Rakan,,,,,,1820,0,0,4,5,6,19,0.0,0.0,0.0,0.0,0.0,0.0,0.0,0.0,0.1978,0.8242,,,,,,,,,,,,,,,,,,,,,0.0,0.0,,,,,,,,0.0,0.0,3553.0,117.1319,0.0672929,358.5165,443.011,65.0,2.1429,6.0,0.1978,18.0,99.0,3.2637,6185,2197,72.4286,0.0727496,6075.0,,,26.0,26.0,0.0,,,0.8571,2277.0,2294.0,11.0,2234.0,2149.0,12.0,43.0,145.0,-1.0,0.0,3.0,0.0,0.0,3.0,1.0,3303.0,3215.0,20.0,3333.0,3190.0,24.0,-30.0,25.0,-4.0,0.0,3.0,0.0,0.0,3.0,1.0,4343.0,4864.0,23.0,4857.0,5115.0,32.0,-514.0,-251.0,-9.0,0.0,4.0,2.0,0.0,7.0,1.0,5355.0,5498.0,26.0,6439.0,7194.0,36.0,-1084.0,-1696.0,-10.0,0.0,5.0,3.0,1.0,8.0,1.0
ESPORTSTMNT05_3241525,complete,,EM,2023,Summer,0,2023-08-24 15:03:08,1,13.15,100,Blue,team,,,SK Gaming Prime,oe:team:aa8c3b781d96ddb7a24ab3240918988,,Renekton,Amumu,Kai'Sa,Jax,Alistar,Maokai,Xayah,LeBlanc,Blitzcrank,K'Sante,1820,1,19,6,44,19,6,3.0,0.0,0.0,0.0,1.0,,,,0.6264,0.8242,1.0,4.0,0.0,4.0,0.0,1.0,0.0,0.0,0.0,2.0,1.0,,0.0,0.0,1.0,1.0,1.0,,,1.0,2.0,0.0,1.0,10.0,1.0,1.0,1.0,5.0,3.0,1.0,0.0,56496.0,1862.5055,,2588.7363,2553.8242,113.0,3.7253,58.0,1.9121,43.0,300.0,9.8901,63488,43546,1435.5824,,51925.0,0.0856974,1.81,,892.0,216.0,,,36.5275,17077.0,18833.0,343.0,16861.0,19051.0,350.0,216.0,-218.0,-7.0,4.0,8.0,3.0,3.0,7.0,4.0,26011.0,31115.0,559.0,25380.0,30357.0,560.0,631.0,758.0,-1.0,5.0,8.0,3.0,3.0,7.0,5.0,37594.0,45095.0,757.0,34719.0,41651.0,733.0,2875.0,3444.0,24.0,10.0,21.0,5.0,5.0,11.0,10.0,49058.0,61020.0,938.0,42693.0,51329.0,891.0,6365.0,9691.0,47.0,14.0,30.0,6.0,6.0,13.0,14.0
ESPORTSTMNT05_3241525,complete,,EM,2023,Summer,0,2023-08-24 15:03:08,1,13.15,200,Red,team,,,BK ROG Esports,oe:team:c40f6d0d20a7a718c60342e48c144a2,,Kalista,Rumble,Tristana,Poppy,Rakan,Azir,Zeri,Sejuani,Rell,Gnar,1820,0,6,19,13,6,19,0.0,0.0,0.0,0.0,0.0,,,,0.1978,0.8242,0.0,0.0,4.0,0.0,4.0,0.0,0.0,0.0,0.0,0.0,0.0,,0.0,0.0,0.0,1.0,1.0,,,0.0,0.0,2.0,0.0,1.0,10.0,0.0,0.0,3.0,5.0,0.0,1.0,52799.0,1740.6264,,2763.3626,2882.8352,107.0,3.5275,46.0,1.5165,29.0,239.0,7.8791,50136,30194,995.4066,,47658.0,-0.0856974,-1.81,,854.0,176.0,,,33.956,16861.0,19051.0,350.0,17077.0,18833.0,343.0,-216.0,218.0,7.0,3.0,7.0,4.0,4.0,8.0,3.0,25380.0,30357.0,560.0,26011.0,31115.0,559.0,-631.0,-758.0,1.0,3.0,7.0,5.0,5.0,8.0,3.0,34719.0,41651.0,733.0,37594.0,45095.0,757.0,-2875.0,-3444.0,-24.0,5.0,11.0,10.0,10.0,21.0,5.0,42693.0,51329.0,891.0,49058.0,61020.0,938.0,-6365.0,-9691.0,-47.0,6.0,13.0,14.0,14.0,30.0,6.0
ESPORTSTMNT05_3239482,complete,,EM,2023,Summer,0,2023-08-24 15:52:38,1,13.15,1,Blue,top,Empyros,oe:player:9db3f170213f562a9613fe4f99d7dfa,DSYRE,oe:team:3e3ca0895ded506fd637e723d6ae2a1,Rumble,Ziggs,Poppy,Azir,Viego,Jax,,,,,,1537,1,3,2,7,18,2,1.0,0.0,0.0,0.0,0.0,0.0,0.0,0.0,0.7027,0.7807,,,,,,,,,,,,,,,,,,,,,0.0,0.0,,,,,,,,0.0,0.0,16242.0,634.0403,0.229803,444.8276,539.4535,10.0,0.3904,3.0,0.1171,3.0,25.0,0.9759,10825,7414,289.4209,0.207124,9375.0,,,226.0,222.0,4.0,,,8.8224,3154.0,4824.0,84.0,3440.0,4859.0,87.0,-286.0,-35.0,-3.0,0.0,0.0,1.0,0.0,1.0,0.0,4736.0,7537.0,129.0,5143.0,7878.0,139.0,-407.0,-341.0,-10.0,0.0,0.0,1.0,0.0,1.0,0.0,6770.0,9867.0,169.0,6960.0,10048.0,176.0,-190.0,-181.0,-7.0,0.0,3.0,2.0,0.0,2.0,1.0,10055.0,13653.0,225.0,8875.0,12548.0,221.0,1180.0,1105.0,4.0,1.0,6.0,2.0,0.0,2.0,1.0
ESPORTSTMNT05_3239482,complete,,EM,2023,Summer,0,2023-08-24 15:52:38,1,13.15,2,Blue,jng,Rhilech,oe:player:cbe20c64274a87a21e5bdac1ccc3e77,DSYRE,oe:team:3e3ca0895ded506fd637e723d6ae2a1,Volibear,Ziggs,Poppy,Azir,Viego,Jax,,,,,,1537,1,2,0,12,18,2,0.0,0.0,0.0,0.0,1.0,0.0,1.0,0.0,0.7027,0.7807,,,,,,,,,,,,,,,,,,,,,1.0,0.0,,,,,,,,1.0,0.0,11620.0,453.6109,0.164408,789.9935,1250.7092,8.0,0.3123,9.0,0.3513,7.0,40.0,1.5615,9691,6280,245.1529,0.175443,8575.0,,,137.0,14.0,123.0,,,5.3481,3324.0,3477.0,61.0,3220.0,3200.0,62.0,104.0,277.0,-1.0,0.0,1.0,0.0,1.0,0.0,0.0,4812.0,5539.0,90.0,4857.0,5614.0,102.0,-45.0,-75.0,-12.0,0.0,2.0,0.0,1.0,0.0,0.0,6999.0,7902.0,114.0,6185.0,7640.0,128.0,814.0,262.0,-14.0,0.0,6.0,0.0,1.0,1.0,1.0,9450.0,10536.0,137.0,7280.0,8706.0,136.0,2170.0,1830.0,1.0,2.0,10.0,0.0,1.0,1.0,3.0
ESPORTSTMNT05_3239482,complete,,EM,2023,Summer,0,2023-08-24 15:52:38,1,13.15,3,Blue,mid,XoNix,oe:player:be877a261fb0c3a320db45091bdefec,DSYRE,oe:team:3e3ca0895ded506fd637e723d6ae2a1,Jayce,Ziggs,Poppy,Azir,Viego,Jax,,,,,,1537,1,3,0,9,18,2,0.0,0.0,0.0,0.0,0.0,0.0,0.0,0.0,0.7027,0.7807,,,,,,,,,,,,,,,,,,,,,0.0,0.0,,,,,,,,1.0,0.0,19567.0,763.8386,0.276847,468.7573,362.6155,10.0,0.3904,4.0,0.1561,1.0,23.0,0.8979,11620,8209,320.4554,0.229334,11225.0,,,226.0,214.0,12.0,,,8.8224,3615.0,5007.0,88.0,3099.0,4741.0,81.0,516.0,266.0,7.0,0.0,0.0,0.0,0.0,0.0,0.0,5561.0,7811.0,147.0,4890.0,7531.0,135.0,671.0,280.0,12.0,0.0,0.0,0.0,0.0,0.0,1.0,8470.0,11397.0,197.0,6349.0,9419.0,171.0,2121.0,1978.0,26.0,1.0,1.0,0.0,0.0,0.0,2.0,11303.0,14689.0,226.0,8607.0,11781.0,215.0,2696.0,2908.0,11.0,3.0,6.0,0.0,0.0,0.0,3.0
ESPORTSTMNT05_3239482,complete,,EM,2023,Summer,0,2023-08-24 15:52:38,1,13.15,4,Blue,bot,Aetinoth,oe:player:d47955c8bc06bf316f24ee15d45407b,DSYRE,oe:team:3e3ca0895ded506fd637e723d6ae2a1,Xayah,Ziggs,Poppy,Azir,Viego,Jax,,,,,,1537,1,9,0,5,18,2,1.0,0.0,0.0,0.0,1.0,1.0,0.0,0.0,0.7027,0.7807,,,,,,,,,,,,,,,,,,,,,0.0,0.0,,,,,,,,0.0,0.0,16773.0,654.769,0.237316,302.2642,170.1236,13.0,0.5075,6.0,0.2342,4.0,28.0,1.093,13348,9937,387.9115,0.277609,12400.0,,,247.0,239.0,8.0,,,9.6422,3596.0,3206.0,85.0,3299.0,3721.0,85.0,297.0,-515.0,0.0,1.0,0.0,0.0,0.0,0.0,0.0,6096.0,5739.0,144.0,5627.0,6083.0,149.0,469.0,-344.0,-5.0,2.0,0.0,0.0,0.0,0.0,0.0,9638.0,7802.0,192.0,7955.0,8722.0,205.0,1683.0,-920.0,-13.0,6.0,0.0,0.0,1.0,0.0,0.0,12676.0,10949.0,240.0,9567.0,10142.0,233.0,3109.0,807.0,7.0,8.0,3.0,0.0,1.0,0.0,1.0
ESPORTSTMNT05_3239482,complete,,EM,2023,Summer,0,2023-08-24 15:52:38,1,13.15,5,Blue,sup,Nash,oe:player:6b9f3420febdbc475dd3c1e4e0bcb5e,DSYRE,oe:team:3e3ca0895ded506fd637e723d6ae2a1,Rakan,Ziggs,Poppy,Azir,Viego,Jax,,,,,,1537,1,1,0,15,18,2,0.0,0.0,0.0,0.0,1.0,0.0,1.0,0.0,0.7027,0.7807,,,,,,,,,,,,,,,,,,,,,0.0,0.0,,,,,,,,0.0,0.0,6476.0,252.8042,0.0916268,313.3507,599.4925,50.0,1.9519,11.0,0.4294,6.0,93.0,3.6304,7366,3955,154.3917,0.110489,6650.0,,,39.0,39.0,0.0,,,1.5224,2260.0,2537.0,20.0,2089.0,1722.0,13.0,171.0,815.0,7.0,0.0,1.0,0.0,0.0,0.0,1.0,3574.0,4364.0,29.0,3093.0,3403.0,24.0,481.0,961.0,5.0,0.0,2.0,0.0,0.0,0.0,1.0,5034.0,6024.0,36.0,4078.0,4915.0,30.0,956.0,1109.0,6.0,0.0,6.0,0.0,0.0,1.0,3.0,7088.0,8817.0,38.0,5150.0,5430.0,33.0,1938.0,3387.0,5.0,1.0,12.0,0.0,0.0,1.0,7.0
ESPORTSTMNT05_3239482,complete,,EM,2023,Summer,0,2023-08-24 15:52:38,1,13.15,6,Red,top,Matixx,oe:player:89bee56a2a53bdf22737c6d43eedb9c,AliorBank Team,oe:team:ccf3ac6ecc7f9a46f87a052deebe32e,Aatrox,Sejuani,Maokai,Tristana,Nocturne,Vi,,,,,,1537,0,0,2,2,2,18,0.0,0.0,0.0,0.0,0.0,0.0,0.0,0.0,0.0781,0.7807,,,,,,,,,,,,,,,,,,,,,0.0,0.0,,,,,,,,0.0,0.0,8964.0,349.9284,0.238297,744.6324,612.8432,8.0,0.3123,3.0,0.1171,1.0,16.0,0.6246,8949,5538,216.1874,0.239368,8925.0,,,221.0,209.0,12.0,,,8.6272,3440.0,4859.0,87.0,3154.0,4824.0,84.0,286.0,35.0,3.0,0.0,1.0,0.0,0.0,0.0,1.0,5143.0,7878.0,139.0,4736.0,7537.0,129.0,407.0,341.0,10.0,0.0,1.0,0.0,0.0,0.0,1.0,6960.0,10048.0,176.0,6770.0,9867.0,169.0,190.0,181.0,7.0,0.0,2.0,1.0,0.0,3.0,2.0,8875.0,12548.0,221.0,10055.0,13653.0,225.0,-1180.0,-1105.0,-4.0,0.0,2.0,1.0,1.0,6.0,2.0
ESPORTSTMNT05_3239482,complete,,EM,2023,Summer,0,2023-08-24 15:52:38,1,13.15,7,Red,jng,adi1,oe:player:6b7ca7e0fcad1f113f17bc2d30adbf5,AliorBank Team,oe:team:ccf3ac6ecc7f9a46f87a052deebe32e,Lee Sin,Sejuani,Maokai,Tristana,Nocturne,Vi,,,,,,1537,0,1,3,1,2,18,0.0,0.0,0.0,0.0,0.0,0.0,0.0,0.0,0.0781,0.7807,,,,,,,,,,,,,,,,,,,,,0.0,1.0,,,,,,,,0.0,1.0,7113.0,277.6708,0.18909,956.3696,918.6597,17.0,0.6636,8.0,0.3123,8.0,49.0,1.9128,7376,3965,154.782,0.171377,7200.0,,,137.0,24.0,113.0,,,5.3481,3220.0,3200.0,62.0,3324.0,3477.0,61.0,-104.0,-277.0,1.0,1.0,0.0,0.0,0.0,1.0,0.0,4857.0,5614.0,102.0,4812.0,5539.0,90.0,45.0,75.0,12.0,1.0,0.0,0.0,0.0,2.0,0.0,6185.0,7640.0,128.0,6999.0,7902.0,114.0,-814.0,-262.0,14.0,1.0,1.0,1.0,0.0,6.0,0.0,7280.0,8706.0,136.0,9450.0,10536.0,137.0,-2170.0,-1830.0,-1.0,1.0,1.0,3.0,2.0,10.0,0.0
ESPORTSTMNT05_3239482,complete,,EM,2023,Summer,0,2023-08-24 15:52:38,1,13.15,8,Red,mid,many,oe:player:9970a9b7dfef2df3002d7217596010e,AliorBank Team,oe:team:ccf3ac6ecc7f9a46f87a052deebe32e,Ahri,Sejuani,Maokai,Tristana,Nocturne,Vi,,,,,,1537,0,0,4,0,2,18,0.0,0.0,0.0,0.0,0.0,0.0,0.0,0.0,0.0781,0.7807,,,,,,,,,,,,,,,,,,,,,0.0,0.0,,,,,,,,0.0,1.0,8747.0,341.4574,0.232528,669.1737,324.5934,9.0,0.3513,5.0,0.1952,3.0,21.0,0.8198,8752,5341,208.4971,0.230853,8525.0,,,220.0,220.0,0.0,,,8.5882,3099.0,4741.0,81.0,3615.0,5007.0,88.0,-516.0,-266.0,-7.0,0.0,0.0,0.0,0.0,0.0,0.0,4890.0,7531.0,135.0,5561.0,7811.0,147.0,-671.0,-280.0,-12.0,0.0,0.0,1.0,0.0,0.0,0.0,6349.0,9419.0,171.0,8470.0,11397.0,197.0,-2121.0,-1978.0,-26.0,0.0,0.0,2.0,1.0,1.0,0.0,8607.0,11781.0,215.0,11303.0,14689.0,226.0,-2696.0,-2908.0,-11.0,0.0,0.0,3.0,3.0,6.0,0.0
ESPORTSTMNT05_3239482,complete,,EM,2023,Summer,0,2023-08-24 15:52:38,1,13.15,9,Red,bot,svns,oe:player:1ecc2cf8dc5f05719ca235f6d0be5e2,AliorBank Team,oe:team:ccf3ac6ecc7f9a46f87a052deebe32e,Zeri,Sejuani,Maokai,Tristana,Nocturne,Vi,,,,,,1537,0,1,2,0,2,18,0.0,0.0,0.0,0.0,0.0,0.0,0.0,0.0,0.0781,0.7807,,,,,,,,,,,,,,,,,,,,,0.0,0.0,,,,,,,,0.0,0.0,10240.0,399.7398,0.272217,475.5498,249.6422,11.0,0.4294,10.0,0.3904,3.0,27.0,1.054,9879,6468,252.4919,0.279566,9325.0,,,241.0,235.0,6.0,,,9.4079,3299.0,3721.0,85.0,3596.0,3206.0,85.0,-297.0,515.0,0.0,0.0,0.0,0.0,1.0,0.0,0.0,5627.0,6083.0,149.0,6096.0,5739.0,144.0,-469.0,344.0,5.0,0.0,0.0,0.0,2.0,0.0,0.0,7955.0,8722.0,205.0,9638.0,7802.0,192.0,-1683.0,920.0,13.0,1.0,0.0,0.0,6.0,0.0,0.0,9567.0,10142.0,233.0,12676.0,10949.0,240.0,-3109.0,-807.0,-7.0,1.0,0.0,1.0,8.0,3.0,0.0
ESPORTSTMNT05_3239482,complete,,EM,2023,Summer,0,2023-08-24 15:52:38,1,13.15,10,Red,sup,minemaciek,oe:player:1f892f04e94e144dadcc8be197d4f5b,AliorBank Team,oe:team:ccf3ac6ecc7f9a46f87a052deebe32e,Rell,Sejuani,Maokai,Tristana,Nocturne,Vi,,,,,,1537,0,0,7,1,2,18,0.0,0.0,0.0,0.0,0.0,0.0,0.0,1.0,0.0781,0.7807,,,,,,,,,,,,,,,,,,,,,0.0,0.0,,,,,,,,0.0,0.0,2553.0,99.6617,0.0678682,571.1516,627.7944,32.0,1.2492,10.0,0.3904,8.0,68.0,2.6545,5235,1824,71.2036,0.0788361,4900.0,,,33.0,33.0,0.0,,,1.2882,2089.0,1722.0,13.0,2260.0,2537.0,20.0,-171.0,-815.0,-7.0,0.0,0.0,1.0,0.0,1.0,0.0,3093.0,3403.0,24.0,3574.0,4364.0,29.0,-481.0,-961.0,-5.0,0.0,0.0,1.0,0.0,2.0,0.0,4078.0,4915.0,30.0,5034.0,6024.0,36.0,-956.0,-1109.0,-6.0,0.0,1.0,3.0,0.0,6.0,0.0,5150.0,5430.0,33.0,7088.0,8817.0,38.0,-1938.0,-3387.0,-5.0,0.0,1.0,7.0,1.0,12.0,0.0
ESPORTSTMNT05_3239482,complete,,EM,2023,Summer,0,2023-08-24 15:52:38,1,13.15,100,Blue,team,,,DSYRE,oe:team:3e3ca0895ded506fd637e723d6ae2a1,,Ziggs,Poppy,Azir,Viego,Jax,Rumble,Xayah,Rakan,Jayce,Volibear,1537,1,18,2,48,18,2,2.0,0.0,0.0,0.0,1.0,,,,0.7027,0.7807,0.0,2.0,1.0,2.0,1.0,0.0,0.0,0.0,0.0,1.0,1.0,,0.0,0.0,1.0,2.0,0.0,,,1.0,1.0,0.0,1.0,10.0,3.0,1.0,1.0,5.0,1.0,2.0,0.0,70678.0,2759.0631,,2319.1932,2922.3943,91.0,3.5524,33.0,1.2882,21.0,209.0,8.1588,52850,35795,1397.3325,,48225.0,0.214696,2.51,,728.0,147.0,,,34.1574,15949.0,19051.0,338.0,15147.0,18243.0,328.0,802.0,808.0,10.0,1.0,2.0,1.0,1.0,1.0,1.0,24779.0,30990.0,539.0,23610.0,30509.0,549.0,1169.0,481.0,-10.0,2.0,4.0,1.0,1.0,1.0,2.0,36911.0,42992.0,708.0,31527.0,40744.0,710.0,5384.0,2248.0,-2.0,7.0,16.0,2.0,2.0,4.0,7.0,50572.0,58644.0,866.0,39479.0,48607.0,838.0,11093.0,10037.0,28.0,15.0,37.0,2.0,2.0,4.0,15.0
ESPORTSTMNT05_3239482,complete,,EM,2023,Summer,0,2023-08-24 15:52:38,1,13.15,200,Red,team,,,AliorBank Team,oe:team:ccf3ac6ecc7f9a46f87a052deebe32e,,Sejuani,Maokai,Tristana,Nocturne,Vi,Rell,Ahri,Zeri,Lee Sin,Aatrox,1537,0,2,18,4,2,18,0.0,0.0,0.0,0.0,0.0,,,,0.0781,0.7807,1.0,1.0,2.0,1.0,2.0,0.0,0.0,1.0,0.0,0.0,0.0,,0.0,0.0,0.0,0.0,2.0,,,0.0,0.0,1.0,0.0,3.0,10.0,0.0,0.0,1.0,5.0,0.0,2.0,37617.0,1468.458,,3416.877,2733.5329,77.0,3.0059,36.0,1.4053,23.0,181.0,7.0657,40191,23136,903.162,,38875.0,-0.214696,-2.51,,721.0,131.0,,,33.2596,15147.0,18243.0,328.0,15949.0,19051.0,338.0,-802.0,-808.0,-10.0,1.0,1.0,1.0,1.0,2.0,1.0,23610.0,30509.0,549.0,24779.0,30990.0,539.0,-1169.0,-481.0,10.0,1.0,1.0,2.0,2.0,4.0,1.0,31527.0,40744.0,710.0,36911.0,42992.0,708.0,-5384.0,-2248.0,2.0,2.0,4.0,7.0,7.0,16.0,2.0,39479.0,48607.0,838.0,50572.0,58644.0,866.0,-11093.0,-10037.0,-28.0,2.0,4.0,15.0,15.0,37.0,2.0
ESPORTSTMNT05_3239484,complete,,EM,2023,Summer,0,2023-08-24 15:53:03,1,13.15,1,Blue,top,Venour,oe:player:df13ba84b4ea6932f7e10b5e51e7cf5,Unicorns of Love Sexy Edition,oe:team:6a060bd74c9041bf0aa89adf9d15d12,K'Sante,Ivern,LeBlanc,Rell,Vayne,Alistar,,,,,,2077,1,1,0,8,11,5,0.0,0.0,0.0,0.0,0.0,0.0,0.0,0.0,0.3178,0.4622,,,,,,,,,,,,,,,,,,,,,0.0,0.0,,,,,,,,0.0,0.0,15877.0,458.6519,0.200005,691.5455,1283.6302,9.0,0.26,2.0,0.0578,1.0,17.0,0.4911,13184,8671,250.4863,0.200014,12475.0,,,293.0,281.0,12.0,,,8.4641,3235.0,5112.0,84.0,3841.0,5105.0,103.0,-606.0,7.0,-19.0,0.0,0.0,0.0,0.0,0.0,0.0,4934.0,8026.0,139.0,6540.0,8044.0,163.0,-1606.0,-18.0,-24.0,0.0,0.0,0.0,0.0,0.0,0.0,6798.0,10480.0,186.0,8096.0,10355.0,204.0,-1298.0,125.0,-18.0,0.0,0.0,0.0,0.0,0.0,0.0,8545.0,12907.0,233.0,10071.0,13061.0,253.0,-1526.0,-154.0,-20.0,0.0,1.0,0.0,0.0,0.0,1.0
ESPORTSTMNT05_3239484,complete,,EM,2023,Summer,0,2023-08-24 15:53:03,1,13.15,2,Blue,jng,CaD,oe:player:7d306cd72ad7ffa40115a6b36f8a07b,Unicorns of Love Sexy Edition,oe:team:6a060bd74c9041bf0aa89adf9d15d12,Sejuani,Ivern,LeBlanc,Rell,Vayne,Alistar,,,,,,2077,1,3,4,6,11,5,0.0,0.0,0.0,0.0,1.0,1.0,0.0,0.0,0.3178,0.4622,,,,,,,,,,,,,,,,,,,,,1.0,0.0,,,,,,,,0.0,0.0,7816.0,225.7872,0.0984594,1068.8782,1500.78,13.0,0.3755,13.0,0.3755,14.0,52.0,1.5022,10917,6404,184.9976,0.147723,10450.0,,,152.0,21.0,131.0,,,4.3909,3389.0,3507.0,64.0,3125.0,3115.0,58.0,264.0,392.0,6.0,1.0,0.0,0.0,0.0,0.0,0.0,5174.0,5664.0,95.0,4827.0,5217.0,90.0,347.0,447.0,5.0,2.0,0.0,1.0,0.0,2.0,0.0,6759.0,7806.0,124.0,6090.0,6903.0,111.0,669.0,903.0,13.0,2.0,0.0,2.0,0.0,3.0,0.0,7952.0,9055.0,132.0,7275.0,8902.0,130.0,677.0,153.0,2.0,3.0,0.0,2.0,0.0,3.0,0.0
ESPORTSTMNT05_3239484,complete,,EM,2023,Summer,0,2023-08-24 15:53:03,1,13.15,3,Blue,mid,Mask,oe:player:4a18312b5b75f549d5551e5912ad6eb,Unicorns of Love Sexy Edition,oe:team:6a060bd74c9041bf0aa89adf9d15d12,Taliyah,Ivern,LeBlanc,Rell,Vayne,Alistar,,,,,,2077,1,1,0,9,11,5,0.0,0.0,0.0,0.0,1.0,0.0,1.0,0.0,0.3178,0.4622,,,,,,,,,,,,,,,,,,,,,0.0,0.0,,,,,,,,0.0,0.0,23494.0,678.6904,0.295958,299.5089,202.2725,16.0,0.4622,6.0,0.1733,5.0,56.0,1.6177,15303,10790,311.6996,0.248891,14725.0,,,374.0,323.0,51.0,,,10.804,3535.0,4897.0,90.0,3354.0,4713.0,92.0,181.0,184.0,-2.0,0.0,1.0,0.0,0.0,0.0,1.0,5815.0,8153.0,154.0,5253.0,7366.0,144.0,562.0,787.0,10.0,0.0,2.0,0.0,0.0,2.0,2.0,7930.0,11061.0,212.0,7396.0,9978.0,195.0,534.0,1083.0,17.0,0.0,2.0,0.0,1.0,2.0,2.0,10404.0,14854.0,279.0,8718.0,11282.0,219.0,1686.0,3572.0,60.0,0.0,3.0,0.0,1.0,2.0,2.0
ESPORTSTMNT05_3239484,complete,,EM,2023,Summer,0,2023-08-24 15:53:03,1,13.15,4,Blue,bot,Fun K3y,oe:player:9ea5afea85321b13df74acb62bfb530,Unicorns of Love Sexy Edition,oe:team:6a060bd74c9041bf0aa89adf9d15d12,Zeri,Ivern,LeBlanc,Rell,Vayne,Alistar,,,,,,2077,1,5,0,4,11,5,1.0,1.0,0.0,0.0,0.0,0.0,0.0,0.0,0.3178,0.4622,,,,,,,,,,,,,,,,,,,,,0.0,0.0,,,,,,,,2.0,0.0,28854.0,833.5291,0.363478,183.6399,345.8161,14.0,0.4044,27.0,0.78,4.0,68.0,1.9644,17819,13306,384.3813,0.306925,15800.0,,,418.0,361.0,57.0,,,12.0751,3586.0,3755.0,105.0,3335.0,3216.0,91.0,251.0,539.0,14.0,0.0,0.0,0.0,0.0,0.0,0.0,6215.0,6289.0,166.0,6108.0,5474.0,148.0,107.0,815.0,18.0,0.0,0.0,0.0,2.0,0.0,0.0,8506.0,9153.0,235.0,8073.0,8429.0,209.0,433.0,724.0,26.0,0.0,0.0,0.0,2.0,1.0,0.0,10479.0,11109.0,289.0,10030.0,10492.0,266.0,449.0,617.0,23.0,0.0,1.0,0.0,2.0,1.0,0.0
ESPORTSTMNT05_3239484,complete,,EM,2023,Summer,0,2023-08-24 15:53:03,1,13.15,5,Blue,sup,Lekcyc,oe:player:74f3f60a44ee916ecc257a5381be756,Unicorns of Love Sexy Edition,oe:team:6a060bd74c9041bf0aa89adf9d15d12,Leona,Ivern,LeBlanc,Rell,Vayne,Alistar,,,,,,2077,1,1,1,9,11,5,0.0,0.0,0.0,0.0,0.0,0.0,0.0,0.0,0.3178,0.4622,,,,,,,,,,,,,,,,,,,,,0.0,0.0,,,,,,,,0.0,0.0,3342.0,96.5431,0.0420997,549.0708,598.0356,58.0,1.6755,12.0,0.3467,10.0,111.0,3.2065,8694,4181,120.78,0.0964469,8250.0,,,37.0,37.0,0.0,,,1.0688,2189.0,2423.0,15.0,2158.0,2656.0,16.0,31.0,-233.0,-1.0,0.0,0.0,0.0,0.0,0.0,0.0,3375.0,3637.0,22.0,3382.0,4164.0,24.0,-7.0,-527.0,-2.0,0.0,1.0,1.0,0.0,2.0,0.0,4444.0,4418.0,29.0,4388.0,4850.0,31.0,56.0,-432.0,-2.0,0.0,1.0,1.0,0.0,3.0,0.0,5395.0,5508.0,33.0,5247.0,5960.0,33.0,148.0,-452.0,0.0,0.0,2.0,1.0,0.0,3.0,0.0
ESPORTSTMNT05_3239484,complete,,EM,2023,Summer,0,2023-08-24 15:53:03,1,13.15,6,Red,top,Ragner,oe:player:c0f78343a2ad4ba1463245d53a3b440,Team GO,oe:team:8d538207b9de9d20e1a525aae593515,Renekton,Jayce,Rumble,Poppy,Rakan,Braum,,,,,,2077,0,0,1,1,5,11,0.0,0.0,0.0,0.0,0.0,0.0,0.0,0.0,0.1444,0.4622,,,,,,,,,,,,,,,,,,,,,0.0,0.0,,,,,,,,0.0,0.0,9738.0,281.3096,0.136781,1048.7145,893.8469,17.0,0.4911,7.0,0.2022,5.0,56.0,1.6177,12950,8437,243.7265,0.257931,12025.0,,,316.0,300.0,16.0,,,9.1286,3841.0,5105.0,103.0,3235.0,5112.0,84.0,606.0,-7.0,19.0,0.0,0.0,0.0,0.0,0.0,0.0,6540.0,8044.0,163.0,4934.0,8026.0,139.0,1606.0,18.0,24.0,0.0,0.0,0.0,0.0,0.0,0.0,8096.0,10355.0,204.0,6798.0,10480.0,186.0,1298.0,-125.0,18.0,0.0,0.0,0.0,0.0,0.0,0.0,10071.0,13061.0,253.0,8545.0,12907.0,233.0,1526.0,154.0,20.0,0.0,0.0,1.0,0.0,1.0,0.0
ESPORTSTMNT05_3239484,complete,,EM,2023,Summer,0,2023-08-24 15:53:03,1,13.15,7,Red,jng,Lyncas,oe:player:ca9701f085966dfca32e31b1b1e9d55,Team GO,oe:team:8d538207b9de9d20e1a525aae593515,Maokai,Jayce,Rumble,Poppy,Rakan,Braum,,,,,,2077,0,0,2,5,5,11,0.0,0.0,0.0,0.0,0.0,0.0,0.0,0.0,0.1444,0.4622,,,,,,,,,,,,,,,,,,,,,0.0,1.0,,,,,,,,0.0,0.0,18297.0,528.5604,0.257002,846.702,937.5253,12.0,0.3467,10.0,0.2889,10.0,40.0,1.1555,8945,4432,128.0308,0.135497,8550.0,,,139.0,18.0,121.0,,,4.0154,3125.0,3115.0,58.0,3389.0,3507.0,64.0,-264.0,-392.0,-6.0,0.0,0.0,0.0,1.0,0.0,0.0,4827.0,5217.0,90.0,5174.0,5664.0,95.0,-347.0,-447.0,-5.0,0.0,2.0,0.0,2.0,0.0,1.0,6090.0,6903.0,111.0,6759.0,7806.0,124.0,-669.0,-903.0,-13.0,0.0,3.0,0.0,2.0,0.0,2.0,7275.0,8902.0,130.0,7952.0,9055.0,132.0,-677.0,-153.0,-2.0,0.0,3.0,0.0,3.0,0.0,2.0
ESPORTSTMNT05_3239484,complete,,EM,2023,Summer,0,2023-08-24 15:53:03,1,13.15,8,Red,mid,Toucouille,oe:player:525ac233cf71bc36a611e27a324144f,Team GO,oe:team:8d538207b9de9d20e1a525aae593515,Syndra,Jayce,Rumble,Poppy,Rakan,Braum,,,,,,2077,0,2,3,3,5,11,0.0,0.0,0.0,0.0,0.0,0.0,0.0,1.0,0.1444,0.4622,,,,,,,,,,,,,,,,,,,,,0.0,0.0,,,,,,,,0.0,0.0,21772.0,628.9456,0.305812,279.8074,163.1006,16.0,0.4622,3.0,0.0867,6.0,24.0,0.6933,12424,7911,228.5315,0.241851,11800.0,,,297.0,290.0,7.0,,,8.5797,3354.0,4713.0,92.0,3535.0,4897.0,90.0,-181.0,-184.0,2.0,0.0,0.0,1.0,0.0,1.0,0.0,5253.0,7366.0,144.0,5815.0,8153.0,154.0,-562.0,-787.0,-10.0,0.0,2.0,2.0,0.0,2.0,0.0,7396.0,9978.0,195.0,7930.0,11061.0,212.0,-534.0,-1083.0,-17.0,1.0,2.0,2.0,0.0,2.0,0.0,8718.0,11282.0,219.0,10404.0,14854.0,279.0,-1686.0,-3572.0,-60.0,1.0,2.0,2.0,0.0,3.0,0.0
ESPORTSTMNT05_3239484,complete,,EM,2023,Summer,0,2023-08-24 15:53:03,1,13.15,9,Red,bot,Jezu,oe:player:4817d93e8f26002377aec42233b3fc2,Team GO,oe:team:8d538207b9de9d20e1a525aae593515,Tristana,Jayce,Rumble,Poppy,Rakan,Braum,,,,,,2077,0,2,2,3,5,11,0.0,0.0,0.0,0.0,0.0,0.0,0.0,0.0,0.1444,0.4622,,,,,,,,,,,,,,,,,,,,,0.0,0.0,,,,,,,,0.0,2.0,16527.0,477.429,0.23214,446.6346,266.1724,20.0,0.5778,11.0,0.3178,8.0,49.0,1.4155,13792,9279,268.0501,0.283671,13850.0,,,353.0,332.0,21.0,,,10.1974,3335.0,3216.0,91.0,3586.0,3755.0,105.0,-251.0,-539.0,-14.0,0.0,0.0,0.0,0.0,0.0,0.0,6108.0,5474.0,148.0,6215.0,6289.0,166.0,-107.0,-815.0,-18.0,2.0,0.0,0.0,0.0,0.0,0.0,8073.0,8429.0,209.0,8506.0,9153.0,235.0,-433.0,-724.0,-26.0,2.0,1.0,0.0,0.0,0.0,0.0,10030.0,10492.0,266.0,10479.0,11109.0,289.0,-449.0,-617.0,-23.0,2.0,1.0,0.0,0.0,1.0,0.0
ESPORTSTMNT05_3239484,complete,,EM,2023,Summer,0,2023-08-24 15:53:03,1,13.15,10,Red,sup,kamilius,oe:player:7aa0aebd379414d25f1fcdc396407f1,Team GO,oe:team:8d538207b9de9d20e1a525aae593515,Nautilus,Jayce,Rumble,Poppy,Rakan,Braum,,,,,,2077,0,1,3,4,5,11,0.0,0.0,0.0,0.0,0.0,0.0,0.0,0.0,0.1444,0.4622,,,,,,,,,,,,,,,,,,,,,0.0,0.0,,,,,,,,0.0,0.0,4860.0,140.3948,0.0682642,481.8488,694.3765,57.0,1.6466,16.0,0.4622,14.0,109.0,3.1488,7164,2651,76.5816,0.0810514,8850.0,,,38.0,38.0,0.0,,,1.0977,2158.0,2656.0,16.0,2189.0,2423.0,15.0,-31.0,233.0,1.0,0.0,0.0,0.0,0.0,0.0,0.0,3382.0,4164.0,24.0,3375.0,3637.0,22.0,7.0,527.0,2.0,0.0,2.0,0.0,0.0,1.0,1.0,4388.0,4850.0,31.0,4444.0,4418.0,29.0,-56.0,432.0,2.0,0.0,3.0,0.0,0.0,1.0,1.0,5247.0,5960.0,33.0,5395.0,5508.0,33.0,-148.0,452.0,0.0,0.0,3.0,0.0,0.0,2.0,1.0
ESPORTSTMNT05_3239484,complete,,EM,2023,Summer,0,2023-08-24 15:53:03,1,13.15,100,Blue,team,,,Unicorns of Love Sexy Edition,oe:team:6a060bd74c9041bf0aa89adf9d15d12,,Ivern,LeBlanc,Rell,Vayne,Alistar,Taliyah,Sejuani,K'Sante,Leona,Zeri,2077,1,11,5,36,11,5,1.0,1.0,0.0,0.0,1.0,,,,0.3178,0.4622,1.0,4.0,0.0,4.0,0.0,0.0,0.0,1.0,2.0,0.0,1.0,,0.0,0.0,0.0,1.0,1.0,,,1.0,1.0,0.0,0.0,11.0,2.0,1.0,1.0,4.0,6.0,2.0,0.0,79383.0,2293.2017,,2792.6432,3930.5344,110.0,3.1777,60.0,1.7333,34.0,304.0,8.7819,65917,43354,1252.4025,,61700.0,0.113466,0.8,,1023.0,251.0,,,36.8031,15934.0,19694.0,358.0,15813.0,18805.0,360.0,121.0,889.0,-2.0,1.0,1.0,0.0,0.0,0.0,1.0,25513.0,31769.0,576.0,26110.0,30265.0,569.0,-597.0,1504.0,7.0,2.0,3.0,2.0,2.0,6.0,2.0,34437.0,42918.0,786.0,34043.0,40515.0,750.0,394.0,2403.0,36.0,2.0,3.0,3.0,3.0,9.0,2.0,42775.0,53433.0,966.0,41341.0,49697.0,901.0,1434.0,3736.0,65.0,3.0,7.0,3.0,3.0,9.0,3.0
ESPORTSTMNT05_3239484,complete,,EM,2023,Summer,0,2023-08-24 15:53:03,1,13.15,200,Red,team,,,Team GO,oe:team:8d538207b9de9d20e1a525aae593515,,Jayce,Rumble,Poppy,Rakan,Braum,Renekton,Maokai,Syndra,Nautilus,Tristana,2077,0,5,11,16,5,11,0.0,0.0,0.0,0.0,0.0,,,,0.1444,0.4622,0.0,0.0,4.0,0.0,4.0,0.0,0.0,0.0,0.0,0.0,0.0,,0.0,0.0,1.0,1.0,1.0,,,0.0,0.0,1.0,1.0,2.0,11.0,0.0,0.0,6.0,4.0,0.0,2.0,71194.0,2056.6394,,3103.7073,2955.0217,122.0,3.5243,47.0,1.3577,43.0,278.0,8.0308,55275,32712,944.9783,,55075.0,-0.113466,-0.8,,978.0,165.0,,,33.0188,15813.0,18805.0,360.0,15934.0,19694.0,358.0,-121.0,-889.0,2.0,0.0,0.0,1.0,1.0,1.0,0.0,26110.0,30265.0,569.0,25513.0,31769.0,576.0,597.0,-1504.0,-7.0,2.0,6.0,2.0,2.0,3.0,2.0,34043.0,40515.0,750.0,34437.0,42918.0,786.0,-394.0,-2403.0,-36.0,3.0,9.0,2.0,2.0,3.0,3.0,41341.0,49697.0,901.0,42775.0,53433.0,966.0,-1434.0,-3736.0,-65.0,3.0,9.0,3.0,3.0,7.0,3.0
ESPORTSTMNT05_3239485,complete,,EM,2023,Summer,0,2023-08-24 16:39:43,1,13.15,1,Blue,top,Matixx,oe:player:89bee56a2a53bdf22737c6d43eedb9c,AliorBank Team,oe:team:ccf3ac6ecc7f9a46f87a052deebe32e,K'Sante,Amumu,Tristana,Sejuani,Renekton,Aatrox,,,,,,1469,0,0,3,0,6,24,0.0,0.0,0.0,0.0,0.0,0.0,0.0,0.0,0.2451,1.2253,,,,,,,,,,,,,,,,,,,,,0.0,0.0,,,,,,,,0.0,2.0,3054.0,124.7379,0.0717171,769.5848,878.0667,5.0,0.2042,3.0,0.1225,0.0,13.0,0.531,7150,3878,158.3935,0.184621,6850.0,,,187.0,183.0,4.0,,,7.6378,2795.0,4210.0,66.0,3399.0,4806.0,86.0,-604.0,-596.0,-20.0,0.0,0.0,0.0,0.0,0.0,0.0,4460.0,7293.0,116.0,5708.0,8041.0,150.0,-1248.0,-748.0,-34.0,0.0,0.0,0.0,0.0,0.0,0.0,5980.0,9517.0,157.0,8465.0,11904.0,222.0,-2485.0,-2387.0,-65.0,0.0,0.0,1.0,0.0,0.0,0.0,7150.0,11335.0,187.0,11193.0,15364.0,255.0,-4043.0,-4029.0,-68.0,0.0,0.0,3.0,1.0,2.0,1.0
ESPORTSTMNT05_3239485,complete,,EM,2023,Summer,0,2023-08-24 16:39:43,1,13.15,2,Blue,jng,adi1,oe:player:6b7ca7e0fcad1f113f17bc2d30adbf5,AliorBank Team,oe:team:ccf3ac6ecc7f9a46f87a052deebe32e,Maokai,Amumu,Tristana,Sejuani,Renekton,Aatrox,,,,,,1469,0,1,6,3,6,24,0.0,0.0,0.0,0.0,1.0,0.0,1.0,0.0,0.2451,1.2253,,,,,,,,,,,,,,,,,,,,,0.0,1.0,,,,,,,,0.0,0.0,11832.0,483.2675,0.277851,1155.4799,924.5065,6.0,0.2451,2.0,0.0817,5.0,18.0,0.7352,7447,4175,170.5242,0.198762,9425.0,,,121.0,18.0,103.0,,,4.9421,3177.0,3362.0,53.0,3087.0,3390.0,71.0,90.0,-28.0,-18.0,0.0,1.0,0.0,0.0,0.0,0.0,5021.0,5949.0,87.0,4758.0,5799.0,110.0,263.0,150.0,-23.0,0.0,3.0,2.0,0.0,4.0,0.0,6551.0,7534.0,109.0,7280.0,9361.0,149.0,-729.0,-1827.0,-40.0,1.0,3.0,4.0,0.0,13.0,0.0,7447.0,9148.0,121.0,9185.0,12666.0,160.0,-1738.0,-3518.0,-39.0,1.0,3.0,6.0,1.0,19.0,0.0
ESPORTSTMNT05_3239485,complete,,EM,2023,Summer,0,2023-08-24 16:39:43,1,13.15,3,Blue,mid,many,oe:player:9970a9b7dfef2df3002d7217596010e,AliorBank Team,oe:team:ccf3ac6ecc7f9a46f87a052deebe32e,Jayce,Amumu,Tristana,Sejuani,Renekton,Aatrox,,,,,,1469,0,4,6,0,6,24,0.0,0.0,0.0,0.0,0.0,0.0,0.0,0.0,0.2451,1.2253,,,,,,,,,,,,,,,,,,,,,0.0,0.0,,,,,,,,0.0,1.0,14458.0,590.5242,0.339517,640.4765,427.5153,6.0,0.2451,7.0,0.2859,3.0,26.0,1.0619,9584,6312,257.808,0.300508,9275.0,,,212.0,212.0,0.0,,,8.659,3366.0,4789.0,92.0,3231.0,4782.0,88.0,135.0,7.0,4.0,0.0,0.0,0.0,0.0,0.0,0.0,5980.0,7899.0,149.0,6012.0,7678.0,141.0,-32.0,221.0,8.0,2.0,0.0,1.0,2.0,2.0,1.0,8288.0,10974.0,200.0,8729.0,10140.0,173.0,-441.0,834.0,27.0,3.0,0.0,2.0,3.0,7.0,2.0,9584.0,11799.0,212.0,11569.0,13902.0,205.0,-1985.0,-2103.0,7.0,4.0,0.0,6.0,5.0,10.0,2.0
ESPORTSTMNT05_3239485,complete,,EM,2023,Summer,0,2023-08-24 16:39:43,1,13.15,4,Blue,bot,svns,oe:player:1ecc2cf8dc5f05719ca235f6d0be5e2,AliorBank Team,oe:team:ccf3ac6ecc7f9a46f87a052deebe32e,Jinx,Amumu,Tristana,Sejuani,Renekton,Aatrox,,,,,,1469,0,1,3,2,6,24,0.0,0.0,0.0,0.0,1.0,1.0,0.0,0.0,0.2451,1.2253,,,,,,,,,,,,,,,,,,,,,0.0,0.0,,,,,,,,0.0,0.0,10564.0,431.4772,0.248074,409.9932,180.1634,13.0,0.531,4.0,0.1634,5.0,21.0,0.8577,8156,4884,199.4826,0.232519,7775.0,,,189.0,189.0,0.0,,,7.7195,3616.0,3560.0,86.0,3630.0,3694.0,93.0,-14.0,-134.0,-7.0,1.0,0.0,0.0,0.0,0.0,0.0,5372.0,5580.0,131.0,6784.0,6798.0,151.0,-1412.0,-1218.0,-20.0,1.0,1.0,0.0,2.0,2.0,0.0,6916.0,7692.0,163.0,11599.0,10023.0,205.0,-4683.0,-2331.0,-42.0,1.0,2.0,2.0,9.0,3.0,0.0,8156.0,9071.0,189.0,16708.0,14909.0,278.0,-8552.0,-5838.0,-89.0,1.0,2.0,3.0,16.0,5.0,0.0
ESPORTSTMNT05_3239485,complete,,EM,2023,Summer,0,2023-08-24 16:39:43,1,13.15,5,Blue,sup,minemaciek,oe:player:1f892f04e94e144dadcc8be197d4f5b,AliorBank Team,oe:team:ccf3ac6ecc7f9a46f87a052deebe32e,Alistar,Amumu,Tristana,Sejuani,Renekton,Aatrox,,,,,,1469,0,0,6,3,6,24,0.0,0.0,0.0,0.0,1.0,0.0,1.0,0.0,0.2451,1.2253,,,,,,,,,,,,,,,,,,,,,0.0,0.0,,,,,,,,0.0,0.0,2676.0,109.2988,0.0628405,685.8135,975.725,29.0,1.1845,8.0,0.3268,9.0,60.0,2.4506,5028,1756,71.7223,0.0835892,4575.0,,,31.0,31.0,0.0,,,1.2662,2151.0,2289.0,15.0,2097.0,2393.0,15.0,54.0,-104.0,0.0,0.0,1.0,0.0,0.0,0.0,1.0,3170.0,3311.0,22.0,3293.0,3608.0,19.0,-123.0,-297.0,3.0,0.0,2.0,1.0,0.0,4.0,2.0,4152.0,4066.0,28.0,5448.0,5813.0,27.0,-1296.0,-1747.0,1.0,0.0,2.0,4.0,1.0,12.0,3.0,5028.0,6296.0,31.0,7221.0,8948.0,29.0,-2193.0,-2652.0,2.0,0.0,3.0,6.0,1.0,19.0,3.0
ESPORTSTMNT05_3239485,complete,,EM,2023,Summer,0,2023-08-24 16:39:43,1,13.15,6,Red,top,Howling,oe:player:4f6302984cea43e6384d488973fe1d2,BK ROG Esports,oe:team:c40f6d0d20a7a718c60342e48c144a2,Yone,Ziggs,Poppy,Azir,Xayah,Kai'Sa,,,,,,1469,1,1,1,2,24,6,0.0,0.0,0.0,0.0,0.0,0.0,0.0,0.0,0.9803,1.2253,,,,,,,,,,,,,,,,,,,,,0.0,0.0,,,,,,,,2.0,0.0,8951.0,365.5956,0.119533,340.354,429.6801,11.0,0.4493,4.0,0.1634,4.0,39.0,1.5929,11193,7921,323.5262,0.20045,9375.0,,,255.0,251.0,4.0,,,10.4152,3399.0,4806.0,86.0,2795.0,4210.0,66.0,604.0,596.0,20.0,0.0,0.0,0.0,0.0,0.0,0.0,5708.0,8041.0,150.0,4460.0,7293.0,116.0,1248.0,748.0,34.0,0.0,0.0,0.0,0.0,0.0,0.0,8465.0,11904.0,222.0,5980.0,9517.0,157.0,2485.0,2387.0,65.0,0.0,0.0,0.0,0.0,0.0,1.0,11193.0,15364.0,255.0,7150.0,11335.0,187.0,4043.0,4029.0,68.0,1.0,2.0,1.0,0.0,0.0,3.0
ESPORTSTMNT05_3239485,complete,,EM,2023,Summer,0,2023-08-24 16:39:43,1,13.15,7,Red,jng,Pridestalkr,oe:player:99594a251af944b3571fe7f37363303,BK ROG Esports,oe:team:c40f6d0d20a7a718c60342e48c144a2,Rell,Ziggs,Poppy,Azir,Xayah,Kai'Sa,,,,,,1469,1,1,0,19,24,6,0.0,0.0,0.0,0.0,0.0,0.0,0.0,0.0,0.9803,1.2253,,,,,,,,,,,,,,,,,,,,,1.0,0.0,,,,,,,,0.0,0.0,6597.0,269.4486,0.0880974,664.5745,1545.9088,5.0,0.2042,4.0,0.1634,5.0,26.0,1.0619,9185,5913,241.5112,0.149633,8675.0,,,160.0,17.0,143.0,,,6.5351,3087.0,3390.0,71.0,3177.0,3362.0,53.0,-90.0,28.0,18.0,0.0,0.0,0.0,0.0,1.0,0.0,4758.0,5799.0,110.0,5021.0,5949.0,87.0,-263.0,-150.0,23.0,0.0,4.0,0.0,0.0,3.0,2.0,7280.0,9361.0,149.0,6551.0,7534.0,109.0,729.0,1827.0,40.0,0.0,13.0,0.0,1.0,3.0,4.0,9185.0,12666.0,160.0,7447.0,9148.0,121.0,1738.0,3518.0,39.0,1.0,19.0,0.0,1.0,3.0,6.0
ESPORTSTMNT05_3239485,complete,,EM,2023,Summer,0,2023-08-24 16:39:43,1,13.15,8,Red,mid,Czekolad,oe:player:6606138426fa9bbef349c96b4afbc77,BK ROG Esports,oe:team:c40f6d0d20a7a718c60342e48c144a2,Taliyah,Ziggs,Poppy,Azir,Xayah,Kai'Sa,,,,,,1469,1,5,2,10,24,6,1.0,0.0,0.0,0.0,0.0,0.0,0.0,0.0,0.9803,1.2253,,,,,,,,,,,,,,,,,,,,,0.0,0.0,,,,,,,,1.0,0.0,18635.0,761.13,0.248855,495.8475,261.7699,13.0,0.531,1.0,0.0408,5.0,27.0,1.1028,11569,8297,338.8836,0.209966,11450.0,,,205.0,198.0,7.0,,,8.373,3231.0,4782.0,88.0,3366.0,4789.0,92.0,-135.0,-7.0,-4.0,0.0,0.0,0.0,0.0,0.0,0.0,6012.0,7678.0,141.0,5980.0,7899.0,149.0,32.0,-221.0,-8.0,2.0,2.0,1.0,2.0,0.0,1.0,8729.0,10140.0,173.0,8288.0,10974.0,200.0,441.0,-834.0,-27.0,3.0,7.0,2.0,3.0,0.0,2.0,11569.0,13902.0,205.0,9584.0,11799.0,212.0,1985.0,2103.0,-7.0,5.0,10.0,2.0,4.0,0.0,6.0
ESPORTSTMNT05_3239485,complete,,EM,2023,Summer,0,2023-08-24 16:39:43,1,13.15,9,Red,bot,Trigger,oe:player:5bc99370722c5ecbfa9b3c1e17338e6,BK ROG Esports,oe:team:c40f6d0d20a7a718c60342e48c144a2,Zeri,Ziggs,Poppy,Azir,Xayah,Kai'Sa,,,,,,1469,1,16,0,5,24,6,3.0,2.0,0.0,0.0,0.0,0.0,0.0,0.0,0.9803,1.2253,,,,,,,,,,,,,,,,,,,,,0.0,0.0,,,,,,,,0.0,0.0,35112.0,1434.1184,0.468891,423.145,416.1198,9.0,0.3676,13.0,0.531,4.0,42.0,1.7155,16708,13436,548.7815,0.340021,15100.0,,,278.0,246.0,32.0,,,11.3547,3630.0,3694.0,93.0,3616.0,3560.0,86.0,14.0,134.0,7.0,0.0,0.0,0.0,1.0,0.0,0.0,6784.0,6798.0,151.0,5372.0,5580.0,131.0,1412.0,1218.0,20.0,2.0,2.0,0.0,1.0,1.0,0.0,11599.0,10023.0,205.0,6916.0,7692.0,163.0,4683.0,2331.0,42.0,9.0,3.0,0.0,1.0,2.0,2.0,16708.0,14909.0,278.0,8156.0,9071.0,189.0,8552.0,5838.0,89.0,16.0,5.0,0.0,1.0,2.0,3.0
ESPORTSTMNT05_3239485,complete,,EM,2023,Summer,0,2023-08-24 16:39:43,1,13.15,10,Red,sup,Veignorem,oe:player:e1dbe2b979510dba78b229327292a10,BK ROG Esports,oe:team:c40f6d0d20a7a718c60342e48c144a2,Rakan,Ziggs,Poppy,Azir,Xayah,Kai'Sa,,,,,,1469,1,1,3,19,24,6,0.0,0.0,0.0,0.0,0.0,0.0,0.0,1.0,0.9803,1.2253,,,,,,,,,,,,,,,,,,,,,0.0,0.0,,,,,,,,0.0,0.0,5588.0,228.2369,0.0746231,479.2648,563.6079,26.0,1.0619,8.0,0.3268,7.0,61.0,2.4915,7221,3949,161.2934,0.0999296,6575.0,,,29.0,29.0,0.0,,,1.1845,2097.0,2393.0,15.0,2151.0,2289.0,15.0,-54.0,104.0,0.0,0.0,0.0,1.0,0.0,1.0,0.0,3293.0,3608.0,19.0,3170.0,3311.0,22.0,123.0,297.0,-3.0,0.0,4.0,2.0,0.0,2.0,1.0,5448.0,5813.0,27.0,4152.0,4066.0,28.0,1296.0,1747.0,-1.0,1.0,12.0,3.0,0.0,2.0,4.0,7221.0,8948.0,29.0,5028.0,6296.0,31.0,2193.0,2652.0,-2.0,1.0,19.0,3.0,0.0,3.0,6.0
ESPORTSTMNT05_3239485,complete,,EM,2023,Summer,0,2023-08-24 16:39:43,1,13.15,100,Blue,team,,,AliorBank Team,oe:team:ccf3ac6ecc7f9a46f87a052deebe32e,,Amumu,Tristana,Sejuani,Renekton,Aatrox,Maokai,Jayce,Alistar,K'Sante,Jinx,1469,0,6,24,8,6,24,0.0,0.0,0.0,0.0,1.0,,,,0.2451,1.2253,0.0,0.0,2.0,0.0,2.0,0.0,0.0,0.0,0.0,0.0,0.0,,0.0,0.0,1.0,1.0,1.0,,,0.0,0.0,1.0,0.0,1.0,11.0,0.0,0.0,3.0,7.0,0.0,3.0,42584.0,1739.3057,,3661.3479,3385.9769,59.0,2.4098,24.0,0.9803,22.0,138.0,5.6365,37365,21003,857.8489,,37900.0,-0.298063,-3.38,,633.0,107.0,,,30.2246,15105.0,18210.0,312.0,15444.0,19065.0,353.0,-339.0,-855.0,-41.0,1.0,2.0,0.0,0.0,0.0,1.0,24003.0,30032.0,505.0,26555.0,31924.0,571.0,-2552.0,-1892.0,-66.0,3.0,6.0,4.0,4.0,12.0,3.0,31887.0,39783.0,657.0,41521.0,47241.0,776.0,-9634.0,-7458.0,-119.0,5.0,7.0,13.0,13.0,35.0,5.0,37365.0,47649.0,740.0,55876.0,65789.0,927.0,-18511.0,-18140.0,-187.0,6.0,8.0,24.0,24.0,55.0,6.0
ESPORTSTMNT05_3239485,complete,,EM,2023,Summer,0,2023-08-24 16:39:43,1,13.15,200,Red,team,,,BK ROG Esports,oe:team:c40f6d0d20a7a718c60342e48c144a2,,Ziggs,Poppy,Azir,Xayah,Kai'Sa,Rell,Zeri,Taliyah,Rakan,Yone,1469,1,24,6,55,24,6,4.0,2.0,0.0,0.0,0.0,,,,0.9803,1.2253,1.0,2.0,0.0,2.0,0.0,1.0,0.0,0.0,0.0,0.0,1.0,,0.0,0.0,0.0,1.0,1.0,,,1.0,1.0,0.0,1.0,11.0,1.0,1.0,1.0,7.0,3.0,3.0,0.0,74883.0,3058.5296,,2403.1858,3217.0865,64.0,2.614,30.0,1.2253,25.0,195.0,7.9646,55876,39514,1613.9142,,51175.0,0.298063,3.38,,741.0,186.0,,,37.8625,15444.0,19065.0,353.0,15105.0,18210.0,312.0,339.0,855.0,41.0,0.0,0.0,1.0,1.0,2.0,0.0,26555.0,31924.0,571.0,24003.0,30032.0,505.0,2552.0,1892.0,66.0,4.0,12.0,3.0,3.0,6.0,4.0,41521.0,47241.0,776.0,31887.0,39783.0,657.0,9634.0,7458.0,119.0,13.0,35.0,5.0,5.0,7.0,13.0,55876.0,65789.0,927.0,37365.0,47649.0,740.0,18511.0,18140.0,187.0,24.0,55.0,6.0,6.0,8.0,24.0
ESPORTSTMNT05_3241529,complete,,EM,2023,Summer,0,2023-08-24 16:52:33,1,13.15,1,Blue,top,Venour,oe:player:df13ba84b4ea6932f7e10b5e51e7cf5,Unicorns of Love Sexy Edition,oe:team:6a060bd74c9041bf0aa89adf9d15d12,K'Sante,LeBlanc,Rell,Maokai,Nautilus,Leona,,,,,,1761,1,2,0,9,13,6,1.0,0.0,0.0,0.0,0.0,0.0,0.0,0.0,0.4429,0.6474,,,,,,,,,,,,,,,,,,,,,0.0,0.0,,,,,,,,0.0,0.0,14697.0,500.7496,0.186562,706.1329,1022.6235,10.0,0.3407,1.0,0.0341,2.0,29.0,0.9881,13501,9633,328.2112,0.240165,11100.0,,,261.0,257.0,4.0,,,8.8927,3543.0,4896.0,91.0,2841.0,4150.0,63.0,702.0,746.0,28.0,0.0,0.0,0.0,0.0,1.0,0.0,5666.0,7856.0,148.0,4445.0,6952.0,114.0,1221.0,904.0,34.0,0.0,0.0,0.0,0.0,1.0,0.0,7712.0,10127.0,187.0,6095.0,8901.0,151.0,1617.0,1226.0,36.0,0.0,3.0,0.0,0.0,1.0,1.0,11000.0,14021.0,226.0,7339.0,10457.0,175.0,3661.0,3564.0,51.0,0.0,7.0,0.0,0.0,1.0,3.0
ESPORTSTMNT05_3241529,complete,,EM,2023,Summer,0,2023-08-24 16:52:33,1,13.15,2,Blue,jng,CaD,oe:player:7d306cd72ad7ffa40115a6b36f8a07b,Unicorns of Love Sexy Edition,oe:team:6a060bd74c9041bf0aa89adf9d15d12,Sejuani,LeBlanc,Rell,Maokai,Nautilus,Leona,,,,,,1761,1,1,1,9,13,6,0.0,0.0,0.0,0.0,0.0,0.0,0.0,0.0,0.4429,0.6474,,,,,,,,,,,,,,,,,,,,,1.0,0.0,,,,,,,,0.0,0.0,11297.0,384.9063,0.143403,1032.7428,1332.6746,11.0,0.3748,11.0,0.3748,12.0,43.0,1.4651,9783,5915,201.5332,0.147469,8450.0,,,141.0,18.0,123.0,,,4.8041,3396.0,3062.0,58.0,2928.0,3270.0,57.0,468.0,-208.0,1.0,0.0,0.0,0.0,0.0,2.0,0.0,4733.0,4991.0,85.0,4457.0,4921.0,82.0,276.0,70.0,3.0,0.0,0.0,0.0,1.0,2.0,0.0,6490.0,7209.0,109.0,6258.0,7280.0,114.0,232.0,-71.0,-5.0,1.0,1.0,0.0,1.0,2.0,0.0,8239.0,9974.0,129.0,7374.0,8819.0,131.0,865.0,1155.0,-2.0,1.0,5.0,0.0,1.0,2.0,1.0
ESPORTSTMNT05_3241529,complete,,EM,2023,Summer,0,2023-08-24 16:52:33,1,13.15,3,Blue,mid,Mask,oe:player:4a18312b5b75f549d5551e5912ad6eb,Unicorns of Love Sexy Edition,oe:team:6a060bd74c9041bf0aa89adf9d15d12,Azir,LeBlanc,Rell,Maokai,Nautilus,Leona,,,,,,1761,1,5,1,5,13,6,0.0,0.0,0.0,0.0,0.0,0.0,0.0,0.0,0.4429,0.6474,,,,,,,,,,,,,,,,,,,,,1.0,0.0,,,,,,,,0.0,0.0,28711.0,978.2283,0.364455,466.9165,399.9319,14.0,0.477,10.0,0.3407,4.0,40.0,1.3629,13263,9395,320.1022,0.234231,11500.0,,,287.0,263.0,24.0,,,9.7785,3459.0,4875.0,89.0,3494.0,4721.0,84.0,-35.0,154.0,5.0,0.0,0.0,0.0,1.0,1.0,0.0,5559.0,8022.0,150.0,5178.0,7705.0,138.0,381.0,317.0,12.0,0.0,0.0,0.0,1.0,1.0,0.0,8235.0,11467.0,208.0,6953.0,10364.0,183.0,1282.0,1103.0,25.0,2.0,1.0,0.0,1.0,1.0,1.0,10753.0,14666.0,254.0,8593.0,12880.0,222.0,2160.0,1786.0,32.0,3.0,3.0,1.0,1.0,2.0,2.0
ESPORTSTMNT05_3241529,complete,,EM,2023,Summer,0,2023-08-24 16:52:33,1,13.15,4,Blue,bot,Fun K3y,oe:player:9ea5afea85321b13df74acb62bfb530,Unicorns of Love Sexy Edition,oe:team:6a060bd74c9041bf0aa89adf9d15d12,Aphelios,LeBlanc,Rell,Maokai,Nautilus,Leona,,,,,,1761,1,5,1,3,13,6,1.0,0.0,0.0,0.0,0.0,0.0,0.0,0.0,0.4429,0.6474,,,,,,,,,,,,,,,,,,,,,0.0,0.0,,,,,,,,2.0,0.0,20614.0,702.3509,0.261672,201.8058,360.8518,13.0,0.4429,12.0,0.4089,5.0,44.0,1.4991,14870,11002,374.8552,0.274296,14925.0,,,316.0,267.0,49.0,,,10.7666,3563.0,3830.0,89.0,3349.0,3648.0,93.0,214.0,182.0,-4.0,0.0,0.0,0.0,0.0,0.0,0.0,5824.0,6318.0,147.0,5349.0,6351.0,154.0,475.0,-33.0,-7.0,0.0,0.0,0.0,0.0,1.0,0.0,8450.0,9100.0,202.0,7098.0,8539.0,202.0,1352.0,561.0,0.0,1.0,2.0,0.0,0.0,1.0,1.0,12430.0,13309.0,267.0,9717.0,11505.0,255.0,2713.0,1804.0,12.0,5.0,3.0,0.0,1.0,1.0,1.0
ESPORTSTMNT05_3241529,complete,,EM,2023,Summer,0,2023-08-24 16:52:33,1,13.15,5,Blue,sup,Lekcyc,oe:player:74f3f60a44ee916ecc257a5381be756,Unicorns of Love Sexy Edition,oe:team:6a060bd74c9041bf0aa89adf9d15d12,Braum,LeBlanc,Rell,Maokai,Nautilus,Leona,,,,,,1761,1,0,3,12,13,6,0.0,0.0,0.0,0.0,0.0,0.0,0.0,1.0,0.4429,0.6474,,,,,,,,,,,,,,,,,,,,,0.0,0.0,,,,,,,,0.0,0.0,3459.0,117.8535,0.0439082,525.6559,509.2334,47.0,1.6014,9.0,0.3066,10.0,90.0,3.0664,8033,4165,141.908,0.103839,6950.0,,,34.0,34.0,0.0,,,1.1584,2051.0,2243.0,15.0,2566.0,2702.0,15.0,-515.0,-459.0,0.0,0.0,0.0,2.0,1.0,1.0,0.0,3179.0,3305.0,25.0,3686.0,3612.0,26.0,-507.0,-307.0,-1.0,0.0,0.0,3.0,1.0,2.0,0.0,4802.0,5129.0,29.0,4701.0,4175.0,30.0,101.0,954.0,-1.0,0.0,4.0,3.0,1.0,2.0,1.0,6664.0,7806.0,31.0,5583.0,5151.0,35.0,1081.0,2655.0,-4.0,0.0,8.0,3.0,1.0,2.0,2.0
ESPORTSTMNT05_3241529,complete,,EM,2023,Summer,0,2023-08-24 16:52:33,1,13.15,6,Red,top,fabFabulous,oe:player:d12be4fd740afa31c400833bee2cba4,NASR eSports Turkey,oe:team:1bcba9d314932379a955b3de9e8654d,Malphite,Taliyah,Tristana,Rumble,Xayah,Zeri,,,,,,1761,0,0,4,3,6,13,0.0,0.0,0.0,0.0,0.0,0.0,0.0,0.0,0.2044,0.6474,,,,,,,,,,,,,,,,,,,,,0.0,0.0,,,,,,,,0.0,0.0,8961.0,305.3152,0.151874,839.523,1599.4549,12.0,0.4089,2.0,0.0681,6.0,29.0,0.9881,8551,4683,159.5571,0.173489,8400.0,,,197.0,197.0,0.0,,,6.7121,2841.0,4150.0,63.0,3543.0,4896.0,91.0,-702.0,-746.0,-28.0,0.0,1.0,0.0,0.0,0.0,0.0,4445.0,6952.0,114.0,5666.0,7856.0,148.0,-1221.0,-904.0,-34.0,0.0,1.0,0.0,0.0,0.0,0.0,6095.0,8901.0,151.0,7712.0,10127.0,187.0,-1617.0,-1226.0,-36.0,0.0,1.0,1.0,0.0,3.0,0.0,7339.0,10457.0,175.0,11000.0,14021.0,226.0,-3661.0,-3564.0,-51.0,0.0,1.0,3.0,0.0,7.0,0.0
ESPORTSTMNT05_3241529,complete,,EM,2023,Summer,0,2023-08-24 16:52:33,1,13.15,7,Red,jng,Typhoon,oe:player:8a729e3599082e74fcca776b295d0e1,NASR eSports Turkey,oe:team:1bcba9d314932379a955b3de9e8654d,Poppy,Taliyah,Tristana,Rumble,Xayah,Zeri,,,,,,1761,0,2,1,3,6,13,0.0,0.0,0.0,0.0,1.0,0.0,1.0,0.0,0.2044,0.6474,,,,,,,,,,,,,,,,,,,,,0.0,1.0,,,,,,,,0.0,0.0,6736.0,229.506,0.114164,784.7359,1077.4106,7.0,0.2385,8.0,0.2726,7.0,30.0,1.0221,9242,5374,183.1005,0.199089,8725.0,,,138.0,16.0,122.0,,,4.7019,2928.0,3270.0,57.0,3396.0,3062.0,58.0,-468.0,208.0,-1.0,0.0,2.0,0.0,0.0,0.0,0.0,4457.0,4921.0,82.0,4733.0,4991.0,85.0,-276.0,-70.0,-3.0,1.0,2.0,0.0,0.0,0.0,0.0,6258.0,7280.0,114.0,6490.0,7209.0,109.0,-232.0,71.0,5.0,1.0,2.0,0.0,1.0,1.0,0.0,7374.0,8819.0,131.0,8239.0,9974.0,129.0,-865.0,-1155.0,2.0,1.0,2.0,1.0,1.0,5.0,0.0
ESPORTSTMNT05_3241529,complete,,EM,2023,Summer,0,2023-08-24 16:52:33,1,13.15,8,Red,mid,Whistle,oe:player:d62f8789d640fc4bf972663ddd10b77,NASR eSports Turkey,oe:team:1bcba9d314932379a955b3de9e8654d,Ahri,Taliyah,Tristana,Rumble,Xayah,Zeri,,,,,,1761,0,2,3,3,6,13,0.0,0.0,0.0,0.0,1.0,0.0,1.0,0.0,0.2044,0.6474,,,,,,,,,,,,,,,,,,,,,0.0,1.0,,,,,,,,0.0,0.0,21926.0,747.0528,0.371608,700.3407,419.3867,14.0,0.477,7.0,0.2385,4.0,34.0,1.1584,10596,6728,229.2334,0.24925,10100.0,,,265.0,265.0,0.0,,,9.029,3494.0,4721.0,84.0,3459.0,4875.0,89.0,35.0,-154.0,-5.0,1.0,1.0,0.0,0.0,0.0,0.0,5178.0,7705.0,138.0,5559.0,8022.0,150.0,-381.0,-317.0,-12.0,1.0,1.0,0.0,0.0,0.0,0.0,6953.0,10364.0,183.0,8235.0,11467.0,208.0,-1282.0,-1103.0,-25.0,1.0,1.0,1.0,2.0,1.0,0.0,8593.0,12880.0,222.0,10753.0,14666.0,254.0,-2160.0,-1786.0,-32.0,1.0,2.0,2.0,3.0,3.0,1.0
ESPORTSTMNT05_3241529,complete,,EM,2023,Summer,0,2023-08-24 16:52:33,1,13.15,9,Red,bot,Scorth,oe:player:a177d116efe77552eb3068675c777f2,NASR eSports Turkey,oe:team:1bcba9d314932379a955b3de9e8654d,Kai'Sa,Taliyah,Tristana,Rumble,Xayah,Zeri,,,,,,1761,0,1,2,3,6,13,0.0,0.0,0.0,0.0,0.0,0.0,0.0,0.0,0.2044,0.6474,,,,,,,,,,,,,,,,,,,,,0.0,0.0,,,,,,,,0.0,2.0,17373.0,591.925,0.294443,416.3543,281.3969,11.0,0.3748,6.0,0.2044,5.0,23.0,0.7836,11643,7775,264.9063,0.288038,11375.0,,,301.0,289.0,12.0,,,10.2555,3349.0,3648.0,93.0,3563.0,3830.0,89.0,-214.0,-182.0,4.0,0.0,0.0,0.0,0.0,0.0,0.0,5349.0,6351.0,154.0,5824.0,6318.0,147.0,-475.0,33.0,7.0,0.0,1.0,0.0,0.0,0.0,0.0,7098.0,8539.0,202.0,8450.0,9100.0,202.0,-1352.0,-561.0,0.0,0.0,1.0,1.0,1.0,2.0,0.0,9717.0,11505.0,255.0,12430.0,13309.0,267.0,-2713.0,-1804.0,-12.0,1.0,1.0,1.0,5.0,3.0,0.0
ESPORTSTMNT05_3241529,complete,,EM,2023,Summer,0,2023-08-24 16:52:33,1,13.15,10,Red,sup,Patch,oe:player:7c8d8bf5d11af12d15aad3ce6bf5522,NASR eSports Turkey,oe:team:1bcba9d314932379a955b3de9e8654d,Alistar,Taliyah,Tristana,Rumble,Xayah,Zeri,,,,,,1761,0,1,3,3,6,13,0.0,0.0,0.0,0.0,1.0,1.0,0.0,0.0,0.2044,0.6474,,,,,,,,,,,,,,,,,,,,,0.0,0.0,,,,,,,,0.0,0.0,4007.0,136.5247,0.0679118,626.3373,713.356,60.0,2.0443,14.0,0.477,19.0,111.0,3.7819,6301,2433,82.8961,0.0901337,5950.0,,,36.0,36.0,0.0,,,1.2266,2566.0,2702.0,15.0,2051.0,2243.0,15.0,515.0,459.0,0.0,1.0,1.0,0.0,0.0,0.0,2.0,3686.0,3612.0,26.0,3179.0,3305.0,25.0,507.0,307.0,1.0,1.0,2.0,0.0,0.0,0.0,3.0,4701.0,4175.0,30.0,4802.0,5129.0,29.0,-101.0,-954.0,1.0,1.0,2.0,1.0,0.0,4.0,3.0,5583.0,5151.0,35.0,6664.0,7806.0,31.0,-1081.0,-2655.0,4.0,1.0,2.0,2.0,0.0,8.0,3.0
ESPORTSTMNT05_3241529,complete,,EM,2023,Summer,0,2023-08-24 16:52:33,1,13.15,100,Blue,team,,,Unicorns of Love Sexy Edition,oe:team:6a060bd74c9041bf0aa89adf9d15d12,,LeBlanc,Rell,Maokai,Nautilus,Leona,Sejuani,Azir,K'Sante,Aphelios,Braum,1761,1,13,6,38,13,6,2.0,0.0,0.0,0.0,0.0,,,,0.4429,0.6474,0.0,2.0,2.0,2.0,2.0,0.0,0.0,0.0,2.0,0.0,0.0,,0.0,0.0,1.0,1.0,1.0,,,1.0,2.0,0.0,1.0,10.0,1.0,1.0,1.0,8.0,3.0,2.0,0.0,78778.0,2684.0886,,2933.2538,3625.3152,95.0,3.2368,43.0,1.4651,33.0,246.0,8.3816,59450,40110,1366.6099,,52925.0,0.171839,2.8,,839.0,200.0,,,35.4003,16012.0,18906.0,342.0,15178.0,18491.0,312.0,834.0,415.0,30.0,0.0,0.0,2.0,2.0,5.0,0.0,24961.0,30492.0,555.0,23115.0,29541.0,514.0,1846.0,951.0,41.0,0.0,0.0,3.0,3.0,7.0,0.0,35689.0,43032.0,735.0,31105.0,39259.0,680.0,4584.0,3773.0,55.0,4.0,11.0,3.0,3.0,7.0,4.0,49086.0,59776.0,907.0,38606.0,48812.0,818.0,10480.0,10964.0,89.0,9.0,26.0,4.0,4.0,8.0,9.0
ESPORTSTMNT05_3241529,complete,,EM,2023,Summer,0,2023-08-24 16:52:33,1,13.15,200,Red,team,,,NASR eSports Turkey,oe:team:1bcba9d314932379a955b3de9e8654d,,Taliyah,Tristana,Rumble,Xayah,Zeri,Kai'Sa,Poppy,Ahri,Alistar,Malphite,1761,0,6,13,15,6,13,0.0,0.0,0.0,0.0,1.0,,,,0.2044,0.6474,1.0,2.0,2.0,2.0,2.0,0.0,0.0,1.0,0.0,0.0,1.0,,0.0,0.0,0.0,1.0,1.0,,,0.0,0.0,2.0,0.0,1.0,10.0,0.0,0.0,3.0,8.0,0.0,2.0,59003.0,2010.3237,,3367.2913,4091.0051,104.0,3.5434,37.0,1.2606,41.0,227.0,7.7342,46333,26993,919.6934,,44550.0,-0.171839,-2.8,,803.0,134.0,,,31.925,15178.0,18491.0,312.0,16012.0,18906.0,342.0,-834.0,-415.0,-30.0,2.0,5.0,0.0,0.0,0.0,2.0,23115.0,29541.0,514.0,24961.0,30492.0,555.0,-1846.0,-951.0,-41.0,3.0,7.0,0.0,0.0,0.0,3.0,31105.0,39259.0,680.0,35689.0,43032.0,735.0,-4584.0,-3773.0,-55.0,3.0,7.0,4.0,4.0,11.0,3.0,38606.0,48812.0,818.0,49086.0,59776.0,907.0,-10480.0,-10964.0,-89.0,4.0,8.0,9.0,9.0,26.0,4.0
ESPORTSTMNT05_3241533,complete,,EM,2023,Summer,0,2023-08-24 17:27:24,1,13.15,1,Blue,top,Empyros,oe:player:9db3f170213f562a9613fe4f99d7dfa,DSYRE,oe:team:3e3ca0895ded506fd637e723d6ae2a1,Gnar,LeBlanc,Kai'Sa,Rumble,Alistar,Aatrox,,,,,,1832,0,0,4,2,6,20,0.0,0.0,0.0,0.0,0.0,0.0,0.0,1.0,0.1965,0.8515,,,,,,,,,,,,,,,,,,,,,0.0,0.0,,,,,,,,0.0,1.0,9183.0,300.7533,0.135871,778.1987,777.0524,16.0,0.524,6.0,0.1965,5.0,43.0,1.4083,10325,6312,206.7249,0.197417,9958.0,,,222.0,210.0,12.0,,,7.2707,2856.0,3672.0,69.0,3761.0,5186.0,90.0,-905.0,-1514.0,-21.0,0.0,0.0,1.0,1.0,0.0,0.0,4293.0,5661.0,112.0,6740.0,8089.0,145.0,-2447.0,-2428.0,-33.0,0.0,0.0,1.0,2.0,0.0,0.0,6143.0,7995.0,148.0,9448.0,10936.0,192.0,-3305.0,-2941.0,-44.0,0.0,0.0,2.0,4.0,2.0,1.0,8377.0,11025.0,185.0,12164.0,14662.0,252.0,-3787.0,-3637.0,-67.0,0.0,2.0,3.0,6.0,3.0,1.0
ESPORTSTMNT05_3241533,complete,,EM,2023,Summer,0,2023-08-24 17:27:24,1,13.15,2,Blue,jng,Rhilech,oe:player:cbe20c64274a87a21e5bdac1ccc3e77,DSYRE,oe:team:3e3ca0895ded506fd637e723d6ae2a1,Sejuani,LeBlanc,Kai'Sa,Rumble,Alistar,Aatrox,,,,,,1832,0,0,4,4,6,20,0.0,0.0,0.0,0.0,0.0,0.0,0.0,0.0,0.1965,0.8515,,,,,,,,,,,,,,,,,,,,,1.0,1.0,,,,,,,,0.0,0.0,5641.0,184.7489,0.083464,955.7096,1309.5197,11.0,0.3603,12.0,0.393,11.0,53.0,1.7358,8422,4409,144.3996,0.137899,8225.0,,,141.0,24.0,117.0,,,4.6179,2987.0,3005.0,61.0,3004.0,3117.0,59.0,-17.0,-112.0,2.0,0.0,0.0,0.0,0.0,0.0,0.0,4487.0,5376.0,93.0,4663.0,5063.0,86.0,-176.0,313.0,7.0,0.0,1.0,0.0,0.0,2.0,1.0,5989.0,7414.0,117.0,6944.0,7685.0,119.0,-955.0,-271.0,-2.0,0.0,3.0,1.0,0.0,5.0,1.0,7542.0,9653.0,134.0,8735.0,9969.0,132.0,-1193.0,-316.0,2.0,0.0,4.0,2.0,1.0,9.0,1.0
ESPORTSTMNT05_3241533,complete,,EM,2023,Summer,0,2023-08-24 17:27:24,1,13.15,3,Blue,mid,XoNix,oe:player:be877a261fb0c3a320db45091bdefec,DSYRE,oe:team:3e3ca0895ded506fd637e723d6ae2a1,Jayce,LeBlanc,Kai'Sa,Rumble,Alistar,Aatrox,,,,,,1832,0,2,5,3,6,20,0.0,0.0,0.0,0.0,0.0,0.0,0.0,0.0,0.1965,0.8515,,,,,,,,,,,,,,,,,,,,,0.0,0.0,,,,,,,,0.0,1.0,20280.0,664.1921,0.300062,670.2838,539.2795,6.0,0.1965,9.0,0.2948,2.0,33.0,1.0808,12390,8377,274.3559,0.262001,11800.0,,,267.0,260.0,7.0,,,8.7445,3469.0,4470.0,95.0,3472.0,4342.0,95.0,-3.0,128.0,0.0,0.0,0.0,0.0,0.0,0.0,0.0,5397.0,7105.0,143.0,5530.0,7181.0,150.0,-133.0,-76.0,-7.0,0.0,1.0,1.0,0.0,2.0,0.0,7774.0,10187.0,190.0,8552.0,10656.0,210.0,-778.0,-469.0,-20.0,1.0,3.0,2.0,1.0,3.0,1.0,10496.0,13558.0,234.0,10105.0,12616.0,247.0,391.0,942.0,-13.0,2.0,3.0,3.0,1.0,5.0,3.0
ESPORTSTMNT05_3241533,complete,,EM,2023,Summer,0,2023-08-24 17:27:24,1,13.15,4,Blue,bot,Aetinoth,oe:player:d47955c8bc06bf316f24ee15d45407b,DSYRE,oe:team:3e3ca0895ded506fd637e723d6ae2a1,Ziggs,LeBlanc,Kai'Sa,Rumble,Alistar,Aatrox,,,,,,1832,0,3,1,1,6,20,0.0,0.0,0.0,0.0,0.0,0.0,0.0,0.0,0.1965,0.8515,,,,,,,,,,,,,,,,,,,,,0.0,0.0,,,,,,,,0.0,0.0,28906.0,946.7031,0.427692,293.1878,165.2948,14.0,0.4585,4.0,0.131,3.0,25.0,0.8188,13148,9135,299.1812,0.285708,12525.0,,,325.0,318.0,7.0,,,10.6441,3586.0,3807.0,96.0,3406.0,3789.0,95.0,180.0,18.0,1.0,0.0,0.0,0.0,0.0,0.0,0.0,5818.0,6863.0,158.0,5281.0,6946.0,149.0,537.0,-83.0,9.0,1.0,0.0,0.0,0.0,2.0,0.0,8259.0,9415.0,210.0,8482.0,10603.0,230.0,-223.0,-1188.0,-20.0,2.0,0.0,0.0,0.0,2.0,0.0,10918.0,12568.0,262.0,11679.0,13686.0,286.0,-761.0,-1118.0,-24.0,3.0,1.0,1.0,3.0,4.0,0.0
ESPORTSTMNT05_3241533,complete,,EM,2023,Summer,0,2023-08-24 17:27:24,1,13.15,5,Blue,sup,Nash,oe:player:6b9f3420febdbc475dd3c1e4e0bcb5e,DSYRE,oe:team:3e3ca0895ded506fd637e723d6ae2a1,Rell,LeBlanc,Kai'Sa,Rumble,Alistar,Aatrox,,,,,,1832,0,1,6,5,6,20,0.0,0.0,0.0,0.0,0.0,0.0,0.0,0.0,0.1965,0.8515,,,,,,,,,,,,,,,,,,,,,0.0,0.0,,,,,,,,0.0,0.0,3576.0,117.1179,0.0529104,803.8755,950.4367,44.0,1.441,17.0,0.5568,9.0,95.0,3.1114,7753,3740,122.4891,0.116975,7425.0,,,41.0,41.0,0.0,,,1.3428,2247.0,2662.0,18.0,2282.0,2444.0,15.0,-35.0,218.0,3.0,0.0,0.0,0.0,0.0,0.0,0.0,3364.0,3504.0,25.0,3615.0,3057.0,21.0,-251.0,447.0,4.0,0.0,1.0,1.0,1.0,1.0,0.0,5404.0,5592.0,35.0,5419.0,4891.0,29.0,-15.0,701.0,6.0,1.0,3.0,2.0,2.0,4.0,1.0,6846.0,7853.0,38.0,6711.0,6945.0,36.0,135.0,908.0,2.0,1.0,5.0,4.0,2.0,9.0,1.0
ESPORTSTMNT05_3241533,complete,,EM,2023,Summer,0,2023-08-24 17:27:24,1,13.15,6,Red,top,JNX,oe:player:4bb53c6fa9f5d75901136feb8bdf817,SK Gaming Prime,oe:team:aa8c3b781d96ddb7a24ab3240918988,Yone,Jax,Ahri,Tristana,Renekton,K'Sante,,,,,,1832,1,6,1,3,20,6,1.0,0.0,0.0,0.0,1.0,1.0,0.0,0.0,0.655,0.8515,,,,,,,,,,,,,,,,,,,,,0.0,0.0,,,,,,,,1.0,0.0,25879.0,847.5655,0.30199,721.3755,845.2729,12.0,0.393,3.0,0.0983,1.0,27.0,0.8843,15534,11521,377.3253,0.25262,12875.0,,,332.0,291.0,41.0,,,10.8734,3761.0,5186.0,90.0,2856.0,3672.0,69.0,905.0,1514.0,21.0,1.0,0.0,0.0,0.0,0.0,1.0,6740.0,8089.0,145.0,4293.0,5661.0,112.0,2447.0,2428.0,33.0,2.0,0.0,0.0,0.0,0.0,1.0,9448.0,10936.0,192.0,6143.0,7995.0,148.0,3305.0,2941.0,44.0,4.0,2.0,1.0,0.0,0.0,2.0,12164.0,14662.0,252.0,8377.0,11025.0,185.0,3787.0,3637.0,67.0,6.0,3.0,1.0,0.0,2.0,3.0
ESPORTSTMNT05_3241533,complete,,EM,2023,Summer,0,2023-08-24 17:27:24,1,13.15,7,Red,jng,Lurox,oe:player:6fc5fe723eed4ba4c230292be365c66,SK Gaming Prime,oe:team:aa8c3b781d96ddb7a24ab3240918988,Maokai,Jax,Ahri,Tristana,Renekton,K'Sante,,,,,,1832,1,1,1,14,20,6,0.0,0.0,0.0,0.0,0.0,0.0,0.0,0.0,0.655,0.8515,,,,,,,,,,,,,,,,,,,,,1.0,1.0,,,,,,,,0.0,0.0,9252.0,303.0131,0.107964,1085.6332,1336.3428,13.0,0.4258,15.0,0.4913,12.0,59.0,1.9323,10650,6637,217.369,0.14553,9450.0,,,144.0,21.0,123.0,,,4.7162,3004.0,3117.0,59.0,2987.0,3005.0,61.0,17.0,112.0,-2.0,0.0,0.0,0.0,0.0,0.0,0.0,4663.0,5063.0,86.0,4487.0,5376.0,93.0,176.0,-313.0,-7.0,0.0,2.0,1.0,0.0,1.0,0.0,6944.0,7685.0,119.0,5989.0,7414.0,117.0,955.0,271.0,2.0,0.0,5.0,1.0,0.0,3.0,1.0,8735.0,9969.0,132.0,7542.0,9653.0,134.0,1193.0,316.0,-2.0,1.0,9.0,1.0,0.0,4.0,2.0
ESPORTSTMNT05_3241533,complete,,EM,2023,Summer,0,2023-08-24 17:27:24,1,13.15,8,Red,mid,FEBIVEN,oe:player:d62421836c8b27dc3ffaffa058b8098,SK Gaming Prime,oe:team:aa8c3b781d96ddb7a24ab3240918988,Azir,Jax,Ahri,Tristana,Renekton,K'Sante,,,,,,1832,1,4,3,7,20,6,1.0,0.0,0.0,0.0,0.0,0.0,0.0,0.0,0.655,0.8515,,,,,,,,,,,,,,,,,,,,,0.0,0.0,,,,,,,,1.0,0.0,17919.0,586.8668,0.209102,486.976,329.7707,9.0,0.2948,7.0,0.2293,3.0,25.0,0.8188,14297,10284,336.8122,0.225496,12225.0,,,294.0,278.0,16.0,,,9.6288,3472.0,4342.0,95.0,3469.0,4470.0,95.0,3.0,-128.0,0.0,0.0,0.0,0.0,0.0,0.0,0.0,5530.0,7181.0,150.0,5397.0,7105.0,143.0,133.0,76.0,7.0,0.0,2.0,0.0,0.0,1.0,1.0,8552.0,10656.0,210.0,7774.0,10187.0,190.0,778.0,469.0,20.0,1.0,3.0,1.0,1.0,3.0,2.0,10105.0,12616.0,247.0,10496.0,13558.0,234.0,-391.0,-942.0,13.0,1.0,5.0,3.0,2.0,3.0,3.0
ESPORTSTMNT05_3241533,complete,,EM,2023,Summer,0,2023-08-24 17:27:24,1,13.15,9,Red,bot,Keduii,oe:player:44189e6dc3089dbf9520de800fa705a,SK Gaming Prime,oe:team:aa8c3b781d96ddb7a24ab3240918988,Zeri,Jax,Ahri,Tristana,Renekton,K'Sante,,,,,,1832,1,7,0,5,20,6,3.0,0.0,0.0,0.0,0.0,0.0,0.0,0.0,0.655,0.8515,,,,,,,,,,,,,,,,,,,,,0.0,0.0,,,,,,,,0.0,0.0,27350.0,895.7424,0.319155,552.5109,317.8493,15.0,0.4913,9.0,0.2948,6.0,47.0,1.5393,16342,12329,403.7882,0.270336,14320.0,,,375.0,313.0,62.0,,,12.2817,3406.0,3789.0,95.0,3586.0,3807.0,96.0,-180.0,-18.0,-1.0,0.0,0.0,0.0,0.0,0.0,0.0,5281.0,6946.0,149.0,5818.0,6863.0,158.0,-537.0,83.0,-9.0,0.0,2.0,0.0,1.0,0.0,0.0,8482.0,10603.0,230.0,8259.0,9415.0,210.0,223.0,1188.0,20.0,0.0,2.0,0.0,2.0,0.0,0.0,11679.0,13686.0,286.0,10918.0,12568.0,262.0,761.0,1118.0,24.0,3.0,4.0,0.0,3.0,1.0,1.0
ESPORTSTMNT05_3241533,complete,,EM,2023,Summer,0,2023-08-24 17:27:24,1,13.15,10,Red,sup,Prime,oe:player:e038414b765a8bda52e602f7eaeff04,SK Gaming Prime,oe:team:aa8c3b781d96ddb7a24ab3240918988,Rakan,Jax,Ahri,Tristana,Renekton,K'Sante,,,,,,1832,1,2,1,15,20,6,0.0,0.0,0.0,0.0,0.0,0.0,0.0,0.0,0.655,0.8515,,,,,,,,,,,,,,,,,,,,,0.0,0.0,,,,,,,,0.0,0.0,5295.0,173.417,0.0617889,433.2314,429.0066,65.0,2.1288,24.0,0.786,20.0,154.0,5.0437,8848,4835,158.3515,0.106018,7800.0,,,43.0,43.0,0.0,,,1.4083,2282.0,2444.0,15.0,2247.0,2662.0,18.0,35.0,-218.0,-3.0,0.0,0.0,0.0,0.0,0.0,0.0,3615.0,3057.0,21.0,3364.0,3504.0,25.0,251.0,-447.0,-4.0,1.0,1.0,0.0,0.0,1.0,1.0,5419.0,4891.0,29.0,5404.0,5592.0,35.0,15.0,-701.0,-6.0,2.0,4.0,1.0,1.0,3.0,2.0,6711.0,6945.0,36.0,6846.0,7853.0,38.0,-135.0,-908.0,-2.0,2.0,9.0,1.0,1.0,5.0,4.0
ESPORTSTMNT05_3241533,complete,,EM,2023,Summer,0,2023-08-24 17:27:24,1,13.15,100,Blue,team,,,DSYRE,oe:team:3e3ca0895ded506fd637e723d6ae2a1,,LeBlanc,Kai'Sa,Rumble,Alistar,Aatrox,Jayce,Ziggs,Sejuani,Rell,Gnar,1832,0,6,20,15,6,20,0.0,0.0,0.0,0.0,0.0,,,,0.1965,0.8515,0.0,1.0,4.0,1.0,4.0,0.0,0.0,0.0,0.0,1.0,0.0,,0.0,0.0,0.0,0.0,2.0,,,1.0,1.0,1.0,0.0,1.0,10.0,0.0,0.0,2.0,5.0,0.0,2.0,67586.0,2213.5153,,3501.2555,3741.583,91.0,2.9803,48.0,1.5721,30.0,249.0,8.155,52038,31974,1047.1834,,49933.0,-0.126394,-2.41,,853.0,143.0,,,32.6201,15145.0,17616.0,339.0,15925.0,18878.0,354.0,-780.0,-1262.0,-15.0,0.0,0.0,1.0,1.0,0.0,0.0,23359.0,28509.0,531.0,25829.0,30336.0,551.0,-2470.0,-1827.0,-20.0,1.0,3.0,3.0,3.0,7.0,1.0,33569.0,40603.0,700.0,38845.0,44771.0,780.0,-5276.0,-4168.0,-80.0,4.0,9.0,7.0,7.0,16.0,4.0,44179.0,54657.0,853.0,49394.0,57878.0,953.0,-5215.0,-3221.0,-100.0,6.0,15.0,13.0,13.0,30.0,6.0
ESPORTSTMNT05_3241533,complete,,EM,2023,Summer,0,2023-08-24 17:27:24,1,13.15,200,Red,team,,,SK Gaming Prime,oe:team:aa8c3b781d96ddb7a24ab3240918988,,Jax,Ahri,Tristana,Renekton,K'Sante,Maokai,Azir,Zeri,Rakan,Yone,1832,1,20,6,44,20,6,5.0,0.0,0.0,0.0,1.0,,,,0.655,0.8515,1.0,4.0,1.0,4.0,1.0,0.0,0.0,1.0,1.0,2.0,0.0,,0.0,0.0,1.0,2.0,0.0,,,0.0,1.0,1.0,1.0,10.0,1.0,1.0,1.0,5.0,2.0,2.0,0.0,85695.0,2806.6048,,3279.7271,3258.2424,114.0,3.7336,58.0,1.8996,42.0,312.0,10.2183,65671,45607,1493.679,,56670.0,0.126394,2.41,,946.0,242.0,,,38.9083,15925.0,18878.0,354.0,15145.0,17616.0,339.0,780.0,1262.0,15.0,1.0,0.0,0.0,0.0,0.0,1.0,25829.0,30336.0,551.0,23359.0,28509.0,531.0,2470.0,1827.0,20.0,3.0,7.0,1.0,1.0,3.0,3.0,38845.0,44771.0,780.0,33569.0,40603.0,700.0,5276.0,4168.0,80.0,7.0,16.0,4.0,4.0,9.0,7.0,49394.0,57878.0,953.0,44179.0,54657.0,853.0,5215.0,3221.0,100.0,13.0,30.0,6.0,6.0,15.0,13.0
ESPORTSTMNT05_3240512,complete,,EM,2023,Summer,0,2023-08-24 17:40:00,1,13.15,1,Blue,top,Ragner,oe:player:c0f78343a2ad4ba1463245d53a3b440,Team GO,oe:team:8d538207b9de9d20e1a525aae593515,Rumble,Poppy,Nocturne,Maokai,Cassiopeia,Rakan,,,,,,1746,1,4,5,10,18,16,0.0,0.0,0.0,0.0,1.0,1.0,0.0,0.0,0.6186,1.1684,,,,,,,,,,,,,,,,,,,,,0.0,0.0,,,,,,,,0.0,0.0,31701.0,1089.3814,0.362467,633.5052,881.0997,13.0,0.4467,3.0,0.1031,4.0,38.0,1.3058,11228,7391,253.9863,0.196162,9700.0,,,217.0,201.0,16.0,,,7.457,4145.0,5103.0,90.0,3450.0,4878.0,68.0,695.0,225.0,22.0,2.0,0.0,1.0,2.0,0.0,1.0,5831.0,7318.0,125.0,5787.0,7639.0,109.0,44.0,-321.0,16.0,3.0,1.0,3.0,4.0,2.0,2.0,8201.0,9776.0,159.0,7783.0,10290.0,158.0,418.0,-514.0,1.0,4.0,7.0,4.0,4.0,2.0,4.0,9467.0,11034.0,187.0,10003.0,13345.0,189.0,-536.0,-2311.0,-2.0,4.0,7.0,5.0,4.0,6.0,5.0
ESPORTSTMNT05_3240512,complete,,EM,2023,Summer,0,2023-08-24 17:40:00,1,13.15,2,Blue,jng,Lyncas,oe:player:ca9701f085966dfca32e31b1b1e9d55,Team GO,oe:team:8d538207b9de9d20e1a525aae593515,Sejuani,Poppy,Nocturne,Maokai,Cassiopeia,Rakan,,,,,,1746,1,1,3,11,18,16,0.0,0.0,0.0,0.0,1.0,0.0,1.0,0.0,0.6186,1.1684,,,,,,,,,,,,,,,,,,,,,1.0,1.0,,,,,,,,0.0,0.0,8161.0,280.4467,0.0933123,990.3093,1094.3986,8.0,0.2749,8.0,0.2749,8.0,35.0,1.2027,9313,5476,188.1787,0.145334,8325.0,,,114.0,18.0,96.0,,,3.9175,3498.0,2816.0,45.0,2718.0,2412.0,45.0,780.0,404.0,0.0,1.0,2.0,1.0,0.0,1.0,1.0,5266.0,5579.0,80.0,4280.0,5200.0,76.0,986.0,379.0,4.0,1.0,4.0,1.0,0.0,3.0,2.0,6964.0,7803.0,89.0,6599.0,7058.0,97.0,365.0,745.0,-8.0,1.0,9.0,2.0,2.0,3.0,3.0,8108.0,9406.0,103.0,10503.0,10340.0,124.0,-2395.0,-934.0,-21.0,1.0,10.0,3.0,5.0,5.0,3.0
ESPORTSTMNT05_3240512,complete,,EM,2023,Summer,0,2023-08-24 17:40:00,1,13.15,3,Blue,mid,Toucouille,oe:player:525ac233cf71bc36a611e27a324144f,Team GO,oe:team:8d538207b9de9d20e1a525aae593515,Tristana,Poppy,Nocturne,Maokai,Cassiopeia,Rakan,,,,,,1746,1,6,1,5,18,16,2.0,0.0,0.0,0.0,0.0,0.0,0.0,0.0,0.6186,1.1684,,,,,,,,,,,,,,,,,,,,,0.0,0.0,,,,,,,,0.0,0.0,24715.0,849.3127,0.28259,355.1203,408.3162,14.0,0.4811,4.0,0.1375,5.0,33.0,1.134,15192,11355,390.2062,0.301375,15275.0,,,261.0,249.0,12.0,,,8.9691,3175.0,4548.0,87.0,3245.0,4717.0,90.0,-70.0,-169.0,-3.0,0.0,0.0,0.0,0.0,0.0,0.0,6390.0,7810.0,144.0,5541.0,7682.0,151.0,849.0,128.0,-7.0,2.0,0.0,0.0,1.0,1.0,0.0,10665.0,10502.0,189.0,7402.0,9805.0,187.0,3263.0,697.0,2.0,5.0,2.0,0.0,1.0,3.0,1.0,12841.0,12336.0,223.0,9285.0,12694.0,216.0,3556.0,-358.0,7.0,5.0,3.0,1.0,1.0,8.0,1.0
ESPORTSTMNT05_3240512,complete,,EM,2023,Summer,0,2023-08-24 17:40:00,1,13.15,4,Blue,bot,Jezu,oe:player:4817d93e8f26002377aec42233b3fc2,Team GO,oe:team:8d538207b9de9d20e1a525aae593515,Kai'Sa,Poppy,Nocturne,Maokai,Cassiopeia,Rakan,,,,,,1746,1,6,3,4,18,16,2.0,0.0,0.0,0.0,0.0,0.0,0.0,0.0,0.6186,1.1684,,,,,,,,,,,,,,,,,,,,,0.0,0.0,,,,,,,,1.0,0.0,18562.0,637.8694,0.212237,426.7698,256.0481,15.0,0.5155,7.0,0.2405,7.0,31.0,1.0653,13822,9985,343.1271,0.265013,11300.0,,,236.0,233.0,3.0,,,8.11,3219.0,3459.0,67.0,3636.0,3509.0,90.0,-417.0,-50.0,-23.0,0.0,2.0,1.0,0.0,1.0,0.0,4851.0,5263.0,110.0,5992.0,5665.0,134.0,-1141.0,-402.0,-24.0,0.0,2.0,2.0,2.0,3.0,0.0,8638.0,8710.0,161.0,8646.0,7984.0,179.0,-8.0,726.0,-18.0,3.0,3.0,2.0,2.0,5.0,2.0,10534.0,10508.0,198.0,11967.0,11381.0,239.0,-1433.0,-873.0,-41.0,4.0,3.0,3.0,4.0,8.0,2.0
ESPORTSTMNT05_3240512,complete,,EM,2023,Summer,0,2023-08-24 17:40:00,1,13.15,5,Blue,sup,kamilius,oe:player:7aa0aebd379414d25f1fcdc396407f1,Team GO,oe:team:8d538207b9de9d20e1a525aae593515,Alistar,Poppy,Nocturne,Maokai,Cassiopeia,Rakan,,,,,,1746,1,1,4,12,18,16,0.0,0.0,0.0,0.0,0.0,0.0,0.0,0.0,0.6186,1.1684,,,,,,,,,,,,,,,,,,,,,0.0,0.0,,,,,,,,0.0,0.0,4320.0,148.4536,0.0493946,583.4021,602.4399,50.0,1.7182,10.0,0.3436,13.0,92.0,3.1615,7308,3471,119.2784,0.0921164,6375.0,,,28.0,28.0,0.0,,,0.9622,2364.0,2171.0,13.0,2692.0,2352.0,3.0,-328.0,-181.0,10.0,1.0,1.0,0.0,1.0,0.0,2.0,3580.0,3627.0,21.0,4121.0,4029.0,5.0,-541.0,-402.0,16.0,1.0,2.0,2.0,1.0,4.0,3.0,5151.0,5704.0,22.0,5657.0,5464.0,8.0,-506.0,240.0,14.0,1.0,9.0,3.0,2.0,6.0,4.0,6073.0,6820.0,23.0,7311.0,8147.0,11.0,-1238.0,-1327.0,12.0,1.0,10.0,4.0,2.0,11.0,4.0
ESPORTSTMNT05_3240512,complete,,EM,2023,Summer,0,2023-08-24 17:40:00,1,13.15,6,Red,top,Marky,oe:player:197e012fb5163375e24dbbfdae34911,Movistar KOI,oe:team:4acc40654379b4da680be1bd3129dfa,Renekton,Ivern,Taliyah,Rell,Kalista,Ezreal,,,,,,1746,0,4,6,6,16,18,1.0,0.0,0.0,0.0,0.0,0.0,0.0,1.0,0.5498,1.1684,,,,,,,,,,,,,,,,,,,,,0.0,0.0,,,,,,,,0.0,0.0,9330.0,320.6186,0.146968,1108.7285,862.0962,8.0,0.2749,2.0,0.0687,4.0,20.0,0.6873,11228,7391,253.9863,0.211474,10975.0,,,218.0,217.0,1.0,,,7.4914,3450.0,4878.0,68.0,4145.0,5103.0,90.0,-695.0,-225.0,-22.0,2.0,0.0,1.0,2.0,0.0,1.0,5787.0,7639.0,109.0,5831.0,7318.0,125.0,-44.0,321.0,-16.0,4.0,2.0,2.0,3.0,1.0,3.0,7783.0,10290.0,158.0,8201.0,9776.0,159.0,-418.0,514.0,-1.0,4.0,2.0,4.0,4.0,7.0,4.0,10003.0,13345.0,189.0,9467.0,11034.0,187.0,536.0,2311.0,2.0,4.0,6.0,5.0,4.0,7.0,5.0
ESPORTSTMNT05_3240512,complete,,EM,2023,Summer,0,2023-08-24 17:40:00,1,13.15,7,Red,jng,ISMA,oe:player:5450c7731de19c131ce20ea74933cc2,Movistar KOI,oe:team:4acc40654379b4da680be1bd3129dfa,Wukong,Ivern,Taliyah,Rell,Kalista,Ezreal,,,,,,1746,0,5,3,5,16,18,1.0,1.0,0.0,0.0,0.0,0.0,0.0,0.0,0.5498,1.1684,,,,,,,,,,,,,,,,,,,,,1.0,1.0,,,,,,,,0.0,0.0,11322.0,389.0722,0.178347,1073.1615,737.5258,10.0,0.3436,6.0,0.2062,7.0,42.0,1.4433,11580,7743,266.0825,0.221546,11475.0,,,147.0,13.0,134.0,,,5.0515,2718.0,2412.0,45.0,3498.0,2816.0,45.0,-780.0,-404.0,0.0,0.0,1.0,1.0,1.0,2.0,1.0,4280.0,5200.0,76.0,5266.0,5579.0,80.0,-986.0,-379.0,-4.0,0.0,3.0,2.0,1.0,4.0,1.0,6599.0,7058.0,97.0,6964.0,7803.0,89.0,-365.0,-745.0,8.0,2.0,3.0,3.0,1.0,9.0,2.0,10503.0,10340.0,124.0,8108.0,9406.0,103.0,2395.0,934.0,21.0,5.0,5.0,3.0,1.0,10.0,3.0
ESPORTSTMNT05_3240512,complete,,EM,2023,Summer,0,2023-08-24 17:40:00,1,13.15,8,Red,mid,Fresskowy,oe:player:cda093b28f577696b82604fb20037ad,Movistar KOI,oe:team:4acc40654379b4da680be1bd3129dfa,Ahri,Ivern,Taliyah,Rell,Kalista,Ezreal,,,,,,1746,0,1,2,8,16,18,0.0,0.0,0.0,0.0,0.0,0.0,0.0,0.0,0.5498,1.1684,,,,,,,,,,,,,,,,,,,,,0.0,0.0,,,,,,,,0.0,0.0,13025.0,447.5945,0.205173,532.0962,380.5155,12.0,0.4124,7.0,0.2405,2.0,30.0,1.0309,10047,6210,213.4021,0.177681,9350.0,,,231.0,231.0,0.0,,,7.9381,3245.0,4717.0,90.0,3175.0,4548.0,87.0,70.0,169.0,3.0,0.0,0.0,0.0,0.0,0.0,0.0,5541.0,7682.0,151.0,6390.0,7810.0,144.0,-849.0,-128.0,7.0,1.0,1.0,0.0,2.0,0.0,0.0,7402.0,9805.0,187.0,10665.0,10502.0,189.0,-3263.0,-697.0,-2.0,1.0,3.0,1.0,5.0,2.0,0.0,9285.0,12694.0,216.0,12841.0,12336.0,223.0,-3556.0,358.0,-7.0,1.0,8.0,1.0,5.0,3.0,1.0
ESPORTSTMNT05_3240512,complete,,EM,2023,Summer,0,2023-08-24 17:40:00,1,13.15,9,Red,bot,Supa,oe:player:1223a0ed2bfab9b714c72d965df8133,Movistar KOI,oe:team:4acc40654379b4da680be1bd3129dfa,Xayah,Ivern,Taliyah,Rell,Kalista,Ezreal,,,,,,1746,0,4,3,8,16,18,0.0,0.0,0.0,0.0,0.0,0.0,0.0,0.0,0.5498,1.1684,,,,,,,,,,,,,,,,,,,,,0.0,0.0,,,,,,,,0.0,1.0,19863.0,682.5773,0.312887,610.6873,340.8591,10.0,0.3436,8.0,0.2749,3.0,26.0,0.8935,13342,9505,326.6323,0.271964,13075.0,,,271.0,253.0,18.0,,,9.3127,3636.0,3509.0,90.0,3219.0,3459.0,67.0,417.0,50.0,23.0,0.0,1.0,0.0,0.0,2.0,1.0,5992.0,5665.0,134.0,4851.0,5263.0,110.0,1141.0,402.0,24.0,2.0,3.0,0.0,0.0,2.0,2.0,8646.0,7984.0,179.0,8638.0,8710.0,161.0,8.0,-726.0,18.0,2.0,5.0,2.0,3.0,3.0,2.0,11967.0,11381.0,239.0,10534.0,10508.0,198.0,1433.0,873.0,41.0,4.0,8.0,2.0,4.0,3.0,3.0
ESPORTSTMNT05_3240512,complete,,EM,2023,Summer,0,2023-08-24 17:40:00,1,13.15,10,Red,sup,Alvaro,oe:player:f5bf9bd732b85e4dcab5121e4769ae4,Movistar KOI,oe:team:4acc40654379b4da680be1bd3129dfa,Lulu,Ivern,Taliyah,Rell,Kalista,Ezreal,,,,,,1746,0,2,4,11,16,18,0.0,0.0,0.0,0.0,0.0,0.0,0.0,0.0,0.5498,1.1684,,,,,,,,,,,,,,,,,,,,,0.0,0.0,,,,,,,,0.0,0.0,9943.0,341.6838,0.156625,460.0687,220.0687,54.0,1.8557,10.0,0.3436,14.0,103.0,3.5395,7938,4101,140.9278,0.117334,7560.0,,,12.0,12.0,0.0,,,0.4124,2692.0,2352.0,3.0,2364.0,2171.0,13.0,328.0,181.0,-10.0,1.0,0.0,2.0,1.0,1.0,0.0,4121.0,4029.0,5.0,3580.0,3627.0,21.0,541.0,402.0,-16.0,1.0,4.0,3.0,1.0,2.0,2.0,5657.0,5464.0,8.0,5151.0,5704.0,22.0,506.0,-240.0,-14.0,2.0,6.0,4.0,1.0,9.0,3.0,7311.0,8147.0,11.0,6073.0,6820.0,23.0,1238.0,1327.0,-12.0,2.0,11.0,4.0,1.0,10.0,4.0
ESPORTSTMNT05_3240512,complete,,EM,2023,Summer,0,2023-08-24 17:40:00,1,13.15,100,Blue,team,,,Team GO,oe:team:8d538207b9de9d20e1a525aae593515,,Poppy,Nocturne,Maokai,Cassiopeia,Rakan,Sejuani,Rumble,Tristana,Kai'Sa,Alistar,1746,1,18,16,42,18,16,4.0,0.0,0.0,0.0,1.0,,,,0.6186,1.1684,1.0,2.0,1.0,2.0,1.0,1.0,0.0,0.0,1.0,0.0,0.0,,0.0,0.0,1.0,2.0,0.0,,,0.0,1.0,1.0,0.0,9.0,6.0,1.0,1.0,6.0,5.0,1.0,0.0,87459.0,3005.4639,,2989.1065,3242.3024,100.0,3.4364,32.0,1.0997,37.0,229.0,7.8694,56863,37676,1294.7079,,50975.0,-0.0282371,0.09,,729.0,127.0,,,29.4158,16401.0,18097.0,302.0,15741.0,17868.0,296.0,660.0,229.0,6.0,4.0,5.0,3.0,3.0,2.0,4.0,25918.0,29597.0,480.0,25721.0,30215.0,475.0,197.0,-618.0,5.0,7.0,9.0,8.0,8.0,13.0,7.0,39619.0,42495.0,620.0,36087.0,40601.0,629.0,3532.0,1894.0,-9.0,14.0,30.0,11.0,11.0,19.0,14.0,47023.0,50104.0,734.0,49069.0,55907.0,779.0,-2046.0,-5803.0,-45.0,15.0,33.0,16.0,16.0,38.0,15.0
ESPORTSTMNT05_3240512,complete,,EM,2023,Summer,0,2023-08-24 17:40:00,1,13.15,200,Red,team,,,Movistar KOI,oe:team:4acc40654379b4da680be1bd3129dfa,,Ivern,Taliyah,Rell,Kalista,Ezreal,Xayah,Renekton,Wukong,Ahri,Lulu,1746,0,16,18,38,16,18,2.0,1.0,0.0,0.0,0.0,,,,0.5498,1.1684,0.0,1.0,2.0,1.0,2.0,0.0,1.0,0.0,0.0,0.0,0.0,,0.0,0.0,0.0,0.0,2.0,,,1.0,1.0,1.0,1.0,6.0,9.0,0.0,0.0,5.0,6.0,0.0,1.0,63483.0,2181.5464,,3784.7423,2541.0653,94.0,3.2302,33.0,1.134,30.0,221.0,7.5945,54135,34948,1200.9622,,52435.0,0.0282371,-0.09,,726.0,153.0,,,30.2062,15741.0,17868.0,296.0,16401.0,18097.0,302.0,-660.0,-229.0,-6.0,3.0,2.0,4.0,4.0,5.0,3.0,25721.0,30215.0,475.0,25918.0,29597.0,480.0,-197.0,618.0,-5.0,8.0,13.0,7.0,7.0,9.0,8.0,36087.0,40601.0,629.0,39619.0,42495.0,620.0,-3532.0,-1894.0,9.0,11.0,19.0,14.0,14.0,30.0,11.0,49069.0,55907.0,779.0,47023.0,50104.0,734.0,2046.0,5803.0,45.0,16.0,38.0,15.0,15.0,33.0,16.0
ESPORTSTMNT05_3240513,complete,,EM,2023,Summer,0,2023-08-24 18:23:11,1,13.15,1,Blue,top,Howling,oe:player:4f6302984cea43e6384d488973fe1d2,BK ROG Esports,oe:team:c40f6d0d20a7a718c60342e48c144a2,Rumble,Jax,Xayah,Sejuani,Darius,Trundle,,,,,,2258,1,13,2,12,35,21,3.0,1.0,0.0,0.0,0.0,0.0,0.0,0.0,0.93,1.488,,,,,,,,,,,,,,,,,,,,,0.0,0.0,,,,,,,,0.0,0.0,42075.0,1118.0248,0.309885,556.8999,562.4269,15.0,0.3986,6.0,0.1594,3.0,38.0,1.0097,17868,12986,345.0664,0.235762,15875.0,,,264.0,251.0,13.0,,,7.0151,4335.0,4882.0,73.0,2655.0,3597.0,59.0,1680.0,1285.0,14.0,4.0,1.0,0.0,0.0,0.0,3.0,6600.0,7534.0,112.0,4064.0,5602.0,88.0,2536.0,1932.0,24.0,7.0,2.0,0.0,0.0,1.0,4.0,8544.0,10108.0,159.0,5598.0,7501.0,127.0,2946.0,2607.0,32.0,7.0,3.0,0.0,0.0,1.0,4.0,10910.0,13187.0,187.0,7312.0,9967.0,172.0,3598.0,3220.0,15.0,9.0,5.0,0.0,0.0,2.0,5.0
ESPORTSTMNT05_3240513,complete,,EM,2023,Summer,0,2023-08-24 18:23:11,1,13.15,2,Blue,jng,Pridestalkr,oe:player:99594a251af944b3571fe7f37363303,BK ROG Esports,oe:team:c40f6d0d20a7a718c60342e48c144a2,Nocturne,Jax,Xayah,Sejuani,Darius,Trundle,,,,,,2258,1,7,4,14,35,21,0.0,0.0,0.0,0.0,0.0,0.0,0.0,0.0,0.93,1.488,,,,,,,,,,,,,,,,,,,,,3.0,0.0,,,,,,,,1.0,0.0,26031.0,691.7006,0.19172,1027.7857,1270.1771,23.0,0.6112,12.0,0.3189,8.0,74.0,1.9663,14903,10021,266.2799,0.181932,12400.0,,,223.0,20.0,203.0,,,5.9256,3997.0,3920.0,75.0,3528.0,2766.0,48.0,469.0,1154.0,27.0,2.0,2.0,0.0,1.0,1.0,3.0,5620.0,6340.0,114.0,5838.0,5668.0,92.0,-218.0,672.0,22.0,2.0,3.0,1.0,2.0,3.0,4.0,7018.0,7997.0,141.0,7356.0,7625.0,119.0,-338.0,372.0,22.0,2.0,4.0,2.0,2.0,4.0,5.0,9179.0,11012.0,167.0,8935.0,9031.0,139.0,244.0,1981.0,28.0,3.0,5.0,2.0,3.0,5.0,7.0
ESPORTSTMNT05_3240513,complete,,EM,2023,Summer,0,2023-08-24 18:23:11,1,13.15,3,Blue,mid,Czekolad,oe:player:6606138426fa9bbef349c96b4afbc77,BK ROG Esports,oe:team:c40f6d0d20a7a718c60342e48c144a2,Neeko,Jax,Xayah,Sejuani,Darius,Trundle,,,,,,2258,1,2,6,13,35,21,0.0,0.0,0.0,0.0,0.0,0.0,0.0,0.0,0.93,1.488,,,,,,,,,,,,,,,,,,,,,0.0,0.0,,,,,,,,1.0,0.0,20805.0,552.8344,0.15323,570.0,339.2737,17.0,0.4517,1.0,0.0266,10.0,33.0,0.8769,13856,8974,238.4588,0.162924,13025.0,,,274.0,268.0,6.0,,,7.2808,3405.0,4485.0,74.0,3601.0,4169.0,78.0,-196.0,316.0,-4.0,1.0,2.0,2.0,1.0,0.0,1.0,4932.0,6934.0,114.0,5632.0,6745.0,127.0,-700.0,189.0,-13.0,1.0,4.0,3.0,1.0,1.0,2.0,6734.0,9527.0,158.0,7350.0,9141.0,172.0,-616.0,386.0,-14.0,1.0,5.0,3.0,1.0,2.0,2.0,8731.0,12618.0,201.0,9509.0,11912.0,224.0,-778.0,706.0,-23.0,1.0,6.0,3.0,2.0,2.0,2.0
ESPORTSTMNT05_3240513,complete,,EM,2023,Summer,0,2023-08-24 18:23:11,1,13.15,4,Blue,bot,Trigger,oe:player:5bc99370722c5ecbfa9b3c1e17338e6,BK ROG Esports,oe:team:c40f6d0d20a7a718c60342e48c144a2,Kai'Sa,Jax,Xayah,Sejuani,Darius,Trundle,,,,,,2258,1,11,3,13,35,21,2.0,1.0,0.0,0.0,0.0,0.0,0.0,0.0,0.93,1.488,,,,,,,,,,,,,,,,,,,,,0.0,0.0,,,,,,,,0.0,1.0,38639.0,1026.7228,0.284579,726.5633,553.4987,11.0,0.2923,35.0,0.93,4.0,56.0,1.488,21180,16298,433.0735,0.295891,17500.0,,,404.0,368.0,36.0,,,10.7352,3613.0,3338.0,80.0,4495.0,3819.0,81.0,-882.0,-481.0,-1.0,1.0,1.0,0.0,1.0,0.0,1.0,5484.0,5602.0,132.0,7605.0,6927.0,140.0,-2121.0,-1325.0,-8.0,1.0,3.0,1.0,2.0,0.0,1.0,7943.0,8601.0,197.0,9830.0,9273.0,196.0,-1887.0,-672.0,1.0,2.0,3.0,1.0,3.0,0.0,1.0,11115.0,12626.0,260.0,11380.0,10969.0,232.0,-265.0,1657.0,28.0,4.0,5.0,1.0,3.0,1.0,2.0
ESPORTSTMNT05_3240513,complete,,EM,2023,Summer,0,2023-08-24 18:23:11,1,13.15,5,Blue,sup,Veignorem,oe:player:e1dbe2b979510dba78b229327292a10,BK ROG Esports,oe:team:c40f6d0d20a7a718c60342e48c144a2,Rell,Jax,Xayah,Sejuani,Darius,Trundle,,,,,,2258,1,2,6,27,35,21,0.0,0.0,0.0,0.0,0.0,0.0,0.0,1.0,0.93,1.488,,,,,,,,,,,,,,,,,,,,,0.0,0.0,,,,,,,,0.0,0.0,8226.0,218.5828,0.0605851,731.2666,1019.628,78.0,2.0726,24.0,0.6377,21.0,151.0,4.0124,11684,6802,180.744,0.123491,10650.0,,,61.0,61.0,0.0,,,1.6209,2654.0,2268.0,13.0,2624.0,2830.0,25.0,30.0,-562.0,-12.0,0.0,6.0,1.0,0.0,2.0,0.0,4338.0,3959.0,29.0,4635.0,4238.0,33.0,-297.0,-279.0,-4.0,1.0,8.0,2.0,2.0,4.0,1.0,5321.0,4431.0,34.0,5876.0,5460.0,42.0,-555.0,-1029.0,-8.0,1.0,9.0,2.0,2.0,5.0,1.0,7011.0,6265.0,41.0,7156.0,7406.0,55.0,-145.0,-1141.0,-14.0,1.0,13.0,4.0,2.0,7.0,2.0
ESPORTSTMNT05_3240513,complete,,EM,2023,Summer,0,2023-08-24 18:23:11,1,13.15,6,Red,top,Empyros,oe:player:9db3f170213f562a9613fe4f99d7dfa,DSYRE,oe:team:3e3ca0895ded506fd637e723d6ae2a1,Renekton,Amumu,Tristana,Maokai,Ahri,Azir,,,,,,2258,0,2,8,8,21,35,0.0,0.0,0.0,0.0,0.0,0.0,0.0,0.0,0.558,1.488,,,,,,,,,,,,,,,,,,,,,0.0,0.0,,,,,,,,0.0,0.0,17665.0,469.3977,0.174932,1243.3658,1288.9903,15.0,0.3986,4.0,0.1063,1.0,29.0,0.7706,12061,7179,190.7617,0.155856,12315.0,,,247.0,235.0,12.0,,,6.5633,2655.0,3597.0,59.0,4335.0,4882.0,73.0,-1680.0,-1285.0,-14.0,0.0,0.0,3.0,4.0,1.0,0.0,4064.0,5602.0,88.0,6600.0,7534.0,112.0,-2536.0,-1932.0,-24.0,0.0,1.0,4.0,7.0,2.0,0.0,5598.0,7501.0,127.0,8544.0,10108.0,159.0,-2946.0,-2607.0,-32.0,0.0,1.0,4.0,7.0,3.0,0.0,7312.0,9967.0,172.0,10910.0,13187.0,187.0,-3598.0,-3220.0,-15.0,0.0,2.0,5.0,9.0,5.0,0.0
ESPORTSTMNT05_3240513,complete,,EM,2023,Summer,0,2023-08-24 18:23:11,1,13.15,7,Red,jng,Rhilech,oe:player:cbe20c64274a87a21e5bdac1ccc3e77,DSYRE,oe:team:3e3ca0895ded506fd637e723d6ae2a1,Jarvan IV,Amumu,Tristana,Maokai,Ahri,Azir,,,,,,2258,0,3,9,13,21,35,0.0,0.0,0.0,0.0,0.0,0.0,0.0,0.0,0.558,1.488,,,,,,,,,,,,,,,,,,,,,0.0,3.0,,,,,,,,0.0,1.0,14984.0,398.1577,0.148383,1034.9336,1513.8707,14.0,0.372,21.0,0.558,16.0,51.0,1.3552,12982,8100,215.2347,0.17585,12725.0,,,207.0,34.0,173.0,,,5.5004,3528.0,2766.0,48.0,3997.0,3920.0,75.0,-469.0,-1154.0,-27.0,1.0,1.0,3.0,2.0,2.0,0.0,5838.0,5668.0,92.0,5620.0,6340.0,114.0,218.0,-672.0,-22.0,2.0,3.0,4.0,2.0,3.0,1.0,7356.0,7625.0,119.0,7018.0,7997.0,141.0,338.0,-372.0,-22.0,2.0,4.0,5.0,2.0,4.0,2.0,8935.0,9031.0,139.0,9179.0,11012.0,167.0,-244.0,-1981.0,-28.0,3.0,5.0,7.0,3.0,5.0,2.0
ESPORTSTMNT05_3240513,complete,,EM,2023,Summer,0,2023-08-24 18:23:11,1,13.15,8,Red,mid,XoNix,oe:player:be877a261fb0c3a320db45091bdefec,DSYRE,oe:team:3e3ca0895ded506fd637e723d6ae2a1,Jayce,Amumu,Tristana,Maokai,Ahri,Azir,,,,,,2258,0,7,6,3,21,35,1.0,0.0,0.0,0.0,0.0,0.0,0.0,0.0,0.558,1.488,,,,,,,,,,,,,,,,,,,,,0.0,0.0,,,,,,,,0.0,1.0,26968.0,716.5988,0.267058,694.783,697.9451,11.0,0.2923,7.0,0.186,5.0,42.0,1.116,17063,12181,323.6758,0.264447,15825.0,,,312.0,301.0,11.0,,,8.2905,3601.0,4169.0,78.0,3405.0,4485.0,74.0,196.0,-316.0,4.0,1.0,0.0,1.0,1.0,2.0,2.0,5632.0,6745.0,127.0,4932.0,6934.0,114.0,700.0,-189.0,13.0,1.0,1.0,2.0,1.0,4.0,3.0,7350.0,9141.0,172.0,6734.0,9527.0,158.0,616.0,-386.0,14.0,1.0,2.0,2.0,1.0,5.0,3.0,9509.0,11912.0,224.0,8731.0,12618.0,201.0,778.0,-706.0,23.0,2.0,2.0,2.0,1.0,6.0,3.0
ESPORTSTMNT05_3240513,complete,,EM,2023,Summer,0,2023-08-24 18:23:11,1,13.15,9,Red,bot,Aetinoth,oe:player:d47955c8bc06bf316f24ee15d45407b,DSYRE,oe:team:3e3ca0895ded506fd637e723d6ae2a1,Ziggs,Amumu,Tristana,Maokai,Ahri,Azir,,,,,,2258,0,6,6,6,21,35,0.0,0.0,0.0,0.0,1.0,1.0,0.0,0.0,0.558,1.488,,,,,,,,,,,,,,,,,,,,,0.0,0.0,,,,,,,,1.0,0.0,33103.0,879.6191,0.327811,529.504,265.589,16.0,0.4252,7.0,0.186,2.0,33.0,0.8769,17720,12838,341.1337,0.278711,17700.0,,,335.0,330.0,5.0,,,8.9017,4495.0,3819.0,81.0,3613.0,3338.0,80.0,882.0,481.0,1.0,1.0,0.0,1.0,1.0,1.0,0.0,7605.0,6927.0,140.0,5484.0,5602.0,132.0,2121.0,1325.0,8.0,2.0,0.0,1.0,1.0,3.0,1.0,9830.0,9273.0,196.0,7943.0,8601.0,197.0,1887.0,672.0,-1.0,3.0,0.0,1.0,2.0,3.0,1.0,11380.0,10969.0,232.0,11115.0,12626.0,260.0,265.0,-1657.0,-28.0,3.0,1.0,2.0,4.0,5.0,1.0
ESPORTSTMNT05_3240513,complete,,EM,2023,Summer,0,2023-08-24 18:23:11,1,13.15,10,Red,sup,Nash,oe:player:6b9f3420febdbc475dd3c1e4e0bcb5e,DSYRE,oe:team:3e3ca0895ded506fd637e723d6ae2a1,Rakan,Amumu,Tristana,Maokai,Ahri,Azir,,,,,,2258,0,3,6,14,21,35,0.0,0.0,0.0,0.0,1.0,0.0,1.0,0.0,0.558,1.488,,,,,,,,,,,,,,,,,,,,,0.0,0.0,,,,,,,,0.0,0.0,8262.0,219.5394,0.0818166,869.0434,1122.3029,108.0,2.8698,27.0,0.7174,16.0,170.0,4.5173,10646,5764,153.1621,0.125136,10625.0,,,63.0,59.0,4.0,,,1.674,2624.0,2830.0,25.0,2654.0,2268.0,13.0,-30.0,562.0,12.0,0.0,2.0,0.0,0.0,6.0,1.0,4635.0,4238.0,33.0,4338.0,3959.0,29.0,297.0,279.0,4.0,2.0,4.0,1.0,1.0,8.0,2.0,5876.0,5460.0,42.0,5321.0,4431.0,34.0,555.0,1029.0,8.0,2.0,5.0,1.0,1.0,9.0,2.0,7156.0,7406.0,55.0,7011.0,6265.0,41.0,145.0,1141.0,14.0,2.0,7.0,2.0,1.0,13.0,4.0
ESPORTSTMNT05_3240513,complete,,EM,2023,Summer,0,2023-08-24 18:23:11,1,13.15,100,Blue,team,,,BK ROG Esports,oe:team:c40f6d0d20a7a718c60342e48c144a2,,Jax,Xayah,Sejuani,Darius,Trundle,Rell,Rumble,Kai'Sa,Nocturne,Neeko,2258,1,35,21,79,35,21,5.0,2.0,0.0,0.0,0.0,,,,0.93,1.488,0.0,1.0,4.0,1.0,4.0,0.0,1.0,0.0,0.0,0.0,0.0,,0.0,0.0,0.0,0.0,2.0,,,1.0,3.0,0.0,0.0,10.0,4.0,0.0,0.0,4.0,11.0,2.0,1.0,135776.0,3607.8654,,3612.5155,3745.0044,144.0,3.8264,78.0,2.0726,46.0,352.0,9.3534,79491,55081,1463.6227,,69450.0,0.00375072,1.24,,968.0,258.0,,,32.5775,18004.0,18893.0,315.0,16903.0,17181.0,291.0,1101.0,1712.0,24.0,8.0,12.0,3.0,3.0,3.0,8.0,26974.0,30369.0,501.0,27774.0,29180.0,480.0,-800.0,1189.0,21.0,12.0,20.0,7.0,7.0,9.0,12.0,35560.0,40664.0,689.0,36010.0,39000.0,656.0,-450.0,1664.0,33.0,13.0,24.0,8.0,8.0,12.0,13.0,46946.0,55708.0,856.0,44292.0,49285.0,822.0,2654.0,6423.0,34.0,18.0,34.0,10.0,10.0,17.0,18.0
ESPORTSTMNT05_3240513,complete,,EM,2023,Summer,0,2023-08-24 18:23:11,1,13.15,200,Red,team,,,DSYRE,oe:team:3e3ca0895ded506fd637e723d6ae2a1,,Amumu,Tristana,Maokai,Ahri,Azir,Jayce,Rakan,Ziggs,Renekton,Jarvan IV,2258,0,21,35,44,21,35,1.0,0.0,0.0,0.0,1.0,,,,0.558,1.488,1.0,4.0,1.0,4.0,1.0,1.0,2.0,1.0,0.0,0.0,0.0,,0.0,0.0,1.0,2.0,0.0,,,0.0,0.0,3.0,1.0,4.0,10.0,1.0,1.0,11.0,4.0,1.0,2.0,100982.0,2683.3127,,4371.6298,4888.698,164.0,4.3578,66.0,1.7538,40.0,325.0,8.636,70472,46062,1223.9681,,69190.0,-0.00375072,-1.24,,959.0,205.0,,,30.93,16903.0,17181.0,291.0,18004.0,18893.0,315.0,-1101.0,-1712.0,-24.0,3.0,3.0,8.0,8.0,12.0,3.0,27774.0,29180.0,480.0,26974.0,30369.0,501.0,800.0,-1189.0,-21.0,7.0,9.0,12.0,12.0,20.0,7.0,36010.0,39000.0,656.0,35560.0,40664.0,689.0,450.0,-1664.0,-33.0,8.0,12.0,13.0,13.0,24.0,8.0,44292.0,49285.0,822.0,46946.0,55708.0,856.0,-2654.0,-6423.0,-34.0,10.0,17.0,18.0,18.0,34.0,10.0
ESPORTSTMNT05_3240514,complete,,EM,2023,Summer,0,2023-08-24 18:29:06,1,13.15,1,Blue,top,Marky,oe:player:197e012fb5163375e24dbbfdae34911,Movistar KOI,oe:team:4acc40654379b4da680be1bd3129dfa,Ornn,Tristana,Xayah,K'Sante,Zeri,Braum,,,,,,1566,1,3,2,14,26,6,0.0,0.0,0.0,0.0,0.0,0.0,0.0,1.0,0.9962,1.2261,,,,,,,,,,,,,,,,,,,,,0.0,0.0,,,,,,,,0.0,0.0,10144.0,388.659,0.141272,821.1111,1110.2682,6.0,0.2299,0.0,0.0,2.0,14.0,0.5364,9588,6118,234.4061,0.168492,9400.0,,,158.0,158.0,0.0,,,6.0536,3125.0,4398.0,67.0,3614.0,4312.0,82.0,-489.0,86.0,-15.0,0.0,3.0,1.0,1.0,0.0,1.0,5434.0,7357.0,111.0,7242.0,7744.0,135.0,-1808.0,-387.0,-24.0,2.0,4.0,2.0,3.0,0.0,1.0,7085.0,9613.0,134.0,8608.0,9160.0,160.0,-1523.0,453.0,-26.0,2.0,7.0,2.0,3.0,0.0,2.0,9277.0,12589.0,158.0,11312.0,12034.0,197.0,-2035.0,555.0,-39.0,3.0,11.0,2.0,4.0,0.0,2.0
ESPORTSTMNT05_3240514,complete,,EM,2023,Summer,0,2023-08-24 18:29:06,1,13.15,2,Blue,jng,ISMA,oe:player:5450c7731de19c131ce20ea74933cc2,Movistar KOI,oe:team:4acc40654379b4da680be1bd3129dfa,Maokai,Tristana,Xayah,K'Sante,Zeri,Braum,,,,,,1566,1,4,0,16,26,6,0.0,0.0,0.0,0.0,0.0,0.0,0.0,0.0,0.9962,1.2261,,,,,,,,,,,,,,,,,,,,,1.0,0.0,,,,,,,,0.0,0.0,15309.0,586.5517,0.213202,1066.092,776.1303,8.0,0.3065,2.0,0.0766,6.0,24.0,0.9195,9522,6052,231.8774,0.166675,9100.0,,,125.0,20.0,105.0,,,4.7893,2992.0,3007.0,52.0,3006.0,2972.0,48.0,-14.0,35.0,4.0,0.0,3.0,0.0,0.0,2.0,1.0,4491.0,5519.0,82.0,4552.0,4919.0,75.0,-61.0,600.0,7.0,0.0,6.0,0.0,0.0,4.0,2.0,6715.0,7960.0,106.0,5748.0,6664.0,98.0,967.0,1296.0,8.0,1.0,11.0,0.0,0.0,4.0,3.0,9225.0,10669.0,125.0,6789.0,8315.0,110.0,2436.0,2354.0,15.0,3.0,16.0,0.0,0.0,4.0,5.0
ESPORTSTMNT05_3240514,complete,,EM,2023,Summer,0,2023-08-24 18:29:06,1,13.15,3,Blue,mid,Fresskowy,oe:player:cda093b28f577696b82604fb20037ad,Movistar KOI,oe:team:4acc40654379b4da680be1bd3129dfa,Lucian,Tristana,Xayah,K'Sante,Zeri,Braum,,,,,,1566,1,8,1,12,26,6,3.0,0.0,0.0,0.0,0.0,0.0,0.0,0.0,0.9962,1.2261,,,,,,,,,,,,,,,,,,,,,0.0,0.0,,,,,,,,0.0,0.0,18814.0,720.8429,0.262015,509.3487,289.9234,13.0,0.4981,5.0,0.1916,5.0,35.0,1.341,12758,9288,355.8621,0.255799,12225.0,,,223.0,205.0,18.0,,,8.5441,3581.0,4391.0,81.0,3542.0,4556.0,87.0,39.0,-165.0,-6.0,1.0,2.0,1.0,1.0,0.0,1.0,6243.0,7312.0,131.0,5529.0,6962.0,141.0,714.0,350.0,-10.0,4.0,3.0,1.0,1.0,1.0,2.0,9382.0,10077.0,186.0,7345.0,9733.0,191.0,2037.0,344.0,-5.0,6.0,5.0,1.0,1.0,1.0,3.0,12246.0,13180.0,217.0,9158.0,12154.0,242.0,3088.0,1026.0,-25.0,8.0,10.0,1.0,1.0,2.0,4.0
ESPORTSTMNT05_3240514,complete,,EM,2023,Summer,0,2023-08-24 18:29:06,1,13.15,4,Blue,bot,Supa,oe:player:1223a0ed2bfab9b714c72d965df8133,Movistar KOI,oe:team:4acc40654379b4da680be1bd3129dfa,Kai'Sa,Tristana,Xayah,K'Sante,Zeri,Braum,,,,,,1566,1,6,2,11,26,6,0.0,0.0,0.0,0.0,0.0,0.0,0.0,0.0,0.9962,1.2261,,,,,,,,,,,,,,,,,,,,,0.0,0.0,,,,,,,,2.0,0.0,19089.0,731.3793,0.265845,439.8851,296.0536,20.0,0.7663,10.0,0.3831,2.0,46.0,1.7625,12847,9377,359.272,0.25825,12100.0,,,244.0,223.0,21.0,,,9.3487,3544.0,3714.0,87.0,3561.0,3705.0,83.0,-17.0,9.0,4.0,0.0,1.0,0.0,0.0,0.0,0.0,5439.0,6260.0,140.0,5944.0,6347.0,138.0,-505.0,-87.0,2.0,0.0,3.0,1.0,1.0,0.0,1.0,8562.0,8940.0,198.0,7833.0,8471.0,196.0,729.0,469.0,2.0,2.0,6.0,1.0,1.0,0.0,2.0,12077.0,11732.0,230.0,9751.0,10876.0,247.0,2326.0,856.0,-17.0,5.0,10.0,2.0,1.0,1.0,4.0
ESPORTSTMNT05_3240514,complete,,EM,2023,Summer,0,2023-08-24 18:29:06,1,13.15,5,Blue,sup,Alvaro,oe:player:f5bf9bd732b85e4dcab5121e4769ae4,Movistar KOI,oe:team:4acc40654379b4da680be1bd3129dfa,Rakan,Tristana,Xayah,K'Sante,Zeri,Braum,,,,,,1566,1,5,1,20,26,6,1.0,0.0,0.0,0.0,0.0,0.0,0.0,0.0,0.9962,1.2261,,,,,,,,,,,,,,,,,,,,,0.0,0.0,,,,,,,,1.0,0.0,8449.0,323.7165,0.117666,522.3372,640.8046,42.0,1.6092,9.0,0.3448,14.0,80.0,3.0651,8945,5475,209.7701,0.150783,8400.0,,,37.0,37.0,0.0,,,1.4176,3050.0,2133.0,16.0,2180.0,2524.0,15.0,870.0,-391.0,1.0,3.0,1.0,0.0,0.0,0.0,1.0,4312.0,3504.0,20.0,3430.0,4322.0,23.0,882.0,-818.0,-3.0,3.0,6.0,1.0,0.0,2.0,3.0,6271.0,5707.0,30.0,4222.0,5174.0,24.0,2049.0,533.0,6.0,4.0,10.0,1.0,0.0,2.0,5.0,8409.0,8475.0,37.0,5195.0,7317.0,33.0,3214.0,1158.0,4.0,4.0,18.0,1.0,0.0,3.0,8.0
ESPORTSTMNT05_3240514,complete,,EM,2023,Summer,0,2023-08-24 18:29:06,1,13.15,6,Red,top,Venour,oe:player:df13ba84b4ea6932f7e10b5e51e7cf5,Unicorns of Love Sexy Edition,oe:team:6a060bd74c9041bf0aa89adf9d15d12,Rumble,Renekton,Sejuani,Taliyah,Nautilus,Aatrox,,,,,,1566,0,4,2,0,6,26,0.0,0.0,0.0,0.0,1.0,1.0,0.0,0.0,0.2299,1.2261,,,,,,,,,,,,,,,,,,,,,0.0,0.0,,,,,,,,0.0,0.0,16559.0,634.4444,0.294718,553.7548,511.4176,7.0,0.2682,4.0,0.1533,2.0,21.0,0.8046,11719,8249,316.0536,0.312787,11150.0,,,206.0,194.0,12.0,,,7.8927,3614.0,4312.0,82.0,3125.0,4398.0,67.0,489.0,-86.0,15.0,1.0,0.0,1.0,0.0,3.0,1.0,7242.0,7744.0,135.0,5434.0,7357.0,111.0,1808.0,387.0,24.0,3.0,0.0,1.0,2.0,4.0,2.0,8608.0,9160.0,160.0,7085.0,9613.0,134.0,1523.0,-453.0,26.0,3.0,0.0,2.0,2.0,7.0,2.0,11312.0,12034.0,197.0,9277.0,12589.0,158.0,2035.0,-555.0,39.0,4.0,0.0,2.0,3.0,11.0,2.0
ESPORTSTMNT05_3240514,complete,,EM,2023,Summer,0,2023-08-24 18:29:06,1,13.15,7,Red,jng,CaD,oe:player:7d306cd72ad7ffa40115a6b36f8a07b,Unicorns of Love Sexy Edition,oe:team:6a060bd74c9041bf0aa89adf9d15d12,Gragas,Renekton,Sejuani,Taliyah,Nautilus,Aatrox,,,,,,1566,0,0,6,4,6,26,0.0,0.0,0.0,0.0,1.0,0.0,1.0,0.0,0.2299,1.2261,,,,,,,,,,,,,,,,,,,,,0.0,1.0,,,,,,,,0.0,0.0,9260.0,354.7893,0.16481,970.0,558.9655,4.0,0.1533,4.0,0.1533,4.0,23.0,0.8812,7072,3602,138.0077,0.136576,6435.0,,,114.0,8.0,106.0,,,4.3678,3006.0,2972.0,48.0,2992.0,3007.0,52.0,14.0,-35.0,-4.0,0.0,2.0,1.0,0.0,3.0,0.0,4552.0,4919.0,75.0,4491.0,5519.0,82.0,61.0,-600.0,-7.0,0.0,4.0,2.0,0.0,6.0,0.0,5748.0,6664.0,98.0,6715.0,7960.0,106.0,-967.0,-1296.0,-8.0,0.0,4.0,3.0,1.0,11.0,0.0,6789.0,8315.0,110.0,9225.0,10669.0,125.0,-2436.0,-2354.0,-15.0,0.0,4.0,5.0,3.0,16.0,0.0
ESPORTSTMNT05_3240514,complete,,EM,2023,Summer,0,2023-08-24 18:29:06,1,13.15,8,Red,mid,Mask,oe:player:4a18312b5b75f549d5551e5912ad6eb,Unicorns of Love Sexy Edition,oe:team:6a060bd74c9041bf0aa89adf9d15d12,Jayce,Renekton,Sejuani,Taliyah,Nautilus,Aatrox,,,,,,1566,0,1,4,2,6,26,0.0,0.0,0.0,0.0,0.0,0.0,0.0,0.0,0.2299,1.2261,,,,,,,,,,,,,,,,,,,,,0.0,0.0,,,,,,,,0.0,0.0,16102.0,616.9349,0.286584,570.4598,463.6782,10.0,0.3831,11.0,0.4215,2.0,30.0,1.1494,9592,6122,234.5594,0.232133,9200.0,,,251.0,248.0,3.0,,,9.6169,3542.0,4556.0,87.0,3581.0,4391.0,81.0,-39.0,165.0,6.0,1.0,0.0,1.0,1.0,2.0,1.0,5529.0,6962.0,141.0,6243.0,7312.0,131.0,-714.0,-350.0,10.0,1.0,1.0,2.0,4.0,3.0,1.0,7345.0,9733.0,191.0,9382.0,10077.0,186.0,-2037.0,-344.0,5.0,1.0,1.0,3.0,6.0,5.0,1.0,9158.0,12154.0,242.0,12246.0,13180.0,217.0,-3088.0,-1026.0,25.0,1.0,2.0,4.0,8.0,10.0,1.0
ESPORTSTMNT05_3240514,complete,,EM,2023,Summer,0,2023-08-24 18:29:06,1,13.15,9,Red,bot,Fun K3y,oe:player:9ea5afea85321b13df74acb62bfb530,Unicorns of Love Sexy Edition,oe:team:6a060bd74c9041bf0aa89adf9d15d12,Sivir,Renekton,Sejuani,Taliyah,Nautilus,Aatrox,,,,,,1566,0,1,5,1,6,26,0.0,0.0,0.0,0.0,0.0,0.0,0.0,0.0,0.2299,1.2261,,,,,,,,,,,,,,,,,,,,,0.0,0.0,,,,,,,,0.0,2.0,10296.0,394.4828,0.183248,519.4253,270.8429,11.0,0.4215,7.0,0.2682,2.0,18.0,0.6897,9991,6521,249.8467,0.247263,9750.0,,,253.0,237.0,16.0,,,9.6935,3561.0,3705.0,83.0,3544.0,3714.0,87.0,17.0,-9.0,-4.0,0.0,0.0,0.0,0.0,1.0,0.0,5944.0,6347.0,138.0,5439.0,6260.0,140.0,505.0,87.0,-2.0,1.0,0.0,1.0,0.0,3.0,1.0,7833.0,8471.0,196.0,8562.0,8940.0,198.0,-729.0,-469.0,-2.0,1.0,0.0,2.0,2.0,6.0,1.0,9751.0,10876.0,247.0,12077.0,11732.0,230.0,-2326.0,-856.0,17.0,1.0,1.0,4.0,5.0,10.0,2.0
ESPORTSTMNT05_3240514,complete,,EM,2023,Summer,0,2023-08-24 18:29:06,1,13.15,10,Red,sup,Lekcyc,oe:player:74f3f60a44ee916ecc257a5381be756,Unicorns of Love Sexy Edition,oe:team:6a060bd74c9041bf0aa89adf9d15d12,Alistar,Renekton,Sejuani,Taliyah,Nautilus,Aatrox,,,,,,1566,0,0,9,3,6,26,0.0,0.0,0.0,0.0,0.0,0.0,0.0,0.0,0.2299,1.2261,,,,,,,,,,,,,,,,,,,,,0.0,0.0,,,,,,,,0.0,1.0,3969.0,152.069,0.0706404,901.9157,1245.7088,37.0,1.4176,3.0,0.1149,6.0,62.0,2.3755,5349,1879,71.9923,0.0712413,4750.0,,,33.0,33.0,0.0,,,1.2644,2180.0,2524.0,15.0,3050.0,2133.0,16.0,-870.0,391.0,-1.0,0.0,0.0,1.0,3.0,1.0,0.0,3430.0,4322.0,23.0,4312.0,3504.0,20.0,-882.0,818.0,3.0,0.0,2.0,3.0,3.0,6.0,1.0,4222.0,5174.0,24.0,6271.0,5707.0,30.0,-2049.0,-533.0,-6.0,0.0,2.0,5.0,4.0,10.0,1.0,5195.0,7317.0,33.0,8409.0,8475.0,37.0,-3214.0,-1158.0,-4.0,0.0,3.0,8.0,4.0,18.0,1.0
ESPORTSTMNT05_3240514,complete,,EM,2023,Summer,0,2023-08-24 18:29:06,1,13.15,100,Blue,team,,,Movistar KOI,oe:team:4acc40654379b4da680be1bd3129dfa,,Tristana,Xayah,K'Sante,Zeri,Braum,Kai'Sa,Maokai,Lucian,Rakan,Ornn,1566,1,26,6,73,26,6,4.0,0.0,0.0,0.0,0.0,,,,0.9962,1.2261,1.0,1.0,1.0,1.0,1.0,0.0,1.0,0.0,0.0,0.0,0.0,,0.0,0.0,1.0,2.0,0.0,,,1.0,1.0,0.0,0.0,11.0,2.0,1.0,1.0,5.0,5.0,3.0,0.0,71805.0,2751.1494,,3358.7739,3113.1801,89.0,3.41,26.0,0.9962,29.0,199.0,7.6245,53660,36309,1391.1494,,51225.0,0.214896,1.48,,643.0,144.0,,,30.1533,16292.0,17643.0,303.0,15903.0,18069.0,315.0,389.0,-426.0,-12.0,4.0,10.0,2.0,2.0,2.0,4.0,25919.0,29952.0,484.0,26697.0,30294.0,512.0,-778.0,-342.0,-28.0,9.0,22.0,5.0,5.0,7.0,9.0,38015.0,42297.0,654.0,33756.0,39202.0,669.0,4259.0,3095.0,-15.0,15.0,39.0,5.0,5.0,7.0,15.0,51234.0,56645.0,767.0,42205.0,50696.0,829.0,9029.0,5949.0,-62.0,23.0,65.0,6.0,6.0,10.0,23.0
ESPORTSTMNT05_3240514,complete,,EM,2023,Summer,0,2023-08-24 18:29:06,1,13.15,200,Red,team,,,Unicorns of Love Sexy Edition,oe:team:6a060bd74c9041bf0aa89adf9d15d12,,Renekton,Sejuani,Taliyah,Nautilus,Aatrox,Jayce,Rumble,Gragas,Alistar,Sivir,1566,0,6,26,10,6,26,0.0,0.0,0.0,0.0,1.0,,,,0.2299,1.2261,0.0,1.0,1.0,1.0,1.0,0.0,0.0,0.0,0.0,1.0,0.0,,0.0,0.0,0.0,0.0,2.0,,,0.0,0.0,1.0,1.0,2.0,11.0,0.0,0.0,5.0,5.0,0.0,3.0,56186.0,2152.7203,,3515.5556,3050.613,69.0,2.6437,29.0,1.1111,16.0,154.0,5.9004,43723,26372,1010.4215,,41285.0,-0.214896,-1.48,,720.0,137.0,,,32.8352,15903.0,18069.0,315.0,16292.0,17643.0,303.0,-389.0,426.0,12.0,2.0,2.0,4.0,4.0,10.0,2.0,26697.0,30294.0,512.0,25919.0,29952.0,484.0,778.0,342.0,28.0,5.0,7.0,9.0,9.0,22.0,5.0,33756.0,39202.0,669.0,38015.0,42297.0,654.0,-4259.0,-3095.0,15.0,5.0,7.0,15.0,15.0,39.0,5.0,42205.0,50696.0,829.0,51234.0,56645.0,767.0,-9029.0,-5949.0,62.0,6.0,10.0,23.0,23.0,65.0,6.0
ESPORTSTMNT05_3239492,complete,,EM,2023,Summer,0,2023-08-24 19:14:35,1,13.15,1,Blue,top,fabFabulous,oe:player:d12be4fd740afa31c400833bee2cba4,NASR eSports Turkey,oe:team:1bcba9d314932379a955b3de9e8654d,Rumble,Ivern,Taliyah,Tristana,Yone,Azir,,,,,,2089,0,1,3,6,9,20,0.0,0.0,0.0,0.0,0.0,0.0,0.0,0.0,0.2585,0.8329,,,,,,,,,,,,,,,,,,,,,0.0,0.0,,,,,,,,0.0,0.0,23306.0,669.3921,0.309583,658.7362,506.3667,19.0,0.5457,6.0,0.1723,9.0,39.0,1.1202,11581,7044,202.3169,0.214351,11275.0,,,238.0,230.0,8.0,,,6.8358,3478.0,4946.0,87.0,3060.0,4203.0,62.0,418.0,743.0,25.0,0.0,1.0,0.0,1.0,0.0,0.0,5698.0,8404.0,138.0,4352.0,6561.0,95.0,1346.0,1843.0,43.0,1.0,1.0,0.0,1.0,1.0,1.0,7657.0,11018.0,180.0,5974.0,9300.0,141.0,1683.0,1718.0,39.0,1.0,1.0,0.0,1.0,1.0,1.0,9156.0,13476.0,206.0,7594.0,10721.0,156.0,1562.0,2755.0,50.0,1.0,1.0,0.0,2.0,1.0,1.0
ESPORTSTMNT05_3239492,complete,,EM,2023,Summer,0,2023-08-24 19:14:35,1,13.15,2,Blue,jng,Typhoon,oe:player:8a729e3599082e74fcca776b295d0e1,NASR eSports Turkey,oe:team:1bcba9d314932379a955b3de9e8654d,Kindred,Ivern,Taliyah,Tristana,Yone,Azir,,,,,,2089,0,3,1,3,9,20,0.0,0.0,0.0,0.0,0.0,0.0,0.0,0.0,0.2585,0.8329,,,,,,,,,,,,,,,,,,,,,1.0,1.0,,,,,,,,0.0,0.0,15336.0,440.4787,0.203714,724.8253,721.7808,8.0,0.2298,23.0,0.6606,6.0,66.0,1.8956,11398,6861,197.0608,0.208782,11213.0,,,196.0,37.0,159.0,,,5.6295,3262.0,3269.0,60.0,3604.0,3433.0,67.0,-342.0,-164.0,-7.0,1.0,0.0,0.0,1.0,2.0,1.0,4693.0,5332.0,90.0,5009.0,5038.0,93.0,-316.0,294.0,-3.0,1.0,0.0,0.0,1.0,4.0,1.0,6185.0,7547.0,120.0,6147.0,6516.0,112.0,38.0,1031.0,8.0,1.0,0.0,0.0,1.0,4.0,1.0,7992.0,10006.0,154.0,7190.0,8230.0,122.0,802.0,1776.0,32.0,1.0,0.0,0.0,1.0,5.0,1.0
ESPORTSTMNT05_3239492,complete,,EM,2023,Summer,0,2023-08-24 19:14:35,1,13.15,3,Blue,mid,Whistle,oe:player:d62f8789d640fc4bf972663ddd10b77,NASR eSports Turkey,oe:team:1bcba9d314932379a955b3de9e8654d,Lissandra,Ivern,Taliyah,Tristana,Yone,Azir,,,,,,2089,0,0,8,5,9,20,0.0,0.0,0.0,0.0,0.0,0.0,0.0,1.0,0.2585,0.8329,,,,,,,,,,,,,,,,,,,,,0.0,0.0,,,,,,,,0.0,1.0,13787.0,395.9885,0.183138,874.3226,604.9402,10.0,0.2872,7.0,0.2011,7.0,29.0,0.8329,10208,5671,162.8818,0.172569,9525.0,,,213.0,213.0,0.0,,,6.1178,3171.0,4563.0,84.0,3747.0,4491.0,83.0,-576.0,72.0,1.0,0.0,1.0,2.0,1.0,2.0,0.0,4827.0,6900.0,130.0,6515.0,7216.0,134.0,-1688.0,-316.0,-4.0,0.0,1.0,3.0,3.0,2.0,0.0,6912.0,9597.0,178.0,8376.0,10059.0,190.0,-1464.0,-462.0,-12.0,0.0,1.0,3.0,3.0,2.0,0.0,8422.0,11607.0,197.0,10213.0,12101.0,229.0,-1791.0,-494.0,-32.0,0.0,1.0,3.0,3.0,3.0,0.0
ESPORTSTMNT05_3239492,complete,,EM,2023,Summer,0,2023-08-24 19:14:35,1,13.15,4,Blue,bot,Scorth,oe:player:a177d116efe77552eb3068675c777f2,NASR eSports Turkey,oe:team:1bcba9d314932379a955b3de9e8654d,Xayah,Ivern,Taliyah,Tristana,Yone,Azir,,,,,,2089,0,5,2,2,9,20,0.0,0.0,0.0,0.0,0.0,0.0,0.0,0.0,0.2585,0.8329,,,,,,,,,,,,,,,,,,,,,0.0,0.0,,,,,,,,0.0,0.0,19183.0,550.9718,0.254815,368.8751,195.9694,16.0,0.4596,10.0,0.2872,7.0,51.0,1.4648,15064,10527,302.3552,0.320343,15025.0,,,340.0,304.0,36.0,,,9.7654,3767.0,3519.0,82.0,3130.0,3351.0,81.0,637.0,168.0,1.0,2.0,0.0,0.0,0.0,1.0,1.0,6277.0,6812.0,154.0,4901.0,6191.0,133.0,1376.0,621.0,21.0,2.0,0.0,0.0,0.0,2.0,1.0,8303.0,8701.0,207.0,6969.0,9004.0,196.0,1334.0,-303.0,11.0,2.0,0.0,0.0,0.0,2.0,1.0,10414.0,11157.0,253.0,9562.0,11975.0,248.0,852.0,-818.0,5.0,2.0,0.0,1.0,1.0,2.0,1.0
ESPORTSTMNT05_3239492,complete,,EM,2023,Summer,0,2023-08-24 19:14:35,1,13.15,5,Blue,sup,Patch,oe:player:7c8d8bf5d11af12d15aad3ce6bf5522,NASR eSports Turkey,oe:team:1bcba9d314932379a955b3de9e8654d,Alistar,Ivern,Taliyah,Tristana,Yone,Azir,,,,,,2089,0,0,6,5,9,20,0.0,0.0,0.0,0.0,0.0,0.0,0.0,0.0,0.2585,0.8329,,,,,,,,,,,,,,,,,,,,,0.0,0.0,,,,,,,,0.0,0.0,3670.0,105.4093,0.04875,785.2274,1168.3772,48.0,1.3787,6.0,0.1723,17.0,96.0,2.7573,7296,2759,79.2437,0.0839543,7100.0,,,30.0,30.0,0.0,,,0.8617,2277.0,2280.0,13.0,2242.0,2398.0,14.0,35.0,-118.0,-1.0,0.0,1.0,1.0,0.0,2.0,1.0,3316.0,3287.0,21.0,3316.0,3438.0,23.0,0.0,-151.0,-2.0,0.0,1.0,2.0,0.0,4.0,1.0,4502.0,4384.0,26.0,4179.0,4104.0,26.0,323.0,280.0,0.0,0.0,1.0,2.0,0.0,4.0,1.0,5604.0,6481.0,26.0,5391.0,5132.0,33.0,213.0,1349.0,-7.0,0.0,1.0,3.0,0.0,5.0,1.0
ESPORTSTMNT05_3239492,complete,,EM,2023,Summer,0,2023-08-24 19:14:35,1,13.15,6,Red,top,Ragner,oe:player:c0f78343a2ad4ba1463245d53a3b440,Team GO,oe:team:8d538207b9de9d20e1a525aae593515,K'Sante,Maokai,Poppy,LeBlanc,Jayce,Neeko,,,,,,2089,1,2,2,7,20,9,0.0,0.0,0.0,0.0,0.0,0.0,0.0,0.0,0.5744,0.8329,,,,,,,,,,,,,,,,,,,,,0.0,0.0,,,,,,,,0.0,0.0,10318.0,296.3523,0.104806,689.0378,1225.9646,17.0,0.4883,5.0,0.1436,4.0,32.0,0.9191,11261,6724,193.1259,0.170232,11590.0,,,200.0,200.0,0.0,,,5.7444,3060.0,4203.0,62.0,3478.0,4946.0,87.0,-418.0,-743.0,-25.0,1.0,0.0,0.0,0.0,1.0,0.0,4352.0,6561.0,95.0,5698.0,8404.0,138.0,-1346.0,-1843.0,-43.0,1.0,1.0,1.0,1.0,1.0,0.0,5974.0,9300.0,141.0,7657.0,11018.0,180.0,-1683.0,-1718.0,-39.0,1.0,1.0,1.0,1.0,1.0,0.0,7594.0,10721.0,156.0,9156.0,13476.0,206.0,-1562.0,-2755.0,-50.0,2.0,1.0,1.0,1.0,1.0,0.0
ESPORTSTMNT05_3239492,complete,,EM,2023,Summer,0,2023-08-24 19:14:35,1,13.15,7,Red,jng,Lyncas,oe:player:ca9701f085966dfca32e31b1b1e9d55,Team GO,oe:team:8d538207b9de9d20e1a525aae593515,Sejuani,Maokai,Poppy,LeBlanc,Jayce,Neeko,,,,,,2089,1,1,2,11,20,9,0.0,0.0,0.0,0.0,1.0,1.0,0.0,0.0,0.5744,0.8329,,,,,,,,,,,,,,,,,,,,,1.0,1.0,,,,,,,,0.0,0.0,7609.0,218.5448,0.0772887,797.6352,1364.4327,15.0,0.4308,10.0,0.2872,14.0,47.0,1.3499,10086,5549,159.3777,0.140483,8675.0,,,140.0,23.0,117.0,,,4.0211,3604.0,3433.0,67.0,3262.0,3269.0,60.0,342.0,164.0,7.0,1.0,2.0,1.0,1.0,0.0,0.0,5009.0,5038.0,93.0,4693.0,5332.0,90.0,316.0,-294.0,3.0,1.0,4.0,1.0,1.0,0.0,0.0,6147.0,6516.0,112.0,6185.0,7547.0,120.0,-38.0,-1031.0,-8.0,1.0,4.0,1.0,1.0,0.0,0.0,7190.0,8230.0,122.0,7992.0,10006.0,154.0,-802.0,-1776.0,-32.0,1.0,5.0,1.0,1.0,0.0,0.0
ESPORTSTMNT05_3239492,complete,,EM,2023,Summer,0,2023-08-24 19:14:35,1,13.15,8,Red,mid,Toucouille,oe:player:525ac233cf71bc36a611e27a324144f,Team GO,oe:team:8d538207b9de9d20e1a525aae593515,Ahri,Maokai,Poppy,LeBlanc,Jayce,Neeko,,,,,,2089,1,7,0,11,20,9,2.0,0.0,0.0,0.0,1.0,0.0,1.0,0.0,0.5744,0.8329,,,,,,,,,,,,,,,,,,,,,0.0,0.0,,,,,,,,1.0,0.0,40503.0,1163.3222,0.411411,385.1604,367.123,10.0,0.2872,6.0,0.1723,7.0,31.0,0.8904,16611,12074,346.7879,0.305681,15025.0,,,301.0,300.0,1.0,,,8.6453,3747.0,4491.0,83.0,3171.0,4563.0,84.0,576.0,-72.0,-1.0,1.0,2.0,0.0,0.0,1.0,2.0,6515.0,7216.0,134.0,4827.0,6900.0,130.0,1688.0,316.0,4.0,3.0,2.0,0.0,0.0,1.0,3.0,8376.0,10059.0,190.0,6912.0,9597.0,178.0,1464.0,462.0,12.0,3.0,2.0,0.0,0.0,1.0,3.0,10213.0,12101.0,229.0,8422.0,11607.0,197.0,1791.0,494.0,32.0,3.0,3.0,0.0,0.0,1.0,3.0
ESPORTSTMNT05_3239492,complete,,EM,2023,Summer,0,2023-08-24 19:14:35,1,13.15,9,Red,bot,Jezu,oe:player:4817d93e8f26002377aec42233b3fc2,Team GO,oe:team:8d538207b9de9d20e1a525aae593515,Ezreal,Maokai,Poppy,LeBlanc,Jayce,Neeko,,,,,,2089,1,10,1,3,20,9,3.0,1.0,0.0,0.0,0.0,0.0,0.0,0.0,0.5744,0.8329,,,,,,,,,,,,,,,,,,,,,0.0,0.0,,,,,,,,0.0,0.0,35960.0,1032.8387,0.365265,604.6817,491.3451,15.0,0.4308,3.0,0.0862,4.0,34.0,0.9765,16302,11765,337.9129,0.297858,14033.0,,,317.0,284.0,33.0,,,9.1048,3130.0,3351.0,81.0,3767.0,3519.0,82.0,-637.0,-168.0,-1.0,0.0,1.0,1.0,2.0,0.0,0.0,4901.0,6191.0,133.0,6277.0,6812.0,154.0,-1376.0,-621.0,-21.0,0.0,2.0,1.0,2.0,0.0,0.0,6969.0,9004.0,196.0,8303.0,8701.0,207.0,-1334.0,303.0,-11.0,0.0,2.0,1.0,2.0,0.0,0.0,9562.0,11975.0,248.0,10414.0,11157.0,253.0,-852.0,818.0,-5.0,1.0,2.0,1.0,2.0,0.0,1.0
ESPORTSTMNT05_3239492,complete,,EM,2023,Summer,0,2023-08-24 19:14:35,1,13.15,10,Red,sup,kamilius,oe:player:7aa0aebd379414d25f1fcdc396407f1,Team GO,oe:team:8d538207b9de9d20e1a525aae593515,Rell,Maokai,Poppy,LeBlanc,Jayce,Neeko,,,,,,2089,1,0,4,10,20,9,0.0,0.0,0.0,0.0,0.0,0.0,0.0,0.0,0.5744,0.8329,,,,,,,,,,,,,,,,,,,,,0.0,0.0,,,,,,,,0.0,0.0,4059.0,116.5821,0.0412295,445.1316,756.2757,59.0,1.6946,20.0,0.5744,18.0,128.0,3.6764,7924,3387,97.281,0.0857467,7450.0,,,40.0,39.0,1.0,,,1.1489,2242.0,2398.0,14.0,2277.0,2280.0,13.0,-35.0,118.0,1.0,0.0,2.0,1.0,0.0,1.0,1.0,3316.0,3438.0,23.0,3316.0,3287.0,21.0,0.0,151.0,2.0,0.0,4.0,1.0,0.0,1.0,2.0,4179.0,4104.0,26.0,4502.0,4384.0,26.0,-323.0,-280.0,0.0,0.0,4.0,1.0,0.0,1.0,2.0,5391.0,5132.0,33.0,5604.0,6481.0,26.0,-213.0,-1349.0,7.0,0.0,5.0,1.0,0.0,1.0,3.0
ESPORTSTMNT05_3239492,complete,,EM,2023,Summer,0,2023-08-24 19:14:35,1,13.15,100,Blue,team,,,NASR eSports Turkey,oe:team:1bcba9d314932379a955b3de9e8654d,,Ivern,Taliyah,Tristana,Yone,Azir,Rumble,Xayah,Alistar,Lissandra,Kindred,2089,0,9,20,21,9,20,0.0,0.0,0.0,0.0,0.0,,,,0.2585,0.8329,0.0,1.0,4.0,1.0,4.0,0.0,1.0,0.0,0.0,0.0,0.0,,0.0,0.0,0.0,1.0,1.0,,,1.0,1.0,1.0,1.0,4.0,9.0,1.0,1.0,7.0,3.0,0.0,1.0,75282.0,2162.2403,,3411.9866,3197.4342,101.0,2.9009,52.0,1.4935,46.0,281.0,8.0708,55547,32861,943.8296,,54138.0,-0.0475156,-0.22,,814.0,203.0,,,29.2101,15955.0,18577.0,326.0,15783.0,17876.0,307.0,172.0,701.0,19.0,3.0,3.0,3.0,3.0,7.0,3.0,24811.0,30735.0,533.0,24093.0,28444.0,478.0,718.0,2291.0,55.0,4.0,3.0,5.0,5.0,13.0,4.0,33559.0,41247.0,711.0,31645.0,38983.0,665.0,1914.0,2264.0,46.0,4.0,3.0,5.0,5.0,13.0,4.0,41588.0,52727.0,836.0,39950.0,48159.0,788.0,1638.0,4568.0,48.0,4.0,3.0,7.0,7.0,16.0,4.0
ESPORTSTMNT05_3239492,complete,,EM,2023,Summer,0,2023-08-24 19:14:35,1,13.15,200,Red,team,,,Team GO,oe:team:8d538207b9de9d20e1a525aae593515,,Maokai,Poppy,LeBlanc,Jayce,Neeko,Rell,Sejuani,Ezreal,Ahri,K'Sante,2089,1,20,9,42,20,9,5.0,1.0,0.0,0.0,1.0,,,,0.5744,0.8329,1.0,4.0,1.0,4.0,1.0,1.0,2.0,0.0,1.0,0.0,0.0,,0.0,0.0,1.0,1.0,1.0,,,0.0,1.0,1.0,0.0,9.0,4.0,0.0,0.0,3.0,7.0,1.0,0.0,98449.0,2827.64,,2921.6467,4205.1412,116.0,3.3317,44.0,1.2638,47.0,272.0,7.8124,62184,39498,1134.4567,,56773.0,0.0475156,0.22,,846.0,152.0,,,28.6644,15783.0,17876.0,307.0,15955.0,18577.0,326.0,-172.0,-701.0,-19.0,3.0,7.0,3.0,3.0,3.0,3.0,24093.0,28444.0,478.0,24811.0,30735.0,533.0,-718.0,-2291.0,-55.0,5.0,13.0,4.0,4.0,3.0,5.0,31645.0,38983.0,665.0,33559.0,41247.0,711.0,-1914.0,-2264.0,-46.0,5.0,13.0,4.0,4.0,3.0,5.0,39950.0,48159.0,788.0,41588.0,52727.0,836.0,-1638.0,-4568.0,-48.0,7.0,16.0,4.0,4.0,3.0,7.0
ESPORTSTMNT05_3240516,complete,,EM,2023,Summer,0,2023-08-24 19:20:02,1,13.15,1,Blue,top,JNX,oe:player:4bb53c6fa9f5d75901136feb8bdf817,SK Gaming Prime,oe:team:aa8c3b781d96ddb7a24ab3240918988,Renekton,Ziggs,Poppy,Neeko,Zeri,Olaf,,,,,,1543,1,4,1,7,23,4,0.0,0.0,0.0,0.0,0.0,0.0,0.0,0.0,0.8944,1.0499,,,,,,,,,,,,,,,,,,,,,0.0,0.0,,,,,,,,0.0,0.0,11912.0,463.2016,0.165956,808.464,694.8801,12.0,0.4666,4.0,0.1555,4.0,25.0,0.9721,12311,8888,345.6124,0.228127,11900.0,,,217.0,196.0,21.0,,,8.4381,4002.0,4573.0,84.0,2979.0,3753.0,61.0,1023.0,820.0,23.0,1.0,0.0,0.0,0.0,0.0,1.0,6468.0,6379.0,118.0,5036.0,6425.0,101.0,1432.0,-46.0,17.0,2.0,1.0,1.0,1.0,0.0,1.0,8999.0,9845.0,182.0,7293.0,9490.0,163.0,1706.0,355.0,19.0,2.0,2.0,1.0,1.0,0.0,1.0,11796.0,13485.0,217.0,8756.0,11718.0,200.0,3040.0,1767.0,17.0,3.0,4.0,1.0,1.0,0.0,2.0
ESPORTSTMNT05_3240516,complete,,EM,2023,Summer,0,2023-08-24 19:20:02,1,13.15,2,Blue,jng,Lurox,oe:player:6fc5fe723eed4ba4c230292be365c66,SK Gaming Prime,oe:team:aa8c3b781d96ddb7a24ab3240918988,Maokai,Ziggs,Poppy,Neeko,Zeri,Olaf,,,,,,1543,1,2,0,15,23,4,0.0,0.0,0.0,0.0,1.0,0.0,1.0,0.0,0.8944,1.0499,,,,,,,,,,,,,,,,,,,,,1.0,0.0,,,,,,,,0.0,0.0,6172.0,240.0,0.0859874,552.3266,675.4375,9.0,0.35,5.0,0.1944,9.0,31.0,1.2054,9301,5878,228.5677,0.150867,8575.0,,,119.0,15.0,104.0,,,4.6273,3272.0,3070.0,40.0,3276.0,3597.0,78.0,-4.0,-527.0,-38.0,1.0,2.0,0.0,0.0,0.0,0.0,5485.0,5783.0,78.0,5371.0,5799.0,109.0,114.0,-16.0,-31.0,1.0,5.0,0.0,2.0,0.0,1.0,6955.0,7593.0,102.0,6804.0,7549.0,135.0,151.0,44.0,-33.0,1.0,6.0,0.0,2.0,0.0,2.0,8820.0,10440.0,114.0,7728.0,8638.0,143.0,1092.0,1802.0,-29.0,2.0,11.0,0.0,2.0,1.0,4.0
ESPORTSTMNT05_3240516,complete,,EM,2023,Summer,0,2023-08-24 19:20:02,1,13.15,3,Blue,mid,FEBIVEN,oe:player:d62421836c8b27dc3ffaffa058b8098,SK Gaming Prime,oe:team:aa8c3b781d96ddb7a24ab3240918988,Jayce,Ziggs,Poppy,Neeko,Zeri,Olaf,,,,,,1543,1,5,1,10,23,4,0.0,0.0,0.0,0.0,0.0,0.0,0.0,0.0,0.8944,1.0499,,,,,,,,,,,,,,,,,,,,,0.0,0.0,,,,,,,,0.0,0.0,17273.0,671.6656,0.240645,535.917,325.2754,15.0,0.5833,4.0,0.1555,6.0,37.0,1.4388,11507,8084,314.3487,0.20749,10950.0,,,227.0,205.0,22.0,,,8.827,3422.0,4585.0,83.0,3292.0,5143.0,91.0,130.0,-558.0,-8.0,1.0,0.0,0.0,0.0,0.0,1.0,5393.0,7394.0,142.0,5461.0,8352.0,151.0,-68.0,-958.0,-9.0,1.0,0.0,1.0,0.0,1.0,1.0,8011.0,10089.0,198.0,7732.0,11109.0,207.0,279.0,-1020.0,-9.0,2.0,1.0,1.0,0.0,1.0,1.0,10989.0,12810.0,224.0,9637.0,12478.0,227.0,1352.0,332.0,-3.0,5.0,5.0,1.0,1.0,1.0,3.0
ESPORTSTMNT05_3240516,complete,,EM,2023,Summer,0,2023-08-24 19:20:02,1,13.15,4,Blue,bot,Keduii,oe:player:44189e6dc3089dbf9520de800fa705a,SK Gaming Prime,oe:team:aa8c3b781d96ddb7a24ab3240918988,Kai'Sa,Ziggs,Poppy,Neeko,Zeri,Olaf,,,,,,1543,1,12,1,8,23,4,2.0,1.0,1.0,0.0,1.0,1.0,0.0,0.0,0.8944,1.0499,,,,,,,,,,,,,,,,,,,,,0.0,0.0,,,,,,,,2.0,0.0,29591.0,1150.6546,0.412257,292.9229,226.0402,10.0,0.3889,7.0,0.2722,2.0,27.0,1.0499,16091,12668,492.5988,0.325151,13350.0,,,257.0,244.0,13.0,,,9.9935,4504.0,3665.0,88.0,2903.0,3346.0,75.0,1601.0,319.0,13.0,2.0,1.0,0.0,0.0,0.0,1.0,8245.0,6393.0,147.0,4601.0,5321.0,120.0,3644.0,1072.0,27.0,4.0,2.0,0.0,0.0,1.0,2.0,10701.0,8837.0,197.0,6505.0,7673.0,172.0,4196.0,1164.0,25.0,5.0,3.0,0.0,0.0,1.0,2.0,14603.0,12719.0,252.0,8095.0,9741.0,209.0,6508.0,2978.0,43.0,8.0,7.0,1.0,0.0,1.0,3.0
ESPORTSTMNT05_3240516,complete,,EM,2023,Summer,0,2023-08-24 19:20:02,1,13.15,5,Blue,sup,Prime,oe:player:e038414b765a8bda52e602f7eaeff04,SK Gaming Prime,oe:team:aa8c3b781d96ddb7a24ab3240918988,Nautilus,Ziggs,Poppy,Neeko,Zeri,Olaf,,,,,,1543,1,0,1,13,23,4,0.0,0.0,0.0,0.0,1.0,0.0,1.0,0.0,0.8944,1.0499,,,,,,,,,,,,,,,,,,,,,0.0,0.0,,,,,,,,0.0,0.0,6830.0,265.5865,0.0951545,350.512,482.5275,40.0,1.5554,6.0,0.2333,15.0,79.0,3.0719,6866,3443,133.882,0.0883658,6325.0,,,28.0,28.0,0.0,,,1.0888,2383.0,2135.0,14.0,1984.0,1797.0,13.0,399.0,338.0,1.0,0.0,3.0,0.0,0.0,0.0,2.0,3579.0,3365.0,21.0,3126.0,3325.0,24.0,453.0,40.0,-3.0,0.0,3.0,1.0,0.0,1.0,3.0,4700.0,4409.0,27.0,4283.0,4432.0,32.0,417.0,-23.0,-5.0,0.0,4.0,1.0,0.0,1.0,4.0,6509.0,7429.0,28.0,5205.0,5684.0,35.0,1304.0,1745.0,-7.0,0.0,10.0,1.0,0.0,2.0,6.0
ESPORTSTMNT05_3240516,complete,,EM,2023,Summer,0,2023-08-24 19:20:02,1,13.15,6,Red,top,Matixx,oe:player:89bee56a2a53bdf22737c6d43eedb9c,AliorBank Team,oe:team:ccf3ac6ecc7f9a46f87a052deebe32e,Darius,Ivern,Rumble,Tristana,Alistar,Blitzcrank,,,,,,1543,0,1,3,0,4,23,0.0,0.0,0.0,0.0,0.0,0.0,0.0,0.0,0.1555,1.0499,,,,,,,,,,,,,,,,,,,,,0.0,0.0,,,,,,,,0.0,0.0,8309.0,323.0979,0.214825,683.1367,543.5386,6.0,0.2333,1.0,0.0389,0.0,11.0,0.4277,8844,5421,210.7971,0.236665,8533.0,,,200.0,198.0,2.0,,,7.7771,2979.0,3753.0,61.0,4002.0,4573.0,84.0,-1023.0,-820.0,-23.0,0.0,0.0,1.0,1.0,0.0,0.0,5036.0,6425.0,101.0,6468.0,6379.0,118.0,-1432.0,46.0,-17.0,1.0,0.0,1.0,2.0,1.0,1.0,7293.0,9490.0,163.0,8999.0,9845.0,182.0,-1706.0,-355.0,-19.0,1.0,0.0,1.0,2.0,2.0,1.0,8756.0,11718.0,200.0,11796.0,13485.0,217.0,-3040.0,-1767.0,-17.0,1.0,0.0,2.0,3.0,4.0,1.0
ESPORTSTMNT05_3240516,complete,,EM,2023,Summer,0,2023-08-24 19:20:02,1,13.15,7,Red,jng,adi1,oe:player:6b7ca7e0fcad1f113f17bc2d30adbf5,AliorBank Team,oe:team:ccf3ac6ecc7f9a46f87a052deebe32e,Viego,Ivern,Rumble,Tristana,Alistar,Blitzcrank,,,,,,1543,0,2,5,1,4,23,0.0,0.0,0.0,0.0,0.0,0.0,0.0,0.0,0.1555,1.0499,,,,,,,,,,,,,,,,,,,,,0.0,1.0,,,,,,,,0.0,0.0,7439.0,289.2677,0.192332,1039.9482,771.9119,10.0,0.3889,11.0,0.4277,10.0,40.0,1.5554,7846,4423,171.9896,0.193093,7525.0,,,144.0,20.0,124.0,,,5.5995,3276.0,3597.0,78.0,3272.0,3070.0,40.0,4.0,527.0,38.0,0.0,0.0,0.0,1.0,2.0,0.0,5371.0,5799.0,109.0,5485.0,5783.0,78.0,-114.0,16.0,31.0,2.0,0.0,1.0,1.0,5.0,0.0,6804.0,7549.0,135.0,6955.0,7593.0,102.0,-151.0,-44.0,33.0,2.0,0.0,2.0,1.0,6.0,0.0,7728.0,8638.0,143.0,8820.0,10440.0,114.0,-1092.0,-1802.0,29.0,2.0,1.0,4.0,2.0,11.0,0.0
ESPORTSTMNT05_3240516,complete,,EM,2023,Summer,0,2023-08-24 19:20:02,1,13.15,8,Red,mid,many,oe:player:9970a9b7dfef2df3002d7217596010e,AliorBank Team,oe:team:ccf3ac6ecc7f9a46f87a052deebe32e,LeBlanc,Ivern,Rumble,Tristana,Alistar,Blitzcrank,,,,,,1543,0,1,4,1,4,23,0.0,0.0,0.0,0.0,0.0,0.0,0.0,0.0,0.1555,1.0499,,,,,,,,,,,,,,,,,,,,,0.0,0.0,,,,,,,,0.0,0.0,13090.0,509.0084,0.338435,672.2878,312.2489,1.0,0.0389,3.0,0.1167,1.0,11.0,0.4277,9774,6351,246.9605,0.277269,9560.0,,,230.0,230.0,0.0,,,8.9436,3292.0,5143.0,91.0,3422.0,4585.0,83.0,-130.0,558.0,8.0,0.0,0.0,1.0,1.0,0.0,0.0,5461.0,8352.0,151.0,5393.0,7394.0,142.0,68.0,958.0,9.0,0.0,1.0,1.0,1.0,0.0,1.0,7732.0,11109.0,207.0,8011.0,10089.0,198.0,-279.0,1020.0,9.0,0.0,1.0,1.0,2.0,1.0,1.0,9637.0,12478.0,227.0,10989.0,12810.0,224.0,-1352.0,-332.0,3.0,1.0,1.0,3.0,5.0,5.0,1.0
ESPORTSTMNT05_3240516,complete,,EM,2023,Summer,0,2023-08-24 19:20:02,1,13.15,9,Red,bot,svns,oe:player:1ecc2cf8dc5f05719ca235f6d0be5e2,AliorBank Team,oe:team:ccf3ac6ecc7f9a46f87a052deebe32e,Draven,Ivern,Rumble,Tristana,Alistar,Blitzcrank,,,,,,1543,0,0,4,1,4,23,0.0,0.0,0.0,0.0,0.0,0.0,0.0,0.0,0.1555,1.0499,,,,,,,,,,,,,,,,,,,,,0.0,0.0,,,,,,,,0.0,2.0,6984.0,271.5749,0.180568,604.7051,214.1413,9.0,0.35,3.0,0.1167,2.0,21.0,0.8166,8246,4823,187.5437,0.210557,8133.0,,,212.0,209.0,3.0,,,8.2437,2903.0,3346.0,75.0,4504.0,3665.0,88.0,-1601.0,-319.0,-13.0,0.0,0.0,1.0,2.0,1.0,0.0,4601.0,5321.0,120.0,8245.0,6393.0,147.0,-3644.0,-1072.0,-27.0,0.0,1.0,2.0,4.0,2.0,0.0,6505.0,7673.0,172.0,10701.0,8837.0,197.0,-4196.0,-1164.0,-25.0,0.0,1.0,2.0,5.0,3.0,0.0,8095.0,9741.0,209.0,14603.0,12719.0,252.0,-6508.0,-2978.0,-43.0,0.0,1.0,3.0,8.0,7.0,1.0
ESPORTSTMNT05_3240516,complete,,EM,2023,Summer,0,2023-08-24 19:20:02,1,13.15,10,Red,sup,minemaciek,oe:player:1f892f04e94e144dadcc8be197d4f5b,AliorBank Team,oe:team:ccf3ac6ecc7f9a46f87a052deebe32e,Rell,Ivern,Rumble,Tristana,Alistar,Blitzcrank,,,,,,1543,0,0,7,2,4,23,0.0,0.0,0.0,0.0,0.0,0.0,0.0,1.0,0.1555,1.0499,,,,,,,,,,,,,,,,,,,,,0.0,0.0,,,,,,,,0.0,0.0,2856.0,111.0564,0.0738404,577.3688,650.7842,27.0,1.0499,11.0,0.4277,8.0,62.0,2.4109,5311,1888,73.4154,0.0824156,5225.0,,,35.0,35.0,0.0,,,1.361,1984.0,1797.0,13.0,2383.0,2135.0,14.0,-399.0,-338.0,-1.0,0.0,0.0,2.0,0.0,3.0,0.0,3126.0,3325.0,24.0,3579.0,3365.0,21.0,-453.0,-40.0,3.0,0.0,1.0,3.0,0.0,3.0,1.0,4283.0,4432.0,32.0,4700.0,4409.0,27.0,-417.0,23.0,5.0,0.0,1.0,4.0,0.0,4.0,1.0,5205.0,5684.0,35.0,6509.0,7429.0,28.0,-1304.0,-1745.0,7.0,0.0,2.0,6.0,0.0,10.0,1.0
ESPORTSTMNT05_3240516,complete,,EM,2023,Summer,0,2023-08-24 19:20:02,1,13.15,100,Blue,team,,,SK Gaming Prime,oe:team:aa8c3b781d96ddb7a24ab3240918988,,Ziggs,Poppy,Neeko,Zeri,Olaf,Maokai,Kai'Sa,Jayce,Renekton,Nautilus,1543,1,23,4,53,23,4,2.0,1.0,1.0,0.0,1.0,,,,0.8944,1.0499,0.0,2.0,2.0,2.0,2.0,0.0,2.0,0.0,0.0,0.0,0.0,,0.0,0.0,1.0,2.0,0.0,,,1.0,1.0,0.0,1.0,10.0,2.0,1.0,1.0,12.0,3.0,2.0,0.0,71778.0,2791.1082,,2540.1426,2404.1607,86.0,3.3441,26.0,1.011,36.0,199.0,7.7382,56076,38959,1514.932,,51100.0,0.269195,4.54,,688.0,160.0,,,32.9747,17583.0,18028.0,309.0,14434.0,17636.0,318.0,3149.0,392.0,-9.0,5.0,6.0,0.0,0.0,0.0,5.0,29170.0,29314.0,506.0,23595.0,29222.0,505.0,5575.0,92.0,1.0,8.0,11.0,3.0,3.0,3.0,8.0,39366.0,40773.0,706.0,32617.0,40253.0,709.0,6749.0,520.0,-3.0,10.0,16.0,3.0,3.0,3.0,10.0,52717.0,56883.0,835.0,39421.0,48259.0,814.0,13296.0,8624.0,21.0,18.0,37.0,4.0,4.0,5.0,18.0
ESPORTSTMNT05_3240516,complete,,EM,2023,Summer,0,2023-08-24 19:20:02,1,13.15,200,Red,team,,,AliorBank Team,oe:team:ccf3ac6ecc7f9a46f87a052deebe32e,,Ivern,Rumble,Tristana,Alistar,Blitzcrank,Rell,Viego,LeBlanc,Draven,Darius,1543,0,4,23,5,4,23,0.0,0.0,0.0,0.0,0.0,,,,0.1555,1.0499,1.0,2.0,2.0,2.0,2.0,1.0,0.0,0.0,1.0,0.0,0.0,,0.0,0.0,0.0,0.0,2.0,,,0.0,0.0,1.0,0.0,2.0,10.0,0.0,0.0,3.0,12.0,0.0,2.0,38678.0,1504.0052,,3577.4465,2492.6248,53.0,2.0609,29.0,1.1277,21.0,145.0,5.6384,40021,22904,890.6286,,38976.0,-0.269195,-4.54,,692.0,129.0,,,31.9248,14434.0,17636.0,318.0,17583.0,18028.0,309.0,-3149.0,-392.0,9.0,0.0,0.0,5.0,5.0,6.0,0.0,23595.0,29222.0,505.0,29170.0,29314.0,506.0,-5575.0,-92.0,-1.0,3.0,3.0,8.0,8.0,11.0,3.0,32617.0,40253.0,709.0,39366.0,40773.0,706.0,-6749.0,-520.0,3.0,3.0,3.0,10.0,10.0,16.0,3.0,39421.0,48259.0,814.0,52717.0,56883.0,835.0,-13296.0,-8624.0,-21.0,4.0,5.0,18.0,18.0,37.0,4.0
ESPORTSTMNT05_3239495,complete,,EM,2023,Summer,0,2023-08-24 20:14:20,1,13.15,1,Blue,top,JNX,oe:player:4bb53c6fa9f5d75901136feb8bdf817,SK Gaming Prime,oe:team:aa8c3b781d96ddb7a24ab3240918988,Urgot,Renekton,Amumu,Rell,Nocturne,Vi,,,,,,2185,0,1,1,2,4,11,0.0,0.0,0.0,0.0,0.0,0.0,0.0,0.0,0.1098,0.4119,,,,,,,,,,,,,,,,,,,,,0.0,0.0,,,,,,,,0.0,0.0,7385.0,202.7918,0.113312,658.984,799.8535,16.0,0.4394,16.0,0.4394,3.0,73.0,2.0046,14006,9273,254.6362,0.273153,14225.0,,,363.0,331.0,32.0,,,9.968,3247.0,5051.0,90.0,3578.0,5112.0,95.0,-331.0,-61.0,-5.0,0.0,0.0,0.0,0.0,0.0,0.0,5111.0,8081.0,147.0,5434.0,8063.0,153.0,-323.0,18.0,-6.0,0.0,0.0,0.0,0.0,0.0,0.0,7126.0,11108.0,202.0,7767.0,11241.0,212.0,-641.0,-133.0,-10.0,0.0,0.0,0.0,0.0,0.0,0.0,8935.0,13334.0,252.0,9554.0,13756.0,244.0,-619.0,-422.0,8.0,0.0,0.0,0.0,0.0,0.0,0.0
ESPORTSTMNT05_3239495,complete,,EM,2023,Summer,0,2023-08-24 20:14:20,1,13.15,2,Blue,jng,Lurox,oe:player:6fc5fe723eed4ba4c230292be365c66,SK Gaming Prime,oe:team:aa8c3b781d96ddb7a24ab3240918988,Ivern,Renekton,Amumu,Rell,Nocturne,Vi,,,,,,2185,0,1,1,2,4,11,0.0,0.0,0.0,0.0,0.0,0.0,0.0,0.0,0.1098,0.4119,,,,,,,,,,,,,,,,,,,,,0.0,2.0,,,,,,,,0.0,0.0,6145.0,168.7414,0.0942861,194.1968,150.8924,7.0,0.1922,9.0,0.2471,5.0,36.0,0.9886,9728,4995,137.1625,0.147137,9375.0,,,151.0,17.0,134.0,,,4.1465,3450.0,3669.0,63.0,3326.0,3619.0,69.0,124.0,50.0,-6.0,1.0,0.0,0.0,0.0,0.0,0.0,4725.0,5468.0,87.0,5162.0,5728.0,109.0,-437.0,-260.0,-22.0,1.0,0.0,0.0,0.0,0.0,0.0,6326.0,8002.0,116.0,6899.0,8157.0,151.0,-573.0,-155.0,-35.0,1.0,0.0,0.0,0.0,0.0,0.0,7553.0,9819.0,135.0,8686.0,10924.0,182.0,-1133.0,-1105.0,-47.0,1.0,0.0,0.0,0.0,0.0,0.0
ESPORTSTMNT05_3239495,complete,,EM,2023,Summer,0,2023-08-24 20:14:20,1,13.15,3,Blue,mid,FEBIVEN,oe:player:d62421836c8b27dc3ffaffa058b8098,SK Gaming Prime,oe:team:aa8c3b781d96ddb7a24ab3240918988,Jayce,Renekton,Amumu,Rell,Nocturne,Vi,,,,,,2185,0,0,2,3,4,11,0.0,0.0,0.0,0.0,0.0,0.0,0.0,0.0,0.1098,0.4119,,,,,,,,,,,,,,,,,,,,,0.0,0.0,,,,,,,,0.0,1.0,16199.0,444.8238,0.24855,446.9657,257.0252,8.0,0.2197,14.0,0.3844,6.0,45.0,1.2357,12253,7520,206.4989,0.221515,11450.0,,,303.0,279.0,24.0,,,8.3204,3202.0,4365.0,86.0,3516.0,4833.0,92.0,-314.0,-468.0,-6.0,0.0,1.0,0.0,0.0,0.0,0.0,5268.0,7733.0,154.0,5279.0,7877.0,145.0,-11.0,-144.0,9.0,0.0,1.0,0.0,0.0,0.0,0.0,7092.0,10150.0,204.0,7609.0,10553.0,199.0,-517.0,-403.0,5.0,0.0,1.0,0.0,0.0,0.0,0.0,8481.0,12063.0,236.0,9458.0,13385.0,236.0,-977.0,-1322.0,0.0,0.0,1.0,0.0,0.0,0.0,0.0
ESPORTSTMNT05_3239495,complete,,EM,2023,Summer,0,2023-08-24 20:14:20,1,13.15,4,Blue,bot,Keduii,oe:player:44189e6dc3089dbf9520de800fa705a,SK Gaming Prime,oe:team:aa8c3b781d96ddb7a24ab3240918988,Kai'Sa,Renekton,Amumu,Rell,Nocturne,Vi,,,,,,2185,0,2,3,1,4,11,0.0,0.0,0.0,0.0,0.0,0.0,0.0,1.0,0.1098,0.4119,,,,,,,,,,,,,,,,,,,,,0.0,0.0,,,,,,,,0.0,0.0,30960.0,850.1602,0.475036,291.4874,186.3982,13.0,0.357,19.0,0.5217,2.0,55.0,1.5103,14256,9523,261.5011,0.280517,14390.0,,,346.0,314.0,32.0,,,9.5011,3246.0,3390.0,86.0,3495.0,3664.0,82.0,-249.0,-274.0,4.0,0.0,0.0,1.0,0.0,1.0,0.0,5204.0,5861.0,146.0,5319.0,5774.0,136.0,-115.0,87.0,10.0,0.0,0.0,1.0,0.0,1.0,0.0,7490.0,8496.0,213.0,7545.0,8976.0,204.0,-55.0,-480.0,9.0,0.0,0.0,1.0,0.0,1.0,0.0,9357.0,10549.0,263.0,9989.0,12107.0,263.0,-632.0,-1558.0,0.0,0.0,0.0,1.0,0.0,1.0,0.0
ESPORTSTMNT05_3239495,complete,,EM,2023,Summer,0,2023-08-24 20:14:20,1,13.15,5,Blue,sup,Prime,oe:player:e038414b765a8bda52e602f7eaeff04,SK Gaming Prime,oe:team:aa8c3b781d96ddb7a24ab3240918988,Nautilus,Renekton,Amumu,Rell,Nocturne,Vi,,,,,,2185,0,0,4,1,4,11,0.0,0.0,0.0,0.0,0.0,0.0,0.0,0.0,0.1098,0.4119,,,,,,,,,,,,,,,,,,,,,0.0,0.0,,,,,,,,0.0,0.0,4485.0,123.1579,0.0688158,493.0984,597.968,72.0,1.9771,18.0,0.4943,24.0,151.0,4.1465,7370,2637,72.4119,0.0776776,7100.0,,,41.0,41.0,0.0,,,1.1259,2258.0,2793.0,18.0,2348.0,1888.0,11.0,-90.0,905.0,7.0,0.0,1.0,0.0,1.0,0.0,1.0,3347.0,3813.0,26.0,3555.0,3505.0,21.0,-208.0,308.0,5.0,0.0,1.0,0.0,1.0,0.0,1.0,4552.0,5253.0,33.0,4583.0,4358.0,25.0,-31.0,895.0,8.0,0.0,1.0,0.0,1.0,0.0,1.0,5394.0,6203.0,36.0,5876.0,6539.0,29.0,-482.0,-336.0,7.0,0.0,1.0,0.0,1.0,0.0,1.0
ESPORTSTMNT05_3239495,complete,,EM,2023,Summer,0,2023-08-24 20:14:20,1,13.15,6,Red,top,Howling,oe:player:4f6302984cea43e6384d488973fe1d2,BK ROG Esports,oe:team:c40f6d0d20a7a718c60342e48c144a2,Rumble,Kalista,Tristana,Maokai,Yone,Jax,,,,,,2185,1,3,1,5,11,4,0.0,0.0,0.0,0.0,0.0,0.0,0.0,0.0,0.3021,0.4119,,,,,,,,,,,,,,,,,,,,,0.0,0.0,,,,,,,,0.0,0.0,18492.0,507.7895,0.301472,387.6796,445.0984,19.0,0.5217,4.0,0.1098,6.0,54.0,1.4828,15080,10347,284.1281,0.222736,13550.0,,,312.0,308.0,4.0,,,8.5675,3578.0,5112.0,95.0,3247.0,5051.0,90.0,331.0,61.0,5.0,0.0,0.0,0.0,0.0,0.0,0.0,5434.0,8063.0,153.0,5111.0,8081.0,147.0,323.0,-18.0,6.0,0.0,0.0,0.0,0.0,0.0,0.0,7767.0,11241.0,212.0,7126.0,11108.0,202.0,641.0,133.0,10.0,0.0,0.0,0.0,0.0,0.0,0.0,9554.0,13756.0,244.0,8935.0,13334.0,252.0,619.0,422.0,-8.0,0.0,0.0,0.0,0.0,0.0,0.0
ESPORTSTMNT05_3239495,complete,,EM,2023,Summer,0,2023-08-24 20:14:20,1,13.15,7,Red,jng,Pridestalkr,oe:player:99594a251af944b3571fe7f37363303,BK ROG Esports,oe:team:c40f6d0d20a7a718c60342e48c144a2,Kha'Zix,Kalista,Tristana,Maokai,Yone,Jax,,,,,,2185,1,1,1,4,11,4,0.0,0.0,0.0,0.0,0.0,0.0,0.0,0.0,0.3021,0.4119,,,,,,,,,,,,,,,,,,,,,2.0,0.0,,,,,,,,0.0,0.0,8499.0,233.3822,0.138558,979.0847,622.627,8.0,0.2197,8.0,0.2197,6.0,40.0,1.0984,13521,8788,241.3181,0.189176,11800.0,,,240.0,11.0,229.0,,,6.5904,3326.0,3619.0,69.0,3450.0,3669.0,63.0,-124.0,-50.0,6.0,0.0,0.0,0.0,1.0,0.0,0.0,5162.0,5728.0,109.0,4725.0,5468.0,87.0,437.0,260.0,22.0,0.0,0.0,0.0,1.0,0.0,0.0,6899.0,8157.0,151.0,6326.0,8002.0,116.0,573.0,155.0,35.0,0.0,0.0,0.0,1.0,0.0,0.0,8686.0,10924.0,182.0,7553.0,9819.0,135.0,1133.0,1105.0,47.0,0.0,0.0,0.0,1.0,0.0,0.0
ESPORTSTMNT05_3239495,complete,,EM,2023,Summer,0,2023-08-24 20:14:20,1,13.15,8,Red,mid,Czekolad,oe:player:6606138426fa9bbef349c96b4afbc77,BK ROG Esports,oe:team:c40f6d0d20a7a718c60342e48c144a2,Taliyah,Kalista,Tristana,Maokai,Yone,Jax,,,,,,2185,1,2,0,6,11,4,0.0,0.0,0.0,0.0,0.0,0.0,0.0,0.0,0.3021,0.4119,,,,,,,,,,,,,,,,,,,,,0.0,0.0,,,,,,,,1.0,0.0,18764.0,515.2586,0.305907,362.1144,219.2128,25.0,0.6865,2.0,0.0549,11.0,42.0,1.1533,15691,10958,300.9062,0.235889,14075.0,,,318.0,310.0,8.0,,,8.7323,3516.0,4833.0,92.0,3202.0,4365.0,86.0,314.0,468.0,6.0,0.0,0.0,0.0,0.0,1.0,0.0,5279.0,7877.0,145.0,5268.0,7733.0,154.0,11.0,144.0,-9.0,0.0,0.0,0.0,0.0,1.0,0.0,7609.0,10553.0,199.0,7092.0,10150.0,204.0,517.0,403.0,-5.0,0.0,0.0,0.0,0.0,1.0,0.0,9458.0,13385.0,236.0,8481.0,12063.0,236.0,977.0,1322.0,0.0,0.0,0.0,0.0,0.0,1.0,0.0
ESPORTSTMNT05_3239495,complete,,EM,2023,Summer,0,2023-08-24 20:14:20,1,13.15,9,Red,bot,Trigger,oe:player:5bc99370722c5ecbfa9b3c1e17338e6,BK ROG Esports,oe:team:c40f6d0d20a7a718c60342e48c144a2,Xayah,Kalista,Tristana,Maokai,Yone,Jax,,,,,,2185,1,3,0,5,11,4,1.0,0.0,0.0,0.0,1.0,0.0,1.0,0.0,0.3021,0.4119,,,,,,,,,,,,,,,,,,,,,0.0,0.0,,,,,,,,0.0,0.0,12154.0,333.7483,0.198145,464.9245,260.7323,15.0,0.4119,21.0,0.5767,5.0,75.0,2.0595,16522,11789,323.7254,0.253778,14525.0,,,367.0,345.0,22.0,,,10.0778,3495.0,3664.0,82.0,3246.0,3390.0,86.0,249.0,274.0,-4.0,0.0,1.0,0.0,0.0,0.0,1.0,5319.0,5774.0,136.0,5204.0,5861.0,146.0,115.0,-87.0,-10.0,0.0,1.0,0.0,0.0,0.0,1.0,7545.0,8976.0,204.0,7490.0,8496.0,213.0,55.0,480.0,-9.0,0.0,1.0,0.0,0.0,0.0,1.0,9989.0,12107.0,263.0,9357.0,10549.0,263.0,632.0,1558.0,0.0,0.0,1.0,0.0,0.0,0.0,1.0
ESPORTSTMNT05_3239495,complete,,EM,2023,Summer,0,2023-08-24 20:14:20,1,13.15,10,Red,sup,Veignorem,oe:player:e1dbe2b979510dba78b229327292a10,BK ROG Esports,oe:team:c40f6d0d20a7a718c60342e48c144a2,Alistar,Kalista,Tristana,Maokai,Yone,Jax,,,,,,2185,1,2,2,8,11,4,0.0,0.0,0.0,0.0,1.0,1.0,0.0,0.0,0.3021,0.4119,,,,,,,,,,,,,,,,,,,,,0.0,0.0,,,,,,,,0.0,0.0,3430.0,94.1876,0.0559187,696.7963,956.7048,74.0,2.032,11.0,0.3021,20.0,129.0,3.5423,9305,4572,125.5469,0.0984199,7925.0,,,32.0,32.0,0.0,,,0.8787,2348.0,1888.0,11.0,2258.0,2793.0,18.0,90.0,-905.0,-7.0,1.0,0.0,1.0,0.0,1.0,0.0,3555.0,3505.0,21.0,3347.0,3813.0,26.0,208.0,-308.0,-5.0,1.0,0.0,1.0,0.0,1.0,0.0,4583.0,4358.0,25.0,4552.0,5253.0,33.0,31.0,-895.0,-8.0,1.0,0.0,1.0,0.0,1.0,0.0,5876.0,6539.0,29.0,5394.0,6203.0,36.0,482.0,336.0,-7.0,1.0,0.0,1.0,0.0,1.0,0.0
ESPORTSTMNT05_3239495,complete,,EM,2023,Summer,0,2023-08-24 20:14:20,1,13.15,100,Blue,team,,,SK Gaming Prime,oe:team:aa8c3b781d96ddb7a24ab3240918988,,Renekton,Amumu,Rell,Nocturne,Vi,Jayce,Ivern,Kai'Sa,Urgot,Nautilus,2185,0,4,11,9,4,11,0.0,0.0,0.0,0.0,0.0,,,,0.1098,0.4119,0.0,1.0,5.0,1.0,4.0,0.0,0.0,0.0,1.0,0.0,0.0,,0.0,1.0,0.0,1.0,1.0,,,0.0,0.0,2.0,0.0,2.0,10.0,1.0,0.0,1.0,5.0,0.0,1.0,65174.0,1789.6751,,2084.7323,1992.1373,116.0,3.1854,76.0,2.087,40.0,360.0,9.8856,57613,33948,932.2105,,56540.0,-0.0901068,-2.06,,982.0,222.0,,,33.0618,15403.0,19268.0,343.0,16263.0,19116.0,349.0,-860.0,152.0,-6.0,1.0,2.0,1.0,1.0,1.0,1.0,23655.0,30956.0,560.0,24749.0,30947.0,564.0,-1094.0,9.0,-4.0,1.0,2.0,1.0,1.0,1.0,1.0,32586.0,43009.0,768.0,34403.0,43285.0,791.0,-1817.0,-276.0,-23.0,1.0,2.0,1.0,1.0,1.0,1.0,39720.0,51968.0,922.0,43563.0,56711.0,954.0,-3843.0,-4743.0,-32.0,1.0,2.0,1.0,1.0,1.0,1.0
ESPORTSTMNT05_3239495,complete,,EM,2023,Summer,0,2023-08-24 20:14:20,1,13.15,200,Red,team,,,BK ROG Esports,oe:team:c40f6d0d20a7a718c60342e48c144a2,,Kalista,Tristana,Maokai,Yone,Jax,Rumble,Xayah,Alistar,Taliyah,Kha'Zix,2185,1,11,4,28,11,4,1.0,0.0,0.0,0.0,1.0,,,,0.3021,0.4119,1.0,5.0,1.0,4.0,1.0,0.0,1.0,1.0,2.0,0.0,0.0,,1.0,0.0,1.0,1.0,1.0,,,1.0,2.0,0.0,1.0,10.0,2.0,0.0,1.0,5.0,1.0,1.0,0.0,61339.0,1684.3661,,2890.5995,2504.3753,141.0,3.8719,46.0,1.2632,48.0,340.0,9.3364,70119,46454,1275.6247,,61875.0,0.0901068,2.06,,1006.0,263.0,,,34.8467,16263.0,19116.0,349.0,15403.0,19268.0,343.0,860.0,-152.0,6.0,1.0,1.0,1.0,1.0,2.0,1.0,24749.0,30947.0,564.0,23655.0,30956.0,560.0,1094.0,-9.0,4.0,1.0,1.0,1.0,1.0,2.0,1.0,34403.0,43285.0,791.0,32586.0,43009.0,768.0,1817.0,276.0,23.0,1.0,1.0,1.0,1.0,2.0,1.0,43563.0,56711.0,954.0,39720.0,51968.0,922.0,3843.0,4743.0,32.0,1.0,1.0,1.0,1.0,2.0,1.0
ESPORTSTMNT05_3239541,complete,,EM,2023,Summer,0,2023-08-28 14:56:35,1,13.15,1,Blue,top,Howling,oe:player:4f6302984cea43e6384d488973fe1d2,BK ROG Esports,oe:team:c40f6d0d20a7a718c60342e48c144a2,Renekton,Poppy,Nocturne,Rumble,Sejuani,Ornn,,,,,,1617,0,1,4,1,6,25,0.0,0.0,0.0,0.0,0.0,0.0,0.0,0.0,0.2226,1.1503,,,,,,,,,,,,,,,,,,,,,0.0,0.0,,,,,,,,0.0,0.0,6262.0,232.3562,0.139112,976.1781,702.0408,7.0,0.2597,2.0,0.0742,0.0,14.0,0.5195,10012,6438,238.8868,0.239663,9900.0,,,242.0,242.0,0.0,,,8.9796,3291.0,5051.0,88.0,2916.0,4710.0,78.0,375.0,341.0,10.0,0.0,0.0,0.0,0.0,0.0,0.0,4900.0,7601.0,135.0,5070.0,7552.0,130.0,-170.0,49.0,5.0,0.0,0.0,0.0,1.0,0.0,0.0,7756.0,10758.0,195.0,7583.0,10702.0,179.0,173.0,56.0,16.0,1.0,0.0,1.0,3.0,2.0,0.0,9524.0,13370.0,232.0,10170.0,13969.0,221.0,-646.0,-599.0,11.0,1.0,1.0,2.0,3.0,4.0,1.0
ESPORTSTMNT05_3239541,complete,,EM,2023,Summer,0,2023-08-28 14:56:35,1,13.15,2,Blue,jng,Pridestalkr,oe:player:99594a251af944b3571fe7f37363303,BK ROG Esports,oe:team:c40f6d0d20a7a718c60342e48c144a2,Maokai,Poppy,Nocturne,Rumble,Sejuani,Ornn,,,,,,1617,0,1,6,3,6,25,0.0,0.0,0.0,0.0,0.0,0.0,0.0,0.0,0.2226,1.1503,,,,,,,,,,,,,,,,,,,,,0.0,1.0,,,,,,,,0.0,0.0,8089.0,300.1484,0.1797,956.5121,1073.2839,4.0,0.1484,5.0,0.1855,3.0,20.0,0.7421,7688,4114,152.6531,0.153145,6775.0,,,138.0,21.0,117.0,,,5.1206,3144.0,3230.0,65.0,3627.0,3440.0,51.0,-483.0,-210.0,14.0,0.0,1.0,2.0,1.0,6.0,0.0,4275.0,4555.0,83.0,5218.0,5284.0,84.0,-943.0,-729.0,-1.0,0.0,1.0,3.0,1.0,7.0,0.0,5647.0,6907.0,112.0,6770.0,6958.0,96.0,-1123.0,-51.0,16.0,0.0,2.0,3.0,1.0,11.0,0.0,7114.0,8416.0,126.0,8654.0,9734.0,116.0,-1540.0,-1318.0,10.0,1.0,3.0,5.0,1.0,15.0,1.0
ESPORTSTMNT05_3239541,complete,,EM,2023,Summer,0,2023-08-28 14:56:35,1,13.15,3,Blue,mid,Czekolad,oe:player:6606138426fa9bbef349c96b4afbc77,BK ROG Esports,oe:team:c40f6d0d20a7a718c60342e48c144a2,Azir,Poppy,Nocturne,Rumble,Sejuani,Ornn,,,,,,1617,0,1,4,4,6,25,0.0,0.0,0.0,0.0,0.0,0.0,0.0,0.0,0.2226,1.1503,,,,,,,,,,,,,,,,,,,,,0.0,0.0,,,,,,,,0.0,0.0,8913.0,330.7236,0.198005,515.5473,283.4879,13.0,0.4824,7.0,0.2597,3.0,33.0,1.2245,10709,7135,264.7495,0.26561,9785.0,,,265.0,263.0,2.0,,,9.833,3271.0,4806.0,86.0,3859.0,4727.0,95.0,-588.0,79.0,-9.0,0.0,1.0,1.0,1.0,4.0,1.0,5382.0,8045.0,147.0,5819.0,7279.0,151.0,-437.0,766.0,-4.0,0.0,1.0,1.0,1.0,4.0,1.0,7228.0,10670.0,199.0,8145.0,10567.0,205.0,-917.0,103.0,-6.0,0.0,2.0,2.0,2.0,6.0,1.0,9940.0,13702.0,242.0,11341.0,14475.0,247.0,-1401.0,-773.0,-5.0,1.0,4.0,3.0,4.0,8.0,1.0
ESPORTSTMNT05_3239541,complete,,EM,2023,Summer,0,2023-08-28 14:56:35,1,13.15,4,Blue,bot,Trigger,oe:player:5bc99370722c5ecbfa9b3c1e17338e6,BK ROG Esports,oe:team:c40f6d0d20a7a718c60342e48c144a2,Xayah,Poppy,Nocturne,Rumble,Sejuani,Ornn,,,,,,1617,0,3,5,1,6,25,0.0,0.0,0.0,0.0,0.0,0.0,0.0,1.0,0.2226,1.1503,,,,,,,,,,,,,,,,,,,,,0.0,0.0,,,,,,,,0.0,1.0,18563.0,688.7941,0.412383,499.8516,228.1633,7.0,0.2597,8.0,0.2968,1.0,23.0,0.8534,10842,7268,269.6846,0.270562,10925.0,,,253.0,239.0,14.0,,,9.3878,3513.0,2785.0,71.0,6032.0,4195.0,93.0,-2519.0,-1410.0,-22.0,2.0,0.0,3.0,6.0,3.0,1.0,5647.0,5059.0,122.0,8982.0,6895.0,152.0,-3335.0,-1836.0,-30.0,2.0,0.0,3.0,6.0,4.0,1.0,7272.0,7070.0,168.0,11799.0,9847.0,223.0,-4527.0,-2777.0,-55.0,2.0,0.0,4.0,7.0,5.0,2.0,10058.0,9888.0,231.0,15547.0,13676.0,279.0,-5489.0,-3788.0,-48.0,3.0,1.0,5.0,10.0,6.0,2.0
ESPORTSTMNT05_3239541,complete,,EM,2023,Summer,0,2023-08-28 14:56:35,1,13.15,5,Blue,sup,Veignorem,oe:player:e1dbe2b979510dba78b229327292a10,BK ROG Esports,oe:team:c40f6d0d20a7a718c60342e48c144a2,Rakan,Poppy,Nocturne,Rumble,Sejuani,Ornn,,,,,,1617,0,0,6,4,6,25,0.0,0.0,0.0,0.0,0.0,0.0,0.0,0.0,0.2226,1.1503,,,,,,,,,,,,,,,,,,,,,0.0,0.0,,,,,,,,0.0,0.0,3187.0,118.256,0.0708002,531.8367,494.3599,51.0,1.8924,8.0,0.2968,12.0,79.0,2.9314,5482,1908,70.7978,0.0710203,5200.0,,,38.0,38.0,0.0,,,1.41,2208.0,2470.0,18.0,3237.0,2396.0,18.0,-1029.0,74.0,0.0,0.0,1.0,4.0,2.0,7.0,0.0,3152.0,3309.0,26.0,4452.0,3666.0,22.0,-1300.0,-357.0,4.0,0.0,1.0,4.0,2.0,8.0,0.0,4146.0,4675.0,35.0,5864.0,5285.0,27.0,-1718.0,-610.0,8.0,0.0,2.0,5.0,2.0,12.0,0.0,5198.0,5959.0,38.0,7754.0,7913.0,32.0,-2556.0,-1954.0,6.0,0.0,4.0,5.0,2.0,17.0,1.0
ESPORTSTMNT05_3239541,complete,,EM,2023,Summer,0,2023-08-28 14:56:35,1,13.15,6,Red,top,Marky,oe:player:197e012fb5163375e24dbbfdae34911,Movistar KOI,oe:team:4acc40654379b4da680be1bd3129dfa,Gnar,Amumu,Tristana,Jayce,Alistar,Ahri,,,,,,1617,1,5,1,5,25,6,0.0,0.0,0.0,0.0,0.0,0.0,0.0,0.0,0.9276,1.1503,,,,,,,,,,,,,,,,,,,,,0.0,0.0,,,,,,,,0.0,0.0,16651.0,617.8479,0.217988,645.5659,510.538,8.0,0.2968,3.0,0.1113,3.0,23.0,0.8534,11337,7763,288.0519,0.189878,10158.0,,,227.0,205.0,22.0,,,8.423,2916.0,4710.0,78.0,3291.0,5051.0,88.0,-375.0,-341.0,-10.0,0.0,0.0,0.0,0.0,0.0,0.0,5070.0,7552.0,130.0,4900.0,7601.0,135.0,170.0,-49.0,-5.0,1.0,0.0,0.0,0.0,0.0,0.0,7583.0,10702.0,179.0,7756.0,10758.0,195.0,-173.0,-56.0,-16.0,3.0,2.0,0.0,1.0,0.0,1.0,10170.0,13969.0,221.0,9524.0,13370.0,232.0,646.0,599.0,-11.0,3.0,4.0,1.0,1.0,1.0,2.0
ESPORTSTMNT05_3239541,complete,,EM,2023,Summer,0,2023-08-28 14:56:35,1,13.15,7,Red,jng,ISMA,oe:player:5450c7731de19c131ce20ea74933cc2,Movistar KOI,oe:team:4acc40654379b4da680be1bd3129dfa,Rell,Amumu,Tristana,Jayce,Alistar,Ahri,,,,,,1617,1,2,1,19,25,6,0.0,0.0,0.0,0.0,1.0,0.0,1.0,0.0,0.9276,1.1503,,,,,,,,,,,,,,,,,,,,,1.0,0.0,,,,,,,,0.0,0.0,8641.0,320.6308,0.113124,715.8813,1425.7514,8.0,0.2968,9.0,0.334,6.0,35.0,1.2987,9550,5976,221.744,0.146168,8750.0,,,118.0,13.0,105.0,,,4.3785,3627.0,3440.0,51.0,3144.0,3230.0,65.0,483.0,210.0,-14.0,1.0,6.0,0.0,0.0,1.0,2.0,5218.0,5284.0,84.0,4275.0,4555.0,83.0,943.0,729.0,1.0,1.0,7.0,0.0,0.0,1.0,3.0,6770.0,6958.0,96.0,5647.0,6907.0,112.0,1123.0,51.0,-16.0,1.0,11.0,0.0,0.0,2.0,3.0,8654.0,9734.0,116.0,7114.0,8416.0,126.0,1540.0,1318.0,-10.0,1.0,15.0,1.0,1.0,3.0,5.0
ESPORTSTMNT05_3239541,complete,,EM,2023,Summer,0,2023-08-28 14:56:35,1,13.15,8,Red,mid,Fresskowy,oe:player:cda093b28f577696b82604fb20037ad,Movistar KOI,oe:team:4acc40654379b4da680be1bd3129dfa,Taliyah,Amumu,Tristana,Jayce,Alistar,Ahri,,,,,,1617,1,5,1,11,25,6,0.0,0.0,0.0,0.0,0.0,0.0,0.0,0.0,0.9276,1.1503,,,,,,,,,,,,,,,,,,,,,0.0,0.0,,,,,,,,0.0,0.0,16387.0,608.0519,0.214532,293.6549,159.4434,10.0,0.3711,3.0,0.1113,2.0,17.0,0.6308,12520,8946,331.9481,0.218815,11100.0,,,264.0,241.0,23.0,,,9.7959,3859.0,4727.0,95.0,3271.0,4806.0,86.0,588.0,-79.0,9.0,1.0,4.0,1.0,0.0,1.0,1.0,5819.0,7279.0,151.0,5382.0,8045.0,147.0,437.0,-766.0,4.0,1.0,4.0,1.0,0.0,1.0,1.0,8145.0,10567.0,205.0,7228.0,10670.0,199.0,917.0,-103.0,6.0,2.0,6.0,1.0,0.0,2.0,2.0,11341.0,14475.0,247.0,9940.0,13702.0,242.0,1401.0,773.0,5.0,4.0,8.0,1.0,1.0,4.0,3.0
ESPORTSTMNT05_3239541,complete,,EM,2023,Summer,0,2023-08-28 14:56:35,1,13.15,9,Red,bot,Supa,oe:player:1223a0ed2bfab9b714c72d965df8133,Movistar KOI,oe:team:4acc40654379b4da680be1bd3129dfa,Zeri,Amumu,Tristana,Jayce,Alistar,Ahri,,,,,,1617,1,11,2,10,25,6,3.0,1.0,0.0,0.0,1.0,1.0,0.0,0.0,0.9276,1.1503,,,,,,,,,,,,,,,,,,,,,0.0,0.0,,,,,,,,1.0,0.0,26840.0,995.9184,0.351378,489.128,244.9351,11.0,0.4082,11.0,0.4082,3.0,38.0,1.41,16973,13399,497.18,0.327736,15675.0,,,304.0,282.0,22.0,,,11.2801,6032.0,4195.0,93.0,3513.0,2785.0,71.0,2519.0,1410.0,22.0,6.0,3.0,1.0,2.0,0.0,3.0,8982.0,6895.0,152.0,5647.0,5059.0,122.0,3335.0,1836.0,30.0,6.0,4.0,1.0,2.0,0.0,3.0,11799.0,9847.0,223.0,7272.0,7070.0,168.0,4527.0,2777.0,55.0,7.0,5.0,2.0,2.0,0.0,4.0,15547.0,13676.0,279.0,10058.0,9888.0,231.0,5489.0,3788.0,48.0,10.0,6.0,2.0,3.0,1.0,5.0
ESPORTSTMNT05_3239541,complete,,EM,2023,Summer,0,2023-08-28 14:56:35,1,13.15,10,Red,sup,Alvaro,oe:player:f5bf9bd732b85e4dcab5121e4769ae4,Movistar KOI,oe:team:4acc40654379b4da680be1bd3129dfa,Nautilus,Amumu,Tristana,Jayce,Alistar,Ahri,,,,,,1617,1,2,1,20,25,6,0.0,0.0,0.0,0.0,1.0,0.0,1.0,0.0,0.9276,1.1503,,,,,,,,,,,,,,,,,,,,,0.0,0.0,,,,,,,,0.0,0.0,7866.0,291.8738,0.102978,508.0891,716.3265,38.0,1.41,10.0,0.3711,14.0,82.0,3.0427,8374,4800,178.1076,0.117403,7850.0,,,33.0,33.0,0.0,,,1.2245,3237.0,2396.0,18.0,2208.0,2470.0,18.0,1029.0,-74.0,0.0,2.0,7.0,0.0,0.0,1.0,4.0,4452.0,3666.0,22.0,3152.0,3309.0,26.0,1300.0,357.0,-4.0,2.0,8.0,0.0,0.0,1.0,4.0,5864.0,5285.0,27.0,4146.0,4675.0,35.0,1718.0,610.0,-8.0,2.0,12.0,0.0,0.0,2.0,5.0,7754.0,7913.0,32.0,5198.0,5959.0,38.0,2556.0,1954.0,-6.0,2.0,17.0,1.0,0.0,4.0,5.0
ESPORTSTMNT05_3239541,complete,,EM,2023,Summer,0,2023-08-28 14:56:35,1,13.15,100,Blue,team,,,BK ROG Esports,oe:team:c40f6d0d20a7a718c60342e48c144a2,,Poppy,Nocturne,Rumble,Sejuani,Ornn,Maokai,Renekton,Xayah,Rakan,Azir,1617,0,6,25,13,6,25,0.0,0.0,0.0,0.0,0.0,,,,0.2226,1.1503,0.0,0.0,3.0,0.0,3.0,0.0,0.0,0.0,0.0,0.0,0.0,,0.0,0.0,0.0,0.0,2.0,,,0.0,0.0,1.0,0.0,1.0,10.0,0.0,0.0,1.0,6.0,0.0,1.0,45014.0,1670.2783,,3479.9258,2781.3358,82.0,3.0427,30.0,1.1132,19.0,169.0,6.2709,44733,26862,996.7347,,42585.0,-0.227803,-4.61,,803.0,133.0,,,34.731,15427.0,18342.0,328.0,19671.0,19468.0,335.0,-4244.0,-1126.0,-7.0,2.0,3.0,10.0,10.0,20.0,2.0,23356.0,28569.0,513.0,29541.0,30676.0,539.0,-6185.0,-2107.0,-26.0,2.0,3.0,11.0,11.0,23.0,2.0,32049.0,40080.0,709.0,40161.0,43359.0,730.0,-8112.0,-3279.0,-21.0,3.0,6.0,15.0,15.0,36.0,3.0,41834.0,51335.0,869.0,53466.0,59767.0,895.0,-11632.0,-8432.0,-26.0,6.0,13.0,20.0,20.0,50.0,6.0
ESPORTSTMNT05_3239541,complete,,EM,2023,Summer,0,2023-08-28 14:56:35,1,13.15,200,Red,team,,,Movistar KOI,oe:team:4acc40654379b4da680be1bd3129dfa,,Amumu,Tristana,Jayce,Alistar,Ahri,Taliyah,Rell,Zeri,Gnar,Nautilus,1617,1,25,6,65,25,6,3.0,1.0,0.0,0.0,1.0,,,,0.9276,1.1503,1.0,3.0,0.0,3.0,0.0,0.0,1.0,1.0,0.0,0.0,1.0,,0.0,0.0,1.0,2.0,0.0,,,1.0,1.0,0.0,1.0,10.0,1.0,1.0,1.0,6.0,1.0,1.0,0.0,76385.0,2834.3228,,2652.3191,3056.9944,75.0,2.7829,36.0,1.3358,28.0,195.0,7.2356,58754,40883,1516.9944,,53533.0,0.227803,4.61,,774.0,172.0,,,35.102,19671.0,19468.0,335.0,15427.0,18342.0,328.0,4244.0,1126.0,7.0,10.0,20.0,2.0,2.0,3.0,10.0,29541.0,30676.0,539.0,23356.0,28569.0,513.0,6185.0,2107.0,26.0,11.0,23.0,2.0,2.0,3.0,11.0,40161.0,43359.0,730.0,32049.0,40080.0,709.0,8112.0,3279.0,21.0,15.0,36.0,3.0,3.0,6.0,15.0,53466.0,59767.0,895.0,41834.0,51335.0,869.0,11632.0,8432.0,26.0,20.0,50.0,6.0,6.0,13.0,20.0
ESPORTSTMNT05_3239540,complete,,EM,2023,Summer,0,2023-08-28 15:01:02,1,13.15,1,Blue,top,ACD,oe:player:72c5cc0e2586935d16539f31a2a4fec,Macko Esports,oe:team:a2e63aee03585f0b37ff4cad936e349,Rumble,Ornn,Syndra,Zeri,Kindred,Nocturne,,,,,,1856,1,5,4,5,15,10,1.0,0.0,0.0,0.0,0.0,0.0,0.0,0.0,0.4849,0.8082,,,,,,,,,,,,,,,,,,,,,0.0,0.0,,,,,,,,0.0,0.0,27675.0,894.6659,0.375346,641.6379,620.4634,11.0,0.3556,4.0,0.1293,1.0,22.0,0.7112,14342,10280,332.3276,0.254134,12275.0,,,245.0,233.0,12.0,,,7.9203,3788.0,4915.0,79.0,3401.0,4273.0,71.0,387.0,642.0,8.0,1.0,1.0,0.0,1.0,0.0,0.0,5804.0,7236.0,120.0,5696.0,7558.0,117.0,108.0,-322.0,3.0,1.0,1.0,3.0,2.0,2.0,0.0,7537.0,9385.0,154.0,7841.0,10438.0,151.0,-304.0,-1053.0,3.0,1.0,1.0,4.0,3.0,3.0,0.0,10794.0,12852.0,191.0,9525.0,12970.0,187.0,1269.0,-118.0,4.0,4.0,2.0,4.0,3.0,4.0,0.0
ESPORTSTMNT05_3239540,complete,,EM,2023,Summer,0,2023-08-28 15:01:02,1,13.15,2,Blue,jng,Cboi,oe:player:702efc23873d774e479682ef680d911,Macko Esports,oe:team:a2e63aee03585f0b37ff4cad936e349,Maokai,Ornn,Syndra,Zeri,Kindred,Nocturne,,,,,,1856,1,2,0,10,15,10,0.0,0.0,0.0,0.0,1.0,0.0,1.0,0.0,0.4849,0.8082,,,,,,,,,,,,,,,,,,,,,2.0,0.0,,,,,,,,0.0,0.0,9383.0,303.3297,0.127258,885.7435,1368.7177,13.0,0.4203,11.0,0.3556,10.0,44.0,1.4224,10886,6824,220.6034,0.168699,8650.0,,,162.0,28.0,134.0,,,5.2371,3112.0,3120.0,50.0,3007.0,2962.0,57.0,105.0,158.0,-7.0,0.0,4.0,0.0,0.0,1.0,1.0,4671.0,5270.0,86.0,4964.0,6015.0,96.0,-293.0,-745.0,-10.0,0.0,4.0,0.0,1.0,2.0,1.0,6290.0,7530.0,112.0,7312.0,9202.0,138.0,-1022.0,-1672.0,-26.0,1.0,4.0,0.0,2.0,4.0,2.0,8002.0,10842.0,135.0,9497.0,11068.0,159.0,-1495.0,-226.0,-24.0,1.0,7.0,0.0,4.0,4.0,3.0
ESPORTSTMNT05_3239540,complete,,EM,2023,Summer,0,2023-08-28 15:01:02,1,13.15,3,Blue,mid,Six10,oe:player:325397710b4294aeb7a18881c34f33b,Macko Esports,oe:team:a2e63aee03585f0b37ff4cad936e349,Azir,Ornn,Syndra,Zeri,Kindred,Nocturne,,,,,,1856,1,3,5,8,15,10,0.0,0.0,0.0,0.0,1.0,0.0,1.0,0.0,0.4849,0.8082,,,,,,,,,,,,,,,,,,,,,0.0,0.0,,,,,,,,0.0,1.0,16654.0,538.3836,0.225872,609.3103,412.306,15.0,0.4849,4.0,0.1293,7.0,30.0,0.9698,12394,8332,269.3534,0.205977,11750.0,,,247.0,235.0,12.0,,,7.9849,3063.0,4045.0,70.0,2918.0,4186.0,70.0,145.0,-141.0,0.0,0.0,3.0,1.0,0.0,0.0,1.0,5127.0,6651.0,123.0,5415.0,7723.0,138.0,-288.0,-1072.0,-15.0,0.0,3.0,1.0,1.0,0.0,1.0,6949.0,9252.0,156.0,7765.0,10578.0,183.0,-816.0,-1326.0,-27.0,1.0,4.0,3.0,2.0,1.0,2.0,9368.0,12376.0,196.0,9014.0,11935.0,200.0,354.0,441.0,-4.0,2.0,8.0,4.0,2.0,2.0,3.0
ESPORTSTMNT05_3239540,complete,,EM,2023,Summer,0,2023-08-28 15:01:02,1,13.15,4,Blue,bot,Vzz,oe:player:ba6e76e259419420ddff269bb6ef074,Macko Esports,oe:team:a2e63aee03585f0b37ff4cad936e349,Xayah,Ornn,Syndra,Zeri,Kindred,Nocturne,,,,,,1856,1,3,1,4,15,10,0.0,0.0,0.0,0.0,1.0,1.0,0.0,0.0,0.4849,0.8082,,,,,,,,,,,,,,,,,,,,,0.0,0.0,,,,,,,,1.0,0.0,16148.0,522.0259,0.219009,429.5043,226.5841,16.0,0.5172,11.0,0.3556,5.0,48.0,1.5517,15066,11004,355.7328,0.272031,13025.0,,,335.0,300.0,35.0,,,10.8297,3938.0,3394.0,91.0,3257.0,2959.0,76.0,681.0,435.0,15.0,2.0,2.0,0.0,0.0,1.0,1.0,6411.0,5960.0,157.0,4855.0,4563.0,123.0,1556.0,1397.0,34.0,2.0,2.0,0.0,0.0,1.0,1.0,8675.0,8893.0,224.0,6825.0,6821.0,172.0,1850.0,2072.0,52.0,2.0,2.0,0.0,0.0,1.0,1.0,10854.0,11433.0,269.0,8376.0,8481.0,208.0,2478.0,2952.0,61.0,2.0,3.0,1.0,0.0,1.0,3.0
ESPORTSTMNT05_3239540,complete,,EM,2023,Summer,0,2023-08-28 15:01:02,1,13.15,5,Blue,sup,Click,oe:player:1e249a5688255bde7f7213b5d257b3c,Macko Esports,oe:team:a2e63aee03585f0b37ff4cad936e349,Alistar,Ornn,Syndra,Zeri,Kindred,Nocturne,,,,,,1856,1,2,0,10,15,10,0.0,0.0,0.0,0.0,0.0,0.0,0.0,0.0,0.4849,0.8082,,,,,,,,,,,,,,,,,,,,,0.0,0.0,,,,,,,,0.0,0.0,3872.0,125.1724,0.0525145,314.7414,304.2996,44.0,1.4224,6.0,0.194,13.0,86.0,2.7802,8073,4011,129.6659,0.099159,6850.0,,,28.0,28.0,0.0,,,0.9052,2459.0,2763.0,16.0,2013.0,2080.0,10.0,446.0,683.0,6.0,1.0,2.0,0.0,0.0,1.0,1.0,3512.0,4007.0,23.0,3063.0,3686.0,18.0,449.0,321.0,5.0,1.0,2.0,0.0,0.0,1.0,1.0,4499.0,4569.0,25.0,4049.0,5175.0,23.0,450.0,-606.0,2.0,1.0,2.0,0.0,0.0,1.0,1.0,6298.0,7544.0,27.0,4900.0,6095.0,27.0,1398.0,1449.0,0.0,2.0,6.0,0.0,0.0,1.0,2.0
ESPORTSTMNT05_3239540,complete,,EM,2023,Summer,0,2023-08-28 15:01:02,1,13.15,6,Red,top,CPM,oe:player:cbdaba5605992f8e1635ad782152d65,GTZ Esports,oe:team:3659b5cb3434354530c31ce71461fc1,Sion,Gangplank,Kled,Tristana,Jayce,Irelia,,,,,,1856,0,3,1,4,10,15,0.0,0.0,0.0,0.0,0.0,0.0,0.0,0.0,0.3233,0.8082,,,,,,,,,,,,,,,,,,,,,0.0,0.0,,,,,,,,0.0,0.0,9312.0,301.0345,0.170365,1057.694,1663.6099,3.0,0.097,9.0,0.2909,0.0,24.0,0.7759,10882,6820,220.4741,0.213105,10750.0,,,203.0,198.0,5.0,,,6.5625,3401.0,4273.0,71.0,3788.0,4915.0,79.0,-387.0,-642.0,-8.0,1.0,0.0,0.0,1.0,1.0,0.0,5696.0,7558.0,117.0,5804.0,7236.0,120.0,-108.0,322.0,-3.0,2.0,2.0,0.0,1.0,1.0,3.0,7841.0,10438.0,151.0,7537.0,9385.0,154.0,304.0,1053.0,-3.0,3.0,3.0,0.0,1.0,1.0,4.0,9525.0,12970.0,187.0,10794.0,12852.0,191.0,-1269.0,118.0,-4.0,3.0,4.0,0.0,4.0,2.0,4.0
ESPORTSTMNT05_3239540,complete,,EM,2023,Summer,0,2023-08-28 15:01:02,1,13.15,7,Red,jng,Time,oe:player:550fa477eff3885416f22c0b3f2fc88,GTZ Esports,oe:team:3659b5cb3434354530c31ce71461fc1,Viego,Gangplank,Kled,Tristana,Jayce,Irelia,,,,,,1856,0,5,4,4,10,15,0.0,0.0,0.0,0.0,0.0,0.0,0.0,1.0,0.3233,0.8082,,,,,,,,,,,,,,,,,,,,,0.0,2.0,,,,,,,,0.0,0.0,13297.0,429.8599,0.243272,856.2931,838.8362,8.0,0.2586,9.0,0.2909,7.0,42.0,1.3578,11590,7528,243.3621,0.235227,11458.0,,,197.0,29.0,168.0,,,6.3685,3007.0,2962.0,57.0,3112.0,3120.0,50.0,-105.0,-158.0,7.0,0.0,1.0,1.0,0.0,4.0,0.0,4964.0,6015.0,96.0,4671.0,5270.0,86.0,293.0,745.0,10.0,1.0,2.0,1.0,0.0,4.0,0.0,7312.0,9202.0,138.0,6290.0,7530.0,112.0,1022.0,1672.0,26.0,2.0,4.0,2.0,1.0,4.0,0.0,9497.0,11068.0,159.0,8002.0,10842.0,135.0,1495.0,226.0,24.0,4.0,4.0,3.0,1.0,7.0,0.0
ESPORTSTMNT05_3239540,complete,,EM,2023,Summer,0,2023-08-28 15:01:02,1,13.15,8,Red,mid,Heroic,oe:player:c71b4244f70372f8be07a3e83c58490,GTZ Esports,oe:team:3659b5cb3434354530c31ce71461fc1,LeBlanc,Gangplank,Kled,Tristana,Jayce,Irelia,,,,,,1856,0,2,4,2,10,15,0.0,0.0,0.0,0.0,0.0,0.0,0.0,0.0,0.3233,0.8082,,,,,,,,,,,,,,,,,,,,,0.0,0.0,,,,,,,,1.0,0.0,15744.0,508.9655,0.28804,678.1681,353.3405,11.0,0.3556,3.0,0.097,8.0,26.0,0.8405,12880,8818,285.0647,0.275535,12850.0,,,273.0,269.0,4.0,,,8.8254,2918.0,4186.0,70.0,3063.0,4045.0,70.0,-145.0,141.0,0.0,0.0,0.0,1.0,0.0,3.0,1.0,5415.0,7723.0,138.0,5127.0,6651.0,123.0,288.0,1072.0,15.0,1.0,0.0,1.0,0.0,3.0,1.0,7765.0,10578.0,183.0,6949.0,9252.0,156.0,816.0,1326.0,27.0,2.0,1.0,2.0,1.0,4.0,3.0,9014.0,11935.0,200.0,9368.0,12376.0,196.0,-354.0,-441.0,4.0,2.0,2.0,3.0,2.0,8.0,4.0
ESPORTSTMNT05_3239540,complete,,EM,2023,Summer,0,2023-08-28 15:01:02,1,13.15,9,Red,bot,Avra,oe:player:1a38c55db5f8af06ebac94d8530ff71,GTZ Esports,oe:team:3659b5cb3434354530c31ce71461fc1,Varus,Gangplank,Kled,Tristana,Jayce,Irelia,,,,,,1856,0,0,4,1,10,15,0.0,0.0,0.0,0.0,0.0,0.0,0.0,0.0,0.3233,0.8082,,,,,,,,,,,,,,,,,,,,,0.0,0.0,,,,,,,,0.0,1.0,10299.0,332.9418,0.188423,330.8082,127.9849,15.0,0.4849,11.0,0.3556,7.0,44.0,1.4224,10953,6891,222.7694,0.215323,10825.0,,,263.0,263.0,0.0,,,8.5022,3257.0,2959.0,76.0,3938.0,3394.0,91.0,-681.0,-435.0,-15.0,0.0,1.0,1.0,2.0,2.0,0.0,4855.0,4563.0,123.0,6411.0,5960.0,157.0,-1556.0,-1397.0,-34.0,0.0,1.0,1.0,2.0,2.0,0.0,6825.0,6821.0,172.0,8675.0,8893.0,224.0,-1850.0,-2072.0,-52.0,0.0,1.0,1.0,2.0,2.0,0.0,8376.0,8481.0,208.0,10854.0,11433.0,269.0,-2478.0,-2952.0,-61.0,0.0,1.0,3.0,2.0,3.0,1.0
ESPORTSTMNT05_3239540,complete,,EM,2023,Summer,0,2023-08-28 15:01:02,1,13.15,10,Red,sup,Nightmares,oe:player:fb20df3c2584739649c47e15bdd1e1e,GTZ Esports,oe:team:3659b5cb3434354530c31ce71461fc1,Braum,Gangplank,Kled,Tristana,Jayce,Irelia,,,,,,1856,0,0,2,1,10,15,0.0,0.0,0.0,0.0,0.0,0.0,0.0,0.0,0.3233,0.8082,,,,,,,,,,,,,,,,,,,,,0.0,0.0,,,,,,,,0.0,0.0,6007.0,194.1918,0.1099,366.6272,385.5065,52.0,1.681,8.0,0.2586,14.0,100.0,3.2328,6008,1946,62.9095,0.0608103,5900.0,,,29.0,29.0,0.0,,,0.9375,2013.0,2080.0,10.0,2459.0,2763.0,16.0,-446.0,-683.0,-6.0,0.0,1.0,1.0,1.0,2.0,0.0,3063.0,3686.0,18.0,3512.0,4007.0,23.0,-449.0,-321.0,-5.0,0.0,1.0,1.0,1.0,2.0,0.0,4049.0,5175.0,23.0,4499.0,4569.0,25.0,-450.0,606.0,-2.0,0.0,1.0,1.0,1.0,2.0,0.0,4900.0,6095.0,27.0,6298.0,7544.0,27.0,-1398.0,-1449.0,0.0,0.0,1.0,2.0,2.0,6.0,0.0
ESPORTSTMNT05_3239540,complete,,EM,2023,Summer,0,2023-08-28 15:01:02,1,13.15,100,Blue,team,,,Macko Esports,oe:team:a2e63aee03585f0b37ff4cad936e349,,Ornn,Syndra,Zeri,Kindred,Nocturne,Maokai,Rumble,Xayah,Alistar,Azir,1856,1,15,10,37,15,10,1.0,0.0,0.0,0.0,1.0,,,,0.4849,0.8082,0.0,2.0,2.0,2.0,2.0,1.0,0.0,0.0,0.0,0.0,1.0,,0.0,0.0,1.0,2.0,0.0,,,1.0,2.0,0.0,1.0,8.0,5.0,1.0,1.0,6.0,5.0,1.0,1.0,73732.0,2383.5776,,2880.9375,2932.3707,99.0,3.2004,36.0,1.1638,36.0,230.0,7.4353,60761,40452,1307.7155,,52550.0,0.0147029,1.16,,824.0,193.0,,,32.8772,16360.0,18237.0,306.0,14596.0,16460.0,284.0,1764.0,1777.0,22.0,4.0,12.0,1.0,1.0,3.0,4.0,25525.0,29124.0,509.0,23993.0,29545.0,492.0,1532.0,-421.0,17.0,4.0,12.0,4.0,4.0,6.0,4.0,33950.0,39629.0,671.0,33792.0,42214.0,667.0,158.0,-2585.0,4.0,6.0,13.0,7.0,7.0,10.0,6.0,45316.0,55047.0,818.0,41312.0,50549.0,781.0,4004.0,4498.0,37.0,11.0,26.0,9.0,9.0,12.0,11.0
ESPORTSTMNT05_3239540,complete,,EM,2023,Summer,0,2023-08-28 15:01:02,1,13.15,200,Red,team,,,GTZ Esports,oe:team:3659b5cb3434354530c31ce71461fc1,,Gangplank,Kled,Tristana,Jayce,Irelia,Sion,Varus,LeBlanc,Viego,Braum,1856,0,10,15,12,10,15,0.0,0.0,0.0,0.0,0.0,,,,0.3233,0.8082,1.0,2.0,2.0,2.0,2.0,1.0,0.0,1.0,0.0,0.0,0.0,,0.0,0.0,0.0,0.0,2.0,,,0.0,0.0,2.0,0.0,5.0,8.0,0.0,0.0,5.0,6.0,1.0,1.0,54659.0,1766.9935,,3289.5905,3369.278,89.0,2.8772,40.0,1.2931,36.0,236.0,7.6293,52313,32004,1034.6121,,51783.0,-0.0147029,-1.16,,788.0,177.0,,,31.1961,14596.0,16460.0,284.0,16360.0,18237.0,306.0,-1764.0,-1777.0,-22.0,1.0,3.0,4.0,4.0,12.0,1.0,23993.0,29545.0,492.0,25525.0,29124.0,509.0,-1532.0,421.0,-17.0,4.0,6.0,4.0,4.0,12.0,4.0,33792.0,42214.0,667.0,33950.0,39629.0,671.0,-158.0,2585.0,-4.0,7.0,10.0,6.0,6.0,13.0,7.0,41312.0,50549.0,781.0,45316.0,55047.0,818.0,-4004.0,-4498.0,-37.0,9.0,12.0,11.0,11.0,26.0,9.0
ESPORTSTMNT05_3239544,complete,,EM,2023,Summer,0,2023-08-28 15:46:29,2,13.15,1,Blue,top,Howling,oe:player:4f6302984cea43e6384d488973fe1d2,BK ROG Esports,oe:team:c40f6d0d20a7a718c60342e48c144a2,Renekton,Poppy,Maokai,Rakan,Ezreal,Lucian,,,,,,1849,0,5,1,8,21,14,1.0,0.0,0.0,0.0,0.0,0.0,0.0,0.0,0.6814,1.1357,,,,,,,,,,,,,,,,,,,,,0.0,0.0,,,,,,,,0.0,0.0,17689.0,574.0076,0.267464,1025.5814,1152.2336,6.0,0.1947,12.0,0.3894,2.0,35.0,1.1357,13522,9474,307.431,0.257764,11650.0,,,265.0,261.0,4.0,,,8.5992,2906.0,4207.0,55.0,3197.0,4483.0,79.0,-291.0,-276.0,-24.0,1.0,0.0,1.0,0.0,2.0,1.0,5485.0,7765.0,119.0,4870.0,7318.0,127.0,615.0,447.0,-8.0,2.0,0.0,1.0,0.0,2.0,1.0,7707.0,11290.0,174.0,6683.0,9750.0,177.0,1024.0,1540.0,-3.0,2.0,5.0,1.0,0.0,2.0,1.0,10064.0,14269.0,227.0,7992.0,11242.0,200.0,2072.0,3027.0,27.0,3.0,5.0,1.0,0.0,3.0,2.0
ESPORTSTMNT05_3239544,complete,,EM,2023,Summer,0,2023-08-28 15:46:29,2,13.15,2,Blue,jng,Pridestalkr,oe:player:99594a251af944b3571fe7f37363303,BK ROG Esports,oe:team:c40f6d0d20a7a718c60342e48c144a2,Sejuani,Poppy,Maokai,Rakan,Ezreal,Lucian,,,,,,1849,0,2,3,13,21,14,0.0,0.0,0.0,0.0,1.0,0.0,1.0,0.0,0.6814,1.1357,,,,,,,,,,,,,,,,,,,,,1.0,0.0,,,,,,,,0.0,0.0,8891.0,288.5127,0.134435,925.2461,1290.3407,9.0,0.292,11.0,0.3569,10.0,44.0,1.4278,9855,5807,188.437,0.157999,9450.0,,,151.0,22.0,129.0,,,4.8999,3122.0,3384.0,57.0,3387.0,3363.0,57.0,-265.0,21.0,0.0,0.0,2.0,1.0,1.0,1.0,0.0,4654.0,5037.0,79.0,5215.0,4627.0,73.0,-561.0,410.0,6.0,0.0,6.0,2.0,1.0,7.0,1.0,6474.0,7539.0,106.0,6776.0,5964.0,89.0,-302.0,1575.0,17.0,1.0,9.0,2.0,1.0,7.0,3.0,8114.0,9390.0,128.0,8133.0,8386.0,117.0,-19.0,1004.0,11.0,2.0,11.0,2.0,1.0,7.0,3.0
ESPORTSTMNT05_3239544,complete,,EM,2023,Summer,0,2023-08-28 15:46:29,2,13.15,3,Blue,mid,Czekolad,oe:player:6606138426fa9bbef349c96b4afbc77,BK ROG Esports,oe:team:c40f6d0d20a7a718c60342e48c144a2,Taliyah,Poppy,Maokai,Rakan,Ezreal,Lucian,,,,,,1849,0,7,2,6,21,14,1.0,0.0,0.0,0.0,0.0,0.0,0.0,0.0,0.6814,1.1357,,,,,,,,,,,,,,,,,,,,,0.0,0.0,,,,,,,,0.0,0.0,18544.0,601.7523,0.280392,578.291,401.9254,10.0,0.3245,1.0,0.0324,3.0,25.0,0.8112,13074,9026,292.8935,0.245576,13135.0,,,273.0,246.0,27.0,,,8.8588,3183.0,4388.0,82.0,3668.0,4626.0,96.0,-485.0,-238.0,-14.0,0.0,1.0,0.0,1.0,0.0,0.0,5399.0,6929.0,128.0,5745.0,7151.0,144.0,-346.0,-222.0,-16.0,2.0,1.0,1.0,1.0,4.0,1.0,7990.0,9628.0,170.0,8355.0,9654.0,196.0,-365.0,-26.0,-26.0,5.0,3.0,1.0,1.0,4.0,2.0,10629.0,12714.0,229.0,10078.0,12354.0,234.0,551.0,360.0,-5.0,6.0,5.0,1.0,2.0,4.0,2.0
ESPORTSTMNT05_3239544,complete,,EM,2023,Summer,0,2023-08-28 15:46:29,2,13.15,4,Blue,bot,Trigger,oe:player:5bc99370722c5ecbfa9b3c1e17338e6,BK ROG Esports,oe:team:c40f6d0d20a7a718c60342e48c144a2,Xayah,Poppy,Maokai,Rakan,Ezreal,Lucian,,,,,,1849,0,2,5,9,21,14,0.0,0.0,0.0,0.0,1.0,0.0,1.0,0.0,0.6814,1.1357,,,,,,,,,,,,,,,,,,,,,0.0,0.0,,,,,,,,0.0,1.0,14834.0,481.3629,0.224295,641.7956,291.1736,11.0,0.3569,12.0,0.3894,3.0,40.0,1.298,11550,7502,243.4397,0.204114,11475.0,,,262.0,243.0,19.0,,,8.5019,3171.0,3795.0,80.0,3723.0,3924.0,98.0,-552.0,-129.0,-18.0,0.0,1.0,0.0,0.0,0.0,0.0,4833.0,5681.0,107.0,8045.0,6365.0,140.0,-3212.0,-684.0,-33.0,1.0,4.0,2.0,6.0,0.0,2.0,6847.0,8294.0,162.0,10569.0,8787.0,194.0,-3722.0,-493.0,-32.0,1.0,6.0,2.0,6.0,0.0,3.0,8835.0,10312.0,213.0,12623.0,11321.0,258.0,-3788.0,-1009.0,-45.0,1.0,8.0,3.0,6.0,0.0,3.0
ESPORTSTMNT05_3239544,complete,,EM,2023,Summer,0,2023-08-28 15:46:29,2,13.15,5,Blue,sup,Veignorem,oe:player:e1dbe2b979510dba78b229327292a10,BK ROG Esports,oe:team:c40f6d0d20a7a718c60342e48c144a2,Alistar,Poppy,Maokai,Rakan,Ezreal,Lucian,,,,,,1849,0,5,3,13,21,14,1.0,0.0,0.0,0.0,1.0,1.0,0.0,0.0,0.6814,1.1357,,,,,,,,,,,,,,,,,,,,,0.0,0.0,,,,,,,,0.0,0.0,6178.0,200.4759,0.0934136,719.8053,831.7902,50.0,1.6225,3.0,0.0973,12.0,82.0,2.6609,8993,4945,160.4651,0.134547,8300.0,,,28.0,28.0,0.0,,,0.9086,2462.0,2420.0,14.0,2547.0,2438.0,0.0,-85.0,-18.0,14.0,1.0,0.0,0.0,0.0,2.0,1.0,4274.0,3684.0,20.0,4047.0,3336.0,2.0,227.0,348.0,18.0,2.0,2.0,2.0,0.0,7.0,2.0,5495.0,4902.0,22.0,5402.0,4538.0,6.0,93.0,364.0,16.0,3.0,6.0,2.0,0.0,7.0,3.0,6656.0,6204.0,26.0,6188.0,5982.0,10.0,468.0,222.0,16.0,3.0,9.0,2.0,0.0,7.0,5.0
ESPORTSTMNT05_3239544,complete,,EM,2023,Summer,0,2023-08-28 15:46:29,2,13.15,6,Red,top,Marky,oe:player:197e012fb5163375e24dbbfdae34911,Movistar KOI,oe:team:4acc40654379b4da680be1bd3129dfa,Rumble,Amumu,Tristana,Jayce,Yone,Jax,,,,,,1849,1,0,4,6,14,21,0.0,0.0,0.0,0.0,0.0,0.0,0.0,0.0,0.4543,1.1357,,,,,,,,,,,,,,,,,,,,,0.0,0.0,,,,,,,,0.0,0.0,21851.0,709.0644,0.220248,562.1958,557.4581,7.0,0.2271,1.0,0.0324,2.0,25.0,0.8112,9610,5562,180.4867,0.150372,9200.0,,,223.0,203.0,20.0,,,7.2363,3197.0,4483.0,79.0,2906.0,4207.0,55.0,291.0,276.0,24.0,0.0,2.0,1.0,1.0,0.0,1.0,4870.0,7318.0,127.0,5485.0,7765.0,119.0,-615.0,-447.0,8.0,0.0,2.0,1.0,2.0,0.0,1.0,6683.0,9750.0,177.0,7707.0,11290.0,174.0,-1024.0,-1540.0,3.0,0.0,2.0,1.0,2.0,5.0,1.0,7992.0,11242.0,200.0,10064.0,14269.0,227.0,-2072.0,-3027.0,-27.0,0.0,3.0,2.0,3.0,5.0,1.0
ESPORTSTMNT05_3239544,complete,,EM,2023,Summer,0,2023-08-28 15:46:29,2,13.15,7,Red,jng,ISMA,oe:player:5450c7731de19c131ce20ea74933cc2,Movistar KOI,oe:team:4acc40654379b4da680be1bd3129dfa,Rell,Amumu,Tristana,Jayce,Yone,Jax,,,,,,1849,1,1,4,11,14,21,0.0,0.0,0.0,0.0,0.0,0.0,0.0,0.0,0.4543,1.1357,,,,,,,,,,,,,,,,,,,,,0.0,1.0,,,,,,,,0.0,0.0,9379.0,304.3483,0.0945359,697.7718,1644.1428,9.0,0.292,6.0,0.1947,7.0,37.0,1.2006,9552,5504,178.6047,0.148804,8125.0,,,131.0,12.0,119.0,,,4.2509,3387.0,3363.0,57.0,3122.0,3384.0,57.0,265.0,-21.0,0.0,1.0,1.0,0.0,0.0,2.0,1.0,5215.0,4627.0,73.0,4654.0,5037.0,79.0,561.0,-410.0,-6.0,1.0,7.0,1.0,0.0,6.0,2.0,6776.0,5964.0,89.0,6474.0,7539.0,106.0,302.0,-1575.0,-17.0,1.0,7.0,3.0,1.0,9.0,2.0,8133.0,8386.0,117.0,8114.0,9390.0,128.0,19.0,-1004.0,-11.0,1.0,7.0,3.0,2.0,11.0,2.0
ESPORTSTMNT05_3239544,complete,,EM,2023,Summer,0,2023-08-28 15:46:29,2,13.15,8,Red,mid,Fresskowy,oe:player:cda093b28f577696b82604fb20037ad,Movistar KOI,oe:team:4acc40654379b4da680be1bd3129dfa,LeBlanc,Amumu,Tristana,Jayce,Yone,Jax,,,,,,1849,1,4,2,6,14,21,0.0,0.0,0.0,0.0,0.0,0.0,0.0,0.0,0.4543,1.1357,,,,,,,,,,,,,,,,,,,,,0.0,0.0,,,,,,,,0.0,0.0,19385.0,629.0427,0.195392,641.4062,461.8605,16.0,0.5192,4.0,0.1298,6.0,39.0,1.2655,13073,9025,292.861,0.243989,12800.0,,,281.0,277.0,4.0,,,9.1184,3668.0,4626.0,96.0,3183.0,4388.0,82.0,485.0,238.0,14.0,1.0,0.0,0.0,0.0,1.0,0.0,5745.0,7151.0,144.0,5399.0,6929.0,128.0,346.0,222.0,16.0,1.0,4.0,1.0,2.0,1.0,1.0,8355.0,9654.0,196.0,7990.0,9628.0,170.0,365.0,26.0,26.0,1.0,4.0,2.0,5.0,3.0,1.0,10078.0,12354.0,234.0,10629.0,12714.0,229.0,-551.0,-360.0,5.0,2.0,4.0,2.0,6.0,5.0,1.0
ESPORTSTMNT05_3239544,complete,,EM,2023,Summer,0,2023-08-28 15:46:29,2,13.15,9,Red,bot,Supa,oe:player:1223a0ed2bfab9b714c72d965df8133,Movistar KOI,oe:team:4acc40654379b4da680be1bd3129dfa,Zeri,Amumu,Tristana,Jayce,Yone,Jax,,,,,,1849,1,8,4,2,14,21,2.0,1.0,1.0,0.0,0.0,0.0,0.0,0.0,0.4543,1.1357,,,,,,,,,,,,,,,,,,,,,0.0,0.0,,,,,,,,1.0,0.0,32237.0,1046.0898,0.324934,577.7393,327.9719,12.0,0.3894,16.0,0.5192,2.0,49.0,1.59,17015,12967,420.7788,0.350555,14300.0,,,327.0,303.0,24.0,,,10.6111,3723.0,3924.0,98.0,3171.0,3795.0,80.0,552.0,129.0,18.0,0.0,0.0,0.0,0.0,1.0,0.0,8045.0,6365.0,140.0,4833.0,5681.0,107.0,3212.0,684.0,33.0,6.0,0.0,2.0,1.0,4.0,2.0,10569.0,8787.0,194.0,6847.0,8294.0,162.0,3722.0,493.0,32.0,6.0,0.0,3.0,1.0,6.0,2.0,12623.0,11321.0,258.0,8835.0,10312.0,213.0,3788.0,1009.0,45.0,6.0,0.0,3.0,1.0,8.0,3.0
ESPORTSTMNT05_3239544,complete,,EM,2023,Summer,0,2023-08-28 15:46:29,2,13.15,10,Red,sup,Alvaro,oe:player:f5bf9bd732b85e4dcab5121e4769ae4,Movistar KOI,oe:team:4acc40654379b4da680be1bd3129dfa,Neeko,Amumu,Tristana,Jayce,Yone,Jax,,,,,,1849,1,1,7,9,14,21,0.0,0.0,0.0,0.0,0.0,0.0,0.0,1.0,0.4543,1.1357,,,,,,,,,,,,,,,,,,,,,0.0,0.0,,,,,,,,0.0,0.0,16359.0,530.8491,0.164891,455.4678,197.5879,48.0,1.5576,9.0,0.292,7.0,96.0,3.1152,7979,3931,127.5608,0.10628,6660.0,,,17.0,17.0,0.0,,,0.5516,2547.0,2438.0,0.0,2462.0,2420.0,14.0,85.0,18.0,-14.0,0.0,2.0,1.0,1.0,0.0,0.0,4047.0,3336.0,2.0,4274.0,3684.0,20.0,-227.0,-348.0,-18.0,0.0,7.0,2.0,2.0,2.0,2.0,5402.0,4538.0,6.0,5495.0,4902.0,22.0,-93.0,-364.0,-16.0,0.0,7.0,3.0,3.0,6.0,2.0,6188.0,5982.0,10.0,6656.0,6204.0,26.0,-468.0,-222.0,-16.0,0.0,7.0,5.0,3.0,9.0,2.0
ESPORTSTMNT05_3239544,complete,,EM,2023,Summer,0,2023-08-28 15:46:29,2,13.15,100,Blue,team,,,BK ROG Esports,oe:team:c40f6d0d20a7a718c60342e48c144a2,,Poppy,Maokai,Rakan,Ezreal,Lucian,Taliyah,Alistar,Xayah,Sejuani,Renekton,1849,0,21,14,49,21,14,3.0,0.0,0.0,0.0,1.0,,,,0.6814,1.1357,0.0,1.0,3.0,1.0,3.0,1.0,0.0,0.0,0.0,0.0,0.0,,0.0,0.0,0.0,0.0,2.0,,,1.0,1.0,0.0,0.0,3.0,8.0,0.0,0.0,2.0,9.0,0.0,1.0,66136.0,2146.1114,,3890.7193,3967.4635,86.0,2.7907,39.0,1.2655,30.0,226.0,7.3337,56994,36756,1192.7312,,54010.0,0.0556639,-1.89,,800.0,179.0,,,31.7685,14844.0,18194.0,288.0,16522.0,18834.0,330.0,-1678.0,-640.0,-42.0,2.0,4.0,2.0,2.0,5.0,2.0,24645.0,29096.0,453.0,27922.0,28797.0,486.0,-3277.0,299.0,-33.0,7.0,13.0,8.0,8.0,20.0,7.0,34513.0,41653.0,634.0,37785.0,38693.0,662.0,-3272.0,2960.0,-28.0,12.0,29.0,8.0,8.0,20.0,12.0,44298.0,52889.0,823.0,45014.0,49285.0,819.0,-716.0,3604.0,4.0,15.0,38.0,9.0,9.0,21.0,15.0
ESPORTSTMNT05_3239544,complete,,EM,2023,Summer,0,2023-08-28 15:46:29,2,13.15,200,Red,team,,,Movistar KOI,oe:team:4acc40654379b4da680be1bd3129dfa,,Amumu,Tristana,Jayce,Yone,Jax,Rell,Zeri,Rumble,Neeko,LeBlanc,1849,1,14,21,34,14,21,2.0,1.0,1.0,0.0,0.0,,,,0.4543,1.1357,1.0,3.0,1.0,3.0,1.0,0.0,1.0,0.0,0.0,2.0,0.0,,0.0,0.0,1.0,2.0,0.0,,,0.0,0.0,1.0,1.0,8.0,3.0,1.0,1.0,9.0,2.0,1.0,0.0,99211.0,3219.3943,,2934.5809,3189.0211,92.0,2.9854,36.0,1.1682,24.0,246.0,7.9827,57229,36991,1200.3569,,51085.0,-0.0556639,1.89,,812.0,167.0,,,31.7685,16522.0,18834.0,330.0,14844.0,18194.0,288.0,1678.0,640.0,42.0,2.0,5.0,2.0,2.0,4.0,2.0,27922.0,28797.0,486.0,24645.0,29096.0,453.0,3277.0,-299.0,33.0,8.0,20.0,7.0,7.0,13.0,8.0,37785.0,38693.0,662.0,34513.0,41653.0,634.0,3272.0,-2960.0,28.0,8.0,20.0,12.0,12.0,29.0,8.0,45014.0,49285.0,819.0,44298.0,52889.0,823.0,716.0,-3604.0,-4.0,9.0,21.0,15.0,15.0,38.0,9.0
ESPORTSTMNT05_3240571,complete,,EM,2023,Summer,0,2023-08-28 15:55:21,2,13.15,1,Blue,top,ACD,oe:player:72c5cc0e2586935d16539f31a2a4fec,Macko Esports,oe:team:a2e63aee03585f0b37ff4cad936e349,Rumble,Ornn,Syndra,Zeri,Lulu,LeBlanc,,,,,,1582,1,5,2,10,19,9,0.0,0.0,0.0,0.0,0.0,0.0,0.0,0.0,0.7206,1.0619,,,,,,,,,,,,,,,,,,,,,0.0,0.0,,,,,,,,0.0,0.0,33441.0,1268.3059,0.347367,690.2655,840.531,12.0,0.4551,2.0,0.0759,2.0,21.0,0.7965,12613,9110,345.512,0.264771,10850.0,,,212.0,202.0,10.0,,,8.0405,3460.0,4690.0,86.0,3256.0,4982.0,73.0,204.0,-292.0,13.0,0.0,0.0,1.0,1.0,0.0,0.0,5609.0,7372.0,136.0,4528.0,6632.0,105.0,1081.0,740.0,31.0,0.0,1.0,1.0,1.0,0.0,0.0,7814.0,9648.0,168.0,6209.0,8351.0,125.0,1605.0,1297.0,43.0,1.0,2.0,2.0,2.0,3.0,2.0,11544.0,13194.0,203.0,7946.0,10390.0,154.0,3598.0,2804.0,49.0,4.0,6.0,2.0,2.0,4.0,4.0
ESPORTSTMNT05_3240571,complete,,EM,2023,Summer,0,2023-08-28 15:55:21,2,13.15,2,Blue,jng,Cboi,oe:player:702efc23873d774e479682ef680d911,Macko Esports,oe:team:a2e63aee03585f0b37ff4cad936e349,Maokai,Ornn,Syndra,Zeri,Lulu,LeBlanc,,,,,,1582,1,2,1,14,19,9,0.0,0.0,0.0,0.0,0.0,0.0,0.0,0.0,0.7206,1.0619,,,,,,,,,,,,,,,,,,,,,1.0,0.0,,,,,,,,0.0,0.0,9668.0,366.6751,0.100426,868.1037,1443.2996,6.0,0.2276,5.0,0.1896,6.0,25.0,0.9482,9721,6218,235.8281,0.180719,8450.0,,,143.0,14.0,129.0,,,5.4235,3356.0,3426.0,64.0,3278.0,3179.0,57.0,78.0,247.0,7.0,0.0,1.0,0.0,1.0,0.0,1.0,5320.0,5778.0,95.0,4672.0,5286.0,87.0,648.0,492.0,8.0,1.0,1.0,0.0,1.0,0.0,1.0,6799.0,7616.0,119.0,7145.0,8060.0,125.0,-346.0,-444.0,-6.0,1.0,3.0,1.0,3.0,2.0,1.0,9163.0,10606.0,140.0,8696.0,9265.0,143.0,467.0,1341.0,-3.0,2.0,9.0,1.0,4.0,2.0,3.0
ESPORTSTMNT05_3240571,complete,,EM,2023,Summer,0,2023-08-28 15:55:21,2,13.15,3,Blue,mid,Six10,oe:player:325397710b4294aeb7a18881c34f33b,Macko Esports,oe:team:a2e63aee03585f0b37ff4cad936e349,Ahri,Ornn,Syndra,Zeri,Lulu,LeBlanc,,,,,,1582,1,3,2,13,19,9,0.0,0.0,0.0,0.0,0.0,0.0,0.0,1.0,0.7206,1.0619,,,,,,,,,,,,,,,,,,,,,0.0,0.0,,,,,,,,0.0,0.0,23218.0,880.5815,0.241176,625.3729,416.9659,31.0,1.1757,19.0,0.7206,5.0,80.0,3.0341,10137,6634,251.6056,0.19281,8905.0,,,204.0,204.0,0.0,,,7.737,3436.0,4592.0,81.0,3370.0,4615.0,85.0,66.0,-23.0,-4.0,1.0,0.0,1.0,0.0,1.0,0.0,5233.0,7051.0,134.0,4855.0,6908.0,129.0,378.0,143.0,5.0,1.0,0.0,1.0,0.0,1.0,0.0,7078.0,8881.0,166.0,6915.0,8845.0,158.0,163.0,36.0,8.0,2.0,1.0,2.0,2.0,3.0,1.0,9543.0,12437.0,194.0,7964.0,9652.0,170.0,1579.0,2785.0,24.0,3.0,8.0,2.0,2.0,4.0,3.0
ESPORTSTMNT05_3240571,complete,,EM,2023,Summer,0,2023-08-28 15:55:21,2,13.15,4,Blue,bot,Vzz,oe:player:ba6e76e259419420ddff269bb6ef074,Macko Esports,oe:team:a2e63aee03585f0b37ff4cad936e349,Xayah,Ornn,Syndra,Zeri,Lulu,LeBlanc,,,,,,1582,1,8,1,6,19,9,1.0,0.0,0.0,0.0,0.0,0.0,0.0,0.0,0.7206,1.0619,,,,,,,,,,,,,,,,,,,,,0.0,0.0,,,,,,,,1.0,0.0,25191.0,955.4109,0.26167,375.5879,224.6776,12.0,0.4551,5.0,0.1896,5.0,34.0,1.2895,12995,9492,360.0,0.275873,10075.0,,,224.0,212.0,12.0,,,8.4956,3316.0,3440.0,93.0,3368.0,3223.0,93.0,-52.0,217.0,0.0,0.0,0.0,0.0,0.0,0.0,0.0,5987.0,5906.0,153.0,5191.0,5442.0,154.0,796.0,464.0,-1.0,0.0,0.0,0.0,0.0,0.0,1.0,7957.0,7804.0,186.0,7570.0,8187.0,205.0,387.0,-383.0,-19.0,1.0,1.0,1.0,0.0,3.0,1.0,11383.0,11388.0,220.0,9241.0,9693.0,239.0,2142.0,1695.0,-19.0,4.0,5.0,1.0,0.0,4.0,2.0
ESPORTSTMNT05_3240571,complete,,EM,2023,Summer,0,2023-08-28 15:55:21,2,13.15,5,Blue,sup,Click,oe:player:1e249a5688255bde7f7213b5d257b3c,Macko Esports,oe:team:a2e63aee03585f0b37ff4cad936e349,Rakan,Ornn,Syndra,Zeri,Lulu,LeBlanc,,,,,,1582,1,1,3,12,19,9,0.0,0.0,0.0,0.0,0.0,0.0,0.0,0.0,0.7206,1.0619,,,,,,,,,,,,,,,,,,,,,0.0,0.0,,,,,,,,0.0,0.0,4752.0,180.2276,0.0493612,382.7181,502.4905,33.0,1.2516,6.0,0.2276,7.0,73.0,2.7686,6456,2953,111.9975,0.0858276,5575.0,,,27.0,27.0,0.0,,,1.024,2057.0,2416.0,13.0,2146.0,2754.0,16.0,-89.0,-338.0,-3.0,0.0,0.0,0.0,0.0,0.0,0.0,3206.0,3756.0,22.0,3154.0,4265.0,22.0,52.0,-509.0,0.0,0.0,0.0,0.0,0.0,0.0,0.0,4206.0,5198.0,24.0,4190.0,5548.0,25.0,16.0,-350.0,-1.0,0.0,2.0,1.0,0.0,4.0,0.0,5970.0,6976.0,26.0,5100.0,6046.0,27.0,870.0,930.0,-1.0,1.0,7.0,2.0,0.0,5.0,2.0
ESPORTSTMNT05_3240571,complete,,EM,2023,Summer,0,2023-08-28 15:55:21,2,13.15,6,Red,top,CPM,oe:player:cbdaba5605992f8e1635ad782152d65,GTZ Esports,oe:team:3659b5cb3434354530c31ce71461fc1,Sion,Gangplank,Kled,Tristana,Jayce,Azir,,,,,,1582,0,2,5,4,9,19,0.0,0.0,0.0,0.0,0.0,0.0,0.0,0.0,0.3413,1.0619,,,,,,,,,,,,,,,,,,,,,0.0,0.0,,,,,,,,0.0,0.0,9030.0,342.4779,0.173814,1242.0228,1588.6726,7.0,0.2655,4.0,0.1517,2.0,26.0,0.9861,8149,4646,176.2073,0.202317,7750.0,,,156.0,156.0,0.0,,,5.9166,3256.0,4982.0,73.0,3460.0,4690.0,86.0,-204.0,292.0,-13.0,1.0,0.0,0.0,0.0,0.0,1.0,4528.0,6632.0,105.0,5609.0,7372.0,136.0,-1081.0,-740.0,-31.0,1.0,0.0,0.0,0.0,1.0,1.0,6209.0,8351.0,125.0,7814.0,9648.0,168.0,-1605.0,-1297.0,-43.0,2.0,3.0,2.0,1.0,2.0,2.0,7946.0,10390.0,154.0,11544.0,13194.0,203.0,-3598.0,-2804.0,-49.0,2.0,4.0,4.0,4.0,6.0,2.0
ESPORTSTMNT05_3240571,complete,,EM,2023,Summer,0,2023-08-28 15:55:21,2,13.15,7,Red,jng,Time,oe:player:550fa477eff3885416f22c0b3f2fc88,GTZ Esports,oe:team:3659b5cb3434354530c31ce71461fc1,Kindred,Gangplank,Kled,Tristana,Jayce,Azir,,,,,,1582,0,4,4,2,9,19,0.0,0.0,0.0,0.0,1.0,1.0,0.0,0.0,0.3413,1.0619,,,,,,,,,,,,,,,,,,,,,0.0,1.0,,,,,,,,0.0,0.0,10752.0,407.7876,0.20696,1014.7661,681.3906,7.0,0.2655,7.0,0.2655,7.0,30.0,1.1378,8885,5382,204.1214,0.234366,8608.0,,,144.0,21.0,123.0,,,5.4614,3278.0,3179.0,57.0,3356.0,3426.0,64.0,-78.0,-247.0,-7.0,1.0,0.0,1.0,0.0,1.0,0.0,4672.0,5286.0,87.0,5320.0,5778.0,95.0,-648.0,-492.0,-8.0,1.0,0.0,1.0,1.0,1.0,0.0,7145.0,8060.0,125.0,6799.0,7616.0,119.0,346.0,444.0,6.0,3.0,2.0,1.0,1.0,3.0,1.0,8696.0,9265.0,143.0,9163.0,10606.0,140.0,-467.0,-1341.0,3.0,4.0,2.0,3.0,2.0,9.0,1.0
ESPORTSTMNT05_3240571,complete,,EM,2023,Summer,0,2023-08-28 15:55:21,2,13.15,8,Red,mid,Heroic,oe:player:c71b4244f70372f8be07a3e83c58490,GTZ Esports,oe:team:3659b5cb3434354530c31ce71461fc1,Swain,Gangplank,Kled,Tristana,Jayce,Azir,,,,,,1582,0,2,4,4,9,19,1.0,0.0,0.0,0.0,1.0,0.0,1.0,0.0,0.3413,1.0619,,,,,,,,,,,,,,,,,,,,,0.0,0.0,,,,,,,,0.0,0.0,12552.0,476.0556,0.241608,985.2212,599.9621,8.0,0.3034,4.0,0.1517,2.0,18.0,0.6827,8146,4643,176.0936,0.202186,7850.0,,,171.0,171.0,0.0,,,6.4855,3370.0,4615.0,85.0,3436.0,4592.0,81.0,-66.0,23.0,4.0,0.0,1.0,0.0,1.0,0.0,1.0,4855.0,6908.0,129.0,5233.0,7051.0,134.0,-378.0,-143.0,-5.0,0.0,1.0,0.0,1.0,0.0,1.0,6915.0,8845.0,158.0,7078.0,8881.0,166.0,-163.0,-36.0,-8.0,2.0,3.0,1.0,2.0,1.0,2.0,7964.0,9652.0,170.0,9543.0,12437.0,194.0,-1579.0,-2785.0,-24.0,2.0,4.0,3.0,3.0,8.0,2.0
ESPORTSTMNT05_3240571,complete,,EM,2023,Summer,0,2023-08-28 15:55:21,2,13.15,9,Red,bot,Avra,oe:player:1a38c55db5f8af06ebac94d8530ff71,GTZ Esports,oe:team:3659b5cb3434354530c31ce71461fc1,Jinx,Gangplank,Kled,Tristana,Jayce,Azir,,,,,,1582,0,1,3,4,9,19,0.0,0.0,0.0,0.0,0.0,0.0,0.0,0.0,0.3413,1.0619,,,,,,,,,,,,,,,,,,,,,0.0,0.0,,,,,,,,0.0,1.0,15048.0,570.7206,0.289652,428.4956,223.0468,11.0,0.4172,13.0,0.493,3.0,30.0,1.1378,9976,6473,245.4994,0.281874,10025.0,,,250.0,242.0,8.0,,,9.4817,3368.0,3223.0,93.0,3316.0,3440.0,93.0,52.0,-217.0,0.0,0.0,0.0,0.0,0.0,0.0,0.0,5191.0,5442.0,154.0,5987.0,5906.0,153.0,-796.0,-464.0,1.0,0.0,0.0,1.0,0.0,0.0,0.0,7570.0,8187.0,205.0,7957.0,7804.0,186.0,-387.0,383.0,19.0,0.0,3.0,1.0,1.0,1.0,1.0,9241.0,9693.0,239.0,11383.0,11388.0,220.0,-2142.0,-1695.0,19.0,0.0,4.0,2.0,4.0,5.0,1.0
ESPORTSTMNT05_3240571,complete,,EM,2023,Summer,0,2023-08-28 15:55:21,2,13.15,10,Red,sup,Nightmares,oe:player:fb20df3c2584739649c47e15bdd1e1e,GTZ Esports,oe:team:3659b5cb3434354530c31ce71461fc1,Alistar,Gangplank,Kled,Tristana,Jayce,Azir,,,,,,1582,0,0,3,5,9,19,0.0,0.0,0.0,0.0,0.0,0.0,0.0,0.0,0.3413,1.0619,,,,,,,,,,,,,,,,,,,,,0.0,0.0,,,,,,,,0.0,0.0,4570.0,173.3249,0.0879658,678.9633,672.1365,37.0,1.4033,4.0,0.1517,12.0,63.0,2.3894,5323,1820,69.0265,0.0792576,4800.0,,,27.0,27.0,0.0,,,1.024,2146.0,2754.0,16.0,2057.0,2416.0,13.0,89.0,338.0,3.0,0.0,0.0,0.0,0.0,0.0,0.0,3154.0,4265.0,22.0,3206.0,3756.0,22.0,-52.0,509.0,0.0,0.0,0.0,0.0,0.0,0.0,0.0,4190.0,5548.0,25.0,4206.0,5198.0,24.0,-16.0,350.0,1.0,0.0,4.0,0.0,0.0,2.0,1.0,5100.0,6046.0,27.0,5970.0,6976.0,26.0,-870.0,-930.0,1.0,0.0,5.0,2.0,1.0,7.0,2.0
ESPORTSTMNT05_3240571,complete,,EM,2023,Summer,0,2023-08-28 15:55:21,2,13.15,100,Blue,team,,,Macko Esports,oe:team:a2e63aee03585f0b37ff4cad936e349,,Ornn,Syndra,Zeri,Lulu,LeBlanc,Maokai,Rumble,Xayah,Rakan,Ahri,1582,1,19,9,55,19,9,1.0,0.0,0.0,0.0,0.0,,,,0.7206,1.0619,0.0,2.0,1.0,2.0,1.0,0.0,1.0,0.0,1.0,0.0,0.0,,0.0,0.0,1.0,1.0,1.0,,,1.0,1.0,0.0,1.0,7.0,2.0,1.0,1.0,5.0,0.0,1.0,0.0,96270.0,3651.201,,2942.048,3427.9646,94.0,3.5651,37.0,1.4033,25.0,233.0,8.8369,51922,34408,1304.981,,43855.0,0.11635,1.63,,659.0,151.0,,,30.7206,15625.0,18564.0,337.0,15418.0,18753.0,324.0,207.0,-189.0,13.0,1.0,1.0,2.0,2.0,1.0,1.0,25355.0,29863.0,540.0,22400.0,28533.0,497.0,2955.0,1330.0,43.0,2.0,2.0,2.0,2.0,1.0,2.0,33854.0,39147.0,663.0,32029.0,38991.0,638.0,1825.0,156.0,25.0,5.0,9.0,7.0,7.0,15.0,5.0,47603.0,54601.0,783.0,38947.0,45046.0,733.0,8656.0,9555.0,50.0,14.0,35.0,8.0,8.0,19.0,14.0
ESPORTSTMNT05_3240571,complete,,EM,2023,Summer,0,2023-08-28 15:55:21,2,13.15,200,Red,team,,,GTZ Esports,oe:team:3659b5cb3434354530c31ce71461fc1,,Gangplank,Kled,Tristana,Jayce,Azir,Sion,Jinx,Kindred,Alistar,Swain,1582,0,9,19,19,9,19,1.0,0.0,0.0,0.0,1.0,,,,0.3413,1.0619,1.0,1.0,2.0,1.0,2.0,0.0,0.0,0.0,0.0,0.0,1.0,,0.0,0.0,0.0,1.0,1.0,,,0.0,0.0,1.0,0.0,2.0,7.0,0.0,0.0,0.0,5.0,0.0,1.0,51952.0,1970.3666,,4349.469,3765.2086,70.0,2.6549,32.0,1.2137,26.0,167.0,6.3338,40479,22965,870.9861,,39033.0,-0.11635,-1.63,,617.0,131.0,,,28.3692,15418.0,18753.0,324.0,15625.0,18564.0,337.0,-207.0,189.0,-13.0,2.0,1.0,1.0,1.0,1.0,2.0,22400.0,28533.0,497.0,25355.0,29863.0,540.0,-2955.0,-1330.0,-43.0,2.0,1.0,2.0,2.0,2.0,2.0,32029.0,38991.0,638.0,33854.0,39147.0,663.0,-1825.0,-156.0,-25.0,7.0,15.0,5.0,5.0,9.0,7.0,38947.0,45046.0,733.0,47603.0,54601.0,783.0,-8656.0,-9555.0,-50.0,8.0,19.0,14.0,14.0,35.0,8.0
ESPORTSTMNT05_3240572,complete,,EM,2023,Summer,0,2023-08-28 16:40:29,3,13.15,1,Blue,top,Marky,oe:player:197e012fb5163375e24dbbfdae34911,Movistar KOI,oe:team:4acc40654379b4da680be1bd3129dfa,Renekton,Amumu,Jayce,Tristana,Alistar,Azir,,,,,,1300,1,1,2,3,20,9,0.0,0.0,0.0,0.0,0.0,0.0,0.0,0.0,0.9231,1.2923,,,,,,,,,,,,,,,,,,,,,0.0,0.0,,,,,,,,0.0,0.0,11378.0,525.1385,0.21625,1123.2923,814.3846,8.0,0.3692,2.0,0.0923,3.0,18.0,0.8308,8039,5111,235.8923,0.160741,7875.0,,,171.0,167.0,4.0,,,7.8923,3039.0,4370.0,68.0,2673.0,4682.0,56.0,366.0,-312.0,12.0,0.0,0.0,0.0,0.0,0.0,0.0,5240.0,7538.0,119.0,4167.0,7320.0,85.0,1073.0,218.0,34.0,1.0,0.0,1.0,0.0,2.0,1.0,6976.0,9704.0,158.0,5964.0,9797.0,126.0,1012.0,-93.0,32.0,1.0,0.0,2.0,1.0,2.0,1.0,,,,,,,,,,,,,,,
ESPORTSTMNT05_3240572,complete,,EM,2023,Summer,0,2023-08-28 16:40:29,3,13.15,2,Blue,jng,ISMA,oe:player:5450c7731de19c131ce20ea74933cc2,Movistar KOI,oe:team:4acc40654379b4da680be1bd3129dfa,Nocturne,Amumu,Jayce,Tristana,Alistar,Azir,,,,,,1300,1,7,1,10,20,9,1.0,0.0,0.0,0.0,1.0,0.0,1.0,0.0,0.9231,1.2923,,,,,,,,,,,,,,,,,,,,,0.0,0.0,,,,,,,,0.0,0.0,9453.0,436.2923,0.179664,986.7231,727.2,11.0,0.5077,4.0,0.1846,5.0,28.0,1.2923,9640,6712,309.7846,0.211088,8375.0,,,123.0,16.0,107.0,,,5.6769,3717.0,3072.0,49.0,3001.0,3327.0,63.0,716.0,-255.0,-14.0,2.0,2.0,0.0,0.0,0.0,2.0,6061.0,5892.0,89.0,4580.0,5108.0,86.0,1481.0,784.0,3.0,4.0,3.0,0.0,1.0,2.0,3.0,8702.0,8519.0,116.0,6099.0,7070.0,106.0,2603.0,1449.0,10.0,6.0,7.0,0.0,1.0,4.0,5.0,,,,,,,,,,,,,,,
ESPORTSTMNT05_3240572,complete,,EM,2023,Summer,0,2023-08-28 16:40:29,3,13.15,3,Blue,mid,Fresskowy,oe:player:cda093b28f577696b82604fb20037ad,Movistar KOI,oe:team:4acc40654379b4da680be1bd3129dfa,Kai'Sa,Amumu,Jayce,Tristana,Alistar,Azir,,,,,,1300,1,6,0,8,20,9,1.0,0.0,0.0,0.0,1.0,0.0,1.0,0.0,0.9231,1.2923,,,,,,,,,,,,,,,,,,,,,0.0,0.0,,,,,,,,1.0,0.0,13900.0,641.5385,0.264183,363.1846,193.3846,10.0,0.4615,3.0,0.1385,3.0,22.0,1.0154,11925,8997,415.2462,0.282946,9925.0,,,194.0,190.0,4.0,,,8.9538,4080.0,4210.0,75.0,3387.0,4949.0,85.0,693.0,-739.0,-10.0,2.0,2.0,0.0,0.0,0.0,2.0,6620.0,7217.0,123.0,5560.0,7518.0,131.0,1060.0,-301.0,-8.0,2.0,4.0,0.0,2.0,1.0,3.0,10257.0,10716.0,186.0,7356.0,9675.0,173.0,2901.0,1041.0,13.0,3.0,6.0,0.0,3.0,2.0,4.0,,,,,,,,,,,,,,,
ESPORTSTMNT05_3240572,complete,,EM,2023,Summer,0,2023-08-28 16:40:29,3,13.15,4,Blue,bot,Supa,oe:player:1223a0ed2bfab9b714c72d965df8133,Movistar KOI,oe:team:4acc40654379b4da680be1bd3129dfa,Sivir,Amumu,Jayce,Tristana,Alistar,Azir,,,,,,1300,1,6,2,10,20,9,0.0,0.0,0.0,0.0,1.0,1.0,0.0,0.0,0.9231,1.2923,,,,,,,,,,,,,,,,,,,,,0.0,0.0,,,,,,,,0.0,0.0,13546.0,625.2,0.257455,434.3538,202.5231,9.0,0.4154,3.0,0.1385,2.0,17.0,0.7846,11035,8107,374.1692,0.254958,8250.0,,,202.0,194.0,8.0,,,9.3231,3984.0,3267.0,84.0,3366.0,2980.0,88.0,618.0,287.0,-4.0,1.0,3.0,0.0,0.0,0.0,0.0,6171.0,5178.0,126.0,6668.0,5616.0,138.0,-497.0,-438.0,-12.0,2.0,3.0,2.0,2.0,2.0,1.0,9695.0,8547.0,189.0,8792.0,7743.0,190.0,903.0,804.0,-1.0,5.0,6.0,2.0,2.0,2.0,2.0,,,,,,,,,,,,,,,
ESPORTSTMNT05_3240572,complete,,EM,2023,Summer,0,2023-08-28 16:40:29,3,13.15,5,Blue,sup,Alvaro,oe:player:f5bf9bd732b85e4dcab5121e4769ae4,Movistar KOI,oe:team:4acc40654379b4da680be1bd3129dfa,Rell,Amumu,Jayce,Tristana,Alistar,Azir,,,,,,1300,1,0,4,14,20,9,0.0,0.0,0.0,0.0,0.0,0.0,0.0,0.0,0.9231,1.2923,,,,,,,,,,,,,,,,,,,,,0.0,0.0,,,,,,,,0.0,0.0,4338.0,200.2154,0.082448,527.9077,684.4154,32.0,1.4769,5.0,0.2308,8.0,57.0,2.6308,5798,2870,132.4615,0.090267,4975.0,,,27.0,27.0,0.0,,,1.2462,2294.0,2381.0,16.0,2077.0,2792.0,15.0,217.0,-411.0,1.0,0.0,2.0,0.0,0.0,0.0,1.0,3526.0,3435.0,20.0,3576.0,4243.0,20.0,-50.0,-808.0,0.0,0.0,5.0,3.0,1.0,2.0,1.0,5125.0,5549.0,26.0,4597.0,5469.0,22.0,528.0,80.0,4.0,0.0,9.0,4.0,1.0,4.0,3.0,,,,,,,,,,,,,,,
ESPORTSTMNT05_3240572,complete,,EM,2023,Summer,0,2023-08-28 16:40:29,3,13.15,6,Red,top,Howling,oe:player:4f6302984cea43e6384d488973fe1d2,BK ROG Esports,oe:team:c40f6d0d20a7a718c60342e48c144a2,Jax,Maokai,Poppy,Taliyah,Ahri,Rakan,,,,,,1300,0,1,2,2,8,20,0.0,0.0,0.0,0.0,0.0,0.0,0.0,0.0,0.3692,1.2923,,,,,,,,,,,,,,,,,,,,,0.0,0.0,,,,,,,,0.0,0.0,14598.0,673.7538,0.31376,758.9077,479.8154,7.0,0.3231,0.0,0.0,0.0,10.0,0.4615,6405,3477,160.4769,0.174044,5700.0,,,136.0,136.0,0.0,,,6.2769,2673.0,4682.0,56.0,3039.0,4370.0,68.0,-366.0,312.0,-12.0,0.0,0.0,0.0,0.0,0.0,0.0,4167.0,7320.0,85.0,5240.0,7538.0,119.0,-1073.0,-218.0,-34.0,0.0,2.0,1.0,1.0,0.0,1.0,5964.0,9797.0,126.0,6976.0,9704.0,158.0,-1012.0,93.0,-32.0,1.0,2.0,1.0,1.0,0.0,2.0,,,,,,,,,,,,,,,
ESPORTSTMNT05_3240572,complete,,EM,2023,Summer,0,2023-08-28 16:40:29,3,13.15,7,Red,jng,Pridestalkr,oe:player:99594a251af944b3571fe7f37363303,BK ROG Esports,oe:team:c40f6d0d20a7a718c60342e48c144a2,Sejuani,Maokai,Poppy,Taliyah,Ahri,Rakan,,,,,,1300,0,1,6,4,8,20,0.0,0.0,0.0,0.0,0.0,0.0,0.0,0.0,0.3692,1.2923,,,,,,,,,,,,,,,,,,,,,0.0,0.0,,,,,,,,0.0,0.0,7313.0,337.5231,0.157181,1016.9077,984.1846,8.0,0.3692,4.0,0.1846,7.0,28.0,1.2923,6303,3375,155.7692,0.168939,6125.0,,,106.0,14.0,92.0,,,4.8923,3001.0,3327.0,63.0,3717.0,3072.0,49.0,-716.0,255.0,14.0,0.0,0.0,2.0,2.0,2.0,0.0,4580.0,5108.0,86.0,6061.0,5892.0,89.0,-1481.0,-784.0,-3.0,1.0,2.0,3.0,4.0,3.0,0.0,6099.0,7070.0,106.0,8702.0,8519.0,116.0,-2603.0,-1449.0,-10.0,1.0,4.0,5.0,6.0,7.0,0.0,,,,,,,,,,,,,,,
ESPORTSTMNT05_3240572,complete,,EM,2023,Summer,0,2023-08-28 16:40:29,3,13.15,8,Red,mid,Czekolad,oe:player:6606138426fa9bbef349c96b4afbc77,BK ROG Esports,oe:team:c40f6d0d20a7a718c60342e48c144a2,Viktor,Maokai,Poppy,Taliyah,Ahri,Rakan,,,,,,1300,0,3,5,2,8,20,0.0,0.0,0.0,0.0,0.0,0.0,0.0,1.0,0.3692,1.2923,,,,,,,,,,,,,,,,,,,,,0.0,0.0,,,,,,,,0.0,1.0,12044.0,555.8769,0.258866,399.1385,307.0615,10.0,0.4615,2.0,0.0923,2.0,22.0,1.0154,7679,4751,219.2769,0.237808,6635.0,,,180.0,180.0,0.0,,,8.3077,3387.0,4949.0,85.0,4080.0,4210.0,75.0,-693.0,739.0,10.0,0.0,0.0,2.0,2.0,2.0,0.0,5560.0,7518.0,131.0,6620.0,7217.0,123.0,-1060.0,301.0,8.0,2.0,1.0,3.0,2.0,4.0,0.0,7356.0,9675.0,173.0,10257.0,10716.0,186.0,-2901.0,-1041.0,-13.0,3.0,2.0,4.0,3.0,6.0,0.0,,,,,,,,,,,,,,,
ESPORTSTMNT05_3240572,complete,,EM,2023,Summer,0,2023-08-28 16:40:29,3,13.15,9,Red,bot,Trigger,oe:player:5bc99370722c5ecbfa9b3c1e17338e6,BK ROG Esports,oe:team:c40f6d0d20a7a718c60342e48c144a2,Zeri,Maokai,Poppy,Taliyah,Ahri,Rakan,,,,,,1300,0,2,3,2,8,20,0.0,0.0,0.0,0.0,0.0,0.0,0.0,0.0,0.3692,1.2923,,,,,,,,,,,,,,,,,,,,,0.0,0.0,,,,,,,,0.0,0.0,8327.0,384.3231,0.178975,423.8769,225.8769,8.0,0.3692,13.0,0.6,2.0,37.0,1.7077,9310,6382,294.5538,0.319439,8350.0,,,203.0,203.0,0.0,,,9.3692,3366.0,2980.0,88.0,3984.0,3267.0,84.0,-618.0,-287.0,4.0,0.0,0.0,0.0,1.0,3.0,0.0,6668.0,5616.0,138.0,6171.0,5178.0,126.0,497.0,438.0,12.0,2.0,2.0,1.0,2.0,3.0,2.0,8792.0,7743.0,190.0,9695.0,8547.0,189.0,-903.0,-804.0,1.0,2.0,2.0,2.0,5.0,6.0,2.0,,,,,,,,,,,,,,,
ESPORTSTMNT05_3240572,complete,,EM,2023,Summer,0,2023-08-28 16:40:29,3,13.15,10,Red,sup,Veignorem,oe:player:e1dbe2b979510dba78b229327292a10,BK ROG Esports,oe:team:c40f6d0d20a7a718c60342e48c144a2,Nautilus,Maokai,Poppy,Taliyah,Ahri,Rakan,,,,,,1300,0,1,4,4,8,20,0.0,0.0,0.0,0.0,0.0,0.0,0.0,0.0,0.3692,1.2923,,,,,,,,,,,,,,,,,,,,,0.0,0.0,,,,,,,,0.0,0.0,4244.0,195.8769,0.0912178,561.1385,682.8,24.0,1.1077,0.0,0.0,6.0,42.0,1.9385,4921,1993,91.9846,0.0997698,3950.0,,,23.0,23.0,0.0,,,1.0615,2077.0,2792.0,15.0,2294.0,2381.0,16.0,-217.0,411.0,-1.0,0.0,0.0,1.0,0.0,2.0,0.0,3576.0,4243.0,20.0,3526.0,3435.0,20.0,50.0,808.0,0.0,1.0,2.0,1.0,0.0,5.0,3.0,4597.0,5469.0,22.0,5125.0,5549.0,26.0,-528.0,-80.0,-4.0,1.0,4.0,3.0,0.0,9.0,4.0,,,,,,,,,,,,,,,
ESPORTSTMNT05_3240572,complete,,EM,2023,Summer,0,2023-08-28 16:40:29,3,13.15,100,Blue,team,,,Movistar KOI,oe:team:4acc40654379b4da680be1bd3129dfa,,Amumu,Jayce,Tristana,Alistar,Azir,Rell,Renekton,Kai'Sa,Sivir,Nocturne,1300,1,20,9,45,20,9,2.0,0.0,0.0,0.0,1.0,,,,0.9231,1.2923,1.0,2.0,0.0,2.0,0.0,0.0,1.0,0.0,1.0,0.0,0.0,,0.0,0.0,1.0,2.0,0.0,,,0.0,0.0,0.0,1.0,8.0,1.0,1.0,1.0,6.0,4.0,1.0,0.0,52615.0,2428.3846,,3435.4615,2621.9077,70.0,3.2308,17.0,0.7846,21.0,142.0,6.5538,46437,31799,1467.6462,,39400.0,0.246294,3.99,,594.0,123.0,,,33.0923,17114.0,17300.0,292.0,14504.0,18730.0,307.0,2610.0,-1430.0,-15.0,5.0,9.0,0.0,0.0,0.0,5.0,27618.0,29260.0,477.0,24551.0,29805.0,460.0,3067.0,-545.0,17.0,9.0,15.0,6.0,6.0,9.0,9.0,40755.0,43035.0,675.0,32808.0,39754.0,617.0,7947.0,3281.0,58.0,15.0,28.0,8.0,8.0,14.0,15.0,,,,,,,,,,,,,,,
ESPORTSTMNT05_3240572,complete,,EM,2023,Summer,0,2023-08-28 16:40:29,3,13.15,200,Red,team,,,BK ROG Esports,oe:team:c40f6d0d20a7a718c60342e48c144a2,,Maokai,Poppy,Taliyah,Ahri,Rakan,Sejuani,Zeri,Jax,Nautilus,Viktor,1300,0,8,20,14,8,20,0.0,0.0,0.0,0.0,0.0,,,,0.3692,1.2923,0.0,0.0,2.0,0.0,2.0,0.0,0.0,0.0,0.0,0.0,0.0,,0.0,0.0,0.0,0.0,2.0,,,0.0,0.0,0.0,0.0,1.0,8.0,0.0,0.0,4.0,6.0,0.0,1.0,46526.0,2147.3538,,3159.9692,2679.7385,57.0,2.6308,19.0,0.8769,17.0,139.0,6.4154,34618,19980,922.1538,,30760.0,-0.246294,-3.99,,556.0,92.0,,,29.9077,14504.0,18730.0,307.0,17114.0,17300.0,292.0,-2610.0,1430.0,15.0,0.0,0.0,5.0,5.0,9.0,0.0,24551.0,29805.0,460.0,27618.0,29260.0,477.0,-3067.0,545.0,-17.0,6.0,9.0,9.0,9.0,15.0,6.0,32808.0,39754.0,617.0,40755.0,43035.0,675.0,-7947.0,-3281.0,-58.0,8.0,14.0,15.0,15.0,28.0,8.0,,,,,,,,,,,,,,,
ESPORTSTMNT05_3241589,complete,,EM,2023,Summer,0,2023-08-28 16:48:00,3,13.15,1,Blue,top,CPM,oe:player:cbdaba5605992f8e1635ad782152d65,GTZ Esports,oe:team:3659b5cb3434354530c31ce71461fc1,Gnar,Gangplank,Kled,Tristana,Sejuani,Ivern,,,,,,1326,0,2,4,0,3,24,0.0,0.0,0.0,0.0,0.0,0.0,0.0,1.0,0.1357,1.2217,,,,,,,,,,,,,,,,,,,,,0.0,0.0,,,,,,,,0.0,0.0,9411.0,425.8371,0.270766,663.8009,333.7104,5.0,0.2262,2.0,0.0905,0.0,12.0,0.543,7341,4360,197.2851,0.248967,7058.0,,,156.0,156.0,0.0,,,7.0588,2757.0,4122.0,62.0,3906.0,4829.0,84.0,-1149.0,-707.0,-22.0,0.0,0.0,1.0,1.0,1.0,0.0,5048.0,7323.0,103.0,5966.0,7579.0,126.0,-918.0,-256.0,-23.0,2.0,0.0,1.0,2.0,2.0,2.0,7083.0,10061.0,156.0,8176.0,10623.0,177.0,-1093.0,-562.0,-21.0,2.0,0.0,2.0,2.0,3.0,2.0,,,,,,,,,,,,,,,
ESPORTSTMNT05_3241589,complete,,EM,2023,Summer,0,2023-08-28 16:48:00,3,13.15,2,Blue,jng,Time,oe:player:550fa477eff3885416f22c0b3f2fc88,GTZ Esports,oe:team:3659b5cb3434354530c31ce71461fc1,Maokai,Gangplank,Kled,Tristana,Sejuani,Ivern,,,,,,1326,0,1,6,1,3,24,0.0,0.0,0.0,0.0,0.0,0.0,0.0,0.0,0.1357,1.2217,,,,,,,,,,,,,,,,,,,,,0.0,1.0,,,,,,,,0.0,0.0,6512.0,294.6606,0.187358,1332.1719,1183.3484,5.0,0.2262,1.0,0.0452,5.0,14.0,0.6335,6791,3810,172.3982,0.217563,6375.0,,,108.0,9.0,99.0,,,4.8869,3018.0,3151.0,56.0,3159.0,3265.0,68.0,-141.0,-114.0,-12.0,0.0,0.0,1.0,0.0,1.0,0.0,5044.0,5048.0,80.0,5372.0,5870.0,96.0,-328.0,-822.0,-16.0,1.0,1.0,3.0,1.0,6.0,0.0,6533.0,7312.0,108.0,8192.0,8980.0,131.0,-1659.0,-1668.0,-23.0,1.0,1.0,4.0,2.0,8.0,0.0,,,,,,,,,,,,,,,
ESPORTSTMNT05_3241589,complete,,EM,2023,Summer,0,2023-08-28 16:48:00,3,13.15,3,Blue,mid,Heroic,oe:player:c71b4244f70372f8be07a3e83c58490,GTZ Esports,oe:team:3659b5cb3434354530c31ce71461fc1,Jayce,Gangplank,Kled,Tristana,Sejuani,Ivern,,,,,,1326,0,0,5,0,3,24,0.0,0.0,0.0,0.0,0.0,0.0,0.0,0.0,0.1357,1.2217,,,,,,,,,,,,,,,,,,,,,0.0,0.0,,,,,,,,0.0,1.0,7230.0,327.1493,0.208016,598.371,318.0543,11.0,0.4977,3.0,0.1357,3.0,17.0,0.7692,6928,3947,178.5973,0.225386,5375.0,,,175.0,175.0,0.0,,,7.9186,3028.0,4093.0,73.0,3985.0,4996.0,91.0,-957.0,-903.0,-18.0,0.0,0.0,1.0,1.0,0.0,0.0,4457.0,5971.0,112.0,7302.0,8327.0,160.0,-2845.0,-2356.0,-48.0,0.0,0.0,3.0,4.0,0.0,0.0,6393.0,8387.0,164.0,9868.0,11506.0,213.0,-3475.0,-3119.0,-49.0,0.0,0.0,4.0,4.0,2.0,0.0,,,,,,,,,,,,,,,
ESPORTSTMNT05_3241589,complete,,EM,2023,Summer,0,2023-08-28 16:48:00,3,13.15,4,Blue,bot,Avra,oe:player:1a38c55db5f8af06ebac94d8530ff71,GTZ Esports,oe:team:3659b5cb3434354530c31ce71461fc1,Kai'Sa,Gangplank,Kled,Tristana,Sejuani,Ivern,,,,,,1326,0,0,6,0,3,24,0.0,0.0,0.0,0.0,0.0,0.0,0.0,0.0,0.1357,1.2217,,,,,,,,,,,,,,,,,,,,,0.0,0.0,,,,,,,,0.0,0.0,8198.0,370.9502,0.235866,565.9276,289.3665,8.0,0.362,2.0,0.0905,1.0,15.0,0.6787,7025,4044,182.9864,0.230924,6620.0,,,185.0,184.0,1.0,,,8.371,3320.0,3247.0,89.0,3701.0,3716.0,97.0,-381.0,-469.0,-8.0,0.0,0.0,0.0,0.0,0.0,0.0,4689.0,5113.0,128.0,7552.0,6341.0,142.0,-2863.0,-1228.0,-14.0,0.0,0.0,3.0,4.0,1.0,0.0,6545.0,7463.0,176.0,11167.0,9397.0,212.0,-4622.0,-1934.0,-36.0,0.0,0.0,4.0,6.0,1.0,0.0,,,,,,,,,,,,,,,
ESPORTSTMNT05_3241589,complete,,EM,2023,Summer,0,2023-08-28 16:48:00,3,13.15,5,Blue,sup,Nightmares,oe:player:fb20df3c2584739649c47e15bdd1e1e,GTZ Esports,oe:team:3659b5cb3434354530c31ce71461fc1,Braum,Gangplank,Kled,Tristana,Sejuani,Ivern,,,,,,1326,0,0,3,1,3,24,0.0,0.0,0.0,0.0,0.0,0.0,0.0,0.0,0.1357,1.2217,,,,,,,,,,,,,,,,,,,,,0.0,0.0,,,,,,,,0.0,0.0,3406.0,154.1176,0.0979946,501.7195,391.0407,26.0,1.1765,2.0,0.0905,5.0,44.0,1.991,4332,1351,61.1312,0.0771597,3625.0,,,23.0,23.0,0.0,,,1.0407,2155.0,2490.0,13.0,2558.0,2553.0,16.0,-403.0,-63.0,-3.0,0.0,0.0,0.0,1.0,1.0,0.0,3050.0,3249.0,18.0,3766.0,3855.0,20.0,-716.0,-606.0,-2.0,0.0,1.0,2.0,1.0,4.0,1.0,3994.0,4921.0,21.0,5271.0,5072.0,24.0,-1277.0,-151.0,-3.0,0.0,1.0,2.0,2.0,6.0,1.0,,,,,,,,,,,,,,,
ESPORTSTMNT05_3241589,complete,,EM,2023,Summer,0,2023-08-28 16:48:00,3,13.15,6,Red,top,ACD,oe:player:72c5cc0e2586935d16539f31a2a4fec,Macko Esports,oe:team:a2e63aee03585f0b37ff4cad936e349,Rumble,Ornn,Syndra,Zeri,Sion,K'Sante,,,,,,1326,1,5,2,7,24,3,0.0,0.0,0.0,0.0,1.0,1.0,0.0,0.0,1.086,1.2217,,,,,,,,,,,,,,,,,,,,,0.0,0.0,,,,,,,,0.0,0.0,20760.0,939.3665,0.322967,622.7149,674.9321,9.0,0.4072,2.0,0.0905,1.0,17.0,0.7692,9855,6874,311.0407,0.195041,8510.0,,,183.0,175.0,8.0,,,8.2805,3906.0,4829.0,84.0,2757.0,4122.0,62.0,1149.0,707.0,22.0,1.0,1.0,0.0,0.0,0.0,1.0,5966.0,7579.0,126.0,5048.0,7323.0,103.0,918.0,256.0,23.0,2.0,2.0,2.0,2.0,0.0,1.0,8176.0,10623.0,177.0,7083.0,10061.0,156.0,1093.0,562.0,21.0,2.0,3.0,2.0,2.0,0.0,2.0,,,,,,,,,,,,,,,
ESPORTSTMNT05_3241589,complete,,EM,2023,Summer,0,2023-08-28 16:48:00,3,13.15,7,Red,jng,Cboi,oe:player:702efc23873d774e479682ef680d911,Macko Esports,oe:team:a2e63aee03585f0b37ff4cad936e349,Jarvan IV,Ornn,Syndra,Zeri,Sion,K'Sante,,,,,,1326,1,4,0,14,24,3,0.0,0.0,0.0,0.0,1.0,0.0,1.0,0.0,1.086,1.2217,,,,,,,,,,,,,,,,,,,,,1.0,0.0,,,,,,,,0.0,0.0,8962.0,405.5204,0.139423,868.7783,1172.2624,5.0,0.2262,2.0,0.0905,4.0,20.0,0.905,10055,7074,320.0905,0.200715,8950.0,,,138.0,5.0,133.0,,,6.2443,3159.0,3265.0,68.0,3018.0,3151.0,56.0,141.0,114.0,12.0,0.0,1.0,0.0,0.0,0.0,1.0,5372.0,5870.0,96.0,5044.0,5048.0,80.0,328.0,822.0,16.0,1.0,6.0,0.0,1.0,1.0,3.0,8192.0,8980.0,131.0,6533.0,7312.0,108.0,1659.0,1668.0,23.0,2.0,8.0,0.0,1.0,1.0,4.0,,,,,,,,,,,,,,,
ESPORTSTMNT05_3241589,complete,,EM,2023,Summer,0,2023-08-28 16:48:00,3,13.15,8,Red,mid,Six10,oe:player:325397710b4294aeb7a18881c34f33b,Macko Esports,oe:team:a2e63aee03585f0b37ff4cad936e349,Ahri,Ornn,Syndra,Zeri,Sion,K'Sante,,,,,,1326,1,6,0,6,24,3,0.0,0.0,0.0,0.0,0.0,0.0,0.0,0.0,1.086,1.2217,,,,,,,,,,,,,,,,,,,,,0.0,0.0,,,,,,,,1.0,0.0,16754.0,758.0995,0.260645,391.5837,251.629,12.0,0.543,6.0,0.2715,4.0,29.0,1.3122,11666,8685,392.9864,0.246423,10500.0,,,228.0,224.0,4.0,,,10.3167,3985.0,4996.0,91.0,3028.0,4093.0,73.0,957.0,903.0,18.0,1.0,0.0,0.0,0.0,0.0,1.0,7302.0,8327.0,160.0,4457.0,5971.0,112.0,2845.0,2356.0,48.0,4.0,0.0,0.0,0.0,0.0,3.0,9868.0,11506.0,213.0,6393.0,8387.0,164.0,3475.0,3119.0,49.0,4.0,2.0,0.0,0.0,0.0,4.0,,,,,,,,,,,,,,,
ESPORTSTMNT05_3241589,complete,,EM,2023,Summer,0,2023-08-28 16:48:00,3,13.15,9,Red,bot,Vzz,oe:player:ba6e76e259419420ddff269bb6ef074,Macko Esports,oe:team:a2e63aee03585f0b37ff4cad936e349,Xayah,Ornn,Syndra,Zeri,Sion,K'Sante,,,,,,1326,1,7,0,1,24,3,0.0,0.0,0.0,0.0,0.0,0.0,0.0,0.0,1.086,1.2217,,,,,,,,,,,,,,,,,,,,,0.0,0.0,,,,,,,,0.0,0.0,14105.0,638.2353,0.219434,316.6516,164.8869,9.0,0.4072,8.0,0.362,4.0,32.0,1.448,12374,9393,425.0226,0.26651,11700.0,,,224.0,212.0,12.0,,,10.1357,3701.0,3716.0,97.0,3320.0,3247.0,89.0,381.0,469.0,8.0,0.0,0.0,0.0,0.0,0.0,0.0,7552.0,6341.0,142.0,4689.0,5113.0,128.0,2863.0,1228.0,14.0,4.0,1.0,0.0,0.0,0.0,3.0,11167.0,9397.0,212.0,6545.0,7463.0,176.0,4622.0,1934.0,36.0,6.0,1.0,0.0,0.0,0.0,4.0,,,,,,,,,,,,,,,
ESPORTSTMNT05_3241589,complete,,EM,2023,Summer,0,2023-08-28 16:48:00,3,13.15,10,Red,sup,Click,oe:player:1e249a5688255bde7f7213b5d257b3c,Macko Esports,oe:team:a2e63aee03585f0b37ff4cad936e349,Alistar,Ornn,Syndra,Zeri,Sion,K'Sante,,,,,,1326,1,2,1,11,24,3,0.0,0.0,0.0,0.0,0.0,0.0,0.0,0.0,1.086,1.2217,,,,,,,,,,,,,,,,,,,,,0.0,0.0,,,,,,,,0.0,0.0,3698.0,167.3303,0.0575305,392.7602,514.0724,23.0,1.0407,3.0,0.1357,6.0,52.0,2.3529,6199,3218,145.6109,0.0913119,5650.0,,,24.0,24.0,0.0,,,1.086,2558.0,2553.0,16.0,2155.0,2490.0,13.0,403.0,63.0,3.0,1.0,1.0,0.0,0.0,0.0,0.0,3766.0,3855.0,20.0,3050.0,3249.0,18.0,716.0,606.0,2.0,1.0,4.0,1.0,0.0,1.0,2.0,5271.0,5072.0,24.0,3994.0,4921.0,21.0,1277.0,151.0,3.0,2.0,6.0,1.0,0.0,1.0,2.0,,,,,,,,,,,,,,,
ESPORTSTMNT05_3241589,complete,,EM,2023,Summer,0,2023-08-28 16:48:00,3,13.15,100,Blue,team,,,GTZ Esports,oe:team:3659b5cb3434354530c31ce71461fc1,,Gangplank,Kled,Tristana,Sejuani,Ivern,Maokai,Jayce,Kai'Sa,Gnar,Braum,1326,0,3,24,2,3,24,0.0,0.0,0.0,0.0,0.0,,,,0.1357,1.2217,0.0,0.0,3.0,0.0,3.0,0.0,0.0,0.0,0.0,0.0,0.0,,0.0,0.0,1.0,1.0,1.0,,,0.0,0.0,1.0,0.0,1.0,9.0,0.0,0.0,4.0,9.0,0.0,1.0,34757.0,1572.7149,,3661.991,2515.5204,55.0,2.4887,10.0,0.4525,14.0,102.0,4.6154,32417,17514,792.4887,,29053.0,-0.437234,-5.93,,547.0,100.0,,,29.276,14278.0,17103.0,293.0,17309.0,19359.0,356.0,-3031.0,-2256.0,-63.0,0.0,0.0,3.0,3.0,3.0,0.0,22288.0,26704.0,441.0,29958.0,31972.0,544.0,-7670.0,-5268.0,-103.0,3.0,2.0,12.0,12.0,13.0,3.0,30548.0,38144.0,625.0,42674.0,45578.0,757.0,-12126.0,-7434.0,-132.0,3.0,2.0,16.0,16.0,20.0,3.0,,,,,,,,,,,,,,,
ESPORTSTMNT05_3241589,complete,,EM,2023,Summer,0,2023-08-28 16:48:00,3,13.15,200,Red,team,,,Macko Esports,oe:team:a2e63aee03585f0b37ff4cad936e349,,Ornn,Syndra,Zeri,Sion,K'Sante,Rumble,Xayah,Ahri,Alistar,Jarvan IV,1326,1,24,3,39,24,3,0.0,0.0,0.0,0.0,1.0,,,,1.086,1.2217,1.0,3.0,0.0,3.0,0.0,0.0,1.0,1.0,0.0,0.0,1.0,,0.0,0.0,0.0,1.0,1.0,,,1.0,1.0,0.0,1.0,9.0,1.0,1.0,1.0,9.0,4.0,1.0,0.0,64279.0,2908.552,,2592.4887,2777.7828,58.0,2.6244,21.0,0.9502,19.0,150.0,6.7873,50149,35246,1594.8416,,45310.0,0.437234,5.93,,640.0,157.0,,,36.0633,17309.0,19359.0,356.0,14278.0,17103.0,293.0,3031.0,2256.0,63.0,3.0,3.0,0.0,0.0,0.0,3.0,29958.0,31972.0,544.0,22288.0,26704.0,441.0,7670.0,5268.0,103.0,12.0,13.0,3.0,3.0,2.0,12.0,42674.0,45578.0,757.0,30548.0,38144.0,625.0,12126.0,7434.0,132.0,16.0,20.0,3.0,3.0,2.0,16.0,,,,,,,,,,,,,,,
ESPORTSTMNT05_3240578,complete,,EM,2023,Summer,0,2023-08-29 14:57:33,1,13.15,1,Blue,top,Cabochard,oe:player:010c1b0d37c2b7459b215dae7ffeeac,Karmine Corp,oe:team:f3aa9bbd924ce3af42ac53f8326bc7c,Ornn,Tristana,Poppy,Rell,Trundle,Ivern,,,,,,2000,1,3,2,19,25,12,0.0,0.0,0.0,0.0,0.0,0.0,0.0,0.0,0.75,1.08,,,,,,,,,,,,,,,,,,,,,0.0,0.0,,,,,,,,0.0,0.0,13074.0,392.22,0.160187,869.52,1119.69,15.0,0.45,4.0,0.12,9.0,33.0,0.99,11834,7478,224.34,0.182298,12025.0,,,200.0,196.0,4.0,,,6.0,3379.0,4564.0,77.0,3563.0,5078.0,96.0,-184.0,-514.0,-19.0,1.0,2.0,1.0,0.0,1.0,0.0,5285.0,7562.0,119.0,5954.0,7492.0,139.0,-669.0,70.0,-20.0,2.0,3.0,1.0,0.0,1.0,1.0,6899.0,10171.0,151.0,7274.0,8850.0,164.0,-375.0,1321.0,-13.0,2.0,8.0,1.0,0.0,2.0,4.0,8403.0,12171.0,177.0,8765.0,10185.0,184.0,-362.0,1986.0,-7.0,2.0,10.0,1.0,1.0,2.0,5.0
ESPORTSTMNT05_3240578,complete,,EM,2023,Summer,0,2023-08-29 14:57:33,1,13.15,2,Blue,jng,Cinkrof,oe:player:6b3481654facc1e7fe3e312883ea8f3,Karmine Corp,oe:team:f3aa9bbd924ce3af42ac53f8326bc7c,Maokai,Tristana,Poppy,Rell,Trundle,Ivern,,,,,,2000,1,3,2,15,25,12,0.0,0.0,0.0,0.0,0.0,0.0,0.0,0.0,0.75,1.08,,,,,,,,,,,,,,,,,,,,,1.0,0.0,,,,,,,,0.0,0.0,13885.0,416.55,0.170124,1049.34,1614.15,16.0,0.48,8.0,0.24,15.0,48.0,1.44,10587,6231,186.93,0.1519,9825.0,,,130.0,16.0,114.0,,,3.9,2880.0,2906.0,53.0,3174.0,3417.0,67.0,-294.0,-511.0,-14.0,0.0,2.0,0.0,0.0,0.0,1.0,4171.0,4814.0,73.0,4764.0,5109.0,93.0,-593.0,-295.0,-20.0,0.0,4.0,1.0,0.0,2.0,2.0,6013.0,7066.0,98.0,6447.0,7384.0,134.0,-434.0,-318.0,-36.0,1.0,7.0,1.0,0.0,3.0,3.0,7266.0,8429.0,113.0,7846.0,9157.0,164.0,-580.0,-728.0,-51.0,1.0,8.0,2.0,0.0,4.0,3.0
ESPORTSTMNT05_3240578,complete,,EM,2023,Summer,0,2023-08-29 14:57:33,1,13.15,3,Blue,mid,SAKEN,oe:player:1d43b8dc600eba61cd7dd2cd8d6baf6,Karmine Corp,oe:team:f3aa9bbd924ce3af42ac53f8326bc7c,Neeko,Tristana,Poppy,Rell,Trundle,Ivern,,,,,,2000,1,8,2,5,25,12,2.0,0.0,0.0,0.0,0.0,0.0,0.0,0.0,0.75,1.08,,,,,,,,,,,,,,,,,,,,,0.0,0.0,,,,,,,,1.0,0.0,17527.0,525.81,0.214747,495.9,334.41,7.0,0.21,12.0,0.36,5.0,38.0,1.14,14693,10337,310.11,0.25199,12780.0,,,262.0,259.0,3.0,,,7.86,3856.0,4443.0,85.0,3039.0,4052.0,72.0,817.0,391.0,13.0,2.0,1.0,0.0,0.0,2.0,1.0,5819.0,6879.0,132.0,5376.0,6778.0,126.0,443.0,101.0,6.0,3.0,1.0,0.0,1.0,3.0,2.0,7543.0,9346.0,171.0,7191.0,8752.0,158.0,352.0,594.0,13.0,4.0,1.0,1.0,1.0,4.0,3.0,9232.0,11880.0,203.0,8946.0,11404.0,211.0,286.0,476.0,-8.0,5.0,1.0,1.0,1.0,5.0,3.0
ESPORTSTMNT05_3240578,complete,,EM,2023,Summer,0,2023-08-29 14:57:33,1,13.15,4,Blue,bot,Caliste,oe:player:e2af2b779499aa25ab9a9c10c9a5ffd,Karmine Corp,oe:team:f3aa9bbd924ce3af42ac53f8326bc7c,Zeri,Tristana,Poppy,Rell,Trundle,Ivern,,,,,,2000,1,9,4,8,25,12,1.0,0.0,0.0,0.0,0.0,0.0,0.0,1.0,0.75,1.08,,,,,,,,,,,,,,,,,,,,,0.0,0.0,,,,,,,,1.0,0.0,28442.0,853.26,0.348481,821.64,479.19,16.0,0.48,17.0,0.51,3.0,48.0,1.44,16966,12610,378.3,0.307398,14925.0,,,338.0,301.0,37.0,,,10.14,3265.0,3240.0,83.0,3755.0,2776.0,75.0,-490.0,464.0,8.0,0.0,2.0,1.0,2.0,1.0,0.0,5379.0,5768.0,134.0,6224.0,5817.0,132.0,-845.0,-49.0,2.0,1.0,3.0,2.0,4.0,2.0,0.0,9022.0,9579.0,193.0,8859.0,8026.0,177.0,163.0,1553.0,16.0,5.0,4.0,2.0,5.0,2.0,0.0,11574.0,12189.0,262.0,11061.0,10703.0,244.0,513.0,1486.0,18.0,6.0,5.0,2.0,5.0,3.0,0.0
ESPORTSTMNT05_3240578,complete,,EM,2023,Summer,0,2023-08-29 14:57:33,1,13.15,5,Blue,sup,Targamas,oe:player:eaf899c6268995f9b1e40d1932c6888,Karmine Corp,oe:team:f3aa9bbd924ce3af42ac53f8326bc7c,Nautilus,Tristana,Poppy,Rell,Trundle,Ivern,,,,,,2000,1,2,2,12,25,12,0.0,0.0,0.0,0.0,0.0,0.0,0.0,0.0,0.75,1.08,,,,,,,,,,,,,,,,,,,,,0.0,0.0,,,,,,,,0.0,0.0,8689.0,260.67,0.106461,449.76,812.07,47.0,1.41,20.0,0.6,11.0,118.0,3.54,8721,4365,130.95,0.106413,7525.0,,,46.0,46.0,0.0,,,1.38,2218.0,2600.0,17.0,2631.0,2703.0,16.0,-413.0,-103.0,1.0,0.0,2.0,1.0,1.0,2.0,1.0,3422.0,3891.0,28.0,3895.0,3729.0,22.0,-473.0,162.0,6.0,0.0,3.0,2.0,1.0,5.0,1.0,4459.0,5816.0,31.0,5042.0,5115.0,27.0,-583.0,701.0,4.0,0.0,7.0,2.0,1.0,6.0,2.0,5716.0,6732.0,38.0,6072.0,6477.0,32.0,-356.0,255.0,6.0,0.0,8.0,2.0,1.0,7.0,3.0
ESPORTSTMNT05_3240578,complete,,EM,2023,Summer,0,2023-08-29 14:57:33,1,13.15,6,Red,top,Destroy,oe:player:21846207612858fb49a468b43e56dd3,İstanbul Wildcats,oe:team:a65adb2808377018a2a7832eb2bd7f4,Rumble,LeBlanc,Azir,Sejuani,Ahri,Taliyah,,,,,,2000,0,2,6,2,11,25,0.0,0.0,0.0,0.0,0.0,0.0,0.0,0.0,0.33,1.08,,,,,,,,,,,,,,,,,,,,,0.0,0.0,,,,,,,,0.0,0.0,25813.0,774.39,0.269649,719.91,562.8,12.0,0.36,6.0,0.18,13.0,32.0,0.96,12725,8369,251.07,0.23304,12915.0,,,253.0,245.0,8.0,,,7.59,3563.0,5078.0,96.0,3379.0,4564.0,77.0,184.0,514.0,19.0,0.0,1.0,0.0,1.0,2.0,1.0,5954.0,7492.0,139.0,5285.0,7562.0,119.0,669.0,-70.0,20.0,0.0,1.0,1.0,2.0,3.0,1.0,7274.0,8850.0,164.0,6899.0,10171.0,151.0,375.0,-1321.0,13.0,0.0,2.0,4.0,2.0,8.0,1.0,8765.0,10185.0,184.0,8403.0,12171.0,177.0,362.0,-1986.0,7.0,1.0,2.0,5.0,2.0,10.0,1.0
ESPORTSTMNT05_3240578,complete,,EM,2023,Summer,0,2023-08-29 14:57:33,1,13.15,7,Red,jng,Ferret,oe:player:92b76c3a9967d6322741aa6d2ba4a2b,İstanbul Wildcats,oe:team:a65adb2808377018a2a7832eb2bd7f4,Nocturne,LeBlanc,Azir,Sejuani,Ahri,Taliyah,,,,,,2000,0,0,5,6,11,25,0.0,0.0,0.0,0.0,0.0,0.0,0.0,0.0,0.33,1.08,,,,,,,,,,,,,,,,,,,,,0.0,1.0,,,,,,,,0.0,0.0,9518.0,285.54,0.0994275,1025.97,1073.4,31.0,0.93,14.0,0.42,8.0,68.0,2.04,9988,5632,168.96,0.15683,9550.0,,,195.0,37.0,158.0,,,5.85,3174.0,3417.0,67.0,2880.0,2906.0,53.0,294.0,511.0,14.0,0.0,0.0,1.0,0.0,2.0,0.0,4764.0,5109.0,93.0,4171.0,4814.0,73.0,593.0,295.0,20.0,0.0,2.0,2.0,0.0,4.0,1.0,6447.0,7384.0,134.0,6013.0,7066.0,98.0,434.0,318.0,36.0,0.0,3.0,3.0,1.0,7.0,1.0,7846.0,9157.0,164.0,7266.0,8429.0,113.0,580.0,728.0,51.0,0.0,4.0,3.0,1.0,8.0,2.0
ESPORTSTMNT05_3240578,complete,,EM,2023,Summer,0,2023-08-29 14:57:33,1,13.15,8,Red,mid,Kofte,oe:player:db0cbdc72184ad44ab905be61fc0756,İstanbul Wildcats,oe:team:a65adb2808377018a2a7832eb2bd7f4,Jayce,LeBlanc,Azir,Sejuani,Ahri,Taliyah,,,,,,2000,0,1,5,8,11,25,0.0,0.0,0.0,0.0,0.0,0.0,0.0,0.0,0.33,1.08,,,,,,,,,,,,,,,,,,,,,0.0,0.0,,,,,,,,0.0,1.0,20560.0,616.8,0.214775,559.32,420.12,15.0,0.45,9.0,0.27,5.0,38.0,1.14,12389,8033,240.99,0.223684,12425.0,,,280.0,277.0,3.0,,,8.4,3039.0,4052.0,72.0,3856.0,4443.0,85.0,-817.0,-391.0,-13.0,0.0,2.0,1.0,2.0,1.0,0.0,5376.0,6778.0,126.0,5819.0,6879.0,132.0,-443.0,-101.0,-6.0,1.0,3.0,2.0,3.0,1.0,0.0,7191.0,8752.0,158.0,7543.0,9346.0,171.0,-352.0,-594.0,-13.0,1.0,4.0,3.0,4.0,1.0,1.0,8946.0,11404.0,211.0,9232.0,11880.0,203.0,-286.0,-476.0,8.0,1.0,5.0,3.0,5.0,1.0,1.0
ESPORTSTMNT05_3240578,complete,,EM,2023,Summer,0,2023-08-29 14:57:33,1,13.15,9,Red,bot,BAO,oe:player:6c1d0c529e73fe4c8b9a5306867c4bf,İstanbul Wildcats,oe:team:a65adb2808377018a2a7832eb2bd7f4,Kai'Sa,LeBlanc,Azir,Sejuani,Ahri,Taliyah,,,,,,2000,0,7,3,4,11,25,0.0,0.0,0.0,0.0,1.0,1.0,0.0,0.0,0.33,1.08,,,,,,,,,,,,,,,,,,,,,0.0,0.0,,,,,,,,0.0,1.0,34691.0,1040.73,0.362391,501.03,295.38,17.0,0.51,11.0,0.33,5.0,40.0,1.2,15046,10690,320.7,0.297667,15225.0,,,290.0,278.0,12.0,,,8.7,3755.0,2776.0,75.0,3265.0,3240.0,83.0,490.0,-464.0,-8.0,2.0,1.0,0.0,0.0,2.0,1.0,6224.0,5817.0,132.0,5379.0,5768.0,134.0,845.0,49.0,-2.0,4.0,2.0,0.0,1.0,3.0,2.0,8859.0,8026.0,177.0,9022.0,9579.0,193.0,-163.0,-1553.0,-16.0,5.0,2.0,0.0,5.0,4.0,2.0,11061.0,10703.0,244.0,11574.0,12189.0,262.0,-513.0,-1486.0,-18.0,5.0,3.0,0.0,6.0,5.0,2.0
ESPORTSTMNT05_3240578,complete,,EM,2023,Summer,0,2023-08-29 14:57:33,1,13.15,10,Red,sup,Parus,oe:player:a9cfbc13e22eefdd22af7b346ce2af4,İstanbul Wildcats,oe:team:a65adb2808377018a2a7832eb2bd7f4,Alistar,LeBlanc,Azir,Sejuani,Ahri,Taliyah,,,,,,2000,0,1,6,8,11,25,0.0,0.0,0.0,0.0,1.0,0.0,1.0,0.0,0.33,1.08,,,,,,,,,,,,,,,,,,,,,0.0,0.0,,,,,,,,0.0,0.0,5146.0,154.38,0.0537565,683.76,1017.6,51.0,1.53,10.0,0.3,12.0,96.0,2.88,7544,3188,95.64,0.0887787,7500.0,,,35.0,35.0,0.0,,,1.05,2631.0,2703.0,16.0,2218.0,2600.0,17.0,413.0,103.0,-1.0,1.0,2.0,1.0,0.0,2.0,1.0,3895.0,3729.0,22.0,3422.0,3891.0,28.0,473.0,-162.0,-6.0,1.0,5.0,1.0,0.0,3.0,2.0,5042.0,5115.0,27.0,4459.0,5816.0,31.0,583.0,-701.0,-4.0,1.0,6.0,2.0,0.0,7.0,2.0,6072.0,6477.0,32.0,5716.0,6732.0,38.0,356.0,-255.0,-6.0,1.0,7.0,3.0,0.0,8.0,2.0
ESPORTSTMNT05_3240578,complete,,EM,2023,Summer,0,2023-08-29 14:57:33,1,13.15,100,Blue,team,,,Karmine Corp,oe:team:f3aa9bbd924ce3af42ac53f8326bc7c,,Tristana,Poppy,Rell,Trundle,Ivern,Maokai,Ornn,Zeri,Neeko,Nautilus,2000,1,25,12,59,25,12,3.0,0.0,0.0,0.0,0.0,,,,0.75,1.08,1.0,4.0,1.0,4.0,1.0,0.0,1.0,0.0,3.0,0.0,0.0,,0.0,0.0,0.0,1.0,1.0,,,1.0,1.0,0.0,0.0,9.0,4.0,0.0,0.0,0.0,7.0,2.0,0.0,81617.0,2448.51,,3686.16,4359.51,101.0,3.03,61.0,1.83,43.0,285.0,8.55,62801,41023,1230.69,,57080.0,-0.00932909,-0.46,,818.0,158.0,,,29.28,15598.0,17753.0,315.0,16162.0,18026.0,326.0,-564.0,-273.0,-11.0,3.0,9.0,3.0,3.0,6.0,3.0,24076.0,28914.0,486.0,26213.0,28925.0,512.0,-2137.0,-11.0,-26.0,6.0,14.0,6.0,6.0,13.0,6.0,33936.0,41978.0,644.0,34813.0,38127.0,660.0,-877.0,3851.0,-16.0,12.0,27.0,7.0,7.0,17.0,12.0,42191.0,51401.0,793.0,42690.0,47926.0,835.0,-499.0,3475.0,-42.0,14.0,32.0,8.0,8.0,21.0,14.0
ESPORTSTMNT05_3240578,complete,,EM,2023,Summer,0,2023-08-29 14:57:33,1,13.15,200,Red,team,,,İstanbul Wildcats,oe:team:a65adb2808377018a2a7832eb2bd7f4,,LeBlanc,Azir,Sejuani,Ahri,Taliyah,Rumble,Jayce,Kai'Sa,Alistar,Nocturne,2000,0,11,25,28,11,25,0.0,0.0,0.0,0.0,1.0,,,,0.33,1.08,0.0,1.0,4.0,1.0,4.0,0.0,0.0,0.0,0.0,0.0,1.0,,0.0,0.0,1.0,1.0,1.0,,,0.0,0.0,1.0,1.0,4.0,9.0,1.0,1.0,7.0,0.0,0.0,2.0,95728.0,2871.84,,3489.99,3369.3,126.0,3.78,50.0,1.5,43.0,274.0,8.22,57692,35914,1077.42,,57615.0,0.00932909,0.46,,872.0,181.0,,,31.59,16162.0,18026.0,326.0,15598.0,17753.0,315.0,564.0,273.0,11.0,3.0,6.0,3.0,3.0,9.0,3.0,26213.0,28925.0,512.0,24076.0,28914.0,486.0,2137.0,11.0,26.0,6.0,13.0,6.0,6.0,14.0,6.0,34813.0,38127.0,660.0,33936.0,41978.0,644.0,877.0,-3851.0,16.0,7.0,17.0,12.0,12.0,27.0,7.0,42690.0,47926.0,835.0,42191.0,51401.0,793.0,499.0,-3475.0,42.0,8.0,21.0,14.0,14.0,32.0,8.0
ESPORTSTMNT05_3241593,complete,,EM,2023,Summer,0,2023-08-29 15:02:36,1,13.15,1,Blue,top,Ragner,oe:player:c0f78343a2ad4ba1463245d53a3b440,Team GO,oe:team:8d538207b9de9d20e1a525aae593515,Rumble,Poppy,Ivern,Tristana,Yone,Sejuani,,,,,,2498,0,3,3,10,15,13,0.0,0.0,0.0,0.0,0.0,0.0,0.0,0.0,0.3603,0.6725,,,,,,,,,,,,,,,,,,,,,0.0,0.0,,,,,,,,0.0,0.0,39533.0,949.5516,0.316692,678.6389,720.7446,19.0,0.4564,5.0,0.1201,4.0,36.0,0.8647,17303,11931,286.5733,0.260187,16650.0,,,333.0,298.0,35.0,,,7.9984,3943.0,5174.0,101.0,3246.0,5020.0,89.0,697.0,154.0,12.0,0.0,0.0,0.0,0.0,0.0,0.0,6500.0,8057.0,152.0,4971.0,7881.0,142.0,1529.0,176.0,10.0,1.0,2.0,1.0,0.0,1.0,1.0,8339.0,10411.0,196.0,6348.0,9663.0,164.0,1991.0,748.0,32.0,1.0,2.0,1.0,0.0,3.0,1.0,9905.0,12769.0,226.0,7830.0,11961.0,189.0,2075.0,808.0,37.0,1.0,3.0,1.0,0.0,3.0,2.0
ESPORTSTMNT05_3241593,complete,,EM,2023,Summer,0,2023-08-29 15:02:36,1,13.15,2,Blue,jng,Lyncas,oe:player:ca9701f085966dfca32e31b1b1e9d55,Team GO,oe:team:8d538207b9de9d20e1a525aae593515,Rell,Poppy,Ivern,Tristana,Yone,Sejuani,,,,,,2498,0,0,3,7,15,13,0.0,0.0,0.0,0.0,0.0,0.0,0.0,0.0,0.3603,0.6725,,,,,,,,,,,,,,,,,,,,,0.0,2.0,,,,,,,,0.0,0.0,5341.0,128.2866,0.0427858,762.0096,1199.5917,16.0,0.3843,10.0,0.2402,14.0,51.0,1.225,10550,5178,124.3715,0.112926,9750.0,,,155.0,14.0,141.0,,,3.723,3066.0,3119.0,59.0,3074.0,3266.0,65.0,-8.0,-147.0,-6.0,0.0,0.0,0.0,0.0,0.0,0.0,4682.0,5318.0,87.0,4473.0,5321.0,99.0,209.0,-3.0,-12.0,0.0,2.0,0.0,0.0,0.0,1.0,5883.0,7192.0,107.0,6257.0,7761.0,135.0,-374.0,-569.0,-28.0,0.0,2.0,0.0,0.0,1.0,1.0,6938.0,8479.0,123.0,7785.0,10053.0,166.0,-847.0,-1574.0,-43.0,0.0,3.0,0.0,0.0,1.0,1.0
ESPORTSTMNT05_3241593,complete,,EM,2023,Summer,0,2023-08-29 15:02:36,1,13.15,3,Blue,mid,Toucouille,oe:player:525ac233cf71bc36a611e27a324144f,Team GO,oe:team:8d538207b9de9d20e1a525aae593515,Jayce,Poppy,Ivern,Tristana,Yone,Sejuani,,,,,,2498,0,6,3,7,15,13,2.0,0.0,0.0,0.0,0.0,0.0,0.0,0.0,0.3603,0.6725,,,,,,,,,,,,,,,,,,,,,0.0,0.0,,,,,,,,0.0,0.0,49585.0,1190.9928,0.397217,407.8703,355.0761,22.0,0.5284,3.0,0.0721,8.0,47.0,1.1289,16142,10770,258.6869,0.234869,16600.0,,,332.0,300.0,32.0,,,7.9744,3228.0,4361.0,90.0,3403.0,4687.0,95.0,-175.0,-326.0,-5.0,0.0,0.0,0.0,0.0,0.0,0.0,5669.0,7562.0,148.0,5305.0,7490.0,151.0,364.0,72.0,-3.0,2.0,1.0,0.0,0.0,1.0,0.0,7500.0,9741.0,184.0,7393.0,10141.0,198.0,107.0,-400.0,-14.0,2.0,2.0,1.0,0.0,2.0,1.0,9254.0,12437.0,235.0,9465.0,13152.0,241.0,-211.0,-715.0,-6.0,2.0,3.0,1.0,0.0,2.0,1.0
ESPORTSTMNT05_3241593,complete,,EM,2023,Summer,0,2023-08-29 15:02:36,1,13.15,4,Blue,bot,Jezu,oe:player:4817d93e8f26002377aec42233b3fc2,Team GO,oe:team:8d538207b9de9d20e1a525aae593515,Kalista,Poppy,Ivern,Tristana,Yone,Sejuani,,,,,,2498,0,4,3,8,15,13,0.0,0.0,0.0,0.0,0.0,0.0,0.0,0.0,0.3603,0.6725,,,,,,,,,,,,,,,,,,,,,0.0,1.0,,,,,,,,0.0,1.0,23889.0,573.795,0.191371,668.5268,390.1441,17.0,0.4083,20.0,0.4804,5.0,57.0,1.3691,19235,13863,332.9784,0.302317,18325.0,,,446.0,416.0,30.0,,,10.7126,3421.0,3819.0,95.0,3868.0,3746.0,91.0,-447.0,73.0,4.0,0.0,0.0,0.0,1.0,0.0,0.0,5392.0,5825.0,143.0,6257.0,6444.0,146.0,-865.0,-619.0,-3.0,0.0,2.0,0.0,2.0,0.0,0.0,7858.0,8398.0,196.0,8984.0,8699.0,194.0,-1126.0,-301.0,2.0,1.0,3.0,1.0,4.0,0.0,1.0,10140.0,10371.0,250.0,11244.0,11950.0,253.0,-1104.0,-1579.0,-3.0,2.0,3.0,1.0,4.0,0.0,1.0
ESPORTSTMNT05_3241593,complete,,EM,2023,Summer,0,2023-08-29 15:02:36,1,13.15,5,Blue,sup,kamilius,oe:player:7aa0aebd379414d25f1fcdc396407f1,Team GO,oe:team:8d538207b9de9d20e1a525aae593515,Renata Glasc,Poppy,Ivern,Tristana,Yone,Sejuani,,,,,,2498,0,2,1,10,15,13,0.0,0.0,0.0,0.0,0.0,0.0,0.0,1.0,0.3603,0.6725,,,,,,,,,,,,,,,,,,,,,0.0,0.0,,,,,,,,0.0,0.0,6483.0,155.7166,0.0519342,296.6133,281.9376,114.0,2.7382,23.0,0.5524,25.0,182.0,4.3715,9485,4113,98.791,0.0897016,8975.0,,,30.0,30.0,0.0,,,0.7206,1973.0,2014.0,2.0,2273.0,2269.0,12.0,-300.0,-255.0,-10.0,0.0,0.0,1.0,0.0,1.0,0.0,2956.0,3632.0,4.0,3497.0,3161.0,19.0,-541.0,471.0,-15.0,0.0,2.0,1.0,0.0,1.0,1.0,4476.0,5286.0,11.0,4641.0,4537.0,21.0,-165.0,749.0,-10.0,1.0,2.0,1.0,0.0,2.0,1.0,5431.0,6250.0,13.0,5754.0,6310.0,24.0,-323.0,-60.0,-11.0,1.0,3.0,1.0,0.0,2.0,1.0
ESPORTSTMNT05_3241593,complete,,EM,2023,Summer,0,2023-08-29 15:02:36,1,13.15,6,Red,top,JNX,oe:player:4bb53c6fa9f5d75901136feb8bdf817,SK Gaming Prime,oe:team:aa8c3b781d96ddb7a24ab3240918988,Ornn,Taliyah,LeBlanc,Maokai,Ezreal,Kai'Sa,,,,,,2498,1,1,4,9,13,15,0.0,0.0,0.0,0.0,0.0,0.0,0.0,0.0,0.3122,0.6725,,,,,,,,,,,,,,,,,,,,,0.0,0.0,,,,,,,,0.0,0.0,11876.0,285.2522,0.125656,997.1337,1325.3082,24.0,0.5765,12.0,0.2882,10.0,57.0,1.3691,13219,7847,188.4788,0.155038,11950.0,,,232.0,228.0,4.0,,,5.5725,3246.0,5020.0,89.0,3943.0,5174.0,101.0,-697.0,-154.0,-12.0,0.0,0.0,0.0,0.0,0.0,0.0,4971.0,7881.0,142.0,6500.0,8057.0,152.0,-1529.0,-176.0,-10.0,0.0,1.0,1.0,1.0,2.0,1.0,6348.0,9663.0,164.0,8339.0,10411.0,196.0,-1991.0,-748.0,-32.0,0.0,3.0,1.0,1.0,2.0,1.0,7830.0,11961.0,189.0,9905.0,12769.0,226.0,-2075.0,-808.0,-37.0,0.0,3.0,2.0,1.0,3.0,1.0
ESPORTSTMNT05_3241593,complete,,EM,2023,Summer,0,2023-08-29 15:02:36,1,13.15,7,Red,jng,Lurox,oe:player:6fc5fe723eed4ba4c230292be365c66,SK Gaming Prime,oe:team:aa8c3b781d96ddb7a24ab3240918988,Nocturne,Taliyah,LeBlanc,Maokai,Ezreal,Kai'Sa,,,,,,2498,1,2,3,5,13,15,0.0,0.0,0.0,0.0,0.0,0.0,0.0,0.0,0.3122,0.6725,,,,,,,,,,,,,,,,,,,,,2.0,0.0,,,,,,,,0.0,0.0,7449.0,178.9191,0.0788154,762.0817,782.9303,13.0,0.3122,23.0,0.5524,11.0,71.0,1.7054,13959,8587,206.253,0.169658,12875.0,,,229.0,35.0,194.0,,,5.5004,3074.0,3266.0,65.0,3066.0,3119.0,59.0,8.0,147.0,6.0,0.0,0.0,0.0,0.0,0.0,0.0,4473.0,5321.0,99.0,4682.0,5318.0,87.0,-209.0,3.0,12.0,0.0,0.0,1.0,0.0,2.0,0.0,6257.0,7761.0,135.0,5883.0,7192.0,107.0,374.0,569.0,28.0,0.0,1.0,1.0,0.0,2.0,0.0,7785.0,10053.0,166.0,6938.0,8479.0,123.0,847.0,1574.0,43.0,0.0,1.0,1.0,0.0,3.0,0.0
ESPORTSTMNT05_3241593,complete,,EM,2023,Summer,0,2023-08-29 15:02:36,1,13.15,8,Red,mid,FEBIVEN,oe:player:d62421836c8b27dc3ffaffa058b8098,SK Gaming Prime,oe:team:aa8c3b781d96ddb7a24ab3240918988,Azir,Taliyah,LeBlanc,Maokai,Ezreal,Kai'Sa,,,,,,2498,1,3,3,7,13,15,1.0,0.0,0.0,0.0,0.0,0.0,0.0,0.0,0.3122,0.6725,,,,,,,,,,,,,,,,,,,,,0.0,0.0,,,,,,,,0.0,0.0,29446.0,707.2698,0.311558,599.2074,330.5524,11.0,0.2642,20.0,0.4804,5.0,57.0,1.3691,19082,13710,329.3034,0.27087,18410.0,,,390.0,382.0,8.0,,,9.3675,3403.0,4687.0,95.0,3228.0,4361.0,90.0,175.0,326.0,5.0,0.0,0.0,0.0,0.0,0.0,0.0,5305.0,7490.0,151.0,5669.0,7562.0,148.0,-364.0,-72.0,3.0,0.0,1.0,0.0,2.0,1.0,0.0,7393.0,10141.0,198.0,7500.0,9741.0,184.0,-107.0,400.0,14.0,0.0,2.0,1.0,2.0,2.0,1.0,9465.0,13152.0,241.0,9254.0,12437.0,235.0,211.0,715.0,6.0,0.0,2.0,1.0,2.0,3.0,1.0
ESPORTSTMNT05_3241593,complete,,EM,2023,Summer,0,2023-08-29 15:02:36,1,13.15,9,Red,bot,Keduii,oe:player:44189e6dc3089dbf9520de800fa705a,SK Gaming Prime,oe:team:aa8c3b781d96ddb7a24ab3240918988,Xayah,Taliyah,LeBlanc,Maokai,Ezreal,Kai'Sa,,,,,,2498,1,6,2,5,13,15,0.0,0.0,0.0,0.0,1.0,1.0,0.0,0.0,0.3122,0.6725,,,,,,,,,,,,,,,,,,,,,1.0,0.0,,,,,,,,1.0,0.0,36622.0,879.6317,0.387485,596.6613,268.6549,20.0,0.4804,30.0,0.7206,8.0,70.0,1.6813,20698,15326,368.1185,0.302797,18350.0,,,458.0,394.0,64.0,,,11.0008,3868.0,3746.0,91.0,3421.0,3819.0,95.0,447.0,-73.0,-4.0,1.0,0.0,0.0,0.0,0.0,0.0,6257.0,6444.0,146.0,5392.0,5825.0,143.0,865.0,619.0,3.0,2.0,0.0,0.0,0.0,2.0,0.0,8984.0,8699.0,194.0,7858.0,8398.0,196.0,1126.0,301.0,-2.0,4.0,0.0,1.0,1.0,3.0,1.0,11244.0,11950.0,253.0,10140.0,10371.0,250.0,1104.0,1579.0,3.0,4.0,0.0,1.0,2.0,3.0,1.0
ESPORTSTMNT05_3241593,complete,,EM,2023,Summer,0,2023-08-29 15:02:36,1,13.15,10,Red,sup,Prime,oe:player:e038414b765a8bda52e602f7eaeff04,SK Gaming Prime,oe:team:aa8c3b781d96ddb7a24ab3240918988,Alistar,Taliyah,LeBlanc,Maokai,Ezreal,Kai'Sa,,,,,,2498,1,1,3,10,13,15,0.0,0.0,0.0,0.0,1.0,0.0,1.0,0.0,0.3122,0.6725,,,,,,,,,,,,,,,,,,,,,0.0,0.0,,,,,,,,0.0,0.0,9119.0,219.0312,0.0964851,741.3771,1112.2578,87.0,2.0897,12.0,0.2882,26.0,154.0,3.699,10516,5144,123.5548,0.101637,8950.0,,,29.0,29.0,0.0,,,0.6966,2273.0,2269.0,12.0,1973.0,2014.0,2.0,300.0,255.0,10.0,0.0,1.0,0.0,0.0,0.0,1.0,3497.0,3161.0,19.0,2956.0,3632.0,4.0,541.0,-471.0,15.0,0.0,1.0,1.0,0.0,2.0,1.0,4641.0,4537.0,21.0,4476.0,5286.0,11.0,165.0,-749.0,10.0,0.0,2.0,1.0,1.0,2.0,1.0,5754.0,6310.0,24.0,5431.0,6250.0,13.0,323.0,60.0,11.0,0.0,2.0,1.0,1.0,3.0,1.0
ESPORTSTMNT05_3241593,complete,,EM,2023,Summer,0,2023-08-29 15:02:36,1,13.15,100,Blue,team,,,Team GO,oe:team:8d538207b9de9d20e1a525aae593515,,Poppy,Ivern,Tristana,Yone,Sejuani,Rell,Jayce,Rumble,Kalista,Renata Glasc,2498,0,15,13,42,15,13,2.0,0.0,0.0,0.0,0.0,,,,0.3603,0.6725,1.0,2.0,5.0,2.0,4.0,1.0,0.0,0.0,1.0,0.0,0.0,,0.0,1.0,1.0,1.0,1.0,,,0.0,0.0,3.0,0.0,6.0,9.0,0.0,0.0,3.0,3.0,0.0,1.0,124831.0,2998.3427,,2813.6589,2947.494,188.0,4.5156,61.0,1.4652,56.0,373.0,8.9592,72715,45857,1101.4492,,70300.0,-0.00333724,0.1,,1058.0,238.0,,,31.1289,15631.0,18487.0,347.0,15864.0,18988.0,352.0,-233.0,-501.0,-5.0,0.0,0.0,1.0,1.0,1.0,0.0,25199.0,30394.0,534.0,24503.0,30297.0,557.0,696.0,97.0,-23.0,3.0,9.0,2.0,2.0,3.0,3.0,34056.0,41028.0,694.0,33623.0,40801.0,712.0,433.0,227.0,-18.0,5.0,11.0,4.0,4.0,8.0,5.0,41668.0,50306.0,847.0,42078.0,53426.0,873.0,-410.0,-3120.0,-26.0,6.0,15.0,4.0,4.0,8.0,6.0
ESPORTSTMNT05_3241593,complete,,EM,2023,Summer,0,2023-08-29 15:02:36,1,13.15,200,Red,team,,,SK Gaming Prime,oe:team:aa8c3b781d96ddb7a24ab3240918988,,Taliyah,LeBlanc,Maokai,Ezreal,Kai'Sa,Alistar,Azir,Xayah,Ornn,Nocturne,2498,1,13,15,36,13,15,1.0,0.0,0.0,0.0,1.0,,,,0.3122,0.6725,0.0,5.0,2.0,4.0,2.0,0.0,0.0,0.0,3.0,0.0,1.0,,1.0,0.0,0.0,1.0,1.0,,,1.0,3.0,0.0,1.0,9.0,6.0,1.0,1.0,3.0,3.0,1.0,0.0,94512.0,2270.1041,,3696.4612,3819.7038,155.0,3.723,97.0,2.3299,60.0,409.0,9.8239,77474,50616,1215.7566,,70535.0,0.00333724,-0.1,,1068.0,270.0,,,32.1377,15864.0,18988.0,352.0,15631.0,18487.0,347.0,233.0,501.0,5.0,1.0,1.0,0.0,0.0,0.0,1.0,24503.0,30297.0,557.0,25199.0,30394.0,534.0,-696.0,-97.0,23.0,2.0,3.0,3.0,3.0,9.0,2.0,33623.0,40801.0,712.0,34056.0,41028.0,694.0,-433.0,-227.0,18.0,4.0,8.0,5.0,5.0,11.0,4.0,42078.0,53426.0,873.0,41668.0,50306.0,847.0,410.0,3120.0,26.0,4.0,8.0,6.0,6.0,15.0,4.0
ESPORTSTMNT05_3241597,complete,,EM,2023,Summer,0,2023-08-29 15:55:29,2,13.15,1,Blue,top,Cabochard,oe:player:010c1b0d37c2b7459b215dae7ffeeac,Karmine Corp,oe:team:f3aa9bbd924ce3af42ac53f8326bc7c,Sion,Tristana,Poppy,Rell,Trundle,Nocturne,,,,,,1402,1,2,0,12,23,6,0.0,0.0,0.0,0.0,0.0,0.0,0.0,0.0,0.9843,1.2411,,,,,,,,,,,,,,,,,,,,,0.0,0.0,,,,,,,,0.0,0.0,9982.0,427.1897,0.15603,641.1698,925.6776,11.0,0.4708,3.0,0.1284,3.0,25.0,1.0699,9665,6529,279.4151,0.17875,8975.0,,,168.0,164.0,4.0,,,7.1897,3126.0,4658.0,79.0,3555.0,4989.0,93.0,-429.0,-331.0,-14.0,0.0,0.0,0.0,0.0,0.0,0.0,5291.0,7643.0,128.0,6368.0,7981.0,146.0,-1077.0,-338.0,-18.0,1.0,1.0,0.0,2.0,0.0,1.0,7552.0,11181.0,142.0,8030.0,9325.0,169.0,-478.0,1856.0,-27.0,2.0,9.0,0.0,3.0,1.0,5.0,,,,,,,,,,,,,,,
ESPORTSTMNT05_3241597,complete,,EM,2023,Summer,0,2023-08-29 15:55:29,2,13.15,2,Blue,jng,Cinkrof,oe:player:6b3481654facc1e7fe3e312883ea8f3,Karmine Corp,oe:team:f3aa9bbd924ce3af42ac53f8326bc7c,Maokai,Tristana,Poppy,Rell,Trundle,Nocturne,,,,,,1402,1,2,2,13,23,6,0.0,0.0,0.0,0.0,0.0,0.0,0.0,1.0,0.9843,1.2411,,,,,,,,,,,,,,,,,,,,,1.0,0.0,,,,,,,,0.0,0.0,12286.0,525.7917,0.192044,1035.107,819.7147,12.0,0.5136,8.0,0.3424,7.0,43.0,1.8402,9170,6034,258.2311,0.165199,7125.0,,,128.0,13.0,115.0,,,5.4779,3096.0,3033.0,57.0,3454.0,3362.0,51.0,-358.0,-329.0,6.0,0.0,2.0,2.0,1.0,1.0,1.0,5057.0,5531.0,86.0,4944.0,5605.0,73.0,113.0,-74.0,13.0,1.0,4.0,2.0,1.0,3.0,1.0,7512.0,8806.0,109.0,6349.0,7679.0,100.0,1163.0,1127.0,9.0,2.0,10.0,2.0,1.0,4.0,2.0,,,,,,,,,,,,,,,
ESPORTSTMNT05_3241597,complete,,EM,2023,Summer,0,2023-08-29 15:55:29,2,13.15,3,Blue,mid,SAKEN,oe:player:1d43b8dc600eba61cd7dd2cd8d6baf6,Karmine Corp,oe:team:f3aa9bbd924ce3af42ac53f8326bc7c,Ahri,Tristana,Poppy,Rell,Trundle,Nocturne,,,,,,1402,1,4,1,10,23,6,1.0,0.0,0.0,0.0,0.0,0.0,0.0,0.0,0.9843,1.2411,,,,,,,,,,,,,,,,,,,,,0.0,0.0,,,,,,,,0.0,0.0,12700.0,543.5093,0.198515,473.709,283.7375,15.0,0.6419,7.0,0.2996,4.0,36.0,1.5407,10164,7028,300.7703,0.192411,8800.0,,,210.0,210.0,0.0,,,8.9872,3610.0,4904.0,86.0,3984.0,5136.0,94.0,-374.0,-232.0,-8.0,1.0,2.0,0.0,1.0,1.0,0.0,5851.0,8162.0,149.0,5959.0,7727.0,149.0,-108.0,435.0,0.0,2.0,3.0,0.0,1.0,1.0,1.0,7899.0,11080.0,195.0,8588.0,10211.0,190.0,-689.0,869.0,5.0,2.0,9.0,1.0,2.0,2.0,4.0,,,,,,,,,,,,,,,
ESPORTSTMNT05_3241597,complete,,EM,2023,Summer,0,2023-08-29 15:55:29,2,13.15,4,Blue,bot,Caliste,oe:player:e2af2b779499aa25ab9a9c10c9a5ffd,Karmine Corp,oe:team:f3aa9bbd924ce3af42ac53f8326bc7c,Nilah,Tristana,Poppy,Rell,Trundle,Nocturne,,,,,,1402,1,5,2,13,23,6,1.0,0.0,0.0,0.0,0.0,0.0,0.0,0.0,0.9843,1.2411,,,,,,,,,,,,,,,,,,,,,0.0,0.0,,,,,,,,0.0,0.0,11666.0,499.2582,0.182352,584.6362,311.2126,10.0,0.428,0.0,0.0,2.0,12.0,0.5136,11997,8861,379.2154,0.242592,9425.0,,,217.0,205.0,12.0,,,9.2867,3597.0,3943.0,86.0,3258.0,2842.0,79.0,339.0,1101.0,7.0,0.0,3.0,0.0,0.0,1.0,2.0,5541.0,6669.0,137.0,5641.0,5291.0,134.0,-100.0,1378.0,3.0,0.0,6.0,1.0,0.0,1.0,2.0,9622.0,10020.0,177.0,7838.0,8041.0,185.0,1784.0,1979.0,-8.0,4.0,12.0,2.0,0.0,3.0,3.0,,,,,,,,,,,,,,,
ESPORTSTMNT05_3241597,complete,,EM,2023,Summer,0,2023-08-29 15:55:29,2,13.15,5,Blue,sup,Targamas,oe:player:eaf899c6268995f9b1e40d1932c6888,Karmine Corp,oe:team:f3aa9bbd924ce3af42ac53f8326bc7c,Senna,Tristana,Poppy,Rell,Trundle,Nocturne,,,,,,1402,1,10,1,10,23,6,3.0,0.0,0.0,0.0,0.0,0.0,0.0,0.0,0.9843,1.2411,,,,,,,,,,,,,,,,,,,,,0.0,0.0,,,,,,,,1.0,0.0,17341.0,742.1255,0.271059,348.6591,188.9444,22.0,0.9415,10.0,0.428,4.0,61.0,2.6106,11210,8074,345.535,0.221047,8950.0,,,28.0,16.0,12.0,,,1.1983,3764.0,3862.0,8.0,2150.0,2905.0,13.0,1614.0,957.0,-5.0,3.0,1.0,0.0,0.0,1.0,1.0,5407.0,6319.0,13.0,3124.0,4418.0,20.0,2283.0,1901.0,-7.0,3.0,4.0,1.0,0.0,3.0,2.0,8875.0,9263.0,20.0,4211.0,5710.0,26.0,4664.0,3553.0,-6.0,9.0,8.0,1.0,0.0,4.0,5.0,,,,,,,,,,,,,,,
ESPORTSTMNT05_3241597,complete,,EM,2023,Summer,0,2023-08-29 15:55:29,2,13.15,6,Red,top,Destroy,oe:player:21846207612858fb49a468b43e56dd3,İstanbul Wildcats,oe:team:a65adb2808377018a2a7832eb2bd7f4,Rumble,LeBlanc,Azir,Ornn,Kalista,Xayah,,,,,,1402,0,3,6,1,6,23,1.0,0.0,0.0,0.0,0.0,0.0,0.0,0.0,0.2568,1.2411,,,,,,,,,,,,,,,,,,,,,0.0,0.0,,,,,,,,0.0,0.0,17485.0,748.2882,0.390264,790.0143,581.2981,10.0,0.428,3.0,0.1284,7.0,29.0,1.2411,9126,5990,256.3481,0.251603,9275.0,,,199.0,191.0,8.0,,,8.5164,3555.0,4989.0,93.0,3126.0,4658.0,79.0,429.0,331.0,14.0,0.0,0.0,0.0,0.0,0.0,0.0,6368.0,7981.0,146.0,5291.0,7643.0,128.0,1077.0,338.0,18.0,2.0,0.0,1.0,1.0,1.0,0.0,8030.0,9325.0,169.0,7552.0,11181.0,142.0,478.0,-1856.0,27.0,3.0,1.0,5.0,2.0,9.0,0.0,,,,,,,,,,,,,,,
ESPORTSTMNT05_3241597,complete,,EM,2023,Summer,0,2023-08-29 15:55:29,2,13.15,7,Red,jng,Ferret,oe:player:92b76c3a9967d6322741aa6d2ba4a2b,İstanbul Wildcats,oe:team:a65adb2808377018a2a7832eb2bd7f4,Sejuani,LeBlanc,Azir,Ornn,Kalista,Xayah,,,,,,1402,0,1,2,4,6,23,0.0,0.0,0.0,0.0,1.0,1.0,0.0,0.0,0.2568,1.2411,,,,,,,,,,,,,,,,,,,,,0.0,1.0,,,,,,,,0.0,0.0,5278.0,225.8773,0.117805,1011.0984,923.067,10.0,0.428,5.0,0.214,5.0,26.0,1.1127,7276,4140,177.1755,0.1739,6075.0,,,116.0,12.0,104.0,,,4.9643,3454.0,3362.0,51.0,3096.0,3033.0,57.0,358.0,329.0,-6.0,1.0,1.0,1.0,0.0,2.0,2.0,4944.0,5605.0,73.0,5057.0,5531.0,86.0,-113.0,74.0,-13.0,1.0,3.0,1.0,1.0,4.0,2.0,6349.0,7679.0,100.0,7512.0,8806.0,109.0,-1163.0,-1127.0,-9.0,1.0,4.0,2.0,2.0,10.0,2.0,,,,,,,,,,,,,,,
ESPORTSTMNT05_3241597,complete,,EM,2023,Summer,0,2023-08-29 15:55:29,2,13.15,8,Red,mid,Kofte,oe:player:db0cbdc72184ad44ab905be61fc0756,İstanbul Wildcats,oe:team:a65adb2808377018a2a7832eb2bd7f4,Neeko,LeBlanc,Azir,Ornn,Kalista,Xayah,,,,,,1402,0,2,5,2,6,23,0.0,0.0,0.0,0.0,1.0,0.0,1.0,0.0,0.2568,1.2411,,,,,,,,,,,,,,,,,,,,,0.0,0.0,,,,,,,,0.0,0.0,11469.0,490.8274,0.255987,622.8959,288.8302,9.0,0.3852,3.0,0.1284,5.0,14.0,0.5991,9206,6070,259.7718,0.254963,9025.0,,,202.0,202.0,0.0,,,8.6448,3984.0,5136.0,94.0,3610.0,4904.0,86.0,374.0,232.0,8.0,1.0,1.0,0.0,1.0,2.0,0.0,5959.0,7727.0,149.0,5851.0,8162.0,149.0,108.0,-435.0,0.0,1.0,1.0,1.0,2.0,3.0,0.0,8588.0,10211.0,190.0,7899.0,11080.0,195.0,689.0,-869.0,-5.0,2.0,2.0,4.0,2.0,9.0,1.0,,,,,,,,,,,,,,,
ESPORTSTMNT05_3241597,complete,,EM,2023,Summer,0,2023-08-29 15:55:29,2,13.15,9,Red,bot,BAO,oe:player:6c1d0c529e73fe4c8b9a5306867c4bf,İstanbul Wildcats,oe:team:a65adb2808377018a2a7832eb2bd7f4,Zeri,LeBlanc,Azir,Ornn,Kalista,Xayah,,,,,,1402,0,0,4,3,6,23,0.0,0.0,0.0,0.0,0.0,0.0,0.0,0.0,0.2568,1.2411,,,,,,,,,,,,,,,,,,,,,0.0,0.0,,,,,,,,0.0,0.0,8181.0,350.1141,0.182599,406.776,193.3951,11.0,0.4708,8.0,0.3424,2.0,22.0,0.9415,8942,5806,248.4736,0.243875,8950.0,,,215.0,215.0,0.0,,,9.2011,3258.0,2842.0,79.0,3597.0,3943.0,86.0,-339.0,-1101.0,-7.0,0.0,1.0,2.0,0.0,3.0,0.0,5641.0,5291.0,134.0,5541.0,6669.0,137.0,100.0,-1378.0,-3.0,0.0,1.0,2.0,0.0,6.0,1.0,7838.0,8041.0,185.0,9622.0,10020.0,177.0,-1784.0,-1979.0,8.0,0.0,3.0,3.0,4.0,12.0,2.0,,,,,,,,,,,,,,,
ESPORTSTMNT05_3241597,complete,,EM,2023,Summer,0,2023-08-29 15:55:29,2,13.15,10,Red,sup,Parus,oe:player:a9cfbc13e22eefdd22af7b346ce2af4,İstanbul Wildcats,oe:team:a65adb2808377018a2a7832eb2bd7f4,Alistar,LeBlanc,Azir,Ornn,Kalista,Xayah,,,,,,1402,0,0,6,4,6,23,0.0,0.0,0.0,0.0,0.0,0.0,0.0,0.0,0.2568,1.2411,,,,,,,,,,,,,,,,,,,,,0.0,0.0,,,,,,,,0.0,1.0,2390.0,102.2825,0.0533446,683.067,752.6961,27.0,1.1555,4.0,0.1712,10.0,55.0,2.3538,4937,1801,77.0756,0.0756584,4575.0,,,34.0,34.0,0.0,,,1.4551,2150.0,2905.0,13.0,3764.0,3862.0,8.0,-1614.0,-957.0,5.0,0.0,1.0,1.0,3.0,1.0,0.0,3124.0,4418.0,20.0,5407.0,6319.0,13.0,-2283.0,-1901.0,7.0,0.0,3.0,2.0,3.0,4.0,1.0,4211.0,5710.0,26.0,8875.0,9263.0,20.0,-4664.0,-3553.0,6.0,0.0,4.0,5.0,9.0,8.0,1.0,,,,,,,,,,,,,,,
ESPORTSTMNT05_3241597,complete,,EM,2023,Summer,0,2023-08-29 15:55:29,2,13.15,100,Blue,team,,,Karmine Corp,oe:team:f3aa9bbd924ce3af42ac53f8326bc7c,,Tristana,Poppy,Rell,Trundle,Nocturne,Maokai,Ahri,Sion,Nilah,Senna,1402,1,23,6,58,23,6,5.0,0.0,0.0,0.0,0.0,,,,0.9843,1.2411,1.0,3.0,0.0,3.0,0.0,1.0,0.0,1.0,0.0,1.0,0.0,,0.0,0.0,0.0,1.0,1.0,,,1.0,1.0,0.0,1.0,9.0,2.0,0.0,1.0,5.0,6.0,1.0,0.0,63975.0,2737.8745,,3083.281,2529.2867,70.0,2.9957,28.0,1.1983,20.0,177.0,7.5749,52206,36528,1563.2525,,43275.0,0.13243,2.18,,608.0,143.0,,,32.1398,17193.0,20400.0,316.0,16401.0,19234.0,330.0,792.0,1166.0,-14.0,4.0,8.0,2.0,2.0,4.0,4.0,27147.0,34324.0,513.0,26036.0,31022.0,522.0,1111.0,3302.0,-9.0,7.0,18.0,4.0,4.0,8.0,7.0,41460.0,50350.0,643.0,35016.0,40966.0,670.0,6444.0,9384.0,-27.0,19.0,48.0,6.0,6.0,14.0,19.0,,,,,,,,,,,,,,,
ESPORTSTMNT05_3241597,complete,,EM,2023,Summer,0,2023-08-29 15:55:29,2,13.15,200,Red,team,,,İstanbul Wildcats,oe:team:a65adb2808377018a2a7832eb2bd7f4,,LeBlanc,Azir,Ornn,Kalista,Xayah,Zeri,Rumble,Neeko,Alistar,Sejuani,1402,0,6,23,14,6,23,1.0,0.0,0.0,0.0,1.0,,,,0.2568,1.2411,0.0,0.0,3.0,0.0,3.0,0.0,0.0,0.0,0.0,0.0,0.0,,0.0,0.0,1.0,1.0,1.0,,,0.0,0.0,1.0,0.0,2.0,9.0,1.0,0.0,6.0,5.0,0.0,1.0,44803.0,1917.3894,,3513.8516,2739.2867,67.0,2.8673,23.0,0.9843,29.0,146.0,6.2482,39487,23809,1018.9301,,37900.0,-0.13243,-2.18,,654.0,112.0,,,32.7817,16401.0,19234.0,330.0,17193.0,20400.0,316.0,-792.0,-1166.0,14.0,2.0,4.0,4.0,4.0,8.0,2.0,26036.0,31022.0,522.0,27147.0,34324.0,513.0,-1111.0,-3302.0,9.0,4.0,8.0,7.0,7.0,18.0,4.0,35016.0,40966.0,670.0,41460.0,50350.0,643.0,-6444.0,-9384.0,27.0,6.0,14.0,19.0,19.0,48.0,6.0,,,,,,,,,,,,,,,
ESPORTSTMNT05_3239550,complete,,EM,2023,Summer,0,2023-08-29 16:09:01,2,13.15,1,Blue,top,Ragner,oe:player:c0f78343a2ad4ba1463245d53a3b440,Team GO,oe:team:8d538207b9de9d20e1a525aae593515,Gnar,Poppy,Ivern,Tristana,Ornn,Renekton,,,,,,2253,0,1,4,6,10,13,0.0,0.0,0.0,0.0,0.0,0.0,0.0,0.0,0.2663,0.6125,,,,,,,,,,,,,,,,,,,,,0.0,0.0,,,,,,,,0.0,0.0,14866.0,395.8988,0.171887,687.004,754.0346,16.0,0.4261,17.0,0.4527,5.0,53.0,1.4115,15128,10256,273.1292,0.254187,14808.0,,,354.0,324.0,30.0,,,9.4274,3252.0,5051.0,88.0,3265.0,4818.0,89.0,-13.0,233.0,-1.0,0.0,0.0,0.0,0.0,0.0,0.0,5638.0,8303.0,151.0,5231.0,7930.0,153.0,407.0,373.0,-2.0,0.0,0.0,0.0,0.0,0.0,0.0,7863.0,10787.0,193.0,7176.0,10874.0,212.0,687.0,-87.0,-19.0,1.0,2.0,0.0,0.0,0.0,0.0,9769.0,13419.0,243.0,8810.0,13420.0,245.0,959.0,-1.0,-2.0,1.0,3.0,1.0,0.0,4.0,1.0
ESPORTSTMNT05_3239550,complete,,EM,2023,Summer,0,2023-08-29 16:09:01,2,13.15,2,Blue,jng,Lyncas,oe:player:ca9701f085966dfca32e31b1b1e9d55,Team GO,oe:team:8d538207b9de9d20e1a525aae593515,Sejuani,Poppy,Ivern,Tristana,Ornn,Renekton,,,,,,2253,0,2,2,5,10,13,0.0,0.0,0.0,0.0,1.0,1.0,0.0,0.0,0.2663,0.6125,,,,,,,,,,,,,,,,,,,,,0.0,0.0,,,,,,,,0.0,0.0,8100.0,215.7124,0.0936557,741.5446,1175.8455,19.0,0.506,24.0,0.6391,18.0,65.0,1.731,11262,6390,170.1731,0.158374,10850.0,,,181.0,42.0,139.0,,,4.8202,3820.0,3625.0,65.0,3042.0,3439.0,62.0,778.0,186.0,3.0,1.0,2.0,0.0,0.0,1.0,0.0,5408.0,4891.0,90.0,4518.0,5584.0,98.0,890.0,-693.0,-8.0,1.0,2.0,0.0,0.0,1.0,0.0,7402.0,7650.0,122.0,5768.0,7432.0,122.0,1634.0,218.0,0.0,2.0,4.0,0.0,0.0,1.0,1.0,8490.0,8951.0,141.0,8197.0,8868.0,136.0,293.0,83.0,5.0,2.0,5.0,0.0,2.0,3.0,1.0
ESPORTSTMNT05_3239550,complete,,EM,2023,Summer,0,2023-08-29 16:09:01,2,13.15,3,Blue,mid,Toucouille,oe:player:525ac233cf71bc36a611e27a324144f,Team GO,oe:team:8d538207b9de9d20e1a525aae593515,Jayce,Poppy,Ivern,Tristana,Ornn,Renekton,,,,,,2253,0,0,2,2,10,13,0.0,0.0,0.0,0.0,0.0,0.0,0.0,0.0,0.2663,0.6125,,,,,,,,,,,,,,,,,,,,,0.0,0.0,,,,,,,,0.0,2.0,22581.0,601.3582,0.261091,297.6565,208.1225,17.0,0.4527,6.0,0.1598,7.0,32.0,0.8522,13185,8313,221.3848,0.206032,12850.0,,,316.0,308.0,8.0,,,8.4154,3321.0,4762.0,91.0,3289.0,4394.0,90.0,32.0,368.0,1.0,0.0,0.0,0.0,0.0,0.0,0.0,5244.0,7798.0,153.0,5187.0,7292.0,148.0,57.0,506.0,5.0,0.0,0.0,0.0,0.0,0.0,0.0,7490.0,10188.0,197.0,7220.0,10605.0,217.0,270.0,-417.0,-20.0,0.0,1.0,0.0,0.0,0.0,0.0,9558.0,12544.0,244.0,9691.0,13377.0,264.0,-133.0,-833.0,-20.0,0.0,2.0,1.0,1.0,3.0,0.0
ESPORTSTMNT05_3239550,complete,,EM,2023,Summer,0,2023-08-29 16:09:01,2,13.15,4,Blue,bot,Jezu,oe:player:4817d93e8f26002377aec42233b3fc2,Team GO,oe:team:8d538207b9de9d20e1a525aae593515,Kai'Sa,Poppy,Ivern,Tristana,Ornn,Renekton,,,,,,2253,0,7,2,3,10,13,1.0,0.0,0.0,0.0,1.0,0.0,1.0,0.0,0.2663,0.6125,,,,,,,,,,,,,,,,,,,,,0.0,2.0,,,,,,,,0.0,1.0,37391.0,995.7656,0.432331,430.6791,270.1997,20.0,0.5326,16.0,0.4261,8.0,49.0,1.3049,17272,12400,330.2264,0.307323,16000.0,,,374.0,365.0,9.0,,,9.9601,3953.0,3079.0,80.0,3985.0,3648.0,96.0,-32.0,-569.0,-16.0,2.0,1.0,0.0,1.0,0.0,1.0,5830.0,5612.0,141.0,5798.0,6287.0,158.0,32.0,-675.0,-17.0,2.0,1.0,0.0,1.0,0.0,1.0,8585.0,8738.0,205.0,7500.0,8272.0,207.0,1085.0,466.0,-2.0,3.0,3.0,0.0,1.0,0.0,2.0,10637.0,11147.0,248.0,10316.0,11387.0,266.0,321.0,-240.0,-18.0,4.0,3.0,1.0,2.0,3.0,2.0
ESPORTSTMNT05_3239550,complete,,EM,2023,Summer,0,2023-08-29 16:09:01,2,13.15,5,Blue,sup,kamilius,oe:player:7aa0aebd379414d25f1fcdc396407f1,Team GO,oe:team:8d538207b9de9d20e1a525aae593515,Rell,Poppy,Ivern,Tristana,Ornn,Renekton,,,,,,2253,0,0,3,10,10,13,0.0,0.0,0.0,0.0,1.0,0.0,1.0,0.0,0.2663,0.6125,,,,,,,,,,,,,,,,,,,,,0.0,0.0,,,,,,,,0.0,0.0,3549.0,94.514,0.0410351,265.9654,346.4181,76.0,2.024,25.0,0.6658,23.0,140.0,3.7284,7861,2989,79.6005,0.0740849,7675.0,,,48.0,48.0,0.0,,,1.2783,2310.0,2672.0,14.0,2140.0,2168.0,12.0,170.0,504.0,2.0,0.0,3.0,1.0,0.0,1.0,2.0,3246.0,3314.0,22.0,3185.0,3659.0,20.0,61.0,-345.0,2.0,0.0,3.0,1.0,0.0,1.0,2.0,4384.0,4388.0,30.0,4082.0,4481.0,24.0,302.0,-93.0,6.0,0.0,6.0,1.0,0.0,1.0,3.0,5463.0,5903.0,40.0,5184.0,5920.0,27.0,279.0,-17.0,13.0,0.0,7.0,2.0,0.0,5.0,3.0
ESPORTSTMNT05_3239550,complete,,EM,2023,Summer,0,2023-08-29 16:09:01,2,13.15,6,Red,top,JNX,oe:player:4bb53c6fa9f5d75901136feb8bdf817,SK Gaming Prime,oe:team:aa8c3b781d96ddb7a24ab3240918988,K'Sante,Taliyah,LeBlanc,Maokai,Jax,Rumble,,,,,,2253,1,2,1,7,13,10,0.0,0.0,0.0,0.0,0.0,0.0,0.0,0.0,0.3462,0.6125,,,,,,,,,,,,,,,,,,,,,0.0,0.0,,,,,,,,0.0,0.0,11154.0,297.0439,0.18507,657.5233,1054.221,19.0,0.506,3.0,0.0799,7.0,41.0,1.0919,13638,8766,233.4487,0.183202,12125.0,,,284.0,271.0,13.0,,,7.5632,3265.0,4818.0,89.0,3252.0,5051.0,88.0,13.0,-233.0,1.0,0.0,0.0,0.0,0.0,0.0,0.0,5231.0,7930.0,153.0,5638.0,8303.0,151.0,-407.0,-373.0,2.0,0.0,0.0,0.0,0.0,0.0,0.0,7176.0,10874.0,212.0,7863.0,10787.0,193.0,-687.0,87.0,19.0,0.0,0.0,0.0,1.0,2.0,0.0,8810.0,13420.0,245.0,9769.0,13419.0,243.0,-959.0,1.0,2.0,0.0,4.0,1.0,1.0,3.0,1.0
ESPORTSTMNT05_3239550,complete,,EM,2023,Summer,0,2023-08-29 16:09:01,2,13.15,7,Red,jng,Lurox,oe:player:6fc5fe723eed4ba4c230292be365c66,SK Gaming Prime,oe:team:aa8c3b781d96ddb7a24ab3240918988,Nocturne,Taliyah,LeBlanc,Maokai,Jax,Rumble,,,,,,2253,1,3,2,5,13,10,1.0,0.0,0.0,0.0,0.0,0.0,0.0,0.0,0.3462,0.6125,,,,,,,,,,,,,,,,,,,,,0.0,0.0,,,,,,,,0.0,0.0,8995.0,239.5473,0.149248,720.4261,697.5766,52.0,1.3848,27.0,0.719,18.0,121.0,3.2224,12947,8075,215.0466,0.168761,12350.0,,,194.0,59.0,135.0,,,5.1664,3042.0,3439.0,62.0,3820.0,3625.0,65.0,-778.0,-186.0,-3.0,0.0,1.0,0.0,1.0,2.0,0.0,4518.0,5584.0,98.0,5408.0,4891.0,90.0,-890.0,693.0,8.0,0.0,1.0,0.0,1.0,2.0,0.0,5768.0,7432.0,122.0,7402.0,7650.0,122.0,-1634.0,-218.0,0.0,0.0,1.0,1.0,2.0,4.0,0.0,8197.0,8868.0,136.0,8490.0,8951.0,141.0,-293.0,-83.0,-5.0,2.0,3.0,1.0,2.0,5.0,0.0
ESPORTSTMNT05_3239550,complete,,EM,2023,Summer,0,2023-08-29 16:09:01,2,13.15,8,Red,mid,FEBIVEN,oe:player:d62421836c8b27dc3ffaffa058b8098,SK Gaming Prime,oe:team:aa8c3b781d96ddb7a24ab3240918988,Azir,Taliyah,LeBlanc,Maokai,Jax,Rumble,,,,,,2253,1,1,1,10,13,10,0.0,0.0,0.0,0.0,0.0,0.0,0.0,0.0,0.3462,0.6125,,,,,,,,,,,,,,,,,,,,,0.0,0.0,,,,,,,,2.0,0.0,19236.0,512.277,0.319169,442.024,309.9068,19.0,0.506,14.0,0.3728,5.0,57.0,1.518,16850,11978,318.988,0.250328,15225.0,,,377.0,357.0,20.0,,,10.0399,3289.0,4394.0,90.0,3321.0,4762.0,91.0,-32.0,-368.0,-1.0,0.0,0.0,0.0,0.0,0.0,0.0,5187.0,7292.0,148.0,5244.0,7798.0,153.0,-57.0,-506.0,-5.0,0.0,0.0,0.0,0.0,0.0,0.0,7220.0,10605.0,217.0,7490.0,10188.0,197.0,-270.0,417.0,20.0,0.0,0.0,0.0,0.0,1.0,0.0,9691.0,13377.0,264.0,9558.0,12544.0,244.0,133.0,833.0,20.0,1.0,3.0,0.0,0.0,2.0,1.0
ESPORTSTMNT05_3239550,complete,,EM,2023,Summer,0,2023-08-29 16:09:01,2,13.15,9,Red,bot,Keduii,oe:player:44189e6dc3089dbf9520de800fa705a,SK Gaming Prime,oe:team:aa8c3b781d96ddb7a24ab3240918988,Kalista,Taliyah,LeBlanc,Maokai,Jax,Rumble,,,,,,2253,1,7,2,5,13,10,1.0,0.0,0.0,0.0,0.0,0.0,0.0,0.0,0.3462,0.6125,,,,,,,,,,,,,,,,,,,,,2.0,0.0,,,,,,,,1.0,0.0,16723.0,445.3529,0.277473,714.5672,413.715,15.0,0.3995,22.0,0.5859,5.0,73.0,1.9441,19931,15059,401.0386,0.314716,16675.0,,,430.0,358.0,72.0,,,11.4514,3985.0,3648.0,96.0,3953.0,3079.0,80.0,32.0,569.0,16.0,1.0,0.0,1.0,2.0,1.0,0.0,5798.0,6287.0,158.0,5830.0,5612.0,141.0,-32.0,675.0,17.0,1.0,0.0,1.0,2.0,1.0,0.0,7500.0,8272.0,207.0,8585.0,8738.0,205.0,-1085.0,-466.0,2.0,1.0,0.0,2.0,3.0,3.0,0.0,10316.0,11387.0,266.0,10637.0,11147.0,248.0,-321.0,240.0,18.0,2.0,3.0,2.0,4.0,3.0,1.0
ESPORTSTMNT05_3239550,complete,,EM,2023,Summer,0,2023-08-29 16:09:01,2,13.15,10,Red,sup,Prime,oe:player:e038414b765a8bda52e602f7eaeff04,SK Gaming Prime,oe:team:aa8c3b781d96ddb7a24ab3240918988,Alistar,Taliyah,LeBlanc,Maokai,Jax,Rumble,,,,,,2253,1,0,4,11,13,10,0.0,0.0,0.0,0.0,0.0,0.0,0.0,1.0,0.3462,0.6125,,,,,,,,,,,,,,,,,,,,,0.0,0.0,,,,,,,,0.0,0.0,4161.0,110.8123,0.0690405,644.5007,520.4261,76.0,2.024,9.0,0.2397,24.0,122.0,3.249,8843,3971,105.7523,0.0829937,8200.0,,,29.0,29.0,0.0,,,0.7723,2140.0,2168.0,12.0,2310.0,2672.0,14.0,-170.0,-504.0,-2.0,0.0,1.0,2.0,0.0,3.0,1.0,3185.0,3659.0,20.0,3246.0,3314.0,22.0,-61.0,345.0,-2.0,0.0,1.0,2.0,0.0,3.0,1.0,4082.0,4481.0,24.0,4384.0,4388.0,30.0,-302.0,93.0,-6.0,0.0,1.0,3.0,0.0,6.0,1.0,5184.0,5920.0,27.0,5463.0,5903.0,40.0,-279.0,17.0,-13.0,0.0,5.0,3.0,0.0,7.0,2.0
ESPORTSTMNT05_3239550,complete,,EM,2023,Summer,0,2023-08-29 16:09:01,2,13.15,100,Blue,team,,,Team GO,oe:team:8d538207b9de9d20e1a525aae593515,,Poppy,Ivern,Tristana,Ornn,Renekton,Rell,Kai'Sa,Jayce,Sejuani,Gnar,2253,0,10,13,26,10,13,1.0,0.0,0.0,0.0,1.0,,,,0.2663,0.6125,0.0,2.0,4.0,2.0,4.0,0.0,0.0,0.0,2.0,0.0,0.0,,0.0,0.0,1.0,2.0,0.0,,,0.0,0.0,2.0,1.0,5.0,11.0,1.0,1.0,2.0,2.0,0.0,3.0,86487.0,2303.249,,2422.8495,2754.6205,148.0,3.9414,88.0,2.3435,61.0,339.0,9.028,64708,40349,1074.5406,,62183.0,-0.0377412,0.49,,1087.0,186.0,,,33.9015,16656.0,19189.0,338.0,15721.0,18467.0,349.0,935.0,722.0,-11.0,3.0,6.0,1.0,1.0,2.0,3.0,25366.0,29918.0,557.0,23919.0,30752.0,577.0,1447.0,-834.0,-20.0,3.0,6.0,1.0,1.0,2.0,3.0,35724.0,41751.0,747.0,31746.0,41664.0,782.0,3978.0,87.0,-35.0,6.0,16.0,1.0,1.0,2.0,6.0,43917.0,51964.0,916.0,42198.0,52972.0,938.0,1719.0,-1008.0,-22.0,7.0,20.0,5.0,5.0,18.0,7.0
ESPORTSTMNT05_3239550,complete,,EM,2023,Summer,0,2023-08-29 16:09:01,2,13.15,200,Red,team,,,SK Gaming Prime,oe:team:aa8c3b781d96ddb7a24ab3240918988,,Taliyah,LeBlanc,Maokai,Jax,Rumble,Alistar,Azir,Kalista,K'Sante,Nocturne,2253,1,13,10,38,13,10,2.0,0.0,0.0,0.0,0.0,,,,0.3462,0.6125,1.0,4.0,2.0,4.0,2.0,0.0,0.0,0.0,2.0,1.0,1.0,,0.0,0.0,0.0,0.0,2.0,,,1.0,2.0,0.0,0.0,11.0,5.0,0.0,0.0,2.0,2.0,3.0,0.0,60269.0,1605.0333,,3179.0413,2995.8455,181.0,4.8202,75.0,1.9973,59.0,414.0,11.0253,72209,47850,1274.3009,,64575.0,0.0377412,-0.49,,1074.0,240.0,,,34.9933,15721.0,18467.0,349.0,16656.0,19189.0,338.0,-935.0,-722.0,11.0,1.0,2.0,3.0,3.0,6.0,1.0,23919.0,30752.0,577.0,25366.0,29918.0,557.0,-1447.0,834.0,20.0,1.0,2.0,3.0,3.0,6.0,1.0,31746.0,41664.0,782.0,35724.0,41751.0,747.0,-3978.0,-87.0,35.0,1.0,2.0,6.0,6.0,16.0,1.0,42198.0,52972.0,938.0,43917.0,51964.0,916.0,-1719.0,1008.0,22.0,5.0,18.0,7.0,7.0,20.0,5.0
ESPORTSTMNT05_3239552,complete,,EM,2023,Summer,0,2023-08-29 16:45:24,3,13.15,1,Blue,top,Destroy,oe:player:21846207612858fb49a468b43e56dd3,İstanbul Wildcats,oe:team:a65adb2808377018a2a7832eb2bd7f4,Rumble,LeBlanc,Rakan,Zeri,Renekton,Alistar,,,,,,1975,0,3,3,2,7,12,0.0,0.0,0.0,0.0,0.0,0.0,0.0,0.0,0.2127,0.5772,,,,,,,,,,,,,,,,,,,,,0.0,0.0,,,,,,,,0.0,1.0,27662.0,840.3646,0.360633,637.1848,584.2329,13.0,0.3949,8.0,0.243,10.0,35.0,1.0633,12734,8429,256.0709,0.247698,12785.0,,,276.0,260.0,16.0,,,8.3848,3588.0,5174.0,95.0,2986.0,4806.0,75.0,602.0,368.0,20.0,0.0,0.0,0.0,0.0,0.0,0.0,5634.0,8179.0,153.0,4756.0,7734.0,128.0,878.0,445.0,25.0,0.0,0.0,0.0,0.0,0.0,0.0,7917.0,10435.0,191.0,6376.0,10101.0,152.0,1541.0,334.0,39.0,2.0,1.0,2.0,1.0,1.0,1.0,9807.0,12814.0,223.0,7882.0,12249.0,170.0,1925.0,565.0,53.0,3.0,2.0,2.0,1.0,3.0,1.0
ESPORTSTMNT05_3239552,complete,,EM,2023,Summer,0,2023-08-29 16:45:24,3,13.15,2,Blue,jng,Ferret,oe:player:92b76c3a9967d6322741aa6d2ba4a2b,İstanbul Wildcats,oe:team:a65adb2808377018a2a7832eb2bd7f4,Trundle,LeBlanc,Rakan,Zeri,Renekton,Alistar,,,,,,1975,0,1,2,4,7,12,0.0,0.0,0.0,0.0,1.0,1.0,0.0,0.0,0.2127,0.5772,,,,,,,,,,,,,,,,,,,,,0.0,2.0,,,,,,,,0.0,0.0,6340.0,192.6076,0.0826554,1023.9494,1072.1316,17.0,0.5165,15.0,0.4557,15.0,63.0,1.9139,10482,6177,187.6557,0.181523,10275.0,,,159.0,26.0,133.0,,,4.8304,3491.0,3419.0,55.0,2622.0,2766.0,50.0,869.0,653.0,5.0,1.0,0.0,0.0,0.0,0.0,1.0,4822.0,5037.0,79.0,3948.0,4912.0,80.0,874.0,125.0,-1.0,1.0,0.0,0.0,0.0,0.0,1.0,6727.0,7728.0,109.0,5204.0,6802.0,97.0,1523.0,926.0,12.0,1.0,2.0,0.0,0.0,1.0,2.0,8255.0,9944.0,132.0,6750.0,9280.0,115.0,1505.0,664.0,17.0,1.0,3.0,1.0,0.0,2.0,2.0
ESPORTSTMNT05_3239552,complete,,EM,2023,Summer,0,2023-08-29 16:45:24,3,13.15,3,Blue,mid,Kofte,oe:player:db0cbdc72184ad44ab905be61fc0756,İstanbul Wildcats,oe:team:a65adb2808377018a2a7832eb2bd7f4,Azir,LeBlanc,Rakan,Zeri,Renekton,Alistar,,,,,,1975,0,0,3,2,7,12,0.0,0.0,0.0,0.0,0.0,0.0,0.0,0.0,0.2127,0.5772,,,,,,,,,,,,,,,,,,,,,0.0,0.0,,,,,,,,0.0,0.0,14578.0,442.8759,0.190055,524.1418,336.9418,18.0,0.5468,11.0,0.3342,7.0,58.0,1.762,11540,7235,219.7975,0.212612,11125.0,,,267.0,263.0,4.0,,,8.1114,3368.0,4510.0,83.0,3203.0,4484.0,88.0,165.0,26.0,-5.0,0.0,0.0,0.0,0.0,0.0,0.0,5180.0,7373.0,137.0,5102.0,7647.0,150.0,78.0,-274.0,-13.0,0.0,0.0,0.0,0.0,0.0,0.0,7508.0,10466.0,186.0,7463.0,10860.0,205.0,45.0,-394.0,-19.0,0.0,2.0,0.0,1.0,1.0,1.0,8906.0,12066.0,209.0,9537.0,13531.0,237.0,-631.0,-1465.0,-28.0,0.0,2.0,0.0,2.0,1.0,2.0
ESPORTSTMNT05_3239552,complete,,EM,2023,Summer,0,2023-08-29 16:45:24,3,13.15,4,Blue,bot,BAO,oe:player:6c1d0c529e73fe4c8b9a5306867c4bf,İstanbul Wildcats,oe:team:a65adb2808377018a2a7832eb2bd7f4,Xayah,LeBlanc,Rakan,Zeri,Renekton,Alistar,,,,,,1975,0,3,1,1,7,12,0.0,0.0,0.0,0.0,0.0,0.0,0.0,0.0,0.2127,0.5772,,,,,,,,,,,,,,,,,,,,,0.0,0.0,,,,,,,,0.0,0.0,24993.0,759.281,0.325837,536.5975,314.0354,18.0,0.5468,13.0,0.3949,6.0,48.0,1.4582,13995,9690,294.3797,0.284752,13800.0,,,332.0,285.0,47.0,,,10.0861,3099.0,3535.0,79.0,3239.0,3673.0,89.0,-140.0,-138.0,-10.0,0.0,0.0,0.0,0.0,0.0,0.0,5655.0,6197.0,143.0,5433.0,6246.0,150.0,222.0,-49.0,-7.0,0.0,0.0,0.0,0.0,0.0,0.0,8086.0,8726.0,198.0,7533.0,8037.0,192.0,553.0,689.0,6.0,1.0,1.0,0.0,0.0,0.0,0.0,10639.0,11084.0,263.0,10426.0,11263.0,249.0,213.0,-179.0,14.0,2.0,1.0,0.0,1.0,1.0,0.0
ESPORTSTMNT05_3239552,complete,,EM,2023,Summer,0,2023-08-29 16:45:24,3,13.15,5,Blue,sup,Parus,oe:player:a9cfbc13e22eefdd22af7b346ce2af4,İstanbul Wildcats,oe:team:a65adb2808377018a2a7832eb2bd7f4,Milio,LeBlanc,Rakan,Zeri,Renekton,Alistar,,,,,,1975,0,0,3,5,7,12,0.0,0.0,0.0,0.0,1.0,0.0,1.0,0.0,0.2127,0.5772,,,,,,,,,,,,,,,,,,,,,0.0,0.0,,,,,,,,0.0,0.0,3131.0,95.119,0.0408193,447.6456,222.8051,46.0,1.3975,6.0,0.1823,12.0,86.0,2.6127,6803,2498,75.8886,0.0734154,6500.0,,,7.0,7.0,0.0,,,0.2127,2335.0,2478.0,2.0,2071.0,2159.0,14.0,264.0,319.0,-12.0,0.0,1.0,0.0,0.0,0.0,0.0,3097.0,3450.0,2.0,3082.0,3129.0,22.0,15.0,321.0,-20.0,0.0,1.0,0.0,0.0,0.0,0.0,4239.0,4829.0,2.0,4134.0,4316.0,30.0,105.0,513.0,-28.0,0.0,3.0,0.0,0.0,0.0,0.0,5150.0,6585.0,4.0,5430.0,6451.0,34.0,-280.0,134.0,-30.0,0.0,4.0,1.0,0.0,1.0,1.0
ESPORTSTMNT05_3239552,complete,,EM,2023,Summer,0,2023-08-29 16:45:24,3,13.15,6,Red,top,Cabochard,oe:player:010c1b0d37c2b7459b215dae7ffeeac,Karmine Corp,oe:team:f3aa9bbd924ce3af42ac53f8326bc7c,Ornn,Tristana,Rell,Maokai,Nautilus,Aatrox,,,,,,1975,1,2,1,6,12,7,0.0,0.0,0.0,0.0,0.0,0.0,0.0,0.0,0.3646,0.5772,,,,,,,,,,,,,,,,,,,,,0.0,0.0,,,,,,,,1.0,0.0,7895.0,239.8481,0.0998925,727.7468,861.5696,13.0,0.3949,3.0,0.0911,6.0,30.0,0.9114,10568,6263,190.2684,0.170535,9550.0,,,190.0,190.0,0.0,,,5.7722,2986.0,4806.0,75.0,3588.0,5174.0,95.0,-602.0,-368.0,-20.0,0.0,0.0,0.0,0.0,0.0,0.0,4756.0,7734.0,128.0,5634.0,8179.0,153.0,-878.0,-445.0,-25.0,0.0,0.0,0.0,0.0,0.0,0.0,6376.0,10101.0,152.0,7917.0,10435.0,191.0,-1541.0,-334.0,-39.0,1.0,1.0,1.0,2.0,1.0,2.0,7882.0,12249.0,170.0,9807.0,12814.0,223.0,-1925.0,-565.0,-53.0,1.0,3.0,1.0,3.0,2.0,2.0
ESPORTSTMNT05_3239552,complete,,EM,2023,Summer,0,2023-08-29 16:45:24,3,13.15,7,Red,jng,Cinkrof,oe:player:6b3481654facc1e7fe3e312883ea8f3,Karmine Corp,oe:team:f3aa9bbd924ce3af42ac53f8326bc7c,Poppy,Tristana,Rell,Maokai,Nautilus,Aatrox,,,,,,1975,1,2,3,3,12,7,0.0,0.0,0.0,0.0,0.0,0.0,0.0,1.0,0.3646,0.5772,,,,,,,,,,,,,,,,,,,,,2.0,0.0,,,,,,,,0.0,0.0,10186.0,309.4481,0.12888,922.8152,1116.5165,14.0,0.4253,15.0,0.4557,11.0,53.0,1.6101,9825,5520,167.6962,0.150305,8725.0,,,148.0,20.0,128.0,,,4.4962,2622.0,2766.0,50.0,3491.0,3419.0,55.0,-869.0,-653.0,-5.0,0.0,0.0,1.0,1.0,0.0,0.0,3948.0,4912.0,80.0,4822.0,5037.0,79.0,-874.0,-125.0,1.0,0.0,0.0,1.0,1.0,0.0,0.0,5204.0,6802.0,97.0,6727.0,7728.0,109.0,-1523.0,-926.0,-12.0,0.0,1.0,2.0,1.0,2.0,0.0,6750.0,9280.0,115.0,8255.0,9944.0,132.0,-1505.0,-664.0,-17.0,0.0,2.0,2.0,1.0,3.0,1.0
ESPORTSTMNT05_3239552,complete,,EM,2023,Summer,0,2023-08-29 16:45:24,3,13.15,8,Red,mid,SAKEN,oe:player:1d43b8dc600eba61cd7dd2cd8d6baf6,Karmine Corp,oe:team:f3aa9bbd924ce3af42ac53f8326bc7c,Taliyah,Tristana,Rell,Maokai,Nautilus,Aatrox,,,,,,1975,1,4,2,4,12,7,0.0,0.0,0.0,0.0,0.0,0.0,0.0,0.0,0.3646,0.5772,,,,,,,,,,,,,,,,,,,,,0.0,0.0,,,,,,,,0.0,0.0,22441.0,681.7519,0.283937,522.1367,292.2835,19.0,0.5772,6.0,0.1823,8.0,42.0,1.2759,14171,9866,299.7266,0.268634,12575.0,,,300.0,296.0,4.0,,,9.1139,3203.0,4484.0,88.0,3368.0,4510.0,83.0,-165.0,-26.0,5.0,0.0,0.0,0.0,0.0,0.0,0.0,5102.0,7647.0,150.0,5180.0,7373.0,137.0,-78.0,274.0,13.0,0.0,0.0,0.0,0.0,0.0,0.0,7463.0,10860.0,205.0,7508.0,10466.0,186.0,-45.0,394.0,19.0,1.0,1.0,1.0,0.0,2.0,0.0,9537.0,13531.0,237.0,8906.0,12066.0,209.0,631.0,1465.0,28.0,2.0,1.0,2.0,0.0,2.0,0.0
ESPORTSTMNT05_3239552,complete,,EM,2023,Summer,0,2023-08-29 16:45:24,3,13.15,9,Red,bot,Caliste,oe:player:e2af2b779499aa25ab9a9c10c9a5ffd,Karmine Corp,oe:team:f3aa9bbd924ce3af42ac53f8326bc7c,Ezreal,Tristana,Rell,Maokai,Nautilus,Aatrox,,,,,,1975,1,4,0,5,12,7,1.0,0.0,0.0,0.0,0.0,0.0,0.0,0.0,0.3646,0.5772,,,,,,,,,,,,,,,,,,,,,0.0,0.0,,,,,,,,0.0,0.0,33107.0,1005.7823,0.41889,540.2127,302.8861,14.0,0.4253,17.0,0.5165,3.0,45.0,1.3671,15914,11609,352.6785,0.316091,13358.0,,,334.0,322.0,12.0,,,10.1468,3239.0,3673.0,89.0,3099.0,3535.0,79.0,140.0,138.0,10.0,0.0,0.0,0.0,0.0,0.0,0.0,5433.0,6246.0,150.0,5655.0,6197.0,143.0,-222.0,49.0,7.0,0.0,0.0,0.0,0.0,0.0,0.0,7533.0,8037.0,192.0,8086.0,8726.0,198.0,-553.0,-689.0,-6.0,0.0,0.0,0.0,1.0,1.0,0.0,10426.0,11263.0,249.0,10639.0,11084.0,263.0,-213.0,179.0,-14.0,1.0,1.0,0.0,2.0,1.0,0.0
ESPORTSTMNT05_3239552,complete,,EM,2023,Summer,0,2023-08-29 16:45:24,3,13.15,10,Red,sup,Targamas,oe:player:eaf899c6268995f9b1e40d1932c6888,Karmine Corp,oe:team:f3aa9bbd924ce3af42ac53f8326bc7c,Braum,Tristana,Rell,Maokai,Nautilus,Aatrox,,,,,,1975,1,0,1,6,12,7,0.0,0.0,0.0,0.0,0.0,0.0,0.0,0.0,0.3646,0.5772,,,,,,,,,,,,,,,,,,,,,0.0,0.0,,,,,,,,0.0,0.0,5406.0,164.2329,0.0684001,486.0759,488.5671,43.0,1.3063,15.0,0.4557,10.0,103.0,3.1291,7773,3468,105.357,0.0944348,6500.0,,,40.0,40.0,0.0,,,1.2152,2071.0,2159.0,14.0,2335.0,2478.0,2.0,-264.0,-319.0,12.0,0.0,0.0,0.0,0.0,1.0,0.0,3082.0,3129.0,22.0,3097.0,3450.0,2.0,-15.0,-321.0,20.0,0.0,0.0,0.0,0.0,1.0,0.0,4134.0,4316.0,30.0,4239.0,4829.0,2.0,-105.0,-513.0,28.0,0.0,0.0,0.0,0.0,3.0,0.0,5430.0,6451.0,34.0,5150.0,6585.0,4.0,280.0,-134.0,30.0,0.0,1.0,1.0,0.0,4.0,1.0
ESPORTSTMNT05_3239552,complete,,EM,2023,Summer,0,2023-08-29 16:45:24,3,13.15,100,Blue,team,,,İstanbul Wildcats,oe:team:a65adb2808377018a2a7832eb2bd7f4,,LeBlanc,Rakan,Zeri,Renekton,Alistar,Azir,Trundle,Xayah,Milio,Rumble,1975,0,7,12,14,7,12,0.0,0.0,0.0,0.0,1.0,,,,0.2127,0.5772,0.0,1.0,4.0,1.0,4.0,0.0,0.0,0.0,1.0,0.0,0.0,,0.0,0.0,1.0,2.0,0.0,,,0.0,0.0,2.0,0.0,5.0,8.0,1.0,1.0,6.0,1.0,0.0,1.0,76704.0,2330.2481,,3169.519,2530.1468,112.0,3.4025,53.0,1.6101,50.0,290.0,8.8101,55554,34031,1033.8532,,54485.0,0.0718109,1.85,,841.0,200.0,,,31.6253,15881.0,19116.0,314.0,14121.0,17888.0,316.0,1760.0,1228.0,-2.0,1.0,1.0,0.0,0.0,0.0,1.0,24388.0,30236.0,514.0,22321.0,29668.0,530.0,2067.0,568.0,-16.0,1.0,1.0,0.0,0.0,0.0,1.0,34477.0,42184.0,686.0,30710.0,40116.0,676.0,3767.0,2068.0,10.0,4.0,9.0,2.0,2.0,3.0,4.0,42757.0,52493.0,831.0,40025.0,52774.0,805.0,2732.0,-281.0,26.0,6.0,12.0,4.0,4.0,8.0,6.0
ESPORTSTMNT05_3239552,complete,,EM,2023,Summer,0,2023-08-29 16:45:24,3,13.15,200,Red,team,,,Karmine Corp,oe:team:f3aa9bbd924ce3af42ac53f8326bc7c,,Tristana,Rell,Maokai,Nautilus,Aatrox,Taliyah,Poppy,Ezreal,Braum,Ornn,1975,1,12,7,24,12,7,1.0,0.0,0.0,0.0,0.0,,,,0.3646,0.5772,1.0,4.0,1.0,4.0,1.0,0.0,0.0,1.0,2.0,0.0,1.0,,0.0,0.0,0.0,0.0,2.0,,,1.0,2.0,0.0,1.0,8.0,5.0,0.0,0.0,1.0,6.0,1.0,0.0,79035.0,2401.0633,,3198.9873,3061.8228,103.0,3.1291,56.0,1.7013,38.0,273.0,8.2937,58251,36728,1115.7873,,50708.0,-0.0718109,-1.85,,868.0,144.0,,,30.7443,14121.0,17888.0,316.0,15881.0,19116.0,314.0,-1760.0,-1228.0,2.0,0.0,0.0,1.0,1.0,1.0,0.0,22321.0,29668.0,530.0,24388.0,30236.0,514.0,-2067.0,-568.0,16.0,0.0,0.0,1.0,1.0,1.0,0.0,30710.0,40116.0,676.0,34477.0,42184.0,686.0,-3767.0,-2068.0,-10.0,2.0,3.0,4.0,4.0,9.0,2.0,40025.0,52774.0,805.0,42757.0,52493.0,831.0,-2732.0,281.0,-26.0,4.0,8.0,6.0,6.0,12.0,4.0
ESPORTSTMNT05_3239553,complete,,EM,2023,Summer,0,2023-08-29 17:10:07,3,13.15,1,Blue,top,JNX,oe:player:4bb53c6fa9f5d75901136feb8bdf817,SK Gaming Prime,oe:team:aa8c3b781d96ddb7a24ab3240918988,Ornn,Taliyah,Ahri,LeBlanc,Jax,Yone,,,,,,1812,0,1,3,2,6,13,0.0,0.0,0.0,0.0,0.0,0.0,0.0,0.0,0.1987,0.6291,,,,,,,,,,,,,,,,,,,,,0.0,0.0,,,,,,,,0.0,0.0,11099.0,367.5166,0.25595,783.7086,879.2384,15.0,0.4967,3.0,0.0993,5.0,32.0,1.0596,9597,5625,186.2583,0.198679,9675.0,,,201.0,193.0,8.0,,,6.6556,3438.0,4802.0,85.0,3929.0,4989.0,99.0,-491.0,-187.0,-14.0,0.0,1.0,1.0,0.0,0.0,0.0,5602.0,7660.0,127.0,5733.0,6753.0,129.0,-131.0,907.0,-2.0,1.0,1.0,1.0,0.0,0.0,2.0,7570.0,10143.0,167.0,7927.0,9931.0,182.0,-357.0,212.0,-15.0,1.0,1.0,1.0,0.0,1.0,2.0,8663.0,11672.0,190.0,10475.0,11931.0,209.0,-1812.0,-259.0,-19.0,1.0,1.0,1.0,2.0,2.0,2.0
ESPORTSTMNT05_3239553,complete,,EM,2023,Summer,0,2023-08-29 17:10:07,3,13.15,2,Blue,jng,Lurox,oe:player:6fc5fe723eed4ba4c230292be365c66,SK Gaming Prime,oe:team:aa8c3b781d96ddb7a24ab3240918988,Skarner,Taliyah,Ahri,LeBlanc,Jax,Yone,,,,,,1812,0,1,3,3,6,13,0.0,0.0,0.0,0.0,1.0,1.0,0.0,0.0,0.1987,0.6291,,,,,,,,,,,,,,,,,,,,,0.0,1.0,,,,,,,,0.0,0.0,2766.0,91.5894,0.0637856,595.8278,995.7285,14.0,0.4636,10.0,0.3311,14.0,47.0,1.5563,9241,5269,174.4702,0.186105,8450.0,,,139.0,10.0,129.0,,,4.6026,3501.0,3518.0,56.0,3240.0,3176.0,60.0,261.0,342.0,-4.0,1.0,0.0,1.0,1.0,1.0,1.0,5439.0,5731.0,78.0,4700.0,5244.0,90.0,739.0,487.0,-12.0,1.0,2.0,1.0,1.0,2.0,1.0,6974.0,7554.0,108.0,6373.0,7617.0,128.0,601.0,-63.0,-20.0,1.0,2.0,1.0,1.0,3.0,1.0,8045.0,8677.0,118.0,7424.0,9114.0,139.0,621.0,-437.0,-21.0,1.0,3.0,1.0,1.0,6.0,1.0
ESPORTSTMNT05_3239553,complete,,EM,2023,Summer,0,2023-08-29 17:10:07,3,13.15,3,Blue,mid,FEBIVEN,oe:player:d62421836c8b27dc3ffaffa058b8098,SK Gaming Prime,oe:team:aa8c3b781d96ddb7a24ab3240918988,Tristana,Taliyah,Ahri,LeBlanc,Jax,Yone,,,,,,1812,0,4,3,0,6,13,0.0,0.0,0.0,0.0,0.0,0.0,0.0,0.0,0.1987,0.6291,,,,,,,,,,,,,,,,,,,,,0.0,0.0,,,,,,,,0.0,1.0,15663.0,518.6424,0.361198,506.8212,339.8344,15.0,0.4967,8.0,0.2649,4.0,36.0,1.1921,11308,7336,242.9139,0.259114,10500.0,,,246.0,230.0,16.0,,,8.1457,3424.0,4382.0,83.0,3669.0,4600.0,92.0,-245.0,-218.0,-9.0,1.0,0.0,0.0,1.0,0.0,1.0,5452.0,6880.0,130.0,5920.0,7610.0,147.0,-468.0,-730.0,-17.0,2.0,0.0,1.0,2.0,0.0,1.0,7523.0,9290.0,177.0,7641.0,10105.0,192.0,-118.0,-815.0,-15.0,2.0,0.0,2.0,2.0,0.0,1.0,9546.0,11392.0,216.0,9719.0,12987.0,238.0,-173.0,-1595.0,-22.0,3.0,0.0,3.0,3.0,1.0,1.0
ESPORTSTMNT05_3239553,complete,,EM,2023,Summer,0,2023-08-29 17:10:07,3,13.15,4,Blue,bot,Keduii,oe:player:44189e6dc3089dbf9520de800fa705a,SK Gaming Prime,oe:team:aa8c3b781d96ddb7a24ab3240918988,Xayah,Taliyah,Ahri,LeBlanc,Jax,Yone,,,,,,1812,0,0,2,2,6,13,0.0,0.0,0.0,0.0,0.0,0.0,0.0,0.0,0.1987,0.6291,,,,,,,,,,,,,,,,,,,,,0.0,0.0,,,,,,,,0.0,0.0,11557.0,382.6821,0.266511,337.8146,163.2781,12.0,0.3974,15.0,0.4967,5.0,48.0,1.5894,12050,8078,267.4834,0.285322,11975.0,,,340.0,308.0,32.0,,,11.2583,3127.0,3585.0,82.0,3218.0,3629.0,87.0,-91.0,-44.0,-5.0,0.0,0.0,0.0,0.0,0.0,0.0,5202.0,6569.0,147.0,4945.0,6311.0,138.0,257.0,258.0,9.0,0.0,0.0,0.0,0.0,0.0,0.0,7704.0,9917.0,224.0,7417.0,9159.0,194.0,287.0,758.0,30.0,0.0,0.0,0.0,1.0,0.0,0.0,9961.0,12826.0,289.0,9431.0,11475.0,244.0,530.0,1351.0,45.0,0.0,1.0,1.0,1.0,2.0,1.0
ESPORTSTMNT05_3239553,complete,,EM,2023,Summer,0,2023-08-29 17:10:07,3,13.15,5,Blue,sup,Prime,oe:player:e038414b765a8bda52e602f7eaeff04,SK Gaming Prime,oe:team:aa8c3b781d96ddb7a24ab3240918988,Alistar,Taliyah,Ahri,LeBlanc,Jax,Yone,,,,,,1812,0,0,2,2,6,13,0.0,0.0,0.0,0.0,1.0,0.0,1.0,0.0,0.1987,0.6291,,,,,,,,,,,,,,,,,,,,,0.0,0.0,,,,,,,,0.0,0.0,2279.0,75.4636,0.0525551,400.3642,385.6291,51.0,1.6887,7.0,0.2318,17.0,91.0,3.0132,5976,2004,66.3576,0.0707809,5825.0,,,25.0,25.0,0.0,,,0.8278,2215.0,2078.0,11.0,2251.0,2194.0,12.0,-36.0,-116.0,-1.0,0.0,1.0,0.0,0.0,2.0,0.0,3183.0,3236.0,17.0,3258.0,2702.0,17.0,-75.0,534.0,0.0,0.0,1.0,0.0,0.0,3.0,0.0,4349.0,3948.0,23.0,4265.0,3408.0,21.0,84.0,540.0,2.0,0.0,1.0,0.0,0.0,3.0,0.0,5181.0,4448.0,25.0,5350.0,4971.0,27.0,-169.0,-523.0,-2.0,0.0,1.0,1.0,0.0,6.0,0.0
ESPORTSTMNT05_3239553,complete,,EM,2023,Summer,0,2023-08-29 17:10:07,3,13.15,6,Red,top,Ragner,oe:player:c0f78343a2ad4ba1463245d53a3b440,Team GO,oe:team:8d538207b9de9d20e1a525aae593515,K'Sante,Ivern,Maokai,Azir,Sejuani,Rumble,,,,,,1812,1,3,2,6,13,6,1.0,0.0,0.0,0.0,0.0,0.0,0.0,0.0,0.4305,0.6291,,,,,,,,,,,,,,,,,,,,,0.0,0.0,,,,,,,,0.0,0.0,14524.0,480.9272,0.235306,765.0,1492.6159,16.0,0.5298,4.0,0.1325,8.0,33.0,1.0927,13392,9420,311.9205,0.262667,12055.0,,,254.0,250.0,4.0,,,8.4106,3929.0,4989.0,99.0,3438.0,4802.0,85.0,491.0,187.0,14.0,0.0,0.0,0.0,0.0,1.0,1.0,5733.0,6753.0,129.0,5602.0,7660.0,127.0,131.0,-907.0,2.0,0.0,0.0,2.0,1.0,1.0,1.0,7927.0,9931.0,182.0,7570.0,10143.0,167.0,357.0,-212.0,15.0,0.0,1.0,2.0,1.0,1.0,1.0,10475.0,11931.0,209.0,8663.0,11672.0,190.0,1812.0,259.0,19.0,2.0,2.0,2.0,1.0,1.0,1.0
ESPORTSTMNT05_3239553,complete,,EM,2023,Summer,0,2023-08-29 17:10:07,3,13.15,7,Red,jng,Lyncas,oe:player:ca9701f085966dfca32e31b1b1e9d55,Team GO,oe:team:8d538207b9de9d20e1a525aae593515,Poppy,Ivern,Maokai,Azir,Sejuani,Rumble,,,,,,1812,1,1,1,9,13,6,0.0,0.0,0.0,0.0,0.0,0.0,0.0,1.0,0.4305,0.6291,,,,,,,,,,,,,,,,,,,,,1.0,0.0,,,,,,,,0.0,0.0,4694.0,155.4305,0.0760482,700.0331,926.7881,10.0,0.3311,13.0,0.4305,7.0,51.0,1.6887,9415,5443,180.2318,0.151771,7925.0,,,155.0,16.0,139.0,,,5.1325,3240.0,3176.0,60.0,3501.0,3518.0,56.0,-261.0,-342.0,4.0,1.0,1.0,1.0,1.0,0.0,1.0,4700.0,5244.0,90.0,5439.0,5731.0,78.0,-739.0,-487.0,12.0,1.0,2.0,1.0,1.0,2.0,1.0,6373.0,7617.0,128.0,6974.0,7554.0,108.0,-601.0,63.0,20.0,1.0,3.0,1.0,1.0,2.0,1.0,7424.0,9114.0,139.0,8045.0,8677.0,118.0,-621.0,437.0,21.0,1.0,6.0,1.0,1.0,3.0,1.0
ESPORTSTMNT05_3239553,complete,,EM,2023,Summer,0,2023-08-29 17:10:07,3,13.15,8,Red,mid,Toucouille,oe:player:525ac233cf71bc36a611e27a324144f,Team GO,oe:team:8d538207b9de9d20e1a525aae593515,Syndra,Ivern,Maokai,Azir,Sejuani,Rumble,,,,,,1812,1,5,1,4,13,6,0.0,0.0,0.0,0.0,0.0,0.0,0.0,0.0,0.4305,0.6291,,,,,,,,,,,,,,,,,,,,,0.0,0.0,,,,,,,,1.0,0.0,25930.0,858.6093,0.420096,257.9139,134.2715,15.0,0.4967,2.0,0.0662,6.0,27.0,0.894,12617,8645,286.2583,0.241057,12250.0,,,268.0,265.0,3.0,,,8.8742,3669.0,4600.0,92.0,3424.0,4382.0,83.0,245.0,218.0,9.0,1.0,0.0,1.0,1.0,0.0,0.0,5920.0,7610.0,147.0,5452.0,6880.0,130.0,468.0,730.0,17.0,2.0,0.0,1.0,2.0,0.0,1.0,7641.0,10105.0,192.0,7523.0,9290.0,177.0,118.0,815.0,15.0,2.0,0.0,1.0,2.0,0.0,2.0,9719.0,12987.0,238.0,9546.0,11392.0,216.0,173.0,1595.0,22.0,3.0,1.0,1.0,3.0,0.0,3.0
ESPORTSTMNT05_3239553,complete,,EM,2023,Summer,0,2023-08-29 17:10:07,3,13.15,9,Red,bot,Jezu,oe:player:4817d93e8f26002377aec42233b3fc2,Team GO,oe:team:8d538207b9de9d20e1a525aae593515,Vayne,Ivern,Maokai,Azir,Sejuani,Rumble,,,,,,1812,1,4,1,3,13,6,0.0,0.0,0.0,0.0,0.0,0.0,0.0,0.0,0.4305,0.6291,,,,,,,,,,,,,,,,,,,,,0.0,0.0,,,,,,,,0.0,0.0,14514.0,480.596,0.235144,374.4702,232.9139,13.0,0.4305,10.0,0.3311,4.0,39.0,1.2914,12756,8784,290.8609,0.244933,11083.0,,,283.0,275.0,8.0,,,9.3709,3218.0,3629.0,87.0,3127.0,3585.0,82.0,91.0,44.0,5.0,0.0,0.0,0.0,0.0,0.0,0.0,4945.0,6311.0,138.0,5202.0,6569.0,147.0,-257.0,-258.0,-9.0,0.0,0.0,0.0,0.0,0.0,0.0,7417.0,9159.0,194.0,7704.0,9917.0,224.0,-287.0,-758.0,-30.0,1.0,0.0,0.0,0.0,0.0,0.0,9431.0,11475.0,244.0,9961.0,12826.0,289.0,-530.0,-1351.0,-45.0,1.0,2.0,1.0,0.0,1.0,1.0
ESPORTSTMNT05_3239553,complete,,EM,2023,Summer,0,2023-08-29 17:10:07,3,13.15,10,Red,sup,kamilius,oe:player:7aa0aebd379414d25f1fcdc396407f1,Team GO,oe:team:8d538207b9de9d20e1a525aae593515,Rell,Ivern,Maokai,Azir,Sejuani,Rumble,,,,,,1812,1,0,1,11,13,6,0.0,0.0,0.0,0.0,0.0,0.0,0.0,0.0,0.4305,0.6291,,,,,,,,,,,,,,,,,,,,,0.0,0.0,,,,,,,,0.0,0.0,2062.0,68.2781,0.0334068,200.4636,250.0,49.0,1.6225,20.0,0.6623,18.0,118.0,3.9073,7543,3571,118.245,0.0995723,6325.0,,,34.0,34.0,0.0,,,1.1258,2251.0,2194.0,12.0,2215.0,2078.0,11.0,36.0,116.0,1.0,0.0,2.0,0.0,0.0,1.0,0.0,3258.0,2702.0,17.0,3183.0,3236.0,17.0,75.0,-534.0,0.0,0.0,3.0,0.0,0.0,1.0,0.0,4265.0,3408.0,21.0,4349.0,3948.0,23.0,-84.0,-540.0,-2.0,0.0,3.0,0.0,0.0,1.0,0.0,5350.0,4971.0,27.0,5181.0,4448.0,25.0,169.0,523.0,2.0,0.0,6.0,0.0,0.0,1.0,1.0
ESPORTSTMNT05_3239553,complete,,EM,2023,Summer,0,2023-08-29 17:10:07,3,13.15,100,Blue,team,,,SK Gaming Prime,oe:team:aa8c3b781d96ddb7a24ab3240918988,,Taliyah,Ahri,LeBlanc,Jax,Yone,Tristana,Alistar,Xayah,Skarner,Ornn,1812,0,6,13,9,6,13,0.0,0.0,0.0,0.0,1.0,,,,0.1987,0.6291,0.0,0.0,4.0,0.0,4.0,0.0,0.0,0.0,0.0,0.0,0.0,,0.0,0.0,1.0,2.0,0.0,,,0.0,0.0,1.0,0.0,2.0,7.0,0.0,0.0,4.0,5.0,0.0,1.0,43364.0,1435.894,,2624.5364,2763.7086,107.0,3.543,43.0,1.4238,45.0,254.0,8.4106,48172,28312,937.4834,,46425.0,-0.0668936,-0.85,,766.0,185.0,,,31.4901,15705.0,18365.0,317.0,16307.0,18588.0,350.0,-602.0,-223.0,-33.0,2.0,2.0,2.0,2.0,3.0,2.0,24878.0,30076.0,499.0,24556.0,28620.0,521.0,322.0,1456.0,-22.0,4.0,4.0,3.0,3.0,5.0,4.0,34120.0,40852.0,699.0,33623.0,40220.0,717.0,497.0,632.0,-18.0,4.0,4.0,4.0,4.0,7.0,4.0,41396.0,49015.0,838.0,42399.0,50478.0,857.0,-1003.0,-1463.0,-19.0,5.0,6.0,7.0,7.0,17.0,5.0
ESPORTSTMNT05_3239553,complete,,EM,2023,Summer,0,2023-08-29 17:10:07,3,13.15,200,Red,team,,,Team GO,oe:team:8d538207b9de9d20e1a525aae593515,,Ivern,Maokai,Azir,Sejuani,Rumble,Rell,Poppy,Syndra,K'Sante,Vayne,1812,1,13,6,33,13,6,1.0,0.0,0.0,0.0,0.0,,,,0.4305,0.6291,1.0,4.0,0.0,4.0,0.0,0.0,0.0,2.0,1.0,0.0,1.0,,0.0,0.0,0.0,0.0,2.0,,,1.0,1.0,0.0,1.0,7.0,2.0,1.0,1.0,5.0,4.0,1.0,0.0,61724.0,2043.8411,,2297.8808,3036.5894,103.0,3.4106,49.0,1.6225,43.0,268.0,8.8742,55723,35863,1187.5166,,49638.0,0.0668936,0.85,,840.0,154.0,,,32.9139,16307.0,18588.0,350.0,15705.0,18365.0,317.0,602.0,223.0,33.0,2.0,3.0,2.0,2.0,2.0,2.0,24556.0,28620.0,521.0,24878.0,30076.0,499.0,-322.0,-1456.0,22.0,3.0,5.0,4.0,4.0,4.0,3.0,33623.0,40220.0,717.0,34120.0,40852.0,699.0,-497.0,-632.0,18.0,4.0,7.0,4.0,4.0,4.0,4.0,42399.0,50478.0,857.0,41396.0,49015.0,838.0,1003.0,1463.0,19.0,7.0,17.0,5.0,5.0,6.0,7.0
ESPORTSTMNT05_3241599,complete,,EM,2023,Summer,0,2023-08-29 18:04:35,4,13.15,1,Blue,top,JNX,oe:player:4bb53c6fa9f5d75901136feb8bdf817,SK Gaming Prime,oe:team:aa8c3b781d96ddb7a24ab3240918988,K'Sante,Taliyah,Poppy,Tristana,Renekton,Nocturne,,,,,,2365,0,2,5,3,10,23,0.0,0.0,0.0,0.0,0.0,0.0,0.0,0.0,0.2537,0.8372,,,,,,,,,,,,,,,,,,,,,0.0,0.0,,,,,,,,0.0,0.0,10934.0,277.3953,0.134066,808.8457,1193.9873,19.0,0.482,7.0,0.1776,5.0,60.0,1.5222,14950,9850,249.8943,0.22027,15625.0,,,292.0,275.0,17.0,,,7.408,3728.0,5205.0,93.0,3340.0,4751.0,81.0,388.0,454.0,12.0,0.0,0.0,0.0,0.0,1.0,0.0,5759.0,7348.0,133.0,4992.0,6733.0,113.0,767.0,615.0,20.0,1.0,0.0,1.0,1.0,2.0,1.0,7944.0,10250.0,183.0,7088.0,10175.0,170.0,856.0,75.0,13.0,1.0,0.0,2.0,1.0,4.0,1.0,10706.0,13719.0,226.0,9195.0,12160.0,210.0,1511.0,1559.0,16.0,2.0,1.0,2.0,1.0,4.0,1.0
ESPORTSTMNT05_3241599,complete,,EM,2023,Summer,0,2023-08-29 18:04:35,4,13.15,2,Blue,jng,Lurox,oe:player:6fc5fe723eed4ba4c230292be365c66,SK Gaming Prime,oe:team:aa8c3b781d96ddb7a24ab3240918988,Sejuani,Taliyah,Poppy,Tristana,Renekton,Nocturne,,,,,,2365,0,1,6,8,10,23,0.0,0.0,0.0,0.0,0.0,0.0,0.0,0.0,0.2537,0.8372,,,,,,,,,,,,,,,,,,,,,0.0,0.0,,,,,,,,0.0,0.0,8626.0,218.8414,0.105767,876.2537,1271.6702,16.0,0.4059,13.0,0.3298,17.0,62.0,1.5729,11835,6735,170.8668,0.150609,11525.0,,,175.0,18.0,157.0,,,4.4397,3192.0,3195.0,66.0,4160.0,3987.0,81.0,-968.0,-792.0,-15.0,0.0,0.0,1.0,2.0,1.0,0.0,4834.0,5403.0,89.0,5997.0,6507.0,124.0,-1163.0,-1104.0,-35.0,0.0,2.0,2.0,2.0,3.0,0.0,6358.0,7762.0,122.0,8377.0,9184.0,154.0,-2019.0,-1422.0,-32.0,0.0,2.0,3.0,4.0,6.0,0.0,8046.0,10517.0,149.0,9629.0,10156.0,171.0,-1583.0,361.0,-22.0,0.0,3.0,3.0,4.0,6.0,1.0
ESPORTSTMNT05_3241599,complete,,EM,2023,Summer,0,2023-08-29 18:04:35,4,13.15,3,Blue,mid,FEBIVEN,oe:player:d62421836c8b27dc3ffaffa058b8098,SK Gaming Prime,oe:team:aa8c3b781d96ddb7a24ab3240918988,Azir,Taliyah,Poppy,Tristana,Renekton,Nocturne,,,,,,2365,0,3,5,4,10,23,0.0,0.0,0.0,0.0,0.0,0.0,0.0,0.0,0.2537,0.8372,,,,,,,,,,,,,,,,,,,,,1.0,0.0,,,,,,,,1.0,1.0,21502.0,545.5053,0.263644,449.2008,369.3108,19.0,0.482,6.0,0.1522,8.0,43.0,1.0909,15145,10045,254.8414,0.22463,14785.0,,,290.0,265.0,25.0,,,7.3573,3170.0,4419.0,84.0,3462.0,4772.0,88.0,-292.0,-353.0,-4.0,0.0,0.0,1.0,0.0,1.0,0.0,5409.0,6477.0,128.0,5757.0,7909.0,149.0,-348.0,-1432.0,-21.0,0.0,1.0,1.0,0.0,2.0,0.0,7116.0,9048.0,173.0,7823.0,10229.0,187.0,-707.0,-1181.0,-14.0,0.0,1.0,2.0,2.0,4.0,0.0,9252.0,12397.0,216.0,10131.0,13092.0,242.0,-879.0,-695.0,-26.0,0.0,3.0,2.0,2.0,4.0,0.0
ESPORTSTMNT05_3241599,complete,,EM,2023,Summer,0,2023-08-29 18:04:35,4,13.15,4,Blue,bot,Keduii,oe:player:44189e6dc3089dbf9520de800fa705a,SK Gaming Prime,oe:team:aa8c3b781d96ddb7a24ab3240918988,Xayah,Taliyah,Poppy,Tristana,Renekton,Nocturne,,,,,,2365,0,4,3,5,10,23,0.0,0.0,0.0,0.0,0.0,0.0,0.0,0.0,0.2537,0.8372,,,,,,,,,,,,,,,,,,,,,1.0,1.0,,,,,,,,2.0,0.0,35687.0,905.3784,0.437571,518.7653,267.0444,20.0,0.5074,20.0,0.5074,6.0,70.0,1.7759,19563,14463,366.926,0.32343,19350.0,,,465.0,390.0,75.0,,,11.797,3180.0,3370.0,83.0,3796.0,3454.0,85.0,-616.0,-84.0,-2.0,0.0,0.0,0.0,1.0,1.0,0.0,5233.0,5698.0,131.0,6068.0,6460.0,141.0,-835.0,-762.0,-10.0,1.0,0.0,0.0,2.0,2.0,0.0,7347.0,8440.0,193.0,8491.0,9418.0,197.0,-1144.0,-978.0,-4.0,1.0,0.0,1.0,3.0,3.0,0.0,11154.0,12408.0,273.0,10694.0,11808.0,247.0,460.0,600.0,26.0,2.0,1.0,1.0,3.0,3.0,0.0
ESPORTSTMNT05_3241599,complete,,EM,2023,Summer,0,2023-08-29 18:04:35,4,13.15,5,Blue,sup,Prime,oe:player:e038414b765a8bda52e602f7eaeff04,SK Gaming Prime,oe:team:aa8c3b781d96ddb7a24ab3240918988,Blitzcrank,Taliyah,Poppy,Tristana,Renekton,Nocturne,,,,,,2365,0,0,4,6,10,23,0.0,0.0,0.0,0.0,0.0,0.0,0.0,1.0,0.2537,0.8372,,,,,,,,,,,,,,,,,,,,,0.0,0.0,,,,,,,,0.0,0.0,4808.0,121.9789,0.0589526,430.9091,241.1924,82.0,2.0803,11.0,0.2791,25.0,138.0,3.5011,8725,3625,91.9662,0.0810609,8625.0,,,30.0,30.0,0.0,,,0.7611,2115.0,2112.0,13.0,2166.0,2162.0,13.0,-51.0,-50.0,0.0,0.0,0.0,1.0,0.0,3.0,0.0,3299.0,3695.0,21.0,3348.0,3073.0,21.0,-49.0,622.0,0.0,0.0,2.0,1.0,0.0,4.0,1.0,4427.0,4646.0,27.0,4453.0,5020.0,26.0,-26.0,-374.0,1.0,0.0,2.0,2.0,0.0,8.0,1.0,5727.0,6775.0,29.0,5490.0,5476.0,28.0,237.0,1299.0,1.0,0.0,4.0,2.0,0.0,8.0,2.0
ESPORTSTMNT05_3241599,complete,,EM,2023,Summer,0,2023-08-29 18:04:35,4,13.15,6,Red,top,Ragner,oe:player:c0f78343a2ad4ba1463245d53a3b440,Team GO,oe:team:8d538207b9de9d20e1a525aae593515,Ornn,Ivern,Maokai,LeBlanc,Rakan,Alistar,,,,,,2365,1,1,4,10,23,10,0.0,0.0,0.0,0.0,0.0,0.0,0.0,0.0,0.5835,0.8372,,,,,,,,,,,,,,,,,,,,,0.0,0.0,,,,,,,,0.0,0.0,14864.0,377.0994,0.15076,957.7421,1328.778,17.0,0.4313,11.0,0.2791,5.0,53.0,1.3446,13630,8530,216.4059,0.171391,13075.0,,,274.0,274.0,0.0,,,6.9514,3340.0,4751.0,81.0,3728.0,5205.0,93.0,-388.0,-454.0,-12.0,0.0,1.0,0.0,0.0,0.0,0.0,4992.0,6733.0,113.0,5759.0,7348.0,133.0,-767.0,-615.0,-20.0,1.0,2.0,1.0,1.0,0.0,1.0,7088.0,10175.0,170.0,7944.0,10250.0,183.0,-856.0,-75.0,-13.0,1.0,4.0,1.0,1.0,0.0,2.0,9195.0,12160.0,210.0,10706.0,13719.0,226.0,-1511.0,-1559.0,-16.0,1.0,4.0,1.0,2.0,1.0,2.0
ESPORTSTMNT05_3241599,complete,,EM,2023,Summer,0,2023-08-29 18:04:35,4,13.15,7,Red,jng,Lyncas,oe:player:ca9701f085966dfca32e31b1b1e9d55,Team GO,oe:team:8d538207b9de9d20e1a525aae593515,Viego,Ivern,Maokai,LeBlanc,Rakan,Alistar,,,,,,2365,1,6,1,14,23,10,1.0,0.0,0.0,0.0,1.0,1.0,0.0,0.0,0.5835,0.8372,,,,,,,,,,,,,,,,,,,,,0.0,0.0,,,,,,,,0.0,0.0,16146.0,409.6237,0.163762,940.8964,794.537,12.0,0.3044,19.0,0.482,12.0,65.0,1.649,14733,9633,244.389,0.193554,13458.0,,,223.0,40.0,183.0,,,5.6575,4160.0,3987.0,81.0,3192.0,3195.0,66.0,968.0,792.0,15.0,2.0,1.0,0.0,0.0,0.0,1.0,5997.0,6507.0,124.0,4834.0,5403.0,89.0,1163.0,1104.0,35.0,2.0,3.0,0.0,0.0,2.0,2.0,8377.0,9184.0,154.0,6358.0,7762.0,122.0,2019.0,1422.0,32.0,4.0,6.0,0.0,0.0,2.0,3.0,9629.0,10156.0,171.0,8046.0,10517.0,149.0,1583.0,-361.0,22.0,4.0,6.0,1.0,0.0,3.0,3.0
ESPORTSTMNT05_3241599,complete,,EM,2023,Summer,0,2023-08-29 18:04:35,4,13.15,8,Red,mid,Toucouille,oe:player:525ac233cf71bc36a611e27a324144f,Team GO,oe:team:8d538207b9de9d20e1a525aae593515,Ahri,Ivern,Maokai,LeBlanc,Rakan,Alistar,,,,,,2365,1,6,0,7,23,10,1.0,1.0,0.0,0.0,0.0,0.0,0.0,0.0,0.5835,0.8372,,,,,,,,,,,,,,,,,,,,,0.0,1.0,,,,,,,,1.0,1.0,21349.0,541.6237,0.216534,344.9556,183.0698,10.0,0.2537,3.0,0.0761,8.0,31.0,0.7865,17794,12694,322.0465,0.255059,16350.0,,,381.0,377.0,4.0,,,9.666,3462.0,4772.0,88.0,3170.0,4419.0,84.0,292.0,353.0,4.0,0.0,1.0,0.0,0.0,0.0,1.0,5757.0,7909.0,149.0,5409.0,6477.0,128.0,348.0,1432.0,21.0,0.0,2.0,0.0,0.0,1.0,1.0,7823.0,10229.0,187.0,7116.0,9048.0,173.0,707.0,1181.0,14.0,2.0,4.0,0.0,0.0,1.0,2.0,10131.0,13092.0,242.0,9252.0,12397.0,216.0,879.0,695.0,26.0,2.0,4.0,0.0,0.0,3.0,2.0
ESPORTSTMNT05_3241599,complete,,EM,2023,Summer,0,2023-08-29 18:04:35,4,13.15,9,Red,bot,Jezu,oe:player:4817d93e8f26002377aec42233b3fc2,Team GO,oe:team:8d538207b9de9d20e1a525aae593515,Kai'Sa,Ivern,Maokai,LeBlanc,Rakan,Alistar,,,,,,2365,1,10,1,9,23,10,2.0,0.0,0.0,0.0,1.0,0.0,1.0,0.0,0.5835,0.8372,,,,,,,,,,,,,,,,,,,,,1.0,1.0,,,,,,,,0.0,2.0,39868.0,1011.4503,0.404365,425.6321,308.0169,19.0,0.482,12.0,0.3044,7.0,47.0,1.1924,19966,14866,377.1501,0.298702,18125.0,,,387.0,363.0,24.0,,,9.8182,3796.0,3454.0,85.0,3180.0,3370.0,83.0,616.0,84.0,2.0,1.0,1.0,0.0,0.0,0.0,0.0,6068.0,6460.0,141.0,5233.0,5698.0,131.0,835.0,762.0,10.0,2.0,2.0,0.0,1.0,0.0,0.0,8491.0,9418.0,197.0,7347.0,8440.0,193.0,1144.0,978.0,4.0,3.0,3.0,0.0,1.0,0.0,1.0,10694.0,11808.0,247.0,11154.0,12408.0,273.0,-460.0,-600.0,-26.0,3.0,3.0,0.0,2.0,1.0,1.0
ESPORTSTMNT05_3241599,complete,,EM,2023,Summer,0,2023-08-29 18:04:35,4,13.15,10,Red,sup,kamilius,oe:player:7aa0aebd379414d25f1fcdc396407f1,Team GO,oe:team:8d538207b9de9d20e1a525aae593515,Rell,Ivern,Maokai,LeBlanc,Rakan,Alistar,,,,,,2365,1,0,4,18,23,10,0.0,0.0,0.0,0.0,1.0,0.0,1.0,0.0,0.5835,0.8372,,,,,,,,,,,,,,,,,,,,,0.0,0.0,,,,,,,,0.0,0.0,6367.0,161.5307,0.064578,497.3531,764.981,78.0,1.9789,22.0,0.5581,22.0,144.0,3.6533,9146,4046,102.6469,0.0812932,8150.0,,,41.0,41.0,0.0,,,1.0402,2166.0,2162.0,13.0,2115.0,2112.0,13.0,51.0,50.0,0.0,0.0,3.0,0.0,0.0,0.0,1.0,3348.0,3073.0,21.0,3299.0,3695.0,21.0,49.0,-622.0,0.0,0.0,4.0,1.0,0.0,2.0,1.0,4453.0,5020.0,26.0,4427.0,4646.0,27.0,26.0,374.0,-1.0,0.0,8.0,1.0,0.0,2.0,2.0,5490.0,5476.0,28.0,5727.0,6775.0,29.0,-237.0,-1299.0,-1.0,0.0,8.0,2.0,0.0,4.0,2.0
ESPORTSTMNT05_3241599,complete,,EM,2023,Summer,0,2023-08-29 18:04:35,4,13.15,100,Blue,team,,,SK Gaming Prime,oe:team:aa8c3b781d96ddb7a24ab3240918988,,Taliyah,Poppy,Tristana,Renekton,Nocturne,Azir,Xayah,Sejuani,K'Sante,Blitzcrank,2365,0,10,23,26,10,23,0.0,0.0,0.0,0.0,0.0,,,,0.2537,0.8372,0.0,4.0,2.0,4.0,2.0,0.0,0.0,4.0,0.0,0.0,0.0,,0.0,0.0,1.0,2.0,0.0,,,1.0,2.0,1.0,1.0,10.0,9.0,1.0,1.0,6.0,4.0,3.0,1.0,81557.0,2069.0994,,3083.9746,3343.2051,156.0,3.9577,57.0,1.4461,61.0,373.0,9.463,70218,44717,1134.4693,,69910.0,0.0108149,-0.93,,978.0,274.0,,,31.7632,15385.0,18301.0,339.0,16924.0,19126.0,348.0,-1539.0,-825.0,-9.0,0.0,0.0,3.0,3.0,7.0,0.0,24534.0,28621.0,502.0,26162.0,30682.0,548.0,-1628.0,-2061.0,-46.0,2.0,5.0,5.0,5.0,13.0,2.0,33192.0,40146.0,698.0,36232.0,44026.0,734.0,-3040.0,-3880.0,-36.0,2.0,5.0,10.0,10.0,25.0,2.0,44885.0,55816.0,893.0,45139.0,52692.0,898.0,-254.0,3124.0,-5.0,4.0,12.0,10.0,10.0,25.0,4.0
ESPORTSTMNT05_3241599,complete,,EM,2023,Summer,0,2023-08-29 18:04:35,4,13.15,200,Red,team,,,Team GO,oe:team:8d538207b9de9d20e1a525aae593515,,Ivern,Maokai,LeBlanc,Rakan,Alistar,Rell,Kai'Sa,Ahri,Viego,Ornn,2365,1,23,10,58,23,10,4.0,1.0,0.0,0.0,1.0,,,,0.5835,0.8372,1.0,2.0,4.0,2.0,4.0,0.0,0.0,0.0,0.0,1.0,1.0,,0.0,0.0,0.0,0.0,2.0,,,0.0,1.0,2.0,0.0,9.0,10.0,0.0,0.0,4.0,6.0,1.0,3.0,98594.0,2501.3277,,3166.5793,3379.3827,136.0,3.4503,67.0,1.6998,54.0,340.0,8.6258,75269,49768,1262.6131,,69158.0,-0.0108149,0.93,,1095.0,211.0,,,33.1332,16924.0,19126.0,348.0,15385.0,18301.0,339.0,1539.0,825.0,9.0,3.0,7.0,0.0,0.0,0.0,3.0,26162.0,30682.0,548.0,24534.0,28621.0,502.0,1628.0,2061.0,46.0,5.0,13.0,2.0,2.0,5.0,5.0,36232.0,44026.0,734.0,33192.0,40146.0,698.0,3040.0,3880.0,36.0,10.0,25.0,2.0,2.0,5.0,10.0,45139.0,52692.0,898.0,44885.0,55816.0,893.0,254.0,-3124.0,5.0,10.0,25.0,4.0,4.0,12.0,10.0
ESPORTSTMNT05_3241601,complete,,EM,2023,Summer,0,2023-08-29 19:08:47,5,13.15,1,Blue,top,Ragner,oe:player:c0f78343a2ad4ba1463245d53a3b440,Team GO,oe:team:8d538207b9de9d20e1a525aae593515,K'Sante,Poppy,Ivern,Azir,Sejuani,Viego,,,,,,2730,1,2,4,8,12,11,1.0,0.0,0.0,0.0,1.0,0.0,1.0,0.0,0.2637,0.5055,,,,,,,,,,,,,,,,,,,,,0.0,0.0,,,,,,,,0.0,0.0,18027.0,396.1978,0.190673,725.2308,1514.3077,17.0,0.3736,7.0,0.1538,3.0,37.0,0.8132,16738,10893,239.4066,0.210933,14740.0,,,281.0,277.0,4.0,,,6.1758,3485.0,4928.0,88.0,3314.0,5050.0,93.0,171.0,-122.0,-5.0,0.0,0.0,0.0,0.0,0.0,0.0,6047.0,7614.0,133.0,5000.0,7609.0,141.0,1047.0,5.0,-8.0,0.0,1.0,0.0,0.0,0.0,1.0,8624.0,10609.0,168.0,6736.0,9961.0,183.0,1888.0,648.0,-15.0,2.0,2.0,0.0,0.0,0.0,2.0,10706.0,13447.0,202.0,8529.0,12123.0,208.0,2177.0,1324.0,-6.0,2.0,3.0,1.0,1.0,0.0,2.0
ESPORTSTMNT05_3241601,complete,,EM,2023,Summer,0,2023-08-29 19:08:47,5,13.15,2,Blue,jng,Lyncas,oe:player:ca9701f085966dfca32e31b1b1e9d55,Team GO,oe:team:8d538207b9de9d20e1a525aae593515,Maokai,Poppy,Ivern,Azir,Sejuani,Viego,,,,,,2730,1,3,0,4,12,11,0.0,0.0,0.0,0.0,1.0,1.0,0.0,0.0,0.2637,0.5055,,,,,,,,,,,,,,,,,,,,,2.0,1.0,,,,,,,,0.0,0.0,12235.0,268.9011,0.129411,682.022,1132.7033,14.0,0.3077,8.0,0.1758,12.0,62.0,1.3626,14423,8578,188.5275,0.166106,11900.0,,,177.0,13.0,164.0,,,3.8901,3052.0,3006.0,55.0,2899.0,3223.0,63.0,153.0,-217.0,-8.0,0.0,0.0,0.0,0.0,0.0,0.0,5018.0,5518.0,89.0,4448.0,5567.0,100.0,570.0,-49.0,-11.0,1.0,0.0,0.0,0.0,0.0,0.0,6700.0,7477.0,111.0,5720.0,7385.0,119.0,980.0,92.0,-8.0,2.0,0.0,0.0,0.0,1.0,1.0,8242.0,10216.0,139.0,7289.0,8974.0,127.0,953.0,1242.0,12.0,2.0,0.0,0.0,1.0,3.0,1.0
ESPORTSTMNT05_3241601,complete,,EM,2023,Summer,0,2023-08-29 19:08:47,5,13.15,3,Blue,mid,Toucouille,oe:player:525ac233cf71bc36a611e27a324144f,Team GO,oe:team:8d538207b9de9d20e1a525aae593515,Neeko,Poppy,Ivern,Azir,Sejuani,Viego,,,,,,2730,1,2,4,2,12,11,0.0,0.0,0.0,0.0,0.0,0.0,0.0,0.0,0.2637,0.5055,,,,,,,,,,,,,,,,,,,,,0.0,0.0,,,,,,,,0.0,0.0,20822.0,457.6264,0.220236,433.6923,223.978,15.0,0.3297,12.0,0.2637,12.0,53.0,1.1648,16064,10219,224.5934,0.197882,15250.0,,,318.0,311.0,7.0,,,6.989,3416.0,5205.0,99.0,3242.0,4637.0,89.0,174.0,568.0,10.0,0.0,0.0,0.0,0.0,0.0,0.0,5482.0,8141.0,154.0,5162.0,7455.0,149.0,320.0,686.0,5.0,0.0,0.0,0.0,0.0,0.0,0.0,6999.0,10336.0,191.0,6870.0,9958.0,190.0,129.0,378.0,1.0,0.0,1.0,1.0,0.0,1.0,0.0,8346.0,12327.0,213.0,8594.0,12403.0,232.0,-248.0,-76.0,-19.0,0.0,1.0,2.0,0.0,3.0,1.0
ESPORTSTMNT05_3241601,complete,,EM,2023,Summer,0,2023-08-29 19:08:47,5,13.15,4,Blue,bot,Jezu,oe:player:4817d93e8f26002377aec42233b3fc2,Team GO,oe:team:8d538207b9de9d20e1a525aae593515,Xayah,Poppy,Ivern,Azir,Sejuani,Viego,,,,,,2730,1,5,1,3,12,11,1.0,0.0,0.0,0.0,0.0,0.0,0.0,0.0,0.2637,0.5055,,,,,,,,,,,,,,,,,,,,,0.0,0.0,,,,,,,,2.0,0.0,38108.0,837.5385,0.403072,394.5495,243.2308,21.0,0.4615,20.0,0.4396,7.0,71.0,1.5604,22972,17127,376.4176,0.331646,20675.0,,,523.0,477.0,46.0,,,11.4945,3268.0,3166.0,88.0,3202.0,3462.0,87.0,66.0,-296.0,1.0,0.0,0.0,0.0,0.0,0.0,0.0,5208.0,5665.0,147.0,4982.0,5904.0,141.0,226.0,-239.0,6.0,0.0,0.0,0.0,0.0,0.0,0.0,8110.0,9111.0,216.0,7511.0,8283.0,199.0,599.0,828.0,17.0,1.0,1.0,0.0,1.0,0.0,1.0,10244.0,11523.0,250.0,10322.0,11380.0,271.0,-78.0,143.0,-21.0,2.0,1.0,1.0,2.0,2.0,1.0
ESPORTSTMNT05_3241601,complete,,EM,2023,Summer,0,2023-08-29 19:08:47,5,13.15,5,Blue,sup,kamilius,oe:player:7aa0aebd379414d25f1fcdc396407f1,Team GO,oe:team:8d538207b9de9d20e1a525aae593515,Rakan,Poppy,Ivern,Azir,Sejuani,Viego,,,,,,2730,1,0,2,9,12,11,0.0,0.0,0.0,0.0,0.0,0.0,0.0,0.0,0.2637,0.5055,,,,,,,,,,,,,,,,,,,,,0.0,0.0,,,,,,,,0.0,0.0,5352.0,117.6264,0.0566086,440.7253,578.1319,82.0,1.8022,31.0,0.6813,23.0,189.0,4.1538,10670,4825,106.044,0.0934338,9275.0,,,54.0,54.0,0.0,,,1.1868,2191.0,2691.0,16.0,2119.0,2520.0,18.0,72.0,171.0,-2.0,0.0,0.0,0.0,0.0,0.0,0.0,3264.0,3745.0,26.0,3183.0,3567.0,27.0,81.0,178.0,-1.0,0.0,0.0,0.0,0.0,0.0,0.0,4405.0,4826.0,33.0,4148.0,4219.0,30.0,257.0,607.0,3.0,0.0,2.0,0.0,0.0,1.0,1.0,5662.0,6694.0,37.0,5050.0,6560.0,30.0,612.0,134.0,7.0,0.0,3.0,0.0,0.0,3.0,1.0
ESPORTSTMNT05_3241601,complete,,EM,2023,Summer,0,2023-08-29 19:08:47,5,13.15,6,Red,top,JNX,oe:player:4bb53c6fa9f5d75901136feb8bdf817,SK Gaming Prime,oe:team:aa8c3b781d96ddb7a24ab3240918988,Gwen,Taliyah,LeBlanc,Tristana,Rumble,Renekton,,,,,,2730,0,2,3,4,11,12,0.0,0.0,0.0,0.0,0.0,0.0,0.0,1.0,0.2418,0.5055,,,,,,,,,,,,,,,,,,,,,0.0,0.0,,,,,,,,0.0,0.0,17317.0,380.5934,0.192928,628.5495,739.5165,20.0,0.4396,12.0,0.2637,6.0,57.0,1.2527,16862,11017,242.1319,0.246917,16550.0,,,362.0,329.0,33.0,,,7.956,3314.0,5050.0,93.0,3485.0,4928.0,88.0,-171.0,122.0,5.0,0.0,0.0,0.0,0.0,0.0,0.0,5000.0,7609.0,141.0,6047.0,7614.0,133.0,-1047.0,-5.0,8.0,0.0,0.0,1.0,0.0,1.0,0.0,6736.0,9961.0,183.0,8624.0,10609.0,168.0,-1888.0,-648.0,15.0,0.0,0.0,2.0,2.0,2.0,0.0,8529.0,12123.0,208.0,10706.0,13447.0,202.0,-2177.0,-1324.0,6.0,1.0,0.0,2.0,2.0,3.0,1.0
ESPORTSTMNT05_3241601,complete,,EM,2023,Summer,0,2023-08-29 19:08:47,5,13.15,7,Red,jng,Lurox,oe:player:6fc5fe723eed4ba4c230292be365c66,SK Gaming Prime,oe:team:aa8c3b781d96ddb7a24ab3240918988,Rell,Taliyah,LeBlanc,Tristana,Rumble,Renekton,,,,,,2730,0,1,2,7,11,12,0.0,0.0,0.0,0.0,0.0,0.0,0.0,0.0,0.2418,0.5055,,,,,,,,,,,,,,,,,,,,,1.0,2.0,,,,,,,,0.0,0.0,6068.0,133.3626,0.0676032,564.3077,1356.0879,14.0,0.3077,17.0,0.3736,15.0,67.0,1.4725,11512,5667,124.5495,0.127013,11025.0,,,163.0,19.0,144.0,,,3.5824,2899.0,3223.0,63.0,3052.0,3006.0,55.0,-153.0,217.0,8.0,0.0,0.0,0.0,0.0,0.0,0.0,4448.0,5567.0,100.0,5018.0,5518.0,89.0,-570.0,49.0,11.0,0.0,0.0,0.0,1.0,0.0,0.0,5720.0,7385.0,119.0,6700.0,7477.0,111.0,-980.0,-92.0,8.0,0.0,1.0,1.0,2.0,0.0,0.0,7289.0,8974.0,127.0,8242.0,10216.0,139.0,-953.0,-1242.0,-12.0,1.0,3.0,1.0,2.0,0.0,0.0
ESPORTSTMNT05_3241601,complete,,EM,2023,Summer,0,2023-08-29 19:08:47,5,13.15,8,Red,mid,FEBIVEN,oe:player:d62421836c8b27dc3ffaffa058b8098,SK Gaming Prime,oe:team:aa8c3b781d96ddb7a24ab3240918988,Ahri,Taliyah,LeBlanc,Tristana,Rumble,Renekton,,,,,,2730,0,0,2,7,11,12,0.0,0.0,0.0,0.0,0.0,0.0,0.0,0.0,0.2418,0.5055,,,,,,,,,,,,,,,,,,,,,0.0,0.0,,,,,,,,0.0,0.0,18015.0,395.9341,0.200704,483.0549,359.1429,18.0,0.3956,10.0,0.2198,3.0,48.0,1.0549,14861,9016,198.1538,0.202071,14275.0,,,351.0,345.0,6.0,,,7.7143,3242.0,4637.0,89.0,3416.0,5205.0,99.0,-174.0,-568.0,-10.0,0.0,0.0,0.0,0.0,0.0,0.0,5162.0,7455.0,149.0,5482.0,8141.0,154.0,-320.0,-686.0,-5.0,0.0,0.0,0.0,0.0,0.0,0.0,6870.0,9958.0,190.0,6999.0,10336.0,191.0,-129.0,-378.0,-1.0,0.0,1.0,0.0,0.0,1.0,1.0,8594.0,12403.0,232.0,8346.0,12327.0,213.0,248.0,76.0,19.0,0.0,3.0,1.0,0.0,1.0,2.0
ESPORTSTMNT05_3241601,complete,,EM,2023,Summer,0,2023-08-29 19:08:47,5,13.15,9,Red,bot,Keduii,oe:player:44189e6dc3089dbf9520de800fa705a,SK Gaming Prime,oe:team:aa8c3b781d96ddb7a24ab3240918988,Zeri,Taliyah,LeBlanc,Tristana,Rumble,Renekton,,,,,,2730,0,8,3,3,11,12,2.0,0.0,0.0,0.0,0.0,0.0,0.0,0.0,0.2418,0.5055,,,,,,,,,,,,,,,,,,,,,0.0,0.0,,,,,,,,0.0,2.0,44555.0,979.2308,0.496385,575.4505,461.5604,16.0,0.3516,26.0,0.5714,2.0,78.0,1.7143,21896,16051,352.7692,0.359739,24500.0,,,523.0,429.0,94.0,,,11.4945,3202.0,3462.0,87.0,3268.0,3166.0,88.0,-66.0,296.0,-1.0,0.0,0.0,0.0,0.0,0.0,0.0,4982.0,5904.0,141.0,5208.0,5665.0,147.0,-226.0,239.0,-6.0,0.0,0.0,0.0,0.0,0.0,0.0,7511.0,8283.0,199.0,8110.0,9111.0,216.0,-599.0,-828.0,-17.0,1.0,0.0,1.0,1.0,1.0,0.0,10322.0,11380.0,271.0,10244.0,11523.0,250.0,78.0,-143.0,21.0,2.0,2.0,1.0,2.0,1.0,1.0
ESPORTSTMNT05_3241601,complete,,EM,2023,Summer,0,2023-08-29 19:08:47,5,13.15,10,Red,sup,Prime,oe:player:e038414b765a8bda52e602f7eaeff04,SK Gaming Prime,oe:team:aa8c3b781d96ddb7a24ab3240918988,Alistar,Taliyah,LeBlanc,Tristana,Rumble,Renekton,,,,,,2730,0,0,2,7,11,12,0.0,0.0,0.0,0.0,0.0,0.0,0.0,0.0,0.2418,0.5055,,,,,,,,,,,,,,,,,,,,,0.0,0.0,,,,,,,,0.0,0.0,3804.0,83.6044,0.0423802,495.8462,1149.5165,97.0,2.1319,13.0,0.2857,30.0,153.0,3.3626,8712,2867,63.011,0.0642596,8450.0,,,34.0,34.0,0.0,,,0.7473,2119.0,2520.0,18.0,2191.0,2691.0,16.0,-72.0,-171.0,2.0,0.0,0.0,0.0,0.0,0.0,0.0,3183.0,3567.0,27.0,3264.0,3745.0,26.0,-81.0,-178.0,1.0,0.0,0.0,0.0,0.0,0.0,0.0,4148.0,4219.0,30.0,4405.0,4826.0,33.0,-257.0,-607.0,-3.0,0.0,1.0,1.0,0.0,2.0,0.0,5050.0,6560.0,30.0,5662.0,6694.0,37.0,-612.0,-134.0,-7.0,0.0,3.0,1.0,0.0,3.0,0.0
ESPORTSTMNT05_3241601,complete,,EM,2023,Summer,0,2023-08-29 19:08:47,5,13.15,100,Blue,team,,,Team GO,oe:team:8d538207b9de9d20e1a525aae593515,,Poppy,Ivern,Azir,Sejuani,Viego,Maokai,Xayah,Rakan,K'Sante,Neeko,2730,1,12,11,26,12,11,2.0,0.0,0.0,0.0,1.0,,,,0.2637,0.5055,0.0,3.0,4.0,2.0,4.0,0.0,1.0,0.0,0.0,0.0,1.0,,1.0,0.0,1.0,2.0,0.0,,,1.0,2.0,1.0,1.0,11.0,4.0,1.0,1.0,6.0,0.0,2.0,0.0,94544.0,2077.8901,,2676.2198,3692.3516,149.0,3.2747,78.0,1.7143,57.0,412.0,9.0549,80867,51643,1135.011,,71840.0,-0.040371,1.65,,1132.0,221.0,,,29.7363,15412.0,18996.0,346.0,14776.0,18892.0,350.0,636.0,104.0,-4.0,0.0,0.0,0.0,0.0,0.0,0.0,25019.0,30683.0,549.0,22775.0,30102.0,558.0,2244.0,581.0,-9.0,1.0,1.0,0.0,0.0,0.0,1.0,34838.0,42359.0,719.0,30985.0,39806.0,721.0,3853.0,2553.0,-2.0,5.0,6.0,1.0,1.0,3.0,5.0,43200.0,54207.0,841.0,39784.0,51440.0,868.0,3416.0,2767.0,-27.0,6.0,8.0,4.0,4.0,11.0,6.0
ESPORTSTMNT05_3241601,complete,,EM,2023,Summer,0,2023-08-29 19:08:47,5,13.15,200,Red,team,,,SK Gaming Prime,oe:team:aa8c3b781d96ddb7a24ab3240918988,,Taliyah,LeBlanc,Tristana,Rumble,Renekton,Rell,Ahri,Zeri,Alistar,Gwen,2730,0,11,12,28,11,12,2.0,0.0,0.0,0.0,0.0,,,,0.2418,0.5055,1.0,4.0,3.0,4.0,2.0,0.0,3.0,0.0,1.0,0.0,0.0,,0.0,1.0,0.0,0.0,2.0,,,0.0,1.0,2.0,0.0,4.0,11.0,0.0,0.0,0.0,6.0,0.0,2.0,89759.0,1972.7253,,2747.2088,4065.8242,165.0,3.6264,78.0,1.7143,56.0,403.0,8.8571,73843,44619,980.6374,,74800.0,0.040371,-1.65,,1156.0,277.0,,,31.4945,14776.0,18892.0,350.0,15412.0,18996.0,346.0,-636.0,-104.0,4.0,0.0,0.0,0.0,0.0,0.0,0.0,22775.0,30102.0,558.0,25019.0,30683.0,549.0,-2244.0,-581.0,9.0,0.0,0.0,1.0,1.0,1.0,0.0,30985.0,39806.0,721.0,34838.0,42359.0,719.0,-3853.0,-2553.0,2.0,1.0,3.0,5.0,5.0,6.0,1.0,39784.0,51440.0,868.0,43200.0,54207.0,841.0,-3416.0,-2767.0,27.0,4.0,11.0,6.0,6.0,8.0,4.0
ESPORTSTMNT05_3241608,complete,,EM,2023,Summer,0,2023-08-31 14:57:34,1,13.15,1,Blue,top,ACD,oe:player:72c5cc0e2586935d16539f31a2a4fec,Macko Esports,oe:team:a2e63aee03585f0b37ff4cad936e349,Ornn,Nocturne,Zeri,LeBlanc,Poppy,Rakan,,,,,,1887,0,1,5,7,11,24,0.0,0.0,0.0,0.0,0.0,0.0,0.0,1.0,0.3498,1.1129,,,,,,,,,,,,,,,,,,,,,0.0,0.0,,,,,,,,0.0,0.0,17263.0,548.903,0.208722,1063.911,1276.1208,16.0,0.5087,4.0,0.1272,5.0,30.0,0.9539,10047,5922,188.2989,0.180714,9725.0,,,207.0,207.0,0.0,,,6.5819,3328.0,4865.0,74.0,3784.0,4645.0,84.0,-456.0,220.0,-10.0,1.0,0.0,2.0,1.0,2.0,1.0,5271.0,7776.0,121.0,5973.0,7697.0,143.0,-702.0,79.0,-22.0,1.0,1.0,2.0,1.0,2.0,2.0,6949.0,10029.0,161.0,8710.0,11154.0,208.0,-1761.0,-1125.0,-47.0,1.0,2.0,2.0,1.0,2.0,2.0,8931.0,12795.0,197.0,12071.0,14323.0,242.0,-3140.0,-1528.0,-45.0,1.0,5.0,4.0,3.0,8.0,2.0
ESPORTSTMNT05_3241608,complete,,EM,2023,Summer,0,2023-08-31 14:57:34,1,13.15,2,Blue,jng,Cboi,oe:player:702efc23873d774e479682ef680d911,Macko Esports,oe:team:a2e63aee03585f0b37ff4cad936e349,Trundle,Nocturne,Zeri,LeBlanc,Poppy,Rakan,,,,,,1887,0,2,5,5,11,24,0.0,0.0,0.0,0.0,0.0,0.0,0.0,0.0,0.3498,1.1129,,,,,,,,,,,,,,,,,,,,,1.0,1.0,,,,,,,,0.0,1.0,9084.0,288.8394,0.109832,1357.7742,1286.8998,10.0,0.318,19.0,0.6041,9.0,63.0,2.0032,9762,5637,179.2369,0.172017,9625.0,,,162.0,36.0,126.0,,,5.151,2967.0,3129.0,64.0,3866.0,3532.0,54.0,-899.0,-403.0,10.0,0.0,0.0,1.0,2.0,1.0,0.0,4799.0,5225.0,92.0,5346.0,5549.0,81.0,-547.0,-324.0,11.0,1.0,1.0,2.0,2.0,4.0,0.0,6218.0,7191.0,113.0,6610.0,6670.0,102.0,-392.0,521.0,11.0,1.0,2.0,2.0,2.0,4.0,1.0,8180.0,10482.0,151.0,8108.0,9433.0,116.0,72.0,1049.0,35.0,1.0,4.0,4.0,2.0,12.0,2.0
ESPORTSTMNT05_3241608,complete,,EM,2023,Summer,0,2023-08-31 14:57:34,1,13.15,3,Blue,mid,Six10,oe:player:325397710b4294aeb7a18881c34f33b,Macko Esports,oe:team:a2e63aee03585f0b37ff4cad936e349,Tristana,Nocturne,Zeri,LeBlanc,Poppy,Rakan,,,,,,1887,0,4,4,4,11,24,0.0,0.0,0.0,0.0,0.0,0.0,0.0,0.0,0.3498,1.1129,,,,,,,,,,,,,,,,,,,,,0.0,0.0,,,,,,,,0.0,0.0,23530.0,748.1717,0.284495,626.7409,443.1479,9.0,0.2862,9.0,0.2862,2.0,23.0,0.7313,13767,9642,306.5819,0.294234,12700.0,,,324.0,294.0,30.0,,,10.3021,3223.0,4653.0,94.0,3719.0,4593.0,90.0,-496.0,60.0,4.0,0.0,0.0,1.0,1.0,2.0,0.0,5874.0,7993.0,167.0,5921.0,6881.0,139.0,-47.0,1112.0,28.0,1.0,2.0,1.0,2.0,4.0,0.0,8381.0,10496.0,215.0,7737.0,9378.0,187.0,644.0,1118.0,28.0,2.0,2.0,1.0,2.0,4.0,0.0,10579.0,13448.0,256.0,10427.0,13055.0,229.0,152.0,393.0,27.0,3.0,3.0,3.0,4.0,9.0,0.0
ESPORTSTMNT05_3241608,complete,,EM,2023,Summer,0,2023-08-31 14:57:34,1,13.15,4,Blue,bot,Vzz,oe:player:ba6e76e259419420ddff269bb6ef074,Macko Esports,oe:team:a2e63aee03585f0b37ff4cad936e349,Xayah,Nocturne,Zeri,LeBlanc,Poppy,Rakan,,,,,,1887,0,4,5,3,11,24,1.0,0.0,0.0,0.0,0.0,0.0,0.0,0.0,0.3498,1.1129,,,,,,,,,,,,,,,,,,,,,0.0,0.0,,,,,,,,0.0,0.0,26344.0,837.6471,0.318518,534.9126,269.4118,17.0,0.5405,6.0,0.1908,6.0,38.0,1.2083,13156,9031,287.1542,0.275588,12900.0,,,293.0,265.0,28.0,,,9.3164,3282.0,3510.0,92.0,3298.0,3711.0,90.0,-16.0,-201.0,2.0,0.0,0.0,0.0,0.0,0.0,0.0,5617.0,5786.0,142.0,5673.0,6415.0,142.0,-56.0,-629.0,0.0,1.0,0.0,0.0,2.0,1.0,1.0,8109.0,8995.0,219.0,7535.0,8418.0,189.0,574.0,577.0,30.0,1.0,0.0,0.0,2.0,1.0,1.0,10712.0,11177.0,243.0,11776.0,12308.0,226.0,-1064.0,-1131.0,17.0,4.0,1.0,3.0,9.0,3.0,2.0
ESPORTSTMNT05_3241608,complete,,EM,2023,Summer,0,2023-08-31 14:57:34,1,13.15,5,Blue,sup,Click,oe:player:1e249a5688255bde7f7213b5d257b3c,Macko Esports,oe:team:a2e63aee03585f0b37ff4cad936e349,Alistar,Nocturne,Zeri,LeBlanc,Poppy,Rakan,,,,,,1887,0,0,5,9,11,24,0.0,0.0,0.0,0.0,0.0,0.0,0.0,0.0,0.3498,1.1129,,,,,,,,,,,,,,,,,,,,,0.0,0.0,,,,,,,,0.0,0.0,6487.0,206.2639,0.0784326,655.5485,930.0795,59.0,1.876,5.0,0.159,16.0,90.0,2.8617,6663,2538,80.6995,0.0774474,6550.0,,,26.0,26.0,0.0,,,0.8267,2077.0,2660.0,13.0,2311.0,2261.0,16.0,-234.0,399.0,-3.0,0.0,0.0,0.0,0.0,2.0,0.0,3411.0,4024.0,20.0,3369.0,3246.0,22.0,42.0,778.0,-2.0,0.0,3.0,2.0,0.0,5.0,1.0,4329.0,4983.0,23.0,4541.0,4568.0,28.0,-212.0,415.0,-5.0,0.0,4.0,2.0,0.0,5.0,1.0,5551.0,6742.0,24.0,5830.0,6946.0,29.0,-279.0,-204.0,-5.0,0.0,7.0,4.0,0.0,13.0,3.0
ESPORTSTMNT05_3241608,complete,,EM,2023,Summer,0,2023-08-31 14:57:34,1,13.15,6,Red,top,Marky,oe:player:197e012fb5163375e24dbbfdae34911,Movistar KOI,oe:team:4acc40654379b4da680be1bd3129dfa,Renekton,Gangplank,Maokai,Rumble,Ivern,Karthus,,,,,,1887,1,5,3,12,24,11,0.0,0.0,0.0,0.0,1.0,0.0,1.0,0.0,0.7631,1.1129,,,,,,,,,,,,,,,,,,,,,0.0,0.0,,,,,,,,0.0,0.0,20664.0,657.0429,0.189366,1149.7933,1150.9062,6.0,0.1908,10.0,0.318,3.0,36.0,1.1447,16141,12016,382.0668,0.279144,13575.0,,,297.0,293.0,4.0,,,9.4436,3784.0,4645.0,84.0,3328.0,4865.0,74.0,456.0,-220.0,10.0,1.0,2.0,1.0,1.0,0.0,2.0,5973.0,7697.0,143.0,5271.0,7776.0,121.0,702.0,-79.0,22.0,1.0,2.0,2.0,1.0,1.0,2.0,8710.0,11154.0,208.0,6949.0,10029.0,161.0,1761.0,1125.0,47.0,1.0,2.0,2.0,1.0,2.0,2.0,12071.0,14323.0,242.0,8931.0,12795.0,197.0,3140.0,1528.0,45.0,3.0,8.0,2.0,1.0,5.0,4.0
ESPORTSTMNT05_3241608,complete,,EM,2023,Summer,0,2023-08-31 14:57:34,1,13.15,7,Red,jng,ISMA,oe:player:5450c7731de19c131ce20ea74933cc2,Movistar KOI,oe:team:4acc40654379b4da680be1bd3129dfa,Sejuani,Gangplank,Maokai,Rumble,Ivern,Karthus,,,,,,1887,1,3,3,16,24,11,0.0,0.0,0.0,0.0,1.0,1.0,0.0,0.0,0.7631,1.1129,,,,,,,,,,,,,,,,,,,,,1.0,1.0,,,,,,,,1.0,0.0,11844.0,376.5978,0.108539,1117.6789,1262.4801,8.0,0.2544,14.0,0.4452,7.0,50.0,1.5898,10641,6516,207.186,0.151372,9455.0,,,133.0,21.0,112.0,,,4.2289,3866.0,3532.0,54.0,2967.0,3129.0,64.0,899.0,403.0,-10.0,2.0,1.0,0.0,0.0,0.0,1.0,5346.0,5549.0,81.0,4799.0,5225.0,92.0,547.0,324.0,-11.0,2.0,4.0,0.0,1.0,1.0,2.0,6610.0,6670.0,102.0,6218.0,7191.0,113.0,392.0,-521.0,-11.0,2.0,4.0,1.0,1.0,2.0,2.0,8108.0,9433.0,116.0,8180.0,10482.0,151.0,-72.0,-1049.0,-35.0,2.0,12.0,2.0,1.0,4.0,4.0
ESPORTSTMNT05_3241608,complete,,EM,2023,Summer,0,2023-08-31 14:57:34,1,13.15,8,Red,mid,Fresskowy,oe:player:cda093b28f577696b82604fb20037ad,Movistar KOI,oe:team:4acc40654379b4da680be1bd3129dfa,Taliyah,Gangplank,Maokai,Rumble,Ivern,Karthus,,,,,,1887,1,5,0,13,24,11,0.0,0.0,0.0,0.0,0.0,0.0,0.0,0.0,0.7631,1.1129,,,,,,,,,,,,,,,,,,,,,0.0,0.0,,,,,,,,0.0,0.0,34380.0,1093.1638,0.31506,343.4022,195.1669,18.0,0.5723,2.0,0.0636,7.0,29.0,0.9221,13260,9135,290.461,0.212215,12525.0,,,268.0,252.0,16.0,,,8.5215,3719.0,4593.0,90.0,3223.0,4653.0,94.0,496.0,-60.0,-4.0,1.0,2.0,0.0,0.0,0.0,1.0,5921.0,6881.0,139.0,5874.0,7993.0,167.0,47.0,-1112.0,-28.0,2.0,4.0,0.0,1.0,2.0,1.0,7737.0,9378.0,187.0,8381.0,10496.0,215.0,-644.0,-1118.0,-28.0,2.0,4.0,0.0,2.0,2.0,1.0,10427.0,13055.0,229.0,10579.0,13448.0,256.0,-152.0,-393.0,-27.0,4.0,9.0,0.0,3.0,3.0,3.0
ESPORTSTMNT05_3241608,complete,,EM,2023,Summer,0,2023-08-31 14:57:34,1,13.15,9,Red,bot,Supa,oe:player:1223a0ed2bfab9b714c72d965df8133,Movistar KOI,oe:team:4acc40654379b4da680be1bd3129dfa,Kai'Sa,Gangplank,Maokai,Rumble,Ivern,Karthus,,,,,,1887,1,11,2,6,24,11,3.0,0.0,0.0,0.0,0.0,0.0,0.0,0.0,0.7631,1.1129,,,,,,,,,,,,,,,,,,,,,0.0,0.0,,,,,,,,0.0,0.0,34835.0,1107.6312,0.31923,528.8076,453.6089,8.0,0.2544,9.0,0.2862,0.0,25.0,0.7949,15772,11647,370.3339,0.270572,14250.0,,,289.0,262.0,27.0,,,9.1892,3298.0,3711.0,90.0,3282.0,3510.0,92.0,16.0,201.0,-2.0,0.0,0.0,0.0,0.0,0.0,0.0,5673.0,6415.0,142.0,5617.0,5786.0,142.0,56.0,629.0,0.0,2.0,1.0,1.0,1.0,0.0,0.0,7535.0,8418.0,189.0,8109.0,8995.0,219.0,-574.0,-577.0,-30.0,2.0,1.0,1.0,1.0,0.0,0.0,11776.0,12308.0,226.0,10712.0,11177.0,243.0,1064.0,1131.0,-17.0,9.0,3.0,2.0,4.0,1.0,3.0
ESPORTSTMNT05_3241608,complete,,EM,2023,Summer,0,2023-08-31 14:57:34,1,13.15,10,Red,sup,Alvaro,oe:player:f5bf9bd732b85e4dcab5121e4769ae4,Movistar KOI,oe:team:4acc40654379b4da680be1bd3129dfa,Rell,Gangplank,Maokai,Rumble,Ivern,Karthus,,,,,,1887,1,0,3,19,24,11,0.0,0.0,0.0,0.0,0.0,0.0,0.0,0.0,0.7631,1.1129,,,,,,,,,,,,,,,,,,,,,0.0,0.0,,,,,,,,0.0,0.0,7399.0,235.2623,0.0678048,625.0238,829.5707,56.0,1.7806,8.0,0.2544,15.0,107.0,3.4022,7857,3732,118.6645,0.0866969,6725.0,,,31.0,31.0,0.0,,,0.9857,2311.0,2261.0,16.0,2077.0,2660.0,13.0,234.0,-399.0,3.0,0.0,2.0,0.0,0.0,0.0,0.0,3369.0,3246.0,22.0,3411.0,4024.0,20.0,-42.0,-778.0,2.0,0.0,5.0,1.0,0.0,3.0,2.0,4541.0,4568.0,28.0,4329.0,4983.0,23.0,212.0,-415.0,5.0,0.0,5.0,1.0,0.0,4.0,2.0,5830.0,6946.0,29.0,5551.0,6742.0,24.0,279.0,204.0,5.0,0.0,13.0,3.0,0.0,7.0,4.0
ESPORTSTMNT05_3241608,complete,,EM,2023,Summer,0,2023-08-31 14:57:34,1,13.15,100,Blue,team,,,Macko Esports,oe:team:a2e63aee03585f0b37ff4cad936e349,,Nocturne,Zeri,LeBlanc,Poppy,Rakan,Tristana,Xayah,Alistar,Ornn,Trundle,1887,0,11,24,28,11,24,1.0,0.0,0.0,0.0,0.0,,,,0.3498,1.1129,1.0,1.0,4.0,1.0,4.0,0.0,0.0,1.0,0.0,0.0,0.0,,0.0,0.0,0.0,0.0,2.0,,,1.0,1.0,1.0,0.0,2.0,9.0,1.0,0.0,5.0,5.0,0.0,1.0,82708.0,2629.8251,,4238.8871,4205.6598,111.0,3.5294,43.0,1.3672,38.0,244.0,7.7583,53395,32770,1041.9714,,51500.0,-0.0931223,-1.81,,828.0,184.0,,,32.1781,14877.0,18817.0,337.0,16978.0,18742.0,334.0,-2101.0,75.0,3.0,1.0,0.0,4.0,4.0,7.0,1.0,24972.0,30804.0,542.0,26282.0,29788.0,527.0,-1310.0,1016.0,15.0,4.0,7.0,7.0,7.0,16.0,4.0,33986.0,41694.0,731.0,35133.0,40188.0,714.0,-1147.0,1506.0,17.0,5.0,10.0,7.0,7.0,16.0,5.0,43953.0,54644.0,871.0,48212.0,56065.0,842.0,-4259.0,-1421.0,29.0,9.0,20.0,18.0,18.0,45.0,9.0
ESPORTSTMNT05_3241608,complete,,EM,2023,Summer,0,2023-08-31 14:57:34,1,13.15,200,Red,team,,,Movistar KOI,oe:team:4acc40654379b4da680be1bd3129dfa,,Gangplank,Maokai,Rumble,Ivern,Karthus,Taliyah,Rell,Kai'Sa,Sejuani,Renekton,1887,1,24,11,66,24,11,3.0,0.0,0.0,0.0,1.0,,,,0.7631,1.1129,0.0,4.0,1.0,4.0,1.0,0.0,1.0,0.0,3.0,0.0,0.0,,0.0,0.0,1.0,2.0,0.0,,,0.0,1.0,1.0,1.0,9.0,2.0,0.0,1.0,5.0,5.0,1.0,0.0,109122.0,3469.6979,,3764.7059,3891.7329,96.0,3.0525,43.0,1.3672,32.0,247.0,7.8537,63671,43046,1368.7122,,56530.0,0.0931223,1.81,,859.0,159.0,,,32.3688,16978.0,18742.0,334.0,14877.0,18817.0,337.0,2101.0,-75.0,-3.0,4.0,7.0,1.0,1.0,0.0,4.0,26282.0,29788.0,527.0,24972.0,30804.0,542.0,1310.0,-1016.0,-15.0,7.0,16.0,4.0,4.0,7.0,7.0,35133.0,40188.0,714.0,33986.0,41694.0,731.0,1147.0,-1506.0,-17.0,7.0,16.0,5.0,5.0,10.0,7.0,48212.0,56065.0,842.0,43953.0,54644.0,871.0,4259.0,1421.0,-29.0,18.0,45.0,9.0,9.0,20.0,18.0
ESPORTSTMNT05_3241609,complete,,EM,2023,Summer,0,2023-08-31 15:54:33,2,13.15,1,Blue,top,ACD,oe:player:72c5cc0e2586935d16539f31a2a4fec,Macko Esports,oe:team:a2e63aee03585f0b37ff4cad936e349,Ornn,Nocturne,Zeri,LeBlanc,Renekton,Poppy,,,,,,1729,0,1,3,3,10,25,0.0,0.0,0.0,0.0,0.0,0.0,0.0,0.0,0.347,1.2146,,,,,,,,,,,,,,,,,,,,,0.0,0.0,,,,,,,,0.0,0.0,13568.0,470.8386,0.224257,889.3464,1124.6617,14.0,0.4858,4.0,0.1388,3.0,33.0,1.1452,9303,5500,190.8618,0.182489,9475.0,,,215.0,211.0,4.0,,,7.461,2819.0,4112.0,63.0,3558.0,4710.0,83.0,-739.0,-598.0,-20.0,0.0,0.0,1.0,1.0,0.0,0.0,4372.0,6885.0,108.0,6879.0,8721.0,149.0,-2507.0,-1836.0,-41.0,0.0,0.0,2.0,2.0,0.0,0.0,6449.0,9954.0,167.0,9860.0,12014.0,208.0,-3411.0,-2060.0,-41.0,0.0,0.0,2.0,2.0,2.0,0.0,8005.0,12660.0,185.0,11510.0,13953.0,235.0,-3505.0,-1293.0,-50.0,1.0,3.0,2.0,2.0,2.0,1.0
ESPORTSTMNT05_3241609,complete,,EM,2023,Summer,0,2023-08-31 15:54:33,2,13.15,2,Blue,jng,Cboi,oe:player:702efc23873d774e479682ef680d911,Macko Esports,oe:team:a2e63aee03585f0b37ff4cad936e349,Jarvan IV,Nocturne,Zeri,LeBlanc,Renekton,Poppy,,,,,,1729,0,4,8,5,10,25,0.0,0.0,0.0,0.0,0.0,0.0,0.0,0.0,0.347,1.2146,,,,,,,,,,,,,,,,,,,,,0.0,1.0,,,,,,,,0.0,0.0,8608.0,298.716,0.142276,1065.4251,1075.107,8.0,0.2776,12.0,0.4164,6.0,41.0,1.4228,9875,6072,210.7114,0.201466,9350.0,,,136.0,33.0,103.0,,,4.7195,3191.0,2966.0,55.0,3127.0,3347.0,52.0,64.0,-381.0,3.0,1.0,0.0,2.0,1.0,1.0,0.0,5281.0,5441.0,79.0,4702.0,4884.0,73.0,579.0,557.0,6.0,2.0,2.0,2.0,2.0,2.0,1.0,6920.0,7249.0,106.0,7278.0,7853.0,101.0,-358.0,-604.0,5.0,3.0,2.0,5.0,4.0,6.0,1.0,9005.0,9824.0,128.0,8819.0,10127.0,122.0,186.0,-303.0,6.0,4.0,5.0,6.0,4.0,7.0,1.0
ESPORTSTMNT05_3241609,complete,,EM,2023,Summer,0,2023-08-31 15:54:33,2,13.15,3,Blue,mid,Six10,oe:player:325397710b4294aeb7a18881c34f33b,Macko Esports,oe:team:a2e63aee03585f0b37ff4cad936e349,Tristana,Nocturne,Zeri,LeBlanc,Renekton,Poppy,,,,,,1729,0,2,4,3,10,25,1.0,0.0,0.0,0.0,0.0,0.0,0.0,0.0,0.347,1.2146,,,,,,,,,,,,,,,,,,,,,0.0,1.0,,,,,,,,0.0,0.0,15091.0,523.69,0.24943,609.4043,418.3343,11.0,0.3817,5.0,0.1735,5.0,22.0,0.7634,12236,8433,292.6431,0.2798,11375.0,,,263.0,254.0,9.0,,,9.1267,3115.0,4072.0,77.0,3381.0,4368.0,79.0,-266.0,-296.0,-2.0,0.0,0.0,0.0,1.0,1.0,0.0,6344.0,6653.0,124.0,5870.0,7173.0,135.0,474.0,-520.0,-11.0,2.0,0.0,1.0,2.0,1.0,1.0,8258.0,9199.0,165.0,8743.0,9459.0,168.0,-485.0,-260.0,-3.0,2.0,1.0,3.0,5.0,4.0,1.0,10635.0,12471.0,232.0,10342.0,11493.0,195.0,293.0,978.0,37.0,2.0,3.0,3.0,5.0,5.0,2.0
ESPORTSTMNT05_3241609,complete,,EM,2023,Summer,0,2023-08-31 15:54:33,2,13.15,4,Blue,bot,Vzz,oe:player:ba6e76e259419420ddff269bb6ef074,Macko Esports,oe:team:a2e63aee03585f0b37ff4cad936e349,Jinx,Nocturne,Zeri,LeBlanc,Renekton,Poppy,,,,,,1729,0,3,6,3,10,25,0.0,0.0,0.0,0.0,0.0,0.0,0.0,0.0,0.347,1.2146,,,,,,,,,,,,,,,,,,,,,0.0,0.0,,,,,,,,0.0,2.0,17300.0,600.347,0.285941,510.8155,274.7021,13.0,0.4511,12.0,0.4164,4.0,40.0,1.3881,11673,7870,273.1058,0.261121,11350.0,,,230.0,215.0,15.0,,,7.9815,3430.0,2917.0,67.0,3940.0,3272.0,76.0,-510.0,-355.0,-9.0,1.0,1.0,2.0,2.0,2.0,2.0,5554.0,4731.0,111.0,6297.0,6011.0,120.0,-743.0,-1280.0,-9.0,1.0,2.0,5.0,4.0,3.0,3.0,7003.0,6295.0,145.0,9426.0,8334.0,167.0,-2423.0,-2039.0,-22.0,1.0,2.0,5.0,6.0,7.0,4.0,9834.0,8826.0,185.0,11352.0,10787.0,199.0,-1518.0,-1961.0,-14.0,3.0,3.0,5.0,7.0,7.0,6.0
ESPORTSTMNT05_3241609,complete,,EM,2023,Summer,0,2023-08-31 15:54:33,2,13.15,5,Blue,sup,Click,oe:player:1e249a5688255bde7f7213b5d257b3c,Macko Esports,oe:team:a2e63aee03585f0b37ff4cad936e349,Alistar,Nocturne,Zeri,LeBlanc,Renekton,Poppy,,,,,,1729,0,0,4,6,10,25,0.0,0.0,0.0,0.0,0.0,0.0,0.0,1.0,0.347,1.2146,,,,,,,,,,,,,,,,,,,,,0.0,0.0,,,,,,,,0.0,0.0,5935.0,205.9572,0.0980959,542.0821,829.3117,42.0,1.4575,5.0,0.1735,11.0,68.0,2.3597,6067,2264,78.5656,0.0751236,5775.0,,,33.0,33.0,0.0,,,1.1452,2139.0,2562.0,21.0,2926.0,2741.0,18.0,-787.0,-179.0,3.0,0.0,0.0,1.0,1.0,3.0,0.0,3269.0,3940.0,25.0,4174.0,4016.0,26.0,-905.0,-76.0,-1.0,0.0,2.0,1.0,1.0,5.0,0.0,4402.0,5418.0,29.0,5965.0,6436.0,31.0,-1563.0,-1018.0,-2.0,0.0,3.0,3.0,1.0,12.0,0.0,5356.0,8109.0,31.0,7248.0,8236.0,34.0,-1892.0,-127.0,-3.0,0.0,6.0,3.0,1.0,13.0,0.0
ESPORTSTMNT05_3241609,complete,,EM,2023,Summer,0,2023-08-31 15:54:33,2,13.15,6,Red,top,Marky,oe:player:197e012fb5163375e24dbbfdae34911,Movistar KOI,oe:team:4acc40654379b4da680be1bd3129dfa,Gnar,Gangplank,Maokai,Rumble,Ivern,Karthus,,,,,,1729,1,2,1,7,25,10,0.0,0.0,0.0,0.0,0.0,0.0,0.0,0.0,0.8676,1.2146,,,,,,,,,,,,,,,,,,,,,0.0,0.0,,,,,,,,0.0,0.0,19042.0,660.7981,0.216776,729.3002,564.8467,13.0,0.4511,8.0,0.2776,4.0,44.0,1.5269,14675,10872,377.2817,0.257678,12133.0,,,283.0,274.0,9.0,,,9.8207,3558.0,4710.0,83.0,2819.0,4112.0,63.0,739.0,598.0,20.0,1.0,0.0,0.0,0.0,0.0,1.0,6879.0,8721.0,149.0,4372.0,6885.0,108.0,2507.0,1836.0,41.0,2.0,0.0,0.0,0.0,0.0,2.0,9860.0,12014.0,208.0,6449.0,9954.0,167.0,3411.0,2060.0,41.0,2.0,2.0,0.0,0.0,0.0,2.0,11510.0,13953.0,235.0,8005.0,12660.0,185.0,3505.0,1293.0,50.0,2.0,2.0,1.0,1.0,3.0,2.0
ESPORTSTMNT05_3241609,complete,,EM,2023,Summer,0,2023-08-31 15:54:33,2,13.15,7,Red,jng,ISMA,oe:player:5450c7731de19c131ce20ea74933cc2,Movistar KOI,oe:team:4acc40654379b4da680be1bd3129dfa,Sejuani,Gangplank,Maokai,Rumble,Ivern,Karthus,,,,,,1729,1,4,1,12,25,10,1.0,0.0,0.0,0.0,0.0,0.0,0.0,0.0,0.8676,1.2146,,,,,,,,,,,,,,,,,,,,,1.0,0.0,,,,,,,,0.0,0.0,12441.0,431.7293,0.141629,973.6032,1458.8086,9.0,0.3123,15.0,0.5205,5.0,54.0,1.8739,10348,6545,227.1255,0.155125,9275.0,,,142.0,34.0,108.0,,,4.9277,3127.0,3347.0,52.0,3191.0,2966.0,55.0,-64.0,381.0,-3.0,1.0,1.0,0.0,1.0,0.0,2.0,4702.0,4884.0,73.0,5281.0,5441.0,79.0,-579.0,-557.0,-6.0,2.0,2.0,1.0,2.0,2.0,2.0,7278.0,7853.0,101.0,6920.0,7249.0,106.0,358.0,604.0,-5.0,4.0,6.0,1.0,3.0,2.0,5.0,8819.0,10127.0,122.0,9005.0,9824.0,128.0,-186.0,303.0,-6.0,4.0,7.0,1.0,4.0,5.0,6.0
ESPORTSTMNT05_3241609,complete,,EM,2023,Summer,0,2023-08-31 15:54:33,2,13.15,8,Red,mid,Fresskowy,oe:player:cda093b28f577696b82604fb20037ad,Movistar KOI,oe:team:4acc40654379b4da680be1bd3129dfa,Taliyah,Gangplank,Maokai,Rumble,Ivern,Karthus,,,,,,1729,1,6,2,10,25,10,0.0,0.0,0.0,0.0,0.0,0.0,0.0,0.0,0.8676,1.2146,,,,,,,,,,,,,,,,,,,,,1.0,0.0,,,,,,,,0.0,0.0,26178.0,908.4326,0.298012,353.2678,236.4257,14.0,0.4858,2.0,0.0694,4.0,39.0,1.3534,12538,8735,303.1232,0.20703,9900.0,,,228.0,216.0,12.0,,,7.9121,3381.0,4368.0,79.0,3115.0,4072.0,77.0,266.0,296.0,2.0,1.0,1.0,0.0,0.0,0.0,0.0,5870.0,7173.0,135.0,6344.0,6653.0,124.0,-474.0,520.0,11.0,2.0,1.0,1.0,2.0,0.0,1.0,8743.0,9459.0,168.0,8258.0,9199.0,165.0,485.0,260.0,3.0,5.0,4.0,1.0,2.0,1.0,3.0,10342.0,11493.0,195.0,10635.0,12471.0,232.0,-293.0,-978.0,-37.0,5.0,5.0,2.0,2.0,3.0,3.0
ESPORTSTMNT05_3241609,complete,,EM,2023,Summer,0,2023-08-31 15:54:33,2,13.15,9,Red,bot,Supa,oe:player:1223a0ed2bfab9b714c72d965df8133,Movistar KOI,oe:team:4acc40654379b4da680be1bd3129dfa,Xayah,Gangplank,Maokai,Rumble,Ivern,Karthus,,,,,,1729,1,12,6,8,25,10,1.0,1.0,1.0,1.0,1.0,0.0,1.0,0.0,0.8676,1.2146,,,,,,,,,,,,,,,,,,,,,0.0,0.0,,,,,,,,2.0,0.0,22191.0,770.0752,0.252624,634.3204,358.0914,11.0,0.3817,5.0,0.1735,4.0,29.0,1.0064,15040,11237,389.9479,0.266328,12100.0,,,239.0,209.0,30.0,,,8.2938,3940.0,3272.0,76.0,3430.0,2917.0,67.0,510.0,355.0,9.0,2.0,2.0,2.0,1.0,1.0,2.0,6297.0,6011.0,120.0,5554.0,4731.0,111.0,743.0,1280.0,9.0,4.0,3.0,3.0,1.0,2.0,5.0,9426.0,8334.0,167.0,7003.0,6295.0,145.0,2423.0,2039.0,22.0,6.0,7.0,4.0,1.0,2.0,5.0,11352.0,10787.0,199.0,9834.0,8826.0,185.0,1518.0,1961.0,14.0,7.0,7.0,6.0,3.0,3.0,5.0
ESPORTSTMNT05_3241609,complete,,EM,2023,Summer,0,2023-08-31 15:54:33,2,13.15,10,Red,sup,Alvaro,oe:player:f5bf9bd732b85e4dcab5121e4769ae4,Movistar KOI,oe:team:4acc40654379b4da680be1bd3129dfa,Rakan,Gangplank,Maokai,Rumble,Ivern,Karthus,,,,,,1729,1,1,0,19,25,10,0.0,0.0,0.0,0.0,1.0,1.0,0.0,0.0,0.8676,1.2146,,,,,,,,,,,,,,,,,,,,,0.0,0.0,,,,,,,,0.0,0.0,7990.0,277.2701,0.0909588,538.7507,814.8409,49.0,1.7004,9.0,0.3123,10.0,94.0,3.262,8606,4803,166.6744,0.113839,6900.0,,,38.0,38.0,0.0,,,1.3187,2926.0,2741.0,18.0,2139.0,2562.0,21.0,787.0,179.0,-3.0,1.0,3.0,0.0,0.0,0.0,1.0,4174.0,4016.0,26.0,3269.0,3940.0,25.0,905.0,76.0,1.0,1.0,5.0,0.0,0.0,2.0,1.0,5965.0,6436.0,31.0,4402.0,5418.0,29.0,1563.0,1018.0,2.0,1.0,12.0,0.0,0.0,3.0,3.0,7248.0,8236.0,34.0,5356.0,8109.0,31.0,1892.0,127.0,3.0,1.0,13.0,0.0,0.0,6.0,3.0
ESPORTSTMNT05_3241609,complete,,EM,2023,Summer,0,2023-08-31 15:54:33,2,13.15,100,Blue,team,,,Macko Esports,oe:team:a2e63aee03585f0b37ff4cad936e349,,Nocturne,Zeri,LeBlanc,Renekton,Poppy,Tristana,Jinx,Alistar,Jarvan IV,Ornn,1729,0,10,25,20,10,25,1.0,0.0,0.0,0.0,0.0,,,,0.347,1.2146,1.0,2.0,2.0,2.0,2.0,0.0,0.0,0.0,1.0,0.0,1.0,,0.0,0.0,1.0,1.0,1.0,,,0.0,0.0,2.0,1.0,3.0,10.0,1.0,0.0,3.0,6.0,0.0,2.0,60502.0,2099.5489,,3617.0735,3722.1168,88.0,3.0538,38.0,1.3187,29.0,204.0,7.0792,49154,30140,1045.9225,,47325.0,-0.0611064,-3.52,,746.0,131.0,,,30.4338,14694.0,16629.0,283.0,16932.0,18438.0,308.0,-2238.0,-1809.0,-25.0,2.0,1.0,6.0,6.0,7.0,2.0,24820.0,27650.0,447.0,27922.0,30805.0,503.0,-3102.0,-3155.0,-56.0,5.0,6.0,11.0,11.0,11.0,5.0,33032.0,38115.0,612.0,41272.0,44096.0,675.0,-8240.0,-5981.0,-63.0,6.0,8.0,18.0,18.0,31.0,6.0,42835.0,51890.0,761.0,49271.0,54596.0,785.0,-6436.0,-2706.0,-24.0,10.0,20.0,19.0,19.0,34.0,10.0
ESPORTSTMNT05_3241609,complete,,EM,2023,Summer,0,2023-08-31 15:54:33,2,13.15,200,Red,team,,,Movistar KOI,oe:team:4acc40654379b4da680be1bd3129dfa,,Gangplank,Maokai,Rumble,Ivern,Karthus,Xayah,Taliyah,Rakan,Sejuani,Gnar,1729,1,25,10,56,25,10,2.0,1.0,1.0,1.0,1.0,,,,0.8676,1.2146,0.0,2.0,2.0,2.0,2.0,0.0,0.0,0.0,0.0,2.0,0.0,,0.0,0.0,0.0,1.0,1.0,,,1.0,2.0,0.0,0.0,10.0,3.0,0.0,1.0,6.0,3.0,2.0,0.0,87842.0,3048.3054,,3229.2423,3433.0133,96.0,3.3314,39.0,1.3534,27.0,260.0,9.0226,61207,42193,1464.1874,,50308.0,0.0611064,3.52,,771.0,159.0,,,32.273,16932.0,18438.0,308.0,14694.0,16629.0,283.0,2238.0,1809.0,25.0,6.0,7.0,2.0,2.0,1.0,6.0,27922.0,30805.0,503.0,24820.0,27650.0,447.0,3102.0,3155.0,56.0,11.0,11.0,5.0,5.0,6.0,11.0,41272.0,44096.0,675.0,33032.0,38115.0,612.0,8240.0,5981.0,63.0,18.0,31.0,6.0,6.0,8.0,18.0,49271.0,54596.0,785.0,42835.0,51890.0,761.0,6436.0,2706.0,24.0,19.0,34.0,10.0,10.0,20.0,19.0
ESPORTSTMNT05_3239565,complete,,EM,2023,Summer,0,2023-08-31 16:44:31,3,13.15,1,Blue,top,ACD,oe:player:72c5cc0e2586935d16539f31a2a4fec,Macko Esports,oe:team:a2e63aee03585f0b37ff4cad936e349,Kled,Nocturne,LeBlanc,Taliyah,Neeko,Sylas,,,,,,1600,0,2,3,1,6,17,0.0,0.0,0.0,0.0,0.0,0.0,0.0,0.0,0.225,0.8625,,,,,,,,,,,,,,,,,,,,,0.0,0.0,,,,,,,,0.0,0.0,11038.0,413.925,0.217006,878.5125,680.025,10.0,0.375,2.0,0.075,2.0,17.0,0.6375,9727,6187,232.0125,0.254636,9800.0,,,229.0,229.0,0.0,,,8.5875,4094.0,4782.0,76.0,3072.0,4462.0,80.0,1022.0,320.0,-4.0,2.0,1.0,0.0,0.0,0.0,2.0,5726.0,7409.0,124.0,4651.0,7115.0,122.0,1075.0,294.0,2.0,2.0,1.0,1.0,0.0,0.0,2.0,7890.0,11016.0,191.0,6687.0,10118.0,172.0,1203.0,898.0,19.0,2.0,1.0,1.0,0.0,0.0,2.0,9491.0,12958.0,228.0,8896.0,13153.0,200.0,595.0,-195.0,28.0,2.0,1.0,2.0,0.0,4.0,2.0
ESPORTSTMNT05_3239565,complete,,EM,2023,Summer,0,2023-08-31 16:44:31,3,13.15,2,Blue,jng,Cboi,oe:player:702efc23873d774e479682ef680d911,Macko Esports,oe:team:a2e63aee03585f0b37ff4cad936e349,Rell,Nocturne,LeBlanc,Taliyah,Neeko,Sylas,,,,,,1600,0,1,4,3,6,17,0.0,0.0,0.0,0.0,0.0,0.0,0.0,0.0,0.225,0.8625,,,,,,,,,,,,,,,,,,,,,0.0,1.0,,,,,,,,0.0,0.0,6291.0,235.9125,0.12368,830.1375,1373.625,5.0,0.1875,6.0,0.225,6.0,26.0,0.975,7614,4074,152.775,0.167678,6775.0,,,123.0,11.0,112.0,,,4.6125,3209.0,2881.0,48.0,3629.0,2936.0,47.0,-420.0,-55.0,1.0,1.0,3.0,2.0,2.0,4.0,0.0,4515.0,4793.0,76.0,5291.0,5175.0,83.0,-776.0,-382.0,-7.0,1.0,3.0,2.0,2.0,4.0,0.0,6099.0,7271.0,107.0,6674.0,7185.0,112.0,-575.0,86.0,-5.0,1.0,3.0,2.0,2.0,4.0,0.0,7404.0,8596.0,123.0,8552.0,10211.0,136.0,-1148.0,-1615.0,-13.0,1.0,3.0,3.0,2.0,8.0,0.0
ESPORTSTMNT05_3239565,complete,,EM,2023,Summer,0,2023-08-31 16:44:31,3,13.15,3,Blue,mid,Six10,oe:player:325397710b4294aeb7a18881c34f33b,Macko Esports,oe:team:a2e63aee03585f0b37ff4cad936e349,Tristana,Nocturne,LeBlanc,Taliyah,Neeko,Sylas,,,,,,1600,0,2,2,0,6,17,0.0,0.0,0.0,0.0,0.0,0.0,0.0,0.0,0.225,0.8625,,,,,,,,,,,,,,,,,,,,,0.0,0.0,,,,,,,,0.0,1.0,16068.0,602.55,0.315895,526.575,363.825,11.0,0.4125,5.0,0.1875,4.0,29.0,1.0875,9992,6452,241.95,0.265542,9400.0,,,232.0,216.0,16.0,,,8.7,3388.0,4197.0,78.0,3702.0,4755.0,83.0,-314.0,-558.0,-5.0,1.0,0.0,1.0,1.0,3.0,0.0,5307.0,6752.0,127.0,5790.0,7684.0,144.0,-483.0,-932.0,-17.0,2.0,0.0,1.0,1.0,3.0,0.0,7434.0,9205.0,177.0,7735.0,10590.0,197.0,-301.0,-1385.0,-20.0,2.0,0.0,1.0,1.0,3.0,0.0,9733.0,11674.0,229.0,10226.0,14100.0,239.0,-493.0,-2426.0,-10.0,2.0,0.0,1.0,2.0,4.0,0.0
ESPORTSTMNT05_3239565,complete,,EM,2023,Summer,0,2023-08-31 16:44:31,3,13.15,4,Blue,bot,Vzz,oe:player:ba6e76e259419420ddff269bb6ef074,Macko Esports,oe:team:a2e63aee03585f0b37ff4cad936e349,Xayah,Nocturne,LeBlanc,Taliyah,Neeko,Sylas,,,,,,1600,0,1,5,1,6,17,0.0,0.0,0.0,0.0,0.0,0.0,0.0,0.0,0.225,0.8625,,,,,,,,,,,,,,,,,,,,,0.0,0.0,,,,,,,,0.0,0.0,12588.0,472.05,0.247479,463.05,239.7,11.0,0.4125,4.0,0.15,3.0,20.0,0.75,8996,5456,204.6,0.224552,8825.0,,,221.0,210.0,11.0,,,8.2875,3316.0,3223.0,76.0,4846.0,3786.0,89.0,-1530.0,-563.0,-13.0,1.0,0.0,2.0,4.0,0.0,0.0,5043.0,5711.0,128.0,7267.0,6827.0,143.0,-2224.0,-1116.0,-15.0,1.0,1.0,2.0,5.0,0.0,0.0,7163.0,8195.0,182.0,9191.0,9009.0,193.0,-2028.0,-814.0,-11.0,1.0,1.0,2.0,5.0,0.0,0.0,8651.0,9364.0,215.0,12299.0,11835.0,235.0,-3648.0,-2471.0,-20.0,1.0,1.0,4.0,8.0,1.0,0.0
ESPORTSTMNT05_3239565,complete,,EM,2023,Summer,0,2023-08-31 16:44:31,3,13.15,5,Blue,sup,Click,oe:player:1e249a5688255bde7f7213b5d257b3c,Macko Esports,oe:team:a2e63aee03585f0b37ff4cad936e349,Rakan,Nocturne,LeBlanc,Taliyah,Neeko,Sylas,,,,,,1600,0,0,3,5,6,17,0.0,0.0,0.0,0.0,0.0,0.0,0.0,1.0,0.225,0.8625,,,,,,,,,,,,,,,,,,,,,0.0,0.0,,,,,,,,0.0,0.0,4880.0,183.0,0.0959402,496.05,514.425,35.0,1.3125,9.0,0.3375,10.0,75.0,2.8125,5668,2128,79.8,0.0875921,5600.0,,,33.0,33.0,0.0,,,1.2375,2367.0,2063.0,15.0,2508.0,2184.0,12.0,-141.0,-121.0,3.0,0.0,4.0,2.0,0.0,6.0,3.0,3457.0,3021.0,25.0,3565.0,3234.0,19.0,-108.0,-213.0,6.0,0.0,5.0,2.0,0.0,6.0,4.0,4536.0,4210.0,31.0,4830.0,4628.0,26.0,-294.0,-418.0,5.0,0.0,5.0,2.0,0.0,6.0,4.0,5403.0,5540.0,32.0,6503.0,6982.0,31.0,-1100.0,-1442.0,1.0,0.0,5.0,2.0,0.0,10.0,4.0
ESPORTSTMNT05_3239565,complete,,EM,2023,Summer,0,2023-08-31 16:44:31,3,13.15,6,Red,top,Marky,oe:player:197e012fb5163375e24dbbfdae34911,Movistar KOI,oe:team:4acc40654379b4da680be1bd3129dfa,Renekton,Gangplank,Maokai,Rumble,Ivern,Karthus,,,,,,1600,1,0,3,8,17,7,0.0,0.0,0.0,0.0,0.0,0.0,0.0,0.0,0.6375,0.8625,,,,,,,,,,,,,,,,,,,,,0.0,0.0,,,,,,,,0.0,0.0,14197.0,532.3875,0.209167,874.575,842.3625,8.0,0.3,2.0,0.075,4.0,21.0,0.7875,9768,6228,233.55,0.182298,9850.0,,,212.0,207.0,5.0,,,7.95,3072.0,4462.0,80.0,4094.0,4782.0,76.0,-1022.0,-320.0,4.0,0.0,0.0,2.0,2.0,1.0,0.0,4651.0,7115.0,122.0,5726.0,7409.0,124.0,-1075.0,-294.0,-2.0,0.0,0.0,2.0,2.0,1.0,1.0,6687.0,10118.0,172.0,7890.0,11016.0,191.0,-1203.0,-898.0,-19.0,0.0,0.0,2.0,2.0,1.0,1.0,8896.0,13153.0,200.0,9491.0,12958.0,228.0,-595.0,195.0,-28.0,0.0,4.0,2.0,2.0,1.0,2.0
ESPORTSTMNT05_3239565,complete,,EM,2023,Summer,0,2023-08-31 16:44:31,3,13.15,7,Red,jng,ISMA,oe:player:5450c7731de19c131ce20ea74933cc2,Movistar KOI,oe:team:4acc40654379b4da680be1bd3129dfa,Sejuani,Gangplank,Maokai,Rumble,Ivern,Karthus,,,,,,1600,1,2,0,13,17,7,0.0,0.0,0.0,0.0,1.0,0.0,1.0,0.0,0.6375,0.8625,,,,,,,,,,,,,,,,,,,,,1.0,0.0,,,,,,,,0.0,0.0,7069.0,265.0875,0.104149,731.3625,1120.275,7.0,0.2625,12.0,0.45,5.0,43.0,1.6125,9491,5951,223.1625,0.174191,7875.0,,,147.0,30.0,117.0,,,5.5125,3629.0,2936.0,47.0,3209.0,2881.0,48.0,420.0,55.0,-1.0,2.0,4.0,0.0,1.0,3.0,2.0,5291.0,5175.0,83.0,4515.0,4793.0,76.0,776.0,382.0,7.0,2.0,4.0,0.0,1.0,3.0,2.0,6674.0,7185.0,112.0,6099.0,7271.0,107.0,575.0,-86.0,5.0,2.0,4.0,0.0,1.0,3.0,2.0,8552.0,10211.0,136.0,7404.0,8596.0,123.0,1148.0,1615.0,13.0,2.0,8.0,0.0,1.0,3.0,3.0
ESPORTSTMNT05_3239565,complete,,EM,2023,Summer,0,2023-08-31 16:44:31,3,13.15,8,Red,mid,Fresskowy,oe:player:cda093b28f577696b82604fb20037ad,Movistar KOI,oe:team:4acc40654379b4da680be1bd3129dfa,Ahri,Gangplank,Maokai,Rumble,Ivern,Karthus,,,,,,1600,1,6,0,5,17,7,1.0,1.0,1.0,0.0,1.0,0.0,1.0,0.0,0.6375,0.8625,,,,,,,,,,,,,,,,,,,,,0.0,0.0,,,,,,,,1.0,0.0,15611.0,585.4125,0.23,413.475,268.8375,10.0,0.375,0.0,0.0,2.0,16.0,0.6,12080,8540,320.25,0.249968,9800.0,,,253.0,253.0,0.0,,,9.4875,3702.0,4755.0,83.0,3388.0,4197.0,78.0,314.0,558.0,5.0,1.0,3.0,0.0,1.0,0.0,1.0,5790.0,7684.0,144.0,5307.0,6752.0,127.0,483.0,932.0,17.0,1.0,3.0,0.0,2.0,0.0,1.0,7735.0,10590.0,197.0,7434.0,9205.0,177.0,301.0,1385.0,20.0,1.0,3.0,0.0,2.0,0.0,1.0,10226.0,14100.0,239.0,9733.0,11674.0,229.0,493.0,2426.0,10.0,2.0,4.0,0.0,2.0,0.0,1.0
ESPORTSTMNT05_3239565,complete,,EM,2023,Summer,0,2023-08-31 16:44:31,3,13.15,9,Red,bot,Supa,oe:player:1223a0ed2bfab9b714c72d965df8133,Movistar KOI,oe:team:4acc40654379b4da680be1bd3129dfa,Zeri,Gangplank,Maokai,Rumble,Ivern,Karthus,,,,,,1600,1,9,0,5,17,7,2.0,0.0,0.0,0.0,1.0,1.0,0.0,0.0,0.6375,0.8625,,,,,,,,,,,,,,,,,,,,,0.0,0.0,,,,,,,,0.0,0.0,25581.0,959.2875,0.37689,266.025,136.65,6.0,0.225,11.0,0.4125,1.0,23.0,0.8625,13484,9944,372.9,0.291061,12075.0,,,245.0,229.0,16.0,,,9.1875,4846.0,3786.0,89.0,3316.0,3223.0,76.0,1530.0,563.0,13.0,4.0,0.0,0.0,1.0,0.0,2.0,7267.0,6827.0,143.0,5043.0,5711.0,128.0,2224.0,1116.0,15.0,5.0,0.0,0.0,1.0,1.0,2.0,9191.0,9009.0,193.0,7163.0,8195.0,182.0,2028.0,814.0,11.0,5.0,0.0,0.0,1.0,1.0,2.0,12299.0,11835.0,235.0,8651.0,9364.0,215.0,3648.0,2471.0,20.0,8.0,1.0,0.0,1.0,1.0,4.0
ESPORTSTMNT05_3239565,complete,,EM,2023,Summer,0,2023-08-31 16:44:31,3,13.15,10,Red,sup,Alvaro,oe:player:f5bf9bd732b85e4dcab5121e4769ae4,Movistar KOI,oe:team:4acc40654379b4da680be1bd3129dfa,Nautilus,Gangplank,Maokai,Rumble,Ivern,Karthus,,,,,,1600,1,0,4,13,17,7,0.0,0.0,0.0,0.0,1.0,0.0,1.0,0.0,0.6375,0.8625,,,,,,,,,,,,,,,,,,,,,0.0,0.0,,,,,,,,0.0,0.0,5416.0,203.1,0.0797949,438.5625,533.8125,31.0,1.1625,5.0,0.1875,10.0,61.0,2.2875,7041,3501,131.2875,0.102482,6350.0,,,31.0,31.0,0.0,,,1.1625,2508.0,2184.0,12.0,2367.0,2063.0,15.0,141.0,121.0,-3.0,0.0,6.0,3.0,0.0,4.0,2.0,3565.0,3234.0,19.0,3457.0,3021.0,25.0,108.0,213.0,-6.0,0.0,6.0,4.0,0.0,5.0,2.0,4830.0,4628.0,26.0,4536.0,4210.0,31.0,294.0,418.0,-5.0,0.0,6.0,4.0,0.0,5.0,2.0,6503.0,6982.0,31.0,5403.0,5540.0,32.0,1100.0,1442.0,-1.0,0.0,10.0,4.0,0.0,5.0,2.0
ESPORTSTMNT05_3239565,complete,,EM,2023,Summer,0,2023-08-31 16:44:31,3,13.15,100,Blue,team,,,Macko Esports,oe:team:a2e63aee03585f0b37ff4cad936e349,,Nocturne,LeBlanc,Taliyah,Neeko,Sylas,Tristana,Xayah,Kled,Rakan,Rell,1600,0,6,17,10,6,17,0.0,0.0,0.0,0.0,0.0,,,,0.225,0.8625,1.0,1.0,2.0,1.0,2.0,0.0,0.0,0.0,0.0,1.0,0.0,,0.0,0.0,0.0,1.0,1.0,,,0.0,0.0,1.0,0.0,3.0,8.0,0.0,0.0,3.0,7.0,0.0,1.0,50865.0,1907.4375,,3194.325,3171.6,72.0,2.7,26.0,0.975,25.0,167.0,6.2625,41997,24299,911.2125,,40400.0,-0.128547,-2.55,,699.0,139.0,,,31.425,16374.0,17146.0,293.0,17757.0,18123.0,311.0,-1383.0,-977.0,-18.0,5.0,8.0,7.0,7.0,13.0,5.0,24048.0,27686.0,480.0,26564.0,30035.0,511.0,-2516.0,-2349.0,-31.0,6.0,10.0,8.0,8.0,13.0,6.0,33122.0,39897.0,688.0,35117.0,41530.0,700.0,-1995.0,-1633.0,-12.0,6.0,10.0,8.0,8.0,13.0,6.0,40682.0,48132.0,827.0,46476.0,56281.0,841.0,-5794.0,-8149.0,-14.0,6.0,10.0,12.0,12.0,27.0,6.0
ESPORTSTMNT05_3239565,complete,,EM,2023,Summer,0,2023-08-31 16:44:31,3,13.15,200,Red,team,,,Movistar KOI,oe:team:4acc40654379b4da680be1bd3129dfa,,Gangplank,Maokai,Rumble,Ivern,Karthus,Zeri,Sejuani,Renekton,Ahri,Nautilus,1600,1,17,7,44,17,7,3.0,1.0,1.0,0.0,1.0,,,,0.6375,0.8625,0.0,2.0,1.0,2.0,1.0,1.0,0.0,0.0,0.0,0.0,1.0,,0.0,0.0,1.0,1.0,1.0,,,1.0,1.0,0.0,1.0,8.0,3.0,1.0,1.0,7.0,3.0,1.0,0.0,67874.0,2545.275,,2724.0,2901.9375,62.0,2.325,30.0,1.125,22.0,164.0,6.15,51864,34166,1281.225,,45950.0,0.128547,2.55,,750.0,138.0,,,33.3,17757.0,18123.0,311.0,16374.0,17146.0,293.0,1383.0,977.0,18.0,7.0,13.0,5.0,5.0,8.0,7.0,26564.0,30035.0,511.0,24048.0,27686.0,480.0,2516.0,2349.0,31.0,8.0,13.0,6.0,6.0,10.0,8.0,35117.0,41530.0,700.0,33122.0,39897.0,688.0,1995.0,1633.0,12.0,8.0,13.0,6.0,6.0,10.0,8.0,46476.0,56281.0,841.0,40682.0,48132.0,827.0,5794.0,8149.0,14.0,12.0,27.0,6.0,6.0,10.0,12.0
ESPORTSTMNT05_3241613,complete,,EM,2023,Summer,0,2023-09-01 14:59:06,1,13.15,1,Blue,top,Ragner,oe:player:c0f78343a2ad4ba1463245d53a3b440,Team GO,oe:team:8d538207b9de9d20e1a525aae593515,Ornn,Ryze,Poppy,Azir,Sejuani,Zac,,,,,,1829,1,1,1,7,15,4,0.0,0.0,0.0,0.0,0.0,0.0,0.0,0.0,0.4921,0.6233,,,,,,,,,,,,,,,,,,,,,0.0,0.0,,,,,,,,1.0,0.0,10469.0,343.4336,0.17893,584.713,716.5555,15.0,0.4921,5.0,0.164,5.0,32.0,1.0498,10447,6440,211.263,0.162002,10325.0,,,203.0,203.0,0.0,,,6.6594,2927.0,4580.0,72.0,3685.0,4928.0,92.0,-758.0,-348.0,-20.0,0.0,2.0,0.0,0.0,0.0,0.0,4657.0,7325.0,124.0,5992.0,7747.0,145.0,-1335.0,-422.0,-21.0,0.0,2.0,0.0,1.0,0.0,1.0,5949.0,9055.0,153.0,8185.0,10213.0,196.0,-2236.0,-1158.0,-43.0,0.0,2.0,0.0,1.0,0.0,1.0,7771.0,11095.0,173.0,10565.0,12780.0,241.0,-2794.0,-1685.0,-68.0,0.0,4.0,1.0,2.0,1.0,2.0
ESPORTSTMNT05_3241613,complete,,EM,2023,Summer,0,2023-09-01 14:59:06,1,13.15,2,Blue,jng,Lyncas,oe:player:ca9701f085966dfca32e31b1b1e9d55,Team GO,oe:team:8d538207b9de9d20e1a525aae593515,Ivern,Ryze,Poppy,Azir,Sejuani,Zac,,,,,,1829,1,1,0,13,15,4,0.0,0.0,0.0,0.0,0.0,0.0,0.0,0.0,0.4921,0.6233,,,,,,,,,,,,,,,,,,,,,2.0,0.0,,,,,,,,1.0,0.0,3125.0,102.515,0.0534106,206.6047,138.2067,8.0,0.2624,6.0,0.1968,5.0,33.0,1.0826,10151,6144,201.5528,0.154556,9075.0,,,131.0,7.0,124.0,,,4.2974,3236.0,3445.0,59.0,3374.0,3557.0,72.0,-138.0,-112.0,-13.0,0.0,4.0,0.0,0.0,0.0,0.0,4812.0,5460.0,83.0,5338.0,6252.0,120.0,-526.0,-792.0,-37.0,1.0,4.0,0.0,0.0,0.0,0.0,6218.0,7833.0,111.0,6909.0,8280.0,154.0,-691.0,-447.0,-43.0,1.0,4.0,0.0,0.0,0.0,0.0,7936.0,10275.0,121.0,8579.0,10345.0,187.0,-643.0,-70.0,-66.0,1.0,7.0,0.0,0.0,3.0,0.0
ESPORTSTMNT05_3241613,complete,,EM,2023,Summer,0,2023-09-01 14:59:06,1,13.15,3,Blue,mid,Toucouille,oe:player:525ac233cf71bc36a611e27a324144f,Team GO,oe:team:8d538207b9de9d20e1a525aae593515,Orianna,Ryze,Poppy,Azir,Sejuani,Zac,,,,,,1829,1,4,0,7,15,4,0.0,0.0,0.0,0.0,0.0,0.0,0.0,0.0,0.4921,0.6233,,,,,,,,,,,,,,,,,,,,,0.0,0.0,,,,,,,,0.0,0.0,11325.0,371.5145,0.19356,187.7091,167.5014,15.0,0.4921,6.0,0.1968,5.0,28.0,0.9185,13253,9246,303.3133,0.232585,12500.0,,,269.0,269.0,0.0,,,8.8245,3957.0,4847.0,89.0,3262.0,4756.0,89.0,695.0,91.0,0.0,2.0,2.0,0.0,0.0,0.0,1.0,5898.0,7824.0,150.0,5150.0,7722.0,145.0,748.0,102.0,5.0,2.0,2.0,0.0,0.0,0.0,1.0,7680.0,10634.0,202.0,7077.0,11144.0,204.0,603.0,-510.0,-2.0,2.0,2.0,0.0,0.0,0.0,1.0,9832.0,13289.0,238.0,9131.0,13783.0,244.0,701.0,-494.0,-6.0,2.0,4.0,0.0,0.0,2.0,1.0
ESPORTSTMNT05_3241613,complete,,EM,2023,Summer,0,2023-09-01 14:59:06,1,13.15,4,Blue,bot,Jezu,oe:player:4817d93e8f26002377aec42233b3fc2,Team GO,oe:team:8d538207b9de9d20e1a525aae593515,Xayah,Ryze,Poppy,Azir,Sejuani,Zac,,,,,,1829,1,9,1,5,15,4,2.0,0.0,0.0,0.0,1.0,1.0,0.0,0.0,0.4921,0.6233,,,,,,,,,,,,,,,,,,,,,0.0,0.0,,,,,,,,0.0,0.0,28753.0,943.2367,0.491429,278.4472,182.3619,13.0,0.4265,12.0,0.3937,4.0,43.0,1.4106,17952,13945,457.4631,0.350787,16250.0,,,321.0,309.0,12.0,,,10.5303,4551.0,3293.0,90.0,3110.0,2705.0,77.0,1441.0,588.0,13.0,3.0,1.0,0.0,0.0,0.0,2.0,7031.0,5903.0,147.0,6019.0,5017.0,135.0,1012.0,886.0,12.0,3.0,2.0,0.0,0.0,0.0,2.0,8997.0,8042.0,205.0,8580.0,7775.0,206.0,417.0,267.0,-1.0,3.0,2.0,0.0,0.0,0.0,2.0,13108.0,11163.0,253.0,11587.0,10804.0,261.0,1521.0,359.0,-8.0,6.0,2.0,1.0,2.0,1.0,3.0
ESPORTSTMNT05_3241613,complete,,EM,2023,Summer,0,2023-09-01 14:59:06,1,13.15,5,Blue,sup,kamilius,oe:player:7aa0aebd379414d25f1fcdc396407f1,Team GO,oe:team:8d538207b9de9d20e1a525aae593515,Rell,Ryze,Poppy,Azir,Sejuani,Zac,,,,,,1829,1,0,2,14,15,4,0.0,0.0,0.0,0.0,1.0,0.0,1.0,0.0,0.4921,0.6233,,,,,,,,,,,,,,,,,,,,,0.0,0.0,,,,,,,,1.0,0.0,4837.0,158.6769,0.082671,229.7649,451.8863,55.0,1.8043,13.0,0.4265,16.0,99.0,3.2477,7985,3978,130.4975,0.100071,7075.0,,,35.0,35.0,0.0,,,1.1482,2318.0,2223.0,13.0,2155.0,2446.0,19.0,163.0,-223.0,-6.0,0.0,5.0,0.0,0.0,0.0,2.0,3390.0,3695.0,19.0,3280.0,3661.0,28.0,110.0,34.0,-9.0,0.0,6.0,1.0,0.0,0.0,2.0,4507.0,4748.0,29.0,4231.0,4400.0,31.0,276.0,348.0,-2.0,0.0,6.0,1.0,0.0,0.0,2.0,6009.0,6847.0,32.0,5265.0,5516.0,33.0,744.0,1331.0,-1.0,0.0,8.0,2.0,0.0,3.0,3.0
ESPORTSTMNT05_3241613,complete,,EM,2023,Summer,0,2023-09-01 14:59:06,1,13.15,6,Red,top,Cabochard,oe:player:010c1b0d37c2b7459b215dae7ffeeac,Karmine Corp,oe:team:f3aa9bbd924ce3af42ac53f8326bc7c,Renekton,Tristana,Maokai,LeBlanc,Syndra,Rumble,,,,,,1829,0,2,3,1,4,15,0.0,0.0,0.0,0.0,0.0,0.0,0.0,0.0,0.1312,0.6233,,,,,,,,,,,,,,,,,,,,,0.0,0.0,,,,,,,,0.0,1.0,10058.0,329.9508,0.311143,952.4549,839.4423,9.0,0.2952,9.0,0.2952,6.0,29.0,0.9513,12040,8033,263.521,0.238912,12155.0,,,271.0,251.0,20.0,,,8.8901,3685.0,4928.0,92.0,2927.0,4580.0,72.0,758.0,348.0,20.0,0.0,0.0,0.0,0.0,2.0,0.0,5992.0,7747.0,145.0,4657.0,7325.0,124.0,1335.0,422.0,21.0,1.0,0.0,1.0,0.0,2.0,0.0,8185.0,10213.0,196.0,5949.0,9055.0,153.0,2236.0,1158.0,43.0,1.0,0.0,1.0,0.0,2.0,0.0,10565.0,12780.0,241.0,7771.0,11095.0,173.0,2794.0,1685.0,68.0,2.0,1.0,2.0,0.0,4.0,1.0
ESPORTSTMNT05_3241613,complete,,EM,2023,Summer,0,2023-09-01 14:59:06,1,13.15,7,Red,jng,Cinkrof,oe:player:6b3481654facc1e7fe3e312883ea8f3,Karmine Corp,oe:team:f3aa9bbd924ce3af42ac53f8326bc7c,Jarvan IV,Tristana,Maokai,LeBlanc,Syndra,Rumble,,,,,,1829,0,0,1,3,4,15,0.0,0.0,0.0,0.0,0.0,0.0,0.0,0.0,0.1312,0.6233,,,,,,,,,,,,,,,,,,,,,0.0,2.0,,,,,,,,0.0,1.0,3060.0,100.3827,0.0946606,651.2083,1130.0929,14.0,0.4593,18.0,0.5905,10.0,61.0,2.0011,9935,5928,194.4669,0.176309,9150.0,,,217.0,23.0,194.0,,,7.1186,3374.0,3557.0,72.0,3236.0,3445.0,59.0,138.0,112.0,13.0,0.0,0.0,0.0,0.0,4.0,0.0,5338.0,6252.0,120.0,4812.0,5460.0,83.0,526.0,792.0,37.0,0.0,0.0,0.0,1.0,4.0,0.0,6909.0,8280.0,154.0,6218.0,7833.0,111.0,691.0,447.0,43.0,0.0,0.0,0.0,1.0,4.0,0.0,8579.0,10345.0,187.0,7936.0,10275.0,121.0,643.0,70.0,66.0,0.0,3.0,0.0,1.0,7.0,0.0
ESPORTSTMNT05_3241613,complete,,EM,2023,Summer,0,2023-09-01 14:59:06,1,13.15,8,Red,mid,SAKEN,oe:player:1d43b8dc600eba61cd7dd2cd8d6baf6,Karmine Corp,oe:team:f3aa9bbd924ce3af42ac53f8326bc7c,Taliyah,Tristana,Maokai,LeBlanc,Syndra,Rumble,,,,,,1829,0,0,3,2,4,15,0.0,0.0,0.0,0.0,0.0,0.0,0.0,0.0,0.1312,0.6233,,,,,,,,,,,,,,,,,,,,,0.0,0.0,,,,,,,,0.0,0.0,10976.0,360.0656,0.339541,291.5036,206.8671,16.0,0.5249,4.0,0.1312,5.0,40.0,1.3122,11106,7099,232.8814,0.211135,10435.0,,,291.0,283.0,8.0,,,9.5462,3262.0,4756.0,89.0,3957.0,4847.0,89.0,-695.0,-91.0,0.0,0.0,0.0,1.0,2.0,2.0,0.0,5150.0,7722.0,145.0,5898.0,7824.0,150.0,-748.0,-102.0,-5.0,0.0,0.0,1.0,2.0,2.0,0.0,7077.0,11144.0,204.0,7680.0,10634.0,202.0,-603.0,510.0,2.0,0.0,0.0,1.0,2.0,2.0,0.0,9131.0,13783.0,244.0,9832.0,13289.0,238.0,-701.0,494.0,6.0,0.0,2.0,1.0,2.0,4.0,0.0
ESPORTSTMNT05_3241613,complete,,EM,2023,Summer,0,2023-09-01 14:59:06,1,13.15,9,Red,bot,Caliste,oe:player:e2af2b779499aa25ab9a9c10c9a5ffd,Karmine Corp,oe:team:f3aa9bbd924ce3af42ac53f8326bc7c,Zeri,Tristana,Maokai,LeBlanc,Syndra,Rumble,,,,,,1829,0,2,4,1,4,15,1.0,0.0,0.0,0.0,0.0,0.0,0.0,1.0,0.1312,0.6233,,,,,,,,,,,,,,,,,,,,,0.0,0.0,,,,,,,,0.0,0.0,6721.0,220.4811,0.207913,374.8278,188.1684,14.0,0.4593,8.0,0.2624,3.0,35.0,1.1482,14426,10419,341.7933,0.309873,14375.0,,,327.0,295.0,32.0,,,10.7272,3110.0,2705.0,77.0,4551.0,3293.0,90.0,-1441.0,-588.0,-13.0,0.0,0.0,2.0,3.0,1.0,0.0,6019.0,5017.0,135.0,7031.0,5903.0,147.0,-1012.0,-886.0,-12.0,0.0,0.0,2.0,3.0,2.0,0.0,8580.0,7775.0,206.0,8997.0,8042.0,205.0,-417.0,-267.0,1.0,0.0,0.0,2.0,3.0,2.0,0.0,11587.0,10804.0,261.0,13108.0,11163.0,253.0,-1521.0,-359.0,8.0,2.0,1.0,3.0,6.0,2.0,1.0
ESPORTSTMNT05_3241613,complete,,EM,2023,Summer,0,2023-09-01 14:59:06,1,13.15,10,Red,sup,Targamas,oe:player:eaf899c6268995f9b1e40d1932c6888,Karmine Corp,oe:team:f3aa9bbd924ce3af42ac53f8326bc7c,Nautilus,Tristana,Maokai,LeBlanc,Syndra,Rumble,,,,,,1829,0,0,4,3,4,15,0.0,0.0,0.0,0.0,0.0,0.0,0.0,0.0,0.1312,0.6233,,,,,,,,,,,,,,,,,,,,,0.0,0.0,,,,,,,,0.0,1.0,1511.0,49.5681,0.0467426,381.5856,420.4593,46.0,1.509,8.0,0.2624,12.0,93.0,3.0508,6151,2144,70.3335,0.0637707,5600.0,,,35.0,35.0,0.0,,,1.1482,2155.0,2446.0,19.0,2318.0,2223.0,13.0,-163.0,223.0,6.0,0.0,0.0,2.0,0.0,5.0,0.0,3280.0,3661.0,28.0,3390.0,3695.0,19.0,-110.0,-34.0,9.0,0.0,0.0,2.0,0.0,6.0,1.0,4231.0,4400.0,31.0,4507.0,4748.0,29.0,-276.0,-348.0,2.0,0.0,0.0,2.0,0.0,6.0,1.0,5265.0,5516.0,33.0,6009.0,6847.0,32.0,-744.0,-1331.0,1.0,0.0,3.0,3.0,0.0,8.0,2.0
ESPORTSTMNT05_3241613,complete,,EM,2023,Summer,0,2023-09-01 14:59:06,1,13.15,100,Blue,team,,,Team GO,oe:team:8d538207b9de9d20e1a525aae593515,,Ryze,Poppy,Azir,Sejuani,Zac,Rell,Xayah,Ivern,Orianna,Ornn,1829,1,15,4,46,15,4,2.0,0.0,0.0,0.0,1.0,,,,0.4921,0.6233,0.0,2.0,3.0,2.0,3.0,1.0,0.0,0.0,1.0,0.0,0.0,,0.0,0.0,0.0,1.0,1.0,,,1.0,2.0,0.0,0.0,11.0,6.0,0.0,0.0,2.0,5.0,3.0,0.0,58509.0,1919.3767,,1487.2389,1656.5118,106.0,3.4773,42.0,1.3778,35.0,235.0,7.7091,59788,39754,1304.1225,,55225.0,0.0656443,0.39,,823.0,136.0,,,31.4598,16989.0,18388.0,323.0,15586.0,18392.0,349.0,1403.0,-4.0,-26.0,5.0,14.0,0.0,0.0,0.0,5.0,25788.0,30207.0,523.0,25779.0,30399.0,573.0,9.0,-192.0,-50.0,6.0,16.0,1.0,1.0,0.0,6.0,33351.0,40312.0,700.0,34982.0,41812.0,791.0,-1631.0,-1500.0,-91.0,6.0,16.0,1.0,1.0,0.0,6.0,44656.0,52669.0,817.0,45127.0,53228.0,966.0,-471.0,-559.0,-149.0,9.0,25.0,4.0,4.0,10.0,9.0
ESPORTSTMNT05_3241613,complete,,EM,2023,Summer,0,2023-09-01 14:59:06,1,13.15,200,Red,team,,,Karmine Corp,oe:team:f3aa9bbd924ce3af42ac53f8326bc7c,,Tristana,Maokai,LeBlanc,Syndra,Rumble,Taliyah,Zeri,Nautilus,Renekton,Jarvan IV,1829,0,4,15,10,4,15,1.0,0.0,0.0,0.0,0.0,,,,0.1312,0.6233,1.0,3.0,2.0,3.0,2.0,2.0,0.0,0.0,0.0,0.0,1.0,,0.0,0.0,1.0,1.0,1.0,,,0.0,0.0,2.0,1.0,6.0,11.0,1.0,1.0,5.0,2.0,0.0,3.0,32326.0,1060.4483,,2651.5801,2785.0301,99.0,3.2477,47.0,1.5418,36.0,258.0,8.4636,53658,33624,1103.029,,51715.0,-0.0656443,-0.39,,887.0,254.0,,,37.4303,15586.0,18392.0,349.0,16989.0,18388.0,323.0,-1403.0,4.0,26.0,0.0,0.0,5.0,5.0,14.0,0.0,25779.0,30399.0,573.0,25788.0,30207.0,523.0,-9.0,192.0,50.0,1.0,0.0,6.0,6.0,16.0,1.0,34982.0,41812.0,791.0,33351.0,40312.0,700.0,1631.0,1500.0,91.0,1.0,0.0,6.0,6.0,16.0,1.0,45127.0,53228.0,966.0,44656.0,52669.0,817.0,471.0,559.0,149.0,4.0,10.0,9.0,9.0,25.0,4.0
ESPORTSTMNT05_3241615,complete,,EM,2023,Summer,0,2023-09-01 15:54:55,2,13.15,1,Blue,top,Cabochard,oe:player:010c1b0d37c2b7459b215dae7ffeeac,Karmine Corp,oe:team:f3aa9bbd924ce3af42ac53f8326bc7c,Renekton,Tristana,Xayah,Poppy,Ornn,Ivern,,,,,,2436,1,7,4,10,22,20,1.0,0.0,0.0,0.0,1.0,1.0,0.0,0.0,0.5419,1.0345,,,,,,,,,,,,,,,,,,,,,0.0,0.0,,,,,,,,0.0,0.0,31099.0,765.9852,0.256109,1567.6108,1478.8916,16.0,0.3941,10.0,0.2463,12.0,50.0,1.2315,16306,11061,272.4384,0.221238,16275.0,,,277.0,265.0,12.0,,,6.8227,4012.0,4605.0,82.0,2810.0,4402.0,60.0,1202.0,203.0,22.0,2.0,0.0,0.0,0.0,1.0,1.0,6192.0,7386.0,134.0,4331.0,6959.0,98.0,1861.0,427.0,36.0,2.0,1.0,0.0,0.0,3.0,2.0,8503.0,10116.0,178.0,6740.0,9820.0,137.0,1763.0,296.0,41.0,4.0,1.0,1.0,0.0,7.0,2.0,10323.0,12106.0,209.0,8577.0,12144.0,148.0,1746.0,-38.0,61.0,5.0,3.0,3.0,1.0,10.0,3.0
ESPORTSTMNT05_3241615,complete,,EM,2023,Summer,0,2023-09-01 15:54:55,2,13.15,2,Blue,jng,Cinkrof,oe:player:6b3481654facc1e7fe3e312883ea8f3,Karmine Corp,oe:team:f3aa9bbd924ce3af42ac53f8326bc7c,Rell,Tristana,Xayah,Poppy,Ornn,Ivern,,,,,,2436,1,1,6,16,22,20,0.0,0.0,0.0,0.0,1.0,0.0,1.0,0.0,0.5419,1.0345,,,,,,,,,,,,,,,,,,,,,1.0,2.0,,,,,,,,0.0,0.0,7422.0,182.8079,0.0611221,793.5714,1362.0443,15.0,0.3695,13.0,0.3202,13.0,58.0,1.4286,11392,6147,151.4039,0.12295,10175.0,,,151.0,17.0,134.0,,,3.7192,3040.0,2872.0,52.0,3072.0,3028.0,55.0,-32.0,-156.0,-3.0,0.0,1.0,1.0,1.0,0.0,1.0,4457.0,4664.0,84.0,5253.0,5180.0,86.0,-796.0,-516.0,-2.0,0.0,2.0,2.0,3.0,1.0,1.0,5897.0,6476.0,107.0,8825.0,8591.0,130.0,-2928.0,-2115.0,-23.0,0.0,3.0,4.0,6.0,2.0,1.0,7037.0,8902.0,121.0,11003.0,11533.0,152.0,-3966.0,-2631.0,-31.0,0.0,6.0,5.0,8.0,3.0,2.0
ESPORTSTMNT05_3241615,complete,,EM,2023,Summer,0,2023-09-01 15:54:55,2,13.15,3,Blue,mid,SAKEN,oe:player:1d43b8dc600eba61cd7dd2cd8d6baf6,Karmine Corp,oe:team:f3aa9bbd924ce3af42ac53f8326bc7c,Neeko,Tristana,Xayah,Poppy,Ornn,Ivern,,,,,,2436,1,2,4,12,22,20,0.0,0.0,0.0,0.0,1.0,0.0,1.0,0.0,0.5419,1.0345,,,,,,,,,,,,,,,,,,,,,0.0,0.0,,,,,,,,0.0,0.0,23666.0,582.9064,0.194896,634.7044,385.2709,10.0,0.2463,10.0,0.2463,9.0,43.0,1.0591,15704,10459,257.6108,0.209197,15300.0,,,284.0,272.0,12.0,,,6.9951,3939.0,4660.0,90.0,3011.0,4209.0,72.0,928.0,451.0,18.0,0.0,2.0,0.0,0.0,1.0,0.0,5798.0,7411.0,146.0,5075.0,7282.0,132.0,723.0,129.0,14.0,0.0,3.0,1.0,0.0,4.0,0.0,7874.0,9283.0,166.0,6654.0,9843.0,171.0,1220.0,-560.0,-5.0,0.0,5.0,2.0,0.0,6.0,1.0,10468.0,12201.0,212.0,9040.0,13314.0,204.0,1428.0,-1113.0,8.0,1.0,5.0,3.0,1.0,9.0,2.0
ESPORTSTMNT05_3241615,complete,,EM,2023,Summer,0,2023-09-01 15:54:55,2,13.15,4,Blue,bot,Caliste,oe:player:e2af2b779499aa25ab9a9c10c9a5ffd,Karmine Corp,oe:team:f3aa9bbd924ce3af42ac53f8326bc7c,Zeri,Tristana,Xayah,Poppy,Ornn,Ivern,,,,,,2436,1,12,2,7,22,20,3.0,1.0,0.0,0.0,0.0,0.0,0.0,0.0,0.5419,1.0345,,,,,,,,,,,,,,,,,,,,,0.0,0.0,,,,,,,,2.0,0.0,51529.0,1269.1872,0.424355,663.8177,321.9704,18.0,0.4433,29.0,0.7143,4.0,75.0,1.8473,23817,18572,457.4384,0.37147,21970.0,,,461.0,422.0,39.0,,,11.3547,3454.0,3551.0,93.0,3465.0,3384.0,94.0,-11.0,167.0,-1.0,0.0,0.0,0.0,0.0,0.0,0.0,5910.0,6094.0,145.0,5850.0,5852.0,146.0,60.0,242.0,-1.0,1.0,0.0,0.0,1.0,2.0,0.0,9297.0,9779.0,212.0,7686.0,8070.0,188.0,1611.0,1709.0,24.0,2.0,1.0,0.0,1.0,3.0,1.0,11875.0,12202.0,263.0,10166.0,10689.0,232.0,1709.0,1513.0,31.0,4.0,3.0,1.0,2.0,5.0,2.0
ESPORTSTMNT05_3241615,complete,,EM,2023,Summer,0,2023-09-01 15:54:55,2,13.15,5,Blue,sup,Targamas,oe:player:eaf899c6268995f9b1e40d1932c6888,Karmine Corp,oe:team:f3aa9bbd924ce3af42ac53f8326bc7c,Nautilus,Tristana,Xayah,Poppy,Ornn,Ivern,,,,,,2436,1,0,4,12,22,20,0.0,0.0,0.0,0.0,0.0,0.0,0.0,0.0,0.5419,1.0345,,,,,,,,,,,,,,,,,,,,,0.0,0.0,,,,,,,,0.0,0.0,7713.0,189.9754,0.0635186,478.0788,827.2167,70.0,1.7241,18.0,0.4433,16.0,145.0,3.5714,9002,3757,92.5369,0.0751455,8550.0,,,39.0,39.0,0.0,,,0.9606,2171.0,2569.0,16.0,2215.0,2554.0,13.0,-44.0,15.0,3.0,0.0,0.0,0.0,0.0,0.0,0.0,3077.0,3569.0,19.0,3361.0,3626.0,19.0,-284.0,-57.0,0.0,0.0,1.0,1.0,0.0,3.0,0.0,4373.0,4464.0,26.0,4884.0,4859.0,28.0,-511.0,-395.0,-2.0,0.0,2.0,1.0,1.0,5.0,1.0,5483.0,6799.0,30.0,7029.0,7730.0,29.0,-1546.0,-931.0,1.0,0.0,5.0,2.0,2.0,9.0,1.0
ESPORTSTMNT05_3241615,complete,,EM,2023,Summer,0,2023-09-01 15:54:55,2,13.15,6,Red,top,Ragner,oe:player:c0f78343a2ad4ba1463245d53a3b440,Team GO,oe:team:8d538207b9de9d20e1a525aae593515,Malphite,LeBlanc,Maokai,Azir,Sejuani,Nocturne,,,,,,2436,0,2,7,12,20,22,0.0,0.0,0.0,0.0,0.0,0.0,0.0,1.0,0.4926,1.0345,,,,,,,,,,,,,,,,,,,,,0.0,0.0,,,,,,,,0.0,0.0,30215.0,744.2118,0.216474,1107.2414,2917.6355,23.0,0.5665,14.0,0.3448,8.0,64.0,1.5764,14419,9174,225.9606,0.194637,14050.0,,,230.0,229.0,1.0,,,5.665,2810.0,4402.0,60.0,4012.0,4605.0,82.0,-1202.0,-203.0,-22.0,0.0,1.0,1.0,2.0,0.0,0.0,4331.0,6959.0,98.0,6192.0,7386.0,134.0,-1861.0,-427.0,-36.0,0.0,3.0,2.0,2.0,1.0,0.0,6740.0,9820.0,137.0,8503.0,10116.0,178.0,-1763.0,-296.0,-41.0,0.0,7.0,2.0,4.0,1.0,1.0,8577.0,12144.0,148.0,10323.0,12106.0,209.0,-1746.0,38.0,-61.0,1.0,10.0,3.0,5.0,3.0,3.0
ESPORTSTMNT05_3241615,complete,,EM,2023,Summer,0,2023-09-01 15:54:55,2,13.15,7,Red,jng,Lyncas,oe:player:ca9701f085966dfca32e31b1b1e9d55,Team GO,oe:team:8d538207b9de9d20e1a525aae593515,Viego,LeBlanc,Maokai,Azir,Sejuani,Nocturne,,,,,,2436,0,10,4,6,20,22,1.0,0.0,0.0,0.0,0.0,0.0,0.0,0.0,0.4926,1.0345,,,,,,,,,,,,,,,,,,,,,2.0,1.0,,,,,,,,0.0,0.0,23176.0,570.8374,0.166043,1144.4089,1009.9754,12.0,0.2956,9.0,0.2217,15.0,56.0,1.3793,16748,11503,283.3251,0.244049,17033.0,,,222.0,37.0,185.0,,,5.468,3072.0,3028.0,55.0,3040.0,2872.0,52.0,32.0,156.0,3.0,1.0,0.0,1.0,0.0,1.0,1.0,5253.0,5180.0,86.0,4457.0,4664.0,84.0,796.0,516.0,2.0,3.0,1.0,1.0,0.0,2.0,2.0,8825.0,8591.0,130.0,5897.0,6476.0,107.0,2928.0,2115.0,23.0,6.0,2.0,1.0,0.0,3.0,4.0,11003.0,11533.0,152.0,7037.0,8902.0,121.0,3966.0,2631.0,31.0,8.0,3.0,2.0,0.0,6.0,5.0
ESPORTSTMNT05_3241615,complete,,EM,2023,Summer,0,2023-09-01 15:54:55,2,13.15,8,Red,mid,Toucouille,oe:player:525ac233cf71bc36a611e27a324144f,Team GO,oe:team:8d538207b9de9d20e1a525aae593515,Taliyah,LeBlanc,Maokai,Azir,Sejuani,Nocturne,,,,,,2436,0,4,3,10,20,22,1.0,0.0,0.0,0.0,0.0,0.0,0.0,0.0,0.4926,1.0345,,,,,,,,,,,,,,,,,,,,,0.0,0.0,,,,,,,,0.0,0.0,45688.0,1125.3202,0.32733,325.0493,245.4433,20.0,0.4926,5.0,0.1232,5.0,41.0,1.0099,15373,10128,249.4581,0.214877,15125.0,,,308.0,271.0,37.0,,,7.5862,3011.0,4209.0,72.0,3939.0,4660.0,90.0,-928.0,-451.0,-18.0,0.0,1.0,0.0,0.0,2.0,0.0,5075.0,7282.0,132.0,5798.0,7411.0,146.0,-723.0,-129.0,-14.0,0.0,4.0,0.0,0.0,3.0,1.0,6654.0,9843.0,171.0,7874.0,9283.0,166.0,-1220.0,560.0,5.0,0.0,6.0,1.0,0.0,5.0,2.0,9040.0,13314.0,204.0,10468.0,12201.0,212.0,-1428.0,1113.0,-8.0,1.0,9.0,2.0,1.0,5.0,3.0
ESPORTSTMNT05_3241615,complete,,EM,2023,Summer,0,2023-09-01 15:54:55,2,13.15,9,Red,bot,Jezu,oe:player:4817d93e8f26002377aec42233b3fc2,Team GO,oe:team:8d538207b9de9d20e1a525aae593515,Kai'Sa,LeBlanc,Maokai,Azir,Sejuani,Nocturne,,,,,,2436,0,2,5,7,20,22,0.0,0.0,0.0,0.0,0.0,0.0,0.0,0.0,0.4926,1.0345,,,,,,,,,,,,,,,,,,,,,0.0,0.0,,,,,,,,0.0,2.0,31692.0,780.5911,0.227056,447.5862,298.7685,12.0,0.2956,12.0,0.2956,3.0,33.0,0.8128,16440,11195,275.7389,0.237514,15125.0,,,356.0,333.0,23.0,,,8.7685,3465.0,3384.0,94.0,3454.0,3551.0,93.0,11.0,-167.0,1.0,0.0,0.0,0.0,0.0,0.0,0.0,5850.0,5852.0,146.0,5910.0,6094.0,145.0,-60.0,-242.0,1.0,1.0,2.0,0.0,1.0,0.0,0.0,7686.0,8070.0,188.0,9297.0,9779.0,212.0,-1611.0,-1709.0,-24.0,1.0,3.0,1.0,2.0,1.0,0.0,10166.0,10689.0,232.0,11875.0,12202.0,263.0,-1709.0,-1513.0,-31.0,2.0,5.0,2.0,4.0,3.0,1.0
ESPORTSTMNT05_3241615,complete,,EM,2023,Summer,0,2023-09-01 15:54:55,2,13.15,10,Red,sup,kamilius,oe:player:7aa0aebd379414d25f1fcdc396407f1,Team GO,oe:team:8d538207b9de9d20e1a525aae593515,Alistar,LeBlanc,Maokai,Azir,Sejuani,Nocturne,,,,,,2436,0,2,3,15,20,22,0.0,0.0,0.0,0.0,0.0,0.0,0.0,0.0,0.4926,1.0345,,,,,,,,,,,,,,,,,,,,,0.0,0.0,,,,,,,,0.0,0.0,8807.0,216.9212,0.0630973,707.2167,1064.064,87.0,2.1429,12.0,0.2956,22.0,140.0,3.4483,10379,5134,126.4532,0.108923,10150.0,,,33.0,29.0,4.0,,,0.8128,2215.0,2554.0,13.0,2171.0,2569.0,16.0,44.0,-15.0,-3.0,0.0,0.0,0.0,0.0,0.0,0.0,3361.0,3626.0,19.0,3077.0,3569.0,19.0,284.0,57.0,0.0,0.0,3.0,0.0,0.0,1.0,1.0,4884.0,4859.0,28.0,4373.0,4464.0,26.0,511.0,395.0,2.0,1.0,5.0,1.0,0.0,2.0,1.0,7029.0,7730.0,29.0,5483.0,6799.0,30.0,1546.0,931.0,-1.0,2.0,9.0,1.0,0.0,5.0,2.0
ESPORTSTMNT05_3241615,complete,,EM,2023,Summer,0,2023-09-01 15:54:55,2,13.15,100,Blue,team,,,Karmine Corp,oe:team:f3aa9bbd924ce3af42ac53f8326bc7c,,Tristana,Xayah,Poppy,Ornn,Ivern,Rell,Zeri,Neeko,Renekton,Nautilus,2436,1,22,20,57,22,20,4.0,1.0,0.0,0.0,1.0,,,,0.5419,1.0345,0.0,4.0,2.0,4.0,2.0,3.0,0.0,0.0,0.0,0.0,1.0,,0.0,0.0,1.0,1.0,1.0,,,0.0,1.0,2.0,1.0,10.0,6.0,1.0,1.0,6.0,1.0,2.0,0.0,121429.0,2990.8621,,4137.7833,4375.3941,129.0,3.1773,80.0,1.9704,54.0,371.0,9.1379,76221,49996,1231.4286,,72270.0,0.0109493,0.79,,1015.0,197.0,,,29.8522,16616.0,18257.0,333.0,14573.0,17577.0,294.0,2043.0,680.0,39.0,2.0,3.0,1.0,1.0,2.0,2.0,25434.0,29124.0,528.0,23870.0,28899.0,481.0,1564.0,225.0,47.0,3.0,7.0,4.0,4.0,13.0,3.0,35944.0,40118.0,689.0,34789.0,41183.0,654.0,1155.0,-1065.0,35.0,6.0,12.0,8.0,8.0,23.0,6.0,45186.0,52210.0,835.0,45815.0,55410.0,765.0,-629.0,-3200.0,70.0,10.0,22.0,14.0,14.0,36.0,10.0
ESPORTSTMNT05_3241615,complete,,EM,2023,Summer,0,2023-09-01 15:54:55,2,13.15,200,Red,team,,,Team GO,oe:team:8d538207b9de9d20e1a525aae593515,,LeBlanc,Maokai,Azir,Sejuani,Nocturne,Taliyah,Kai'Sa,Alistar,Viego,Malphite,2436,0,20,22,50,20,22,2.0,0.0,0.0,0.0,0.0,,,,0.4926,1.0345,1.0,2.0,4.0,2.0,4.0,1.0,1.0,0.0,0.0,0.0,0.0,,0.0,0.0,0.0,1.0,1.0,,,1.0,2.0,1.0,0.0,6.0,10.0,0.0,0.0,1.0,6.0,0.0,2.0,139578.0,3437.8818,,3731.5025,5535.8867,154.0,3.7931,52.0,1.2808,53.0,334.0,8.2266,73359,47134,1160.936,,71483.0,-0.0109493,-0.79,,899.0,250.0,,,28.3005,14573.0,17577.0,294.0,16616.0,18257.0,333.0,-2043.0,-680.0,-39.0,1.0,2.0,2.0,2.0,3.0,1.0,23870.0,28899.0,481.0,25434.0,29124.0,528.0,-1564.0,-225.0,-47.0,4.0,13.0,3.0,3.0,7.0,4.0,34789.0,41183.0,654.0,35944.0,40118.0,689.0,-1155.0,1065.0,-35.0,8.0,23.0,6.0,6.0,12.0,8.0,45815.0,55410.0,765.0,45186.0,52210.0,835.0,629.0,3200.0,-70.0,14.0,36.0,10.0,10.0,22.0,14.0
ESPORTSTMNT05_3240591,complete,,EM,2023,Summer,0,2023-09-01 17:03:38,3,13.15,1,Blue,top,Ragner,oe:player:c0f78343a2ad4ba1463245d53a3b440,Team GO,oe:team:8d538207b9de9d20e1a525aae593515,Renekton,Poppy,Ryze,Maokai,Ornn,Malphite,,,,,,2052,1,2,1,8,18,6,1.0,0.0,0.0,0.0,0.0,0.0,0.0,0.0,0.5263,0.7018,,,,,,,,,,,,,,,,,,,,,0.0,0.0,,,,,,,,0.0,0.0,13965.0,408.3333,0.19149,1193.2456,1253.0117,20.0,0.5848,4.0,0.117,9.0,34.0,0.9942,14572,10110,295.614,0.212399,12825.0,,,300.0,288.0,12.0,,,8.7719,3714.0,4925.0,86.0,3272.0,4701.0,79.0,442.0,224.0,7.0,0.0,0.0,0.0,0.0,0.0,0.0,5730.0,8035.0,149.0,4972.0,7062.0,122.0,758.0,973.0,27.0,0.0,1.0,0.0,0.0,0.0,1.0,7875.0,10779.0,191.0,6923.0,9610.0,173.0,952.0,1169.0,18.0,0.0,2.0,0.0,0.0,0.0,1.0,9569.0,13761.0,219.0,8387.0,11502.0,210.0,1182.0,2259.0,9.0,0.0,4.0,0.0,0.0,0.0,2.0
ESPORTSTMNT05_3240591,complete,,EM,2023,Summer,0,2023-09-01 17:03:38,3,13.15,2,Blue,jng,Lyncas,oe:player:ca9701f085966dfca32e31b1b1e9d55,Team GO,oe:team:8d538207b9de9d20e1a525aae593515,Sejuani,Poppy,Ryze,Maokai,Ornn,Malphite,,,,,,2052,1,3,2,8,18,6,0.0,0.0,0.0,0.0,1.0,1.0,0.0,0.0,0.5263,0.7018,,,,,,,,,,,,,,,,,,,,,2.0,0.0,,,,,,,,1.0,0.0,8981.0,262.6023,0.123149,969.5614,1605.4678,13.0,0.3801,7.0,0.2047,11.0,50.0,1.462,12671,8209,240.0292,0.172463,12275.0,,,210.0,38.0,172.0,,,6.1404,3389.0,3306.0,66.0,3150.0,3336.0,58.0,239.0,-30.0,8.0,1.0,0.0,0.0,0.0,0.0,0.0,4882.0,5474.0,95.0,5100.0,5339.0,89.0,-218.0,135.0,6.0,1.0,2.0,1.0,1.0,0.0,0.0,7106.0,7881.0,132.0,6509.0,7183.0,118.0,597.0,698.0,14.0,2.0,2.0,1.0,1.0,0.0,0.0,9061.0,11045.0,162.0,7565.0,8658.0,131.0,1496.0,2387.0,31.0,3.0,3.0,1.0,1.0,0.0,0.0
ESPORTSTMNT05_3240591,complete,,EM,2023,Summer,0,2023-09-01 17:03:38,3,13.15,3,Blue,mid,Toucouille,oe:player:525ac233cf71bc36a611e27a324144f,Team GO,oe:team:8d538207b9de9d20e1a525aae593515,LeBlanc,Poppy,Ryze,Maokai,Ornn,Malphite,,,,,,2052,1,6,0,5,18,6,2.0,0.0,0.0,0.0,0.0,0.0,0.0,0.0,0.5263,0.7018,,,,,,,,,,,,,,,,,,,,,0.0,0.0,,,,,,,,0.0,0.0,25376.0,741.9883,0.34796,511.3743,319.4737,11.0,0.3216,11.0,0.3216,6.0,50.0,1.462,15903,11441,334.5322,0.240361,14650.0,,,321.0,317.0,4.0,,,9.386,3342.0,4918.0,95.0,3284.0,4601.0,88.0,58.0,317.0,7.0,0.0,0.0,0.0,0.0,0.0,0.0,5794.0,7950.0,154.0,5216.0,7545.0,149.0,578.0,405.0,5.0,1.0,0.0,0.0,0.0,0.0,0.0,8471.0,11372.0,218.0,7322.0,10338.0,205.0,1149.0,1034.0,13.0,1.0,0.0,0.0,0.0,0.0,0.0,10971.0,14409.0,255.0,8881.0,12142.0,244.0,2090.0,2267.0,11.0,3.0,2.0,0.0,0.0,0.0,1.0
ESPORTSTMNT05_3240591,complete,,EM,2023,Summer,0,2023-09-01 17:03:38,3,13.15,4,Blue,bot,Jezu,oe:player:4817d93e8f26002377aec42233b3fc2,Team GO,oe:team:8d538207b9de9d20e1a525aae593515,Vayne,Poppy,Ryze,Maokai,Ornn,Malphite,,,,,,2052,1,6,1,7,18,6,1.0,0.0,0.0,0.0,1.0,0.0,1.0,0.0,0.5263,0.7018,,,,,,,,,,,,,,,,,,,,,0.0,0.0,,,,,,,,1.0,0.0,20323.0,594.2398,0.278672,601.3158,373.3041,15.0,0.4386,9.0,0.2632,5.0,49.0,1.4327,17942,13480,394.152,0.283196,15358.0,,,324.0,300.0,24.0,,,9.4737,4470.0,3569.0,91.0,2965.0,2771.0,71.0,1505.0,798.0,20.0,2.0,1.0,0.0,0.0,0.0,1.0,7307.0,5943.0,142.0,4718.0,4953.0,115.0,2589.0,990.0,27.0,3.0,2.0,1.0,0.0,2.0,3.0,9656.0,8519.0,199.0,6718.0,7454.0,167.0,2938.0,1065.0,32.0,3.0,3.0,1.0,0.0,2.0,3.0,11931.0,11694.0,242.0,8434.0,9544.0,218.0,3497.0,2150.0,24.0,4.0,4.0,1.0,0.0,2.0,4.0
ESPORTSTMNT05_3240591,complete,,EM,2023,Summer,0,2023-09-01 17:03:38,3,13.15,5,Blue,sup,kamilius,oe:player:7aa0aebd379414d25f1fcdc396407f1,Team GO,oe:team:8d538207b9de9d20e1a525aae593515,Leona,Poppy,Ryze,Maokai,Ornn,Malphite,,,,,,2052,1,1,2,11,18,6,0.0,0.0,0.0,0.0,1.0,0.0,1.0,0.0,0.5263,0.7018,,,,,,,,,,,,,,,,,,,,,0.0,0.0,,,,,,,,0.0,0.0,4283.0,125.2339,0.0587292,466.3158,531.6082,57.0,1.6667,13.0,0.3801,17.0,114.0,3.3333,8821,4359,127.4561,0.0915812,8375.0,,,32.0,32.0,0.0,,,0.9357,2298.0,2615.0,13.0,1979.0,2526.0,13.0,319.0,89.0,0.0,0.0,2.0,0.0,0.0,0.0,2.0,3753.0,4073.0,18.0,3619.0,3658.0,25.0,134.0,415.0,-7.0,1.0,3.0,0.0,1.0,1.0,2.0,4830.0,4594.0,22.0,4798.0,4970.0,34.0,32.0,-376.0,-12.0,1.0,4.0,0.0,1.0,1.0,3.0,6237.0,6400.0,25.0,5670.0,6473.0,42.0,567.0,-73.0,-17.0,1.0,6.0,0.0,1.0,1.0,4.0
ESPORTSTMNT05_3240591,complete,,EM,2023,Summer,0,2023-09-01 17:03:38,3,13.15,6,Red,top,Cabochard,oe:player:010c1b0d37c2b7459b215dae7ffeeac,Karmine Corp,oe:team:f3aa9bbd924ce3af42ac53f8326bc7c,Jax,Tristana,Xayah,Rell,Kalista,Alistar,,,,,,2052,0,0,3,2,6,18,0.0,0.0,0.0,0.0,0.0,0.0,0.0,0.0,0.1754,0.7018,,,,,,,,,,,,,,,,,,,,,0.0,0.0,,,,,,,,0.0,0.0,16362.0,478.4211,0.197047,844.0936,636.9006,16.0,0.4678,3.0,0.0877,7.0,33.0,0.9649,11636,7174,209.7661,0.213524,11295.0,,,282.0,278.0,4.0,,,8.2456,3272.0,4701.0,79.0,3714.0,4925.0,86.0,-442.0,-224.0,-7.0,0.0,0.0,0.0,0.0,0.0,0.0,4972.0,7062.0,122.0,5730.0,8035.0,149.0,-758.0,-973.0,-27.0,0.0,0.0,1.0,0.0,1.0,0.0,6923.0,9610.0,173.0,7875.0,10779.0,191.0,-952.0,-1169.0,-18.0,0.0,0.0,1.0,0.0,2.0,0.0,8387.0,11502.0,210.0,9569.0,13761.0,219.0,-1182.0,-2259.0,-9.0,0.0,0.0,2.0,0.0,4.0,0.0
ESPORTSTMNT05_3240591,complete,,EM,2023,Summer,0,2023-09-01 17:03:38,3,13.15,7,Red,jng,Cinkrof,oe:player:6b3481654facc1e7fe3e312883ea8f3,Karmine Corp,oe:team:f3aa9bbd924ce3af42ac53f8326bc7c,Ivern,Tristana,Xayah,Rell,Kalista,Alistar,,,,,,2052,0,1,2,4,6,18,0.0,0.0,0.0,0.0,0.0,0.0,0.0,0.0,0.1754,0.7018,,,,,,,,,,,,,,,,,,,,,0.0,2.0,,,,,,,,0.0,1.0,6289.0,183.8889,0.0757382,292.9532,123.8012,5.0,0.1462,11.0,0.3216,3.0,37.0,1.0819,9461,4999,146.1696,0.148791,8675.0,,,148.0,24.0,124.0,,,4.3275,3150.0,3336.0,58.0,3389.0,3306.0,66.0,-239.0,30.0,-8.0,0.0,0.0,0.0,1.0,0.0,0.0,5100.0,5339.0,89.0,4882.0,5474.0,95.0,218.0,-135.0,-6.0,1.0,0.0,0.0,1.0,2.0,1.0,6509.0,7183.0,118.0,7106.0,7881.0,132.0,-597.0,-698.0,-14.0,1.0,0.0,0.0,2.0,2.0,1.0,7565.0,8658.0,131.0,9061.0,11045.0,162.0,-1496.0,-2387.0,-31.0,1.0,0.0,0.0,3.0,3.0,1.0
ESPORTSTMNT05_3240591,complete,,EM,2023,Summer,0,2023-09-01 17:03:38,3,13.15,8,Red,mid,SAKEN,oe:player:1d43b8dc600eba61cd7dd2cd8d6baf6,Karmine Corp,oe:team:f3aa9bbd924ce3af42ac53f8326bc7c,Azir,Tristana,Xayah,Rell,Kalista,Alistar,,,,,,2052,0,1,3,2,6,18,0.0,0.0,0.0,0.0,0.0,0.0,0.0,0.0,0.1754,0.7018,,,,,,,,,,,,,,,,,,,,,0.0,0.0,,,,,,,,0.0,0.0,23811.0,696.2281,0.286755,416.0234,309.5029,11.0,0.3216,6.0,0.1754,4.0,36.0,1.0526,13725,9263,270.848,0.275697,13300.0,,,350.0,338.0,12.0,,,10.2339,3284.0,4601.0,88.0,3342.0,4918.0,95.0,-58.0,-317.0,-7.0,0.0,0.0,0.0,0.0,0.0,0.0,5216.0,7545.0,149.0,5794.0,7950.0,154.0,-578.0,-405.0,-5.0,0.0,0.0,0.0,1.0,0.0,0.0,7322.0,10338.0,205.0,8471.0,11372.0,218.0,-1149.0,-1034.0,-13.0,0.0,0.0,0.0,1.0,0.0,0.0,8881.0,12142.0,244.0,10971.0,14409.0,255.0,-2090.0,-2267.0,-11.0,0.0,0.0,1.0,3.0,2.0,0.0
ESPORTSTMNT05_3240591,complete,,EM,2023,Summer,0,2023-09-01 17:03:38,3,13.15,9,Red,bot,Caliste,oe:player:e2af2b779499aa25ab9a9c10c9a5ffd,Karmine Corp,oe:team:f3aa9bbd924ce3af42ac53f8326bc7c,Zeri,Tristana,Xayah,Rell,Kalista,Alistar,,,,,,2052,0,2,5,4,6,18,0.0,0.0,0.0,0.0,0.0,0.0,0.0,0.0,0.1754,0.7018,,,,,,,,,,,,,,,,,,,,,0.0,0.0,,,,,,,,0.0,1.0,29088.0,850.5263,0.350306,529.5029,224.2398,13.0,0.3801,13.0,0.3801,1.0,43.0,1.2573,13296,8834,258.3041,0.262929,11525.0,,,311.0,288.0,23.0,,,9.0936,2965.0,2771.0,71.0,4470.0,3569.0,91.0,-1505.0,-798.0,-20.0,0.0,0.0,1.0,2.0,1.0,0.0,4718.0,4953.0,115.0,7307.0,5943.0,142.0,-2589.0,-990.0,-27.0,0.0,2.0,3.0,3.0,2.0,1.0,6718.0,7454.0,167.0,9656.0,8519.0,199.0,-2938.0,-1065.0,-32.0,0.0,2.0,3.0,3.0,3.0,1.0,8434.0,9544.0,218.0,11931.0,11694.0,242.0,-3497.0,-2150.0,-24.0,0.0,2.0,4.0,4.0,4.0,1.0
ESPORTSTMNT05_3240591,complete,,EM,2023,Summer,0,2023-09-01 17:03:38,3,13.15,10,Red,sup,Targamas,oe:player:eaf899c6268995f9b1e40d1932c6888,Karmine Corp,oe:team:f3aa9bbd924ce3af42ac53f8326bc7c,Nautilus,Tristana,Xayah,Rell,Kalista,Alistar,,,,,,2052,0,2,5,4,6,18,0.0,0.0,0.0,0.0,0.0,0.0,0.0,1.0,0.1754,0.7018,,,,,,,,,,,,,,,,,,,,,0.0,0.0,,,,,,,,0.0,0.0,7486.0,218.8889,0.0901537,421.3158,879.8538,54.0,1.5789,11.0,0.3216,10.0,100.0,2.924,7790,3328,97.3099,0.0990583,7450.0,,,48.0,47.0,1.0,,,1.4035,1979.0,2526.0,13.0,2298.0,2615.0,13.0,-319.0,-89.0,0.0,0.0,0.0,2.0,0.0,2.0,0.0,3619.0,3658.0,25.0,3753.0,4073.0,18.0,-134.0,-415.0,7.0,1.0,1.0,2.0,1.0,3.0,0.0,4798.0,4970.0,34.0,4830.0,4594.0,22.0,-32.0,376.0,12.0,1.0,1.0,3.0,1.0,4.0,0.0,5670.0,6473.0,42.0,6237.0,6400.0,25.0,-567.0,73.0,17.0,1.0,1.0,4.0,1.0,6.0,0.0
ESPORTSTMNT05_3240591,complete,,EM,2023,Summer,0,2023-09-01 17:03:38,3,13.15,100,Blue,team,,,Team GO,oe:team:8d538207b9de9d20e1a525aae593515,,Poppy,Ryze,Maokai,Ornn,Malphite,LeBlanc,Sejuani,Renekton,Vayne,Leona,2052,1,18,6,39,18,6,4.0,0.0,0.0,0.0,1.0,,,,0.5263,0.7018,1.0,5.0,0.0,4.0,0.0,0.0,0.0,1.0,2.0,0.0,1.0,,1.0,0.0,0.0,1.0,1.0,,,1.0,2.0,0.0,1.0,10.0,2.0,1.0,1.0,9.0,3.0,2.0,0.0,72928.0,2132.3977,,3741.8129,4082.8655,116.0,3.3918,44.0,1.2865,48.0,297.0,8.6842,69909,47601,1391.8421,,63483.0,0.194214,3.64,,975.0,212.0,,,34.7076,17213.0,19333.0,351.0,14650.0,17935.0,309.0,2563.0,1398.0,42.0,3.0,3.0,0.0,0.0,0.0,3.0,27466.0,31475.0,558.0,23625.0,28557.0,500.0,3841.0,2918.0,58.0,6.0,8.0,2.0,2.0,3.0,6.0,37938.0,43145.0,762.0,32270.0,39555.0,697.0,5668.0,3590.0,65.0,7.0,11.0,2.0,2.0,3.0,7.0,47769.0,57309.0,903.0,38937.0,48319.0,845.0,8832.0,8990.0,58.0,11.0,19.0,2.0,2.0,3.0,11.0
ESPORTSTMNT05_3240591,complete,,EM,2023,Summer,0,2023-09-01 17:03:38,3,13.15,200,Red,team,,,Karmine Corp,oe:team:f3aa9bbd924ce3af42ac53f8326bc7c,,Tristana,Xayah,Rell,Kalista,Alistar,Ivern,Azir,Zeri,Nautilus,Jax,2052,0,6,18,16,6,18,0.0,0.0,0.0,0.0,0.0,,,,0.1754,0.7018,0.0,0.0,5.0,0.0,4.0,0.0,0.0,0.0,0.0,0.0,0.0,,0.0,1.0,1.0,1.0,1.0,,,0.0,0.0,2.0,0.0,2.0,10.0,0.0,0.0,3.0,9.0,0.0,2.0,83036.0,2427.9532,,2503.8889,2174.2982,99.0,2.8947,44.0,1.2865,25.0,249.0,7.2807,55908,33600,982.4561,,52245.0,-0.194214,-3.64,,975.0,164.0,,,33.3041,14650.0,17935.0,309.0,17213.0,19333.0,351.0,-2563.0,-1398.0,-42.0,0.0,0.0,3.0,3.0,3.0,0.0,23625.0,28557.0,500.0,27466.0,31475.0,558.0,-3841.0,-2918.0,-58.0,2.0,3.0,6.0,6.0,8.0,2.0,32270.0,39555.0,697.0,37938.0,43145.0,762.0,-5668.0,-3590.0,-65.0,2.0,3.0,7.0,7.0,11.0,2.0,38937.0,48319.0,845.0,47769.0,57309.0,903.0,-8832.0,-8990.0,-58.0,2.0,3.0,11.0,11.0,19.0,2.0
ESPORTSTMNT05_3240592,complete,,EM,2023,Summer,0,2023-09-01 18:04:06,4,13.15,1,Blue,top,Cabochard,oe:player:010c1b0d37c2b7459b215dae7ffeeac,Karmine Corp,oe:team:f3aa9bbd924ce3af42ac53f8326bc7c,Renekton,Tristana,Xayah,Poppy,Vayne,Alistar,,,,,,1798,1,1,4,10,24,12,0.0,0.0,0.0,0.0,0.0,0.0,0.0,0.0,0.8009,1.2013,,,,,,,,,,,,,,,,,,,,,0.0,0.0,,,,,,,,0.0,0.0,10080.0,336.3737,0.118865,1092.5806,997.9088,10.0,0.3337,10.0,0.3337,4.0,42.0,1.4016,11645,7701,256.9855,0.171249,11100.0,,,253.0,226.0,27.0,,,8.4427,3653.0,4860.0,100.0,3060.0,4620.0,75.0,593.0,240.0,25.0,0.0,0.0,0.0,0.0,0.0,0.0,5498.0,7448.0,149.0,4694.0,7121.0,113.0,804.0,327.0,36.0,0.0,1.0,1.0,0.0,0.0,0.0,7489.0,9994.0,200.0,6794.0,10216.0,150.0,695.0,-222.0,50.0,0.0,4.0,2.0,1.0,2.0,0.0,9401.0,12496.0,226.0,8639.0,12404.0,177.0,762.0,92.0,49.0,0.0,7.0,4.0,2.0,5.0,2.0
ESPORTSTMNT05_3240592,complete,,EM,2023,Summer,0,2023-09-01 18:04:06,4,13.15,2,Blue,jng,Cinkrof,oe:player:6b3481654facc1e7fe3e312883ea8f3,Karmine Corp,oe:team:f3aa9bbd924ce3af42ac53f8326bc7c,Rell,Tristana,Xayah,Poppy,Vayne,Alistar,,,,,,1798,1,1,3,11,24,12,0.0,0.0,0.0,0.0,0.0,0.0,0.0,0.0,0.8009,1.2013,,,,,,,,,,,,,,,,,,,,,2.0,0.0,,,,,,,,0.0,0.0,6576.0,219.4438,0.0775453,863.3927,1775.3059,13.0,0.4338,9.0,0.3003,11.0,45.0,1.5017,10150,6206,207.0968,0.138006,9575.0,,,144.0,17.0,127.0,,,4.8053,3370.0,3850.0,72.0,2649.0,3003.0,44.0,721.0,847.0,28.0,0.0,0.0,0.0,0.0,0.0,0.0,4936.0,5375.0,101.0,4562.0,5697.0,77.0,374.0,-322.0,24.0,0.0,1.0,1.0,1.0,1.0,0.0,6925.0,7346.0,117.0,5860.0,7505.0,94.0,1065.0,-159.0,23.0,1.0,4.0,1.0,1.0,3.0,1.0,8624.0,10274.0,135.0,7637.0,10359.0,119.0,987.0,-85.0,16.0,1.0,8.0,2.0,2.0,7.0,2.0
ESPORTSTMNT05_3240592,complete,,EM,2023,Summer,0,2023-09-01 18:04:06,4,13.15,3,Blue,mid,SAKEN,oe:player:1d43b8dc600eba61cd7dd2cd8d6baf6,Karmine Corp,oe:team:f3aa9bbd924ce3af42ac53f8326bc7c,Ryze,Tristana,Xayah,Poppy,Vayne,Alistar,,,,,,1798,1,9,0,11,24,12,1.0,0.0,0.0,0.0,0.0,0.0,0.0,0.0,0.8009,1.2013,,,,,,,,,,,,,,,,,,,,,0.0,0.0,,,,,,,,0.0,0.0,31788.0,1060.7786,0.37485,609.1101,496.0512,5.0,0.1669,6.0,0.2002,4.0,40.0,1.3348,15103,11159,372.3804,0.248141,12950.0,,,281.0,247.0,34.0,,,9.3771,3358.0,4502.0,90.0,3069.0,4066.0,78.0,289.0,436.0,12.0,0.0,0.0,0.0,0.0,0.0,0.0,5382.0,7785.0,148.0,4890.0,7009.0,134.0,492.0,776.0,14.0,0.0,1.0,0.0,0.0,1.0,0.0,8216.0,11131.0,201.0,6792.0,9410.0,176.0,1424.0,1721.0,25.0,2.0,3.0,0.0,0.0,2.0,1.0,11699.0,16093.0,224.0,8627.0,12061.0,209.0,3072.0,4032.0,15.0,7.0,5.0,0.0,0.0,7.0,3.0
ESPORTSTMNT05_3240592,complete,,EM,2023,Summer,0,2023-09-01 18:04:06,4,13.15,4,Blue,bot,Caliste,oe:player:e2af2b779499aa25ab9a9c10c9a5ffd,Karmine Corp,oe:team:f3aa9bbd924ce3af42ac53f8326bc7c,Nilah,Tristana,Xayah,Poppy,Vayne,Alistar,,,,,,1798,1,6,4,11,24,12,1.0,0.0,0.0,0.0,1.0,0.0,1.0,0.0,0.8009,1.2013,,,,,,,,,,,,,,,,,,,,,0.0,0.0,,,,,,,,1.0,0.0,16491.0,550.3115,0.194465,660.0,572.1357,13.0,0.4338,11.0,0.3671,4.0,41.0,1.3682,14917,10973,366.1735,0.244005,13100.0,,,233.0,221.0,12.0,,,7.7753,3487.0,4041.0,83.0,3220.0,3398.0,86.0,267.0,643.0,-3.0,0.0,1.0,0.0,0.0,0.0,0.0,5922.0,6720.0,141.0,5337.0,5761.0,134.0,585.0,959.0,7.0,0.0,1.0,0.0,1.0,1.0,0.0,8301.0,8388.0,170.0,8093.0,8520.0,193.0,208.0,-132.0,-23.0,1.0,3.0,1.0,3.0,1.0,1.0,10928.0,10738.0,184.0,10615.0,10502.0,209.0,313.0,236.0,-25.0,3.0,7.0,4.0,7.0,3.0,3.0
ESPORTSTMNT05_3240592,complete,,EM,2023,Summer,0,2023-09-01 18:04:06,4,13.15,5,Blue,sup,Targamas,oe:player:eaf899c6268995f9b1e40d1932c6888,Karmine Corp,oe:team:f3aa9bbd924ce3af42ac53f8326bc7c,Senna,Tristana,Xayah,Poppy,Vayne,Alistar,,,,,,1798,1,7,1,16,24,12,0.0,0.0,0.0,0.0,1.0,1.0,0.0,0.0,0.8009,1.2013,,,,,,,,,,,,,,,,,,,,,0.0,0.0,,,,,,,,1.0,0.0,19867.0,662.97,0.234275,264.6941,211.3014,40.0,1.3348,10.0,0.3337,11.0,89.0,2.97,12875,8931,298.0311,0.198599,11325.0,,,37.0,26.0,11.0,,,1.2347,2986.0,2986.0,4.0,2078.0,2612.0,17.0,908.0,374.0,-13.0,1.0,0.0,0.0,0.0,0.0,1.0,5158.0,4736.0,11.0,3136.0,3816.0,23.0,2022.0,920.0,-12.0,2.0,0.0,0.0,0.0,2.0,2.0,6846.0,6579.0,17.0,4038.0,4474.0,25.0,2808.0,2105.0,-8.0,2.0,4.0,1.0,0.0,3.0,3.0,10140.0,10301.0,26.0,5305.0,7373.0,32.0,4835.0,2928.0,-6.0,5.0,11.0,1.0,0.0,7.0,6.0
ESPORTSTMNT05_3240592,complete,,EM,2023,Summer,0,2023-09-01 18:04:06,4,13.15,6,Red,top,Ragner,oe:player:c0f78343a2ad4ba1463245d53a3b440,Team GO,oe:team:8d538207b9de9d20e1a525aae593515,Ornn,LeBlanc,Maokai,Neeko,Kalista,Braum,,,,,,1798,0,2,3,6,12,24,0.0,0.0,0.0,0.0,0.0,0.0,0.0,0.0,0.4004,1.2013,,,,,,,,,,,,,,,,,,,,,0.0,0.0,,,,,,,,0.0,0.0,11076.0,369.6107,0.152973,741.624,919.7887,11.0,0.3671,3.0,0.1001,1.0,26.0,0.8676,9951,6007,200.4561,0.215365,10025.0,,,207.0,207.0,0.0,,,6.9077,3060.0,4620.0,75.0,3653.0,4860.0,100.0,-593.0,-240.0,-25.0,0.0,0.0,0.0,0.0,0.0,0.0,4694.0,7121.0,113.0,5498.0,7448.0,149.0,-804.0,-327.0,-36.0,0.0,0.0,0.0,0.0,1.0,1.0,6794.0,10216.0,150.0,7489.0,9994.0,200.0,-695.0,222.0,-50.0,1.0,2.0,0.0,0.0,4.0,2.0,8639.0,12404.0,177.0,9401.0,12496.0,226.0,-762.0,-92.0,-49.0,2.0,5.0,2.0,0.0,7.0,4.0
ESPORTSTMNT05_3240592,complete,,EM,2023,Summer,0,2023-09-01 18:04:06,4,13.15,7,Red,jng,Lyncas,oe:player:ca9701f085966dfca32e31b1b1e9d55,Team GO,oe:team:8d538207b9de9d20e1a525aae593515,Sejuani,LeBlanc,Maokai,Neeko,Kalista,Braum,,,,,,1798,0,2,4,8,12,24,0.0,0.0,0.0,0.0,0.0,0.0,0.0,0.0,0.4004,1.2013,,,,,,,,,,,,,,,,,,,,,0.0,2.0,,,,,,,,0.0,0.0,7304.0,243.7375,0.100877,939.644,1265.0056,9.0,0.3003,5.0,0.1669,7.0,33.0,1.1012,8451,4507,150.4004,0.161591,7975.0,,,125.0,7.0,118.0,,,4.1713,2649.0,3003.0,44.0,3370.0,3850.0,72.0,-721.0,-847.0,-28.0,0.0,0.0,0.0,0.0,0.0,0.0,4562.0,5697.0,77.0,4936.0,5375.0,101.0,-374.0,322.0,-24.0,1.0,1.0,0.0,0.0,1.0,1.0,5860.0,7505.0,94.0,6925.0,7346.0,117.0,-1065.0,159.0,-23.0,1.0,3.0,1.0,1.0,4.0,1.0,7637.0,10359.0,119.0,8624.0,10274.0,135.0,-987.0,85.0,-16.0,2.0,7.0,2.0,1.0,8.0,2.0
ESPORTSTMNT05_3240592,complete,,EM,2023,Summer,0,2023-09-01 18:04:06,4,13.15,8,Red,mid,Toucouille,oe:player:525ac233cf71bc36a611e27a324144f,Team GO,oe:team:8d538207b9de9d20e1a525aae593515,Taliyah,LeBlanc,Maokai,Neeko,Kalista,Braum,,,,,,1798,0,1,4,7,12,24,0.0,0.0,0.0,0.0,0.0,0.0,0.0,0.0,0.4004,1.2013,,,,,,,,,,,,,,,,,,,,,0.0,0.0,,,,,,,,0.0,0.0,21758.0,726.0734,0.300504,434.2825,230.723,14.0,0.4672,3.0,0.1001,7.0,23.0,0.7675,10827,6883,229.6885,0.246769,11050.0,,,257.0,241.0,16.0,,,8.5762,3069.0,4066.0,78.0,3358.0,4502.0,90.0,-289.0,-436.0,-12.0,0.0,0.0,0.0,0.0,0.0,0.0,4890.0,7009.0,134.0,5382.0,7785.0,148.0,-492.0,-776.0,-14.0,0.0,1.0,0.0,0.0,1.0,0.0,6792.0,9410.0,176.0,8216.0,11131.0,201.0,-1424.0,-1721.0,-25.0,0.0,2.0,1.0,2.0,3.0,0.0,8627.0,12061.0,209.0,11699.0,16093.0,224.0,-3072.0,-4032.0,-15.0,0.0,7.0,3.0,7.0,5.0,0.0
ESPORTSTMNT05_3240592,complete,,EM,2023,Summer,0,2023-09-01 18:04:06,4,13.15,9,Red,bot,Jezu,oe:player:4817d93e8f26002377aec42233b3fc2,Team GO,oe:team:8d538207b9de9d20e1a525aae593515,Kai'Sa,LeBlanc,Maokai,Neeko,Kalista,Braum,,,,,,1798,0,7,5,4,12,24,2.0,0.0,0.0,0.0,0.0,0.0,0.0,0.0,0.4004,1.2013,,,,,,,,,,,,,,,,,,,,,0.0,0.0,,,,,,,,0.0,1.0,26785.0,893.8265,0.369933,660.0667,346.5184,9.0,0.3003,5.0,0.1669,3.0,25.0,0.8343,12119,8175,272.8031,0.293087,11555.0,,,242.0,234.0,8.0,,,8.0756,3220.0,3398.0,86.0,3487.0,4041.0,83.0,-267.0,-643.0,3.0,0.0,0.0,0.0,0.0,1.0,0.0,5337.0,5761.0,134.0,5922.0,6720.0,141.0,-585.0,-959.0,-7.0,1.0,1.0,0.0,0.0,1.0,0.0,8093.0,8520.0,193.0,8301.0,8388.0,170.0,-208.0,132.0,23.0,3.0,1.0,1.0,1.0,3.0,1.0,10615.0,10502.0,209.0,10928.0,10738.0,184.0,-313.0,-236.0,25.0,7.0,3.0,3.0,3.0,7.0,4.0
ESPORTSTMNT05_3240592,complete,,EM,2023,Summer,0,2023-09-01 18:04:06,4,13.15,10,Red,sup,kamilius,oe:player:7aa0aebd379414d25f1fcdc396407f1,Team GO,oe:team:8d538207b9de9d20e1a525aae593515,Nautilus,LeBlanc,Maokai,Neeko,Kalista,Braum,,,,,,1798,0,0,8,8,12,24,0.0,0.0,0.0,0.0,0.0,0.0,0.0,1.0,0.4004,1.2013,,,,,,,,,,,,,,,,,,,,,0.0,0.0,,,,,,,,0.0,1.0,5482.0,182.9366,0.075713,598.832,778.7653,40.0,1.3348,10.0,0.3337,7.0,83.0,2.7697,6264,2320,77.4194,0.083188,5825.0,,,37.0,37.0,0.0,,,1.2347,2078.0,2612.0,17.0,2986.0,2986.0,4.0,-908.0,-374.0,13.0,0.0,0.0,1.0,1.0,0.0,0.0,3136.0,3816.0,23.0,5158.0,4736.0,11.0,-2022.0,-920.0,12.0,0.0,2.0,2.0,2.0,0.0,0.0,4038.0,4474.0,25.0,6846.0,6579.0,17.0,-2808.0,-2105.0,8.0,0.0,3.0,3.0,2.0,4.0,1.0,5305.0,7373.0,32.0,10140.0,10301.0,26.0,-4835.0,-2928.0,6.0,0.0,7.0,6.0,5.0,11.0,1.0
ESPORTSTMNT05_3240592,complete,,EM,2023,Summer,0,2023-09-01 18:04:06,4,13.15,100,Blue,team,,,Karmine Corp,oe:team:f3aa9bbd924ce3af42ac53f8326bc7c,,Tristana,Xayah,Poppy,Vayne,Alistar,Rell,Ryze,Renekton,Nilah,Senna,1798,1,24,12,59,24,12,2.0,0.0,0.0,0.0,1.0,,,,0.8009,1.2013,1.0,4.0,1.0,4.0,1.0,0.0,0.0,1.0,0.0,2.0,1.0,,0.0,0.0,1.0,2.0,0.0,,,1.0,2.0,0.0,1.0,10.0,1.0,1.0,1.0,9.0,1.0,2.0,0.0,84802.0,2829.8776,,3489.7775,4052.703,81.0,2.703,46.0,1.535,34.0,257.0,8.5762,64690,44972,1500.7341,,58050.0,0.222435,4.25,,737.0,211.0,,,31.6352,16854.0,20239.0,349.0,14076.0,17699.0,300.0,2778.0,2540.0,49.0,1.0,1.0,0.0,0.0,0.0,1.0,26896.0,32064.0,550.0,22619.0,29404.0,481.0,4277.0,2660.0,69.0,2.0,4.0,2.0,2.0,5.0,2.0,37777.0,43438.0,705.0,31577.0,40125.0,638.0,6200.0,3313.0,67.0,6.0,18.0,5.0,5.0,11.0,6.0,50792.0,59902.0,795.0,40823.0,52699.0,746.0,9969.0,7203.0,49.0,16.0,38.0,11.0,11.0,29.0,16.0
ESPORTSTMNT05_3240592,complete,,EM,2023,Summer,0,2023-09-01 18:04:06,4,13.15,200,Red,team,,,Team GO,oe:team:8d538207b9de9d20e1a525aae593515,,LeBlanc,Maokai,Neeko,Kalista,Braum,Taliyah,Sejuani,Ornn,Kai'Sa,Nautilus,1798,0,12,24,33,12,24,2.0,0.0,0.0,0.0,0.0,,,,0.4004,1.2013,0.0,1.0,4.0,1.0,4.0,0.0,0.0,0.0,0.0,1.0,0.0,,0.0,0.0,0.0,0.0,2.0,,,0.0,0.0,2.0,0.0,1.0,10.0,0.0,0.0,1.0,9.0,0.0,2.0,72405.0,2416.1846,,3374.4494,3540.8009,83.0,2.7697,26.0,0.8676,25.0,190.0,6.3404,47612,27894,930.8343,,46430.0,-0.222435,-4.25,,726.0,142.0,,,28.9655,14076.0,17699.0,300.0,16854.0,20239.0,349.0,-2778.0,-2540.0,-49.0,0.0,0.0,1.0,1.0,1.0,0.0,22619.0,29404.0,481.0,26896.0,32064.0,550.0,-4277.0,-2660.0,-69.0,2.0,5.0,2.0,2.0,4.0,2.0,31577.0,40125.0,638.0,37777.0,43438.0,705.0,-6200.0,-3313.0,-67.0,5.0,11.0,6.0,6.0,18.0,5.0,40823.0,52699.0,746.0,50792.0,59902.0,795.0,-9969.0,-7203.0,-49.0,11.0,29.0,16.0,16.0,38.0,11.0
ESPORTSTMNT05_3241616,complete,,EM,2023,Summer,0,2023-09-01 18:59:14,5,13.15,1,Blue,top,Ragner,oe:player:c0f78343a2ad4ba1463245d53a3b440,Team GO,oe:team:8d538207b9de9d20e1a525aae593515,K'Sante,Ryze,Poppy,Maokai,Senna,Taric,,,,,,1510,0,3,2,3,13,19,0.0,0.0,0.0,0.0,0.0,0.0,0.0,0.0,0.5166,1.2715,,,,,,,,,,,,,,,,,,,,,0.0,0.0,,,,,,,,0.0,0.0,10730.0,426.3576,0.19063,770.8212,897.6556,11.0,0.4371,4.0,0.1589,2.0,21.0,0.8344,9737,6381,253.5497,0.241604,8900.0,,,213.0,213.0,0.0,,,8.4636,3939.0,4547.0,81.0,3764.0,4554.0,80.0,175.0,-7.0,1.0,2.0,0.0,0.0,0.0,2.0,1.0,5975.0,7413.0,139.0,5628.0,7513.0,136.0,347.0,-100.0,3.0,2.0,0.0,0.0,0.0,2.0,1.0,8108.0,9662.0,175.0,8432.0,10312.0,190.0,-324.0,-650.0,-15.0,3.0,2.0,1.0,1.0,4.0,1.0,9715.0,11777.0,213.0,11314.0,13164.0,213.0,-1599.0,-1387.0,0.0,3.0,3.0,2.0,4.0,6.0,2.0
ESPORTSTMNT05_3241616,complete,,EM,2023,Summer,0,2023-09-01 18:59:14,5,13.15,2,Blue,jng,Lyncas,oe:player:ca9701f085966dfca32e31b1b1e9d55,Team GO,oe:team:8d538207b9de9d20e1a525aae593515,Sejuani,Ryze,Poppy,Maokai,Senna,Taric,,,,,,1510,0,0,4,10,13,19,0.0,0.0,0.0,0.0,1.0,0.0,1.0,0.0,0.5166,1.2715,,,,,,,,,,,,,,,,,,,,,0.0,1.0,,,,,,,,0.0,0.0,9236.0,366.9934,0.164088,973.7483,1068.6755,10.0,0.3974,6.0,0.2384,7.0,35.0,1.3907,7032,3676,146.0662,0.139184,7175.0,,,115.0,12.0,103.0,,,4.5695,3017.0,2891.0,48.0,3233.0,3166.0,51.0,-216.0,-275.0,-3.0,0.0,3.0,1.0,1.0,1.0,1.0,4474.0,5098.0,82.0,4695.0,4931.0,73.0,-221.0,167.0,9.0,0.0,3.0,1.0,2.0,1.0,1.0,5821.0,7161.0,100.0,6518.0,7485.0,103.0,-697.0,-324.0,-3.0,0.0,6.0,2.0,2.0,5.0,1.0,7010.0,9674.0,115.0,8628.0,10456.0,117.0,-1618.0,-782.0,-2.0,0.0,10.0,4.0,2.0,14.0,2.0
ESPORTSTMNT05_3241616,complete,,EM,2023,Summer,0,2023-09-01 18:59:14,5,13.15,3,Blue,mid,Toucouille,oe:player:525ac233cf71bc36a611e27a324144f,Team GO,oe:team:8d538207b9de9d20e1a525aae593515,Orianna,Ryze,Poppy,Maokai,Senna,Taric,,,,,,1510,0,3,3,7,13,19,0.0,0.0,0.0,0.0,1.0,1.0,0.0,0.0,0.5166,1.2715,,,,,,,,,,,,,,,,,,,,,0.0,0.0,,,,,,,,0.0,1.0,15418.0,612.6358,0.273918,455.245,261.7748,11.0,0.4371,5.0,0.1987,3.0,26.0,1.0331,9075,5719,227.245,0.216539,8175.0,,,182.0,178.0,4.0,,,7.2318,3325.0,4132.0,71.0,3050.0,4344.0,74.0,275.0,-212.0,-3.0,1.0,1.0,0.0,0.0,2.0,0.0,4909.0,6384.0,118.0,5049.0,6843.0,126.0,-140.0,-459.0,-8.0,1.0,1.0,1.0,0.0,3.0,0.0,7141.0,8963.0,157.0,7441.0,9047.0,158.0,-300.0,-84.0,-1.0,2.0,3.0,2.0,3.0,3.0,1.0,8904.0,11006.0,182.0,9957.0,12682.0,202.0,-1053.0,-1676.0,-20.0,3.0,6.0,3.0,3.0,9.0,1.0
ESPORTSTMNT05_3241616,complete,,EM,2023,Summer,0,2023-09-01 18:59:14,5,13.15,4,Blue,bot,Jezu,oe:player:4817d93e8f26002377aec42233b3fc2,Team GO,oe:team:8d538207b9de9d20e1a525aae593515,Sivir,Ryze,Poppy,Maokai,Senna,Taric,,,,,,1510,0,7,4,3,13,19,1.0,1.0,0.0,0.0,0.0,0.0,0.0,0.0,0.5166,1.2715,,,,,,,,,,,,,,,,,,,,,0.0,0.0,,,,,,,,0.0,0.0,17396.0,691.2318,0.309059,483.5762,222.596,15.0,0.596,9.0,0.3576,7.0,33.0,1.3113,11891,8535,339.1391,0.323161,8375.0,,,210.0,198.0,12.0,,,8.3444,3578.0,3008.0,72.0,4286.0,3863.0,76.0,-708.0,-855.0,-4.0,1.0,0.0,1.0,1.0,3.0,1.0,5609.0,6056.0,123.0,6260.0,6523.0,127.0,-651.0,-467.0,-4.0,2.0,0.0,1.0,1.0,3.0,2.0,7909.0,8242.0,173.0,8877.0,9793.0,166.0,-968.0,-1551.0,7.0,3.0,2.0,2.0,2.0,6.0,3.0,11570.0,10598.0,210.0,12829.0,13009.0,200.0,-1259.0,-2411.0,10.0,6.0,3.0,4.0,8.0,6.0,4.0
ESPORTSTMNT05_3241616,complete,,EM,2023,Summer,0,2023-09-01 18:59:14,5,13.15,5,Blue,sup,kamilius,oe:player:7aa0aebd379414d25f1fcdc396407f1,Team GO,oe:team:8d538207b9de9d20e1a525aae593515,Alistar,Ryze,Poppy,Maokai,Senna,Taric,,,,,,1510,0,0,6,7,13,19,0.0,0.0,0.0,0.0,0.0,0.0,0.0,0.0,0.5166,1.2715,,,,,,,,,,,,,,,,,,,,,0.0,0.0,,,,,,,,0.0,0.0,3507.0,139.351,0.0623057,512.9007,690.0397,24.0,0.9536,8.0,0.3179,8.0,57.0,2.2649,5456,2100,83.4437,0.0795123,4750.0,,,28.0,28.0,0.0,,,1.1126,2269.0,2548.0,15.0,2826.0,2944.0,16.0,-557.0,-396.0,-1.0,0.0,2.0,2.0,2.0,2.0,1.0,3216.0,3509.0,19.0,4185.0,4638.0,31.0,-969.0,-1129.0,-12.0,0.0,2.0,2.0,2.0,3.0,1.0,4349.0,5150.0,24.0,5466.0,5835.0,37.0,-1117.0,-685.0,-13.0,0.0,4.0,3.0,2.0,7.0,2.0,5431.0,7261.0,28.0,7419.0,9026.0,41.0,-1988.0,-1765.0,-13.0,0.0,7.0,6.0,2.0,16.0,3.0
ESPORTSTMNT05_3241616,complete,,EM,2023,Summer,0,2023-09-01 18:59:14,5,13.15,6,Red,top,Cabochard,oe:player:010c1b0d37c2b7459b215dae7ffeeac,Karmine Corp,oe:team:f3aa9bbd924ce3af42ac53f8326bc7c,Renekton,Xayah,LeBlanc,Rell,Vayne,Ezreal,,,,,,1510,1,4,2,6,19,13,1.0,1.0,0.0,0.0,0.0,0.0,0.0,0.0,0.755,1.2715,,,,,,,,,,,,,,,,,,,,,0.0,0.0,,,,,,,,0.0,0.0,14408.0,572.5033,0.220978,850.9272,718.5298,9.0,0.3576,6.0,0.2384,4.0,29.0,1.1523,11335,7979,317.0464,0.238336,11300.0,,,213.0,205.0,8.0,,,8.4636,3764.0,4554.0,80.0,3939.0,4547.0,81.0,-175.0,7.0,-1.0,0.0,2.0,1.0,2.0,0.0,0.0,5628.0,7513.0,136.0,5975.0,7413.0,139.0,-347.0,100.0,-3.0,0.0,2.0,1.0,2.0,0.0,0.0,8432.0,10312.0,190.0,8108.0,9662.0,175.0,324.0,650.0,15.0,1.0,4.0,1.0,3.0,2.0,1.0,11314.0,13164.0,213.0,9715.0,11777.0,213.0,1599.0,1387.0,0.0,4.0,6.0,2.0,3.0,3.0,2.0
ESPORTSTMNT05_3241616,complete,,EM,2023,Summer,0,2023-09-01 18:59:14,5,13.15,7,Red,jng,Cinkrof,oe:player:6b3481654facc1e7fe3e312883ea8f3,Karmine Corp,oe:team:f3aa9bbd924ce3af42ac53f8326bc7c,Jarvan IV,Xayah,LeBlanc,Rell,Vayne,Ezreal,,,,,,1510,1,2,3,14,19,13,0.0,0.0,0.0,0.0,0.0,0.0,0.0,1.0,0.755,1.2715,,,,,,,,,,,,,,,,,,,,,1.0,0.0,,,,,,,,0.0,0.0,7954.0,316.053,0.121992,939.0596,1149.8146,8.0,0.3179,6.0,0.2384,7.0,32.0,1.2715,8649,5293,210.3179,0.158104,7675.0,,,117.0,6.0,111.0,,,4.649,3233.0,3166.0,51.0,3017.0,2891.0,48.0,216.0,275.0,3.0,1.0,1.0,1.0,0.0,3.0,1.0,4695.0,4931.0,73.0,4474.0,5098.0,82.0,221.0,-167.0,-9.0,2.0,1.0,1.0,0.0,3.0,1.0,6518.0,7485.0,103.0,5821.0,7161.0,100.0,697.0,324.0,3.0,2.0,5.0,1.0,0.0,6.0,2.0,8628.0,10456.0,117.0,7010.0,9674.0,115.0,1618.0,782.0,2.0,2.0,14.0,2.0,0.0,10.0,4.0
ESPORTSTMNT05_3241616,complete,,EM,2023,Summer,0,2023-09-01 18:59:14,5,13.15,8,Red,mid,SAKEN,oe:player:1d43b8dc600eba61cd7dd2cd8d6baf6,Karmine Corp,oe:team:f3aa9bbd924ce3af42ac53f8326bc7c,Taliyah,Xayah,LeBlanc,Rell,Vayne,Ezreal,,,,,,1510,1,3,1,9,19,13,1.0,0.0,0.0,0.0,0.0,0.0,0.0,0.0,0.755,1.2715,,,,,,,,,,,,,,,,,,,,,0.0,0.0,,,,,,,,1.0,0.0,19174.0,761.8808,0.294075,424.5695,280.649,12.0,0.4768,2.0,0.0795,3.0,32.0,1.2715,9979,6623,263.1656,0.197831,8825.0,,,202.0,186.0,16.0,,,8.0265,3050.0,4344.0,74.0,3325.0,4132.0,71.0,-275.0,212.0,3.0,0.0,2.0,0.0,1.0,1.0,0.0,5049.0,6843.0,126.0,4909.0,6384.0,118.0,140.0,459.0,8.0,0.0,3.0,0.0,1.0,1.0,1.0,7441.0,9047.0,158.0,7141.0,8963.0,157.0,300.0,84.0,1.0,3.0,3.0,1.0,2.0,3.0,2.0,9957.0,12682.0,202.0,8904.0,11006.0,182.0,1053.0,1676.0,20.0,3.0,9.0,1.0,3.0,6.0,3.0
ESPORTSTMNT05_3241616,complete,,EM,2023,Summer,0,2023-09-01 18:59:14,5,13.15,9,Red,bot,Caliste,oe:player:e2af2b779499aa25ab9a9c10c9a5ffd,Karmine Corp,oe:team:f3aa9bbd924ce3af42ac53f8326bc7c,Nilah,Xayah,LeBlanc,Rell,Vayne,Ezreal,,,,,,1510,1,8,4,6,19,13,2.0,1.0,0.0,0.0,0.0,0.0,0.0,0.0,0.755,1.2715,,,,,,,,,,,,,,,,,,,,,0.0,0.0,,,,,,,,0.0,0.0,16415.0,652.2517,0.25176,598.3709,378.4768,7.0,0.2781,4.0,0.1589,1.0,12.0,0.4768,12851,9495,377.2848,0.283619,10875.0,,,200.0,200.0,0.0,,,7.947,4286.0,3863.0,76.0,3578.0,3008.0,72.0,708.0,855.0,4.0,1.0,3.0,1.0,1.0,0.0,1.0,6260.0,6523.0,127.0,5609.0,6056.0,123.0,651.0,467.0,4.0,1.0,3.0,2.0,2.0,0.0,1.0,8877.0,9793.0,166.0,7909.0,8242.0,173.0,968.0,1551.0,-7.0,2.0,6.0,3.0,3.0,2.0,2.0,12829.0,13009.0,200.0,11570.0,10598.0,210.0,1259.0,2411.0,-10.0,8.0,6.0,4.0,6.0,3.0,4.0
ESPORTSTMNT05_3241616,complete,,EM,2023,Summer,0,2023-09-01 18:59:14,5,13.15,10,Red,sup,Targamas,oe:player:eaf899c6268995f9b1e40d1932c6888,Karmine Corp,oe:team:f3aa9bbd924ce3af42ac53f8326bc7c,Rakan,Xayah,LeBlanc,Rell,Vayne,Ezreal,,,,,,1510,1,2,3,16,19,13,0.0,0.0,0.0,0.0,0.0,0.0,0.0,0.0,0.755,1.2715,,,,,,,,,,,,,,,,,,,,,0.0,0.0,,,,,,,,0.0,0.0,7250.0,288.0795,0.111195,573.1788,666.7152,26.0,1.0331,19.0,0.755,7.0,80.0,3.1788,7444,4088,162.4371,0.12211,6375.0,,,41.0,41.0,0.0,,,1.6291,2826.0,2944.0,16.0,2269.0,2548.0,15.0,557.0,396.0,1.0,2.0,2.0,1.0,0.0,2.0,2.0,4185.0,4638.0,31.0,3216.0,3509.0,19.0,969.0,1129.0,12.0,2.0,3.0,1.0,0.0,2.0,2.0,5466.0,5835.0,37.0,4349.0,5150.0,24.0,1117.0,685.0,13.0,2.0,7.0,2.0,0.0,4.0,3.0,7419.0,9026.0,41.0,5431.0,7261.0,28.0,1988.0,1765.0,13.0,2.0,16.0,3.0,0.0,7.0,6.0
ESPORTSTMNT05_3241616,complete,,EM,2023,Summer,0,2023-09-01 18:59:14,5,13.15,100,Blue,team,,,Team GO,oe:team:8d538207b9de9d20e1a525aae593515,,Ryze,Poppy,Maokai,Senna,Taric,Sejuani,Orianna,K'Sante,Sivir,Alistar,1510,0,13,19,30,13,19,1.0,1.0,0.0,0.0,1.0,,,,0.5166,1.2715,0.0,0.0,4.0,0.0,4.0,0.0,0.0,0.0,0.0,0.0,0.0,,0.0,0.0,0.0,0.0,2.0,,,0.0,0.0,1.0,0.0,2.0,8.0,0.0,0.0,4.0,7.0,0.0,1.0,56287.0,2236.5695,,3196.2914,3140.7417,71.0,2.8212,32.0,1.2715,27.0,172.0,6.8344,43191,26411,1049.4437,,37375.0,-0.18623,-1.52,,629.0,119.0,,,29.7219,16128.0,17126.0,287.0,17159.0,18871.0,297.0,-1031.0,-1745.0,-10.0,4.0,6.0,4.0,4.0,10.0,4.0,24183.0,28460.0,481.0,25817.0,30448.0,493.0,-1634.0,-1988.0,-12.0,5.0,6.0,5.0,5.0,12.0,5.0,33328.0,39178.0,629.0,36734.0,42472.0,654.0,-3406.0,-3294.0,-25.0,8.0,17.0,10.0,10.0,25.0,8.0,42630.0,50316.0,748.0,50147.0,58337.0,773.0,-7517.0,-8021.0,-25.0,12.0,29.0,19.0,19.0,51.0,12.0
ESPORTSTMNT05_3241616,complete,,EM,2023,Summer,0,2023-09-01 18:59:14,5,13.15,200,Red,team,,,Karmine Corp,oe:team:f3aa9bbd924ce3af42ac53f8326bc7c,,Xayah,LeBlanc,Rell,Vayne,Ezreal,Renekton,Taliyah,Nilah,Rakan,Jarvan IV,1510,1,19,13,51,19,13,4.0,2.0,0.0,0.0,0.0,,,,0.755,1.2715,1.0,4.0,0.0,4.0,0.0,1.0,0.0,0.0,0.0,2.0,1.0,,0.0,0.0,1.0,2.0,0.0,,,1.0,1.0,0.0,1.0,8.0,2.0,1.0,1.0,7.0,4.0,1.0,0.0,65201.0,2590.7682,,3386.106,3194.1854,62.0,2.4636,37.0,1.4702,22.0,185.0,7.351,50258,33478,1330.2517,,45050.0,0.18623,1.52,,638.0,135.0,,,30.7152,17159.0,18871.0,297.0,16128.0,17126.0,287.0,1031.0,1745.0,10.0,4.0,10.0,4.0,4.0,6.0,4.0,25817.0,30448.0,493.0,24183.0,28460.0,481.0,1634.0,1988.0,12.0,5.0,12.0,5.0,5.0,6.0,5.0,36734.0,42472.0,654.0,33328.0,39178.0,629.0,3406.0,3294.0,25.0,10.0,25.0,8.0,8.0,17.0,10.0,50147.0,58337.0,773.0,42630.0,50316.0,748.0,7517.0,8021.0,25.0,19.0,51.0,12.0,12.0,29.0,19.0
